1 0.25972222222222224, 0.05859375, 0.037037037037037035, 0.022395833333333334
1 0.6125, 0.08046875, 0.021296296296296296, 0.0140625
1 0.8476851851851852, 0.07994791666666666, 0.018518518518518517, 0.015625
1 0.9625, 0.08880208333333334, 0.03148148148148148, 0.016666666666666666
1 1.2375, 0.08984375, 0.030555555555555555, 0.021354166666666667
1 0.9930555555555556, 0.09453125, 0.044444444444444446, 0.020833333333333332
1 0.9087962962962963, 0.10494791666666667, 0.046296296296296294, 0.018229166666666668
1 0.42268518518518516, 0.15911458333333334, 0.025925925925925925, 0.030729166666666665
1 0.5467592592592593, 0.16380208333333332, 0.020370370370370372, 0.017708333333333333
1 1.0347222222222223, 0.16276041666666666, 0.022222222222222223, 0.0203125
1 0.4439814814814815, 0.16484375, 0.02962962962962963, 0.03125
1 1.0152777777777777, 0.16484375, 0.029861111111111113, 0.02402083333333333
1 0.6208333333333333, 0.16640625, 0.030555555555555555, 0.028645833333333332
1 0.8328703703703704, 0.16536458333333334, 0.03333333333333333, 0.023958333333333335
1 1.1837962962962962, 0.16588541666666667, 0.02962962962962963, 0.025
1 0.8217592592592593, 0.16640625, 0.019037037037037036, 0.015333333333333334
1 0.5476851851851852, 0.16484375, 0.03518518518518519, 0.028125
1 0.6569444444444444, 0.16796875, 0.04259259259259259, 0.01875
1 0.39861111111111114, 0.16953125, 0.025, 0.027604166666666666
1 0.924537037037037, 0.17057291666666666, 0.058333333333333334, 0.015104166666666667
1 0.3763888888888889, 0.17057291666666666, 0.026851851851851852, 0.027083333333333334
1 0.5902777777777778, 0.17057291666666666, 0.018518518518518517, 0.017708333333333333
1 0.5087962962962963, 0.17317708333333334, 0.025, 0.028125
1 0.5256944444444445, 0.17051041666666666, 0.02662037037037037, 0.026625
1 1.0032407407407407, 0.17421875, 0.021296296296296296, 0.021354166666666667
1 0.7300925925925926, 0.17473958333333334, 0.03148148148148148, 0.027604166666666666
1 0.48657407407407405, 0.17473958333333334, 0.027777777777777776, 0.028125
1 0.638425925925926, 0.17526041666666667, 0.024074074074074074, 0.0296875
1 0.7060185185185185, 0.17526041666666667, 0.03796296296296296, 0.017447916666666667
1 0.5486111111111112, 0.17682291666666666, 0.0412037037037037, 0.027604166666666666
1 1.0967592592592592, 0.17890625, 0.037037037037037035, 0.015625
1 1.0560185185185185, 0.17988541666666666, 0.025925925925925925, 0.030921874999999998
1 1.2532407407407407, 0.17994791666666668, 0.02962962962962963, 0.027604166666666666
1 0.8273148148148148, 0.180046875, 0.04259259259259259, 0.023338541666666667
1 0.9837962962962963, 0.18098958333333334, 0.023148148148148147, 0.0296875
1 1.1594907407407407, 0.18151041666666667, 0.0510462962962963, 0.021156249999999998
1 0.6700185185185186, 0.18255208333333334, 0.030444444444444448, 0.03177083333333333
1 0.913425925925926, 0.18203125, 0.03888888888888889, 0.017708333333333333
1 0.9606481481481481, 0.18307291666666667, 0.024074074074074074, 0.028125
1 0.9291666666666667, 0.19622395833333334, 0.025, 0.03268229166666667
1 1.0773148148148148, 0.18463541666666666, 0.023148148148148147, 0.023958333333333335
1 0.5643518518518519, 0.18307291666666667, 0.03333333333333333, 0.03177083333333333
1 1.0189814814814815, 0.18671875, 0.03449074074074074, 0.025520833333333333
1 0.5819444444444445, 0.18723958333333332, 0.032407407407407406, 0.026041666666666668
1 1.1162037037037038, 0.197265625, 0.05185185185185185, 0.017578125
1 0.7050925925925926, 0.19088541666666667, 0.022685185185185187, 0.03333333333333333
1 0.9097222222222222, 0.19453125, 0.025, 0.029166666666666667
1 0.799537037037037, 0.19296875, 0.05185185185185185, 0.020833333333333332
1 0.725462962962963, 0.19192708333333333, 0.028703703703703703, 0.03177083333333333
1 1.0023148148148149, 0.204625, 0.04259259259259259, 0.01646875
1 0.6842592592592592, 0.19713541666666667, 0.02546296296296296, 0.0296875
1 0.6041666666666666, 0.19921875, 0.025, 0.025
1 0.6439814814814815, 0.19765625, 0.024074074074074074, 0.028645833333333332
1 0.6620370370370371, 0.19921875, 0.022685185185185187, 0.029166666666666667
1 0.888425925925926, 0.19713541666666667, 0.03888888888888889, 0.025
1 0.624537037037037, 0.20286458333333332, 0.026851851851851852, 0.0265625
1 0.7449074074074075, 0.20358333333333334, 0.025574074074074075, 0.015947916666666666
1 0.7625, 0.20390625, 0.03796296296296296, 0.025520833333333333
1 0.850462962962963, 0.20234375, 0.024074074074074074, 0.033854166666666664
1 0.9717592592592592, 0.20338541666666668, 0.019444444444444445, 0.029166666666666667
1 1.1032407407407407, 0.20546875, 0.03611111111111111, 0.025
1 1.0652777777777778, 0.20807291666666666, 0.02962962962962963, 0.028125
1 0.9810185185185185, 0.21575520833333334, 0.03148148148148148, 0.025130208333333334
1 0.8060185185185185, 0.21119791666666668, 0.022222222222222223, 0.022395833333333334
1 0.8731481481481481, 0.21328125, 0.05416666666666667, 0.018229166666666668
1 0.950462962962963, 0.21067708333333332, 0.02175925925925926, 0.025520833333333333
1 1.0361111111111112, 0.21223958333333334, 0.033796296296296297, 0.018229166666666668
1 1.1458333333333333, 0.21328125, 0.03333333333333333, 0.026041666666666668
1 0.7837962962962963, 0.21484375, 0.03611111111111111, 0.03177083333333333
1 0.5995370370370371, 0.21848958333333332, 0.023148148148148147, 0.015104166666666667
1 1.0060185185185184, 0.21901041666666668, 0.030555555555555555, 0.015625
1 0.6986111111111111, 0.22161458333333334, 0.030555555555555555, 0.021354166666666667
1 1.0125, 0.22317708333333333, 0.044444444444444446, 0.017708333333333333
1 0.9217592592592593, 0.22369791666666666, 0.023148148148148147, 0.022916666666666665
1 0.6458333333333334, 0.23776041666666667, 0.04560185185185185, 0.017708333333333333
1 0.7699074074074074, 0.22786458333333334, 0.04259259259259259, 0.0328125
1 0.8662037037037037, 0.22682291666666668, 0.05740740740740741, 0.013541666666666667
1 0.6319444444444444, 0.22682291666666668, 0.022222222222222223, 0.021875
1 0.6134259259259259, 0.22994791666666667, 0.019444444444444445, 0.0265625
1 0.8384259259259259, 0.22259375, 0.03333333333333333, 0.02714583333333333
1 0.8115740740740741, 0.23151041666666666, 0.040740740740740744, 0.028125
1 0.5921296296296297, 0.23255208333333333, 0.025, 0.028645833333333332
1 1.0115740740740742, 0.23359375, 0.04722222222222222, 0.013541666666666667
1 0.538425925925926, 0.23723958333333334, 0.04537037037037037, 0.018229166666666668
1 0.7180555555555556, 0.23776041666666667, 0.0375, 0.024479166666666666
1 0.8782407407407408, 0.23671875, 0.04814814814814815, 0.013541666666666667
1 0.6981481481481482, 0.23469791666666667, 0.020833333333333332, 0.029104166666666667
1 0.8439814814814814, 0.24453125, 0.024074074074074074, 0.029166666666666667
1 0.5032407407407408, 0.24661458333333333, 0.031018518518518518, 0.03177083333333333
1 0.9407407407407408, 0.24817708333333333, 0.027314814814814816, 0.034895833333333334
1 0.5273148148148148, 0.25078125, 0.025, 0.03177083333333333
1 0.9226851851851852, 0.25078125, 0.020370370370370372, 0.0296875
1 0.6763888888888889, 0.24921875, 0.03425925925925926, 0.025
1 0.8986111111111111, 0.24869791666666666, 0.025925925925925925, 0.03229166666666667
1 0.8097222222222222, 0.24921875, 0.021296296296296296, 0.0296875
1 0.8686296296296296, 0.25078125, 0.01238888888888889, 0.02109375
1 0.6310185185185185, 0.25546875, 0.04722222222222222, 0.022395833333333334
1 0.8782407407407408, 0.25390625, 0.03796296296296296, 0.0296875
1 0.9652777777777778, 0.25442708333333336, 0.03611111111111111, 0.0203125
1 0.6625, 0.2565104166666667, 0.03333333333333333, 0.022395833333333334
1 0.8263888888888888, 0.2559895833333333, 0.027777777777777776, 0.030208333333333334
1 0.5800925925925926, 0.25703125, 0.028703703703703703, 0.027604166666666666
1 0.725462962962963, 0.26015625, 0.032407407407407406, 0.009895833333333333
1 0.9958333333333333, 0.26067708333333334, 0.023148148148148147, 0.023958333333333335
1 0.7171296296296297, 0.25078125, 0.028703703703703703, 0.0375
1 0.6041666666666666, 0.26640625, 0.026851851851851852, 0.030208333333333334
1 0.6208333333333333, 0.2643229166666667, 0.024074074074074074, 0.0265625
1 0.7986111111111112, 0.25807291666666665, 0.019444444444444445, 0.0234375
1 0.9541666666666667, 0.26901041666666664, 0.03148148148148148, 0.019791666666666666
1 1.0263888888888888, 0.27109375, 0.03333333333333333, 0.026041666666666668
1 0.8611111111111112, 0.2721354166666667, 0.029166666666666667, 0.028645833333333332
1 0.8430555555555556, 0.2669270833333333, 0.03796296296296296, 0.03802083333333333
1 0.8087962962962963, 0.27369791666666665, 0.030555555555555555, 0.034375
1 0.5884259259259259, 0.27682291666666664, 0.032407407407407406, 0.0265625
1 1.0032407407407407, 0.27630208333333334, 0.032407407407407406, 0.030729166666666665
1 0.7912037037037037, 0.28046875, 0.024074074074074074, 0.027083333333333334
1 0.9449074074074074, 0.28046875, 0.025925925925925925, 0.030598958333333332
1 0.9643518518518519, 0.27369791666666665, 0.032407407407407406, 0.0296875
1 1.0560185185185185, 0.28098958333333335, 0.026851851851851852, 0.0296875
1 0.7199074074074074, 0.2794270833333333, 0.03333333333333333, 0.0296875
1 0.9013888888888889, 0.27890625, 0.03611111111111111, 0.0296875
1 0.6976851851851852, 0.27682291666666664, 0.028703703703703703, 0.033854166666666664
1 0.8800925925925925, 0.27890625, 0.03148148148148148, 0.030729166666666665
1 0.9875, 0.28463541666666664, 0.024074074074074074, 0.0328125
1 0.7508148148148148, 0.2862604166666667, 0.04466666666666667, 0.020380208333333334
1 0.9291666666666667, 0.2908854166666667, 0.025, 0.0265625
1 1.023611111111111, 0.2986979166666667, 0.025, 0.0234375
1 0.9606481481481481, 0.29661458333333335, 0.030555555555555555, 0.028125
1 0.8421296296296297, 0.3059895833333333, 0.024074074074074074, 0.024479166666666666
1 1.0439814814814814, 0.30234375, 0.026851851851851852, 0.030729166666666665
1 0.8199074074074074, 0.30442708333333335, 0.025, 0.03125
1 0.8921296296296296, 0.30703125, 0.03981481481481482, 0.023958333333333335
1 1.0060185185185184, 0.30442708333333335, 0.024074074074074074, 0.0265625
1 1.0717592592592593, 0.30807291666666664, 0.03333333333333333, 0.0328125
1 0.9847222222222223, 0.31328125, 0.026851851851851852, 0.028645833333333332
1 1.0976851851851852, 0.31588541666666664, 0.025, 0.029166666666666667
1 0.7532407407407408, 0.3216145833333333, 0.05092592592592592, 0.01875
1 1.0569444444444445, 0.32057291666666665, 0.025925925925925925, 0.033854166666666664
1 1.0310185185185186, 0.320703125, 0.032407407407407406, 0.031119791666666667
1 0.8439814814814814, 0.3265625, 0.04351851851851852, 0.024739583333333332
1 0.7712962962962963, 0.32734375, 0.04675925925925926, 0.021875
1 1.0050925925925926, 0.32890625, 0.025925925925925925, 0.0265625
1 0.9356481481481481, 0.32734375, 0.025925925925925925, 0.029166666666666667
1 0.9127314814814815, 0.32890625, 0.02662037037037037, 0.028776041666666665
1 0.8013888888888889, 0.33509375, 0.03796296296296296, 0.03235416666666666
1 1.0091481481481483, 0.3372395833333333, 0.040388888888888884, 0.0296875
1 0.9532407407407407, 0.34609375, 0.03888888888888889, 0.0234375
1 0.7736111111111111, 0.34921875, 0.030555555555555555, 0.028125
1 0.8717592592592592, 0.34921875, 0.03981481481481482, 0.0296875
1 1.0155092592592592, 0.35475, 0.05277777777777778, 0.024677083333333336
1 0.8541666666666666, 0.35390625, 0.024537037037037038, 0.029166666666666667
1 0.9079814814814815, 0.35234375, 0.04803703703703704, 0.021875
1 0.7967592592592593, 0.35651041666666666, 0.04351851851851852, 0.022395833333333334
1 0.9421296296296297, 0.35911458333333335, 0.05277777777777778, 0.0171875
1 0.7513888888888889, 0.35963541666666665, 0.03148148148148148, 0.027083333333333334
1 0.8736111111111111, 0.3606770833333333, 0.025814814814814815, 0.03125
1 0.9143518518518519, 0.37005208333333334, 0.032407407407407406, 0.03125
1 0.7449074074074075, 0.37161458333333336, 0.030555555555555555, 0.028645833333333332
1 0.836574074074074, 0.3653645833333333, 0.03796296296296296, 0.03854166666666667
1 0.9393518518518519, 0.3731770833333333, 0.020370370370370372, 0.018229166666666668
1 0.9550925925925926, 0.37265625, 0.04583333333333333, 0.018229166666666668
1 0.7939814814814815, 0.37265625, 0.04814814814814815, 0.0203125
1 1.0467592592592592, 0.3751979166666667, 0.046407407407407404, 0.02402083333333333
1 0.8986111111111111, 0.37265625, 0.022222222222222223, 0.027604166666666666
1 0.7736111111111111, 0.37734375, 0.030555555555555555, 0.03802083333333333
1 0.7949074074074074, 0.38255208333333335, 0.027777777777777776, 0.03177083333333333
1 0.9731481481481481, 0.38567708333333334, 0.0375, 0.024479166666666666
1 0.8606481481481482, 0.38307291666666665, 0.024074074074074074, 0.029166666666666667
1 0.8828703703703704, 0.3841145833333333, 0.025925925925925925, 0.03333333333333333
1 0.9319444444444445, 0.3893229166666667, 0.026851851851851852, 0.025520833333333333
1 0.8291666666666667, 0.39036458333333335, 0.03518518518518519, 0.022916666666666665
1 0.8106481481481481, 0.39817708333333335, 0.022222222222222223, 0.0265625
1 0.9050925925925926, 0.39869791666666665, 0.03981481481481482, 0.017708333333333333
1 0.9976851851851852, 0.40598958333333335, 0.04814814814814815, 0.022916666666666665
1 0.8245370370370371, 0.40859375, 0.026851851851851852, 0.03177083333333333
1 0.7560185185185185, 0.41015625, 0.037037037037037035, 0.025
1 0.8467592592592592, 0.40651041666666665, 0.05, 0.024479166666666666
1 0.950462962962963, 0.41067708333333336, 0.037037037037037035, 0.0296875
1 0.9837962962962963, 0.40963541666666664, 0.022222222222222223, 0.03125
1 0.7912037037037037, 0.4122395833333333, 0.025, 0.015104166666666667
1 0.9060185185185186, 0.41380208333333335, 0.05, 0.019270833333333334
1 0.8634259259259259, 0.41692708333333334, 0.04537037037037037, 0.03229166666666667
1 1.0023148148148149, 0.41901041666666666, 0.04537037037037037, 0.021354166666666667
1 0.8476851851851852, 0.41901041666666666, 0.04351851851851852, 0.024479166666666666
1 0.8837962962962963, 0.42890625, 0.0412037037037037, 0.026041666666666668
1 0.9236111111111112, 0.42630208333333336, 0.05, 0.014583333333333334
1 0.8930555555555556, 0.43828125, 0.052314814814814814, 0.022395833333333334
1 0.9460648148148149, 0.4393229166666667, 0.0525462962962963, 0.016536458333333334
1 0.9189814814814815, 0.44453125, 0.03738888888888889, 0.025520833333333333
1 0.625462962962963, 0.04401041666666667, 0.020370370370370372, 0.0109375
1 0.6148148148148148, 0.11067708333333333, 0.03518518518518519, 0.016145833333333335
1 1.1685185185185185, 0.095703125, 0.02013888888888889, 0.01953125
1 1.1548611111111111, 0.18880208333333334, 0.04212962962962963, 0.017510416666666664
1 1.1104166666666666, 0.18971354166666668, 0.05034259259259259, 0.012953125000000001
1 1.0350740740740743, 0.18645833333333334, 0.027537037037037037, 0.026822916666666665
1 1.0041666666666667, 0.18860416666666666, 0.032518518518518516, 0.020119791666666668
1 0.9894629629629629, 0.20931249999999998, 0.017018518518518516, 0.015817708333333333
1 0.9409722222222222, 0.18391666666666667, 0.02847222222222222, 0.028973958333333334
1 0.6059074074074075, 0.17174479166666667, 0.022685185185185187, 0.026171875
1 0.8856481481481482, 0.18359375, 0.017592592592592594, 0.0203125
1 0.8675925925925926, 0.18665625, 0.01990740740740741, 0.02578125
1 0.862037037037037, 0.16731770833333334, 0.03726851851851852, 0.022005208333333335
1 0.8711851851851852, 0.1609375, 0.02638888888888889, 0.017249999999999998
1 0.901962962962963, 0.17011458333333335, 0.023037037037037036, 0.027479166666666666
1 0.7121481481481482, 0.18613541666666666, 0.026046296296296297, 0.01171875
1 0.8378518518518518, 0.20208333333333334, 0.019092592592592595, 0.02323958333333333
1 0.8203703703703704, 0.2061875, 0.024537037037037038, 0.026625
1 0.8104166666666667, 0.17597916666666666, 0.02199074074074074, 0.023302083333333334
1 0.7945, 0.16588541666666667, 0.021814814814814815, 0.02676041666666667
1 0.7703148148148149, 0.16484375, 0.02950925925925926, 0.03590625
1 0.7653888888888889, 0.164453125, 0.020027777777777776, 0.023765625000000002
1 0.7557870370370371, 0.17350000000000002, 0.025342592592592594, 0.03229166666666667
1 0.663074074074074, 0.180859375, 0.00775925925925926, 0.018421874999999997
1 0.5497685185185185, 0.25416666666666665, 0.021879629629629627, 0.029229166666666664
1 0.5649907407407407, 0.25143229166666664, 0.02725, 0.036098958333333334
1 0.9333333333333333, 0.4458958333333333, 0.04259259259259259, 0.028192708333333334
1 0.9584444444444443, 0.3924479166666667, 0.026509259259259257, 0.03222916666666667
1 0.9593703703703703, 0.3839166666666667, 0.019101851851851852, 0.01478125
1 0.9703703703703703, 0.3973333333333333, 0.021583333333333333, 0.014776041666666666
1 1.0064814814814815, 0.3938125, 0.04572222222222223, 0.024416666666666666
1 0.8647037037037038, 0.3128229166666667, 0.04722222222222222, 0.0171875
1 0.8718148148148147, 0.32447916666666665, 0.054287037037037036, 0.017578125
1 0.8872685185185185, 0.33821875, 0.029166666666666667, 0.025385416666666667
1 0.8377314814814815, 0.33255208333333336, 0.03981481481481482, 0.024479166666666666
1 0.8311296296296297, 0.33841145833333336, 0.028824074074074075, 0.03209895833333334
1 1.0115185185185185, 0.39137500000000003, 0.05248148148148148, 0.017739583333333333
1 1.000925925925926, 0.3813125, 0.05416666666666667, 0.013348958333333332
1 1.0357592592592593, 0.3613958333333333, 0.05277777777777778, 0.020505208333333334
1 0.9968703703703703, 0.37392708333333335, 0.058861111111111114, 0.014192708333333333
1 0.987037037037037, 0.3417291666666667, 0.032407407407407406, 0.03170833333333333
1 0.9809074074074076, 0.34589583333333335, 0.02899074074074074, 0.0304375
1 0.968287037037037, 0.32135416666666666, 0.02476851851851852, 0.029817708333333335
1 0.9493055555555555, 0.312890625, 0.034027777777777775, 0.026234374999999997
1 0.9181666666666667, 0.30123958333333334, 0.03796296296296296, 0.03189583333333333
1 0.636, 0.27200520833333336, 0.023953703703703706, 0.031057291666666667
1 0.6886574074074074, 0.26321875, 0.031018518518518518, 0.028057291666666664
1 0.7405092592592593, 0.2359375, 0.0349537037037037, 0.0296875
1 0.7553240740740741, 0.233984375, 0.042712962962962966, 0.02558854166666667
1 0.7510370370370371, 0.25775, 0.053703703703703705, 0.017052083333333336
1 0.7431666666666666, 0.268359375, 0.058111111111111106, 0.015625
1 0.7532407407407408, 0.27584375, 0.04825925925925926, 0.018427083333333334
1 0.6774259259259259, 0.27728125, 0.020722222222222222, 0.028838541666666665
1 0.6539351851851852, 0.272296875, 0.024305555555555556, 0.031578125
1 0.6700185185185186, 0.22714583333333332, 0.03646296296296297, 0.027479166666666666
