1 1.3136574074074074, 0.18111979166666667, 0.028703703703703703, 0.01015625
1 0.7587962962962963, 0.31744791666666666, 0.017592592592592594, 0.014583333333333334
1 0.9439814814814815, 0.33619791666666665, 0.032407407407407406, 0.0203125
1 0.8375, 0.3424479166666667, 0.022222222222222223, 0.019791666666666666
1 0.8810185185185185, 0.34661458333333334, 0.032407407407407406, 0.015104166666666667
1 0.8694444444444445, 0.3502604166666667, 0.031018518518518518, 0.015104166666666667
1 0.8587962962962963, 0.36796875, 0.029277777777777778, 0.022072916666666668
1 0.8458333333333333, 0.3580729166666667, 0.025, 0.019791666666666666
1 0.6560185185185186, 0.36432291666666666, 0.017592592592592594, 0.0125
1 0.8291666666666667, 0.36484375, 0.021296296296296296, 0.022395833333333334
1 0.8285925925925925, 0.39114583333333336, 0.04188888888888889, 0.01953125
1 0.6921296296296297, 0.38567708333333334, 0.027777777777777776, 0.021354166666666667
1 1.7532407407407407, 0.39348958333333334, 0.010185185185185186, 0.019791666666666666
1 0.7162037037037037, 0.40130208333333334, 0.03148148148148148, 0.027083333333333334
1 0.7384259259259259, 0.40130208333333334, 0.025, 0.021875
1 0.6560185185185186, 0.40546875, 0.021296296296296296, 0.022916666666666665
1 0.6680555555555555, 0.40963541666666664, 0.028703703703703703, 0.0265625
1 0.6939814814814815, 0.41119791666666666, 0.040740740740740744, 0.0171875
1 0.5884259259259259, 0.4315104166666667, 0.03148148148148148, 0.023958333333333335
1 0.5652777777777778, 0.4518229166666667, 0.026851851851851852, 0.0265625
1 0.5467592592592593, 0.45546875, 0.025, 0.027083333333333334
1 0.5273148148148148, 0.46119791666666665, 0.022222222222222223, 0.0234375
1 0.5041666666666667, 0.46640625, 0.028703703703703703, 0.024479166666666666
1 0.4810185185185185, 0.4705729166666667, 0.03425925925925926, 0.024479166666666666
1 0.45416666666666666, 0.47630208333333335, 0.037037037037037035, 0.0234375
1 1.4832222222222222, 0.11666666666666667, 0.01423148148148148, 0.009958333333333335
1 1.4680555555555554, 0.11458333333333333, 0.022796296296296297, 0.014385416666666668
1 1.4597222222222221, 0.12122395833333334, 0.02535185185185185, 0.008984375
1 1.450574074074074, 0.12265625, 0.025703703703703704, 0.009505208333333333
1 1.3772037037037037, 0.15735416666666666, 0.01862962962962963, 0.010416666666666666
1 1.3664351851851853, 0.15983333333333333, 0.022564814814814815, 0.012432291666666668
1 1.392824074074074, 0.17402083333333335, 0.014814814814814815, 0.012635416666666668
1 1.3775462962962963, 0.17265625, 0.02025, 0.011328125
1 1.3703703703703705, 0.17754166666666665, 0.031018518518518518, 0.012239583333333333
1 1.3649259259259259, 0.18105208333333334, 0.02697222222222222, 0.010484374999999999
1 1.369675925925926, 0.18841145833333334, 0.019212962962962963, 0.011526041666666665
1 1.3549814814814816, 0.18353125, 0.020370370370370372, 0.010609375
1 1.3460648148148149, 0.19016666666666668, 0.02512037037037037, 0.013541666666666667
1 1.3332222222222223, 0.19146875, 0.02997222222222222, 0.011854166666666667
1 1.3275462962962963, 0.19407291666666668, 0.032749999999999994, 0.014
1 1.3200185185185185, 0.19713541666666667, 0.033685185185185186, 0.010479166666666668
1 1.319037037037037, 0.20364583333333333, 0.03281481481481481, 0.007
1 1.312148148148148, 0.20775, 0.0447962962962963, 0.008854166666666666
1 1.3549814814814816, 0.21217708333333332, 0.019555555555555555, 0.013145833333333332
1 1.288314814814815, 0.20969791666666668, 0.06515740740740741, 0.010812500000000001
1 1.3025462962962964, 0.21594791666666666, 0.03888888888888889, 0.007979166666666667
1 1.2898981481481482, 0.21328125, 0.03353703703703704, 0.014973958333333334
1 1.2597222222222222, 0.22441666666666665, 0.02962962962962963, 0.0156875
1 1.2475740740740742, 0.22728125, 0.03518518518518519, 0.0140625
1 1.226388888888889, 0.23066666666666666, 0.03414814814814815, 0.006833333333333333
1 1.2291666666666667, 0.235546875, 0.038481481481481485, 0.009375
1 1.1915277777777777, 0.24183333333333332, 0.029055555555555553, 0.01634375
1 1.2081574074074073, 0.24150520833333333, 0.032407407407407406, 0.016567708333333334
1 1.1884814814814815, 0.24554166666666666, 0.027777777777777776, 0.01415625
1 1.1614629629629631, 0.24326041666666667, 0.03269444444444445, 0.011197916666666667
1 1.1579814814814813, 0.24788541666666666, 0.037564814814814815, 0.010348958333333333
1 1.1782407407407407, 0.25778125, 0.03529629629629629, 0.009177083333333334
1 1.1519629629629629, 0.25299479166666666, 0.03559259259259259, 0.008072916666666667
1 1.1424814814814817, 0.25879166666666664, 0.041666666666666664, 0.009177083333333334
1 1.1490740740740741, 0.26585416666666667, 0.041611111111111106, 0.012109375
1 1.1342592592592593, 0.2669270833333333, 0.04323148148148148, 0.016307291666666664
1 1.1243055555555554, 0.26536458333333335, 0.03512962962962963, 0.018328124999999997
1 0.9391203703703703, 0.18515625, 0.01087962962962963, 0.007291666666666667
1 0.8965277777777778, 0.266015625, 0.016666666666666666, 0.008854166666666666
1 0.4444444444444444, 0.487109375, 0.04409259259259259, 0.020765625
1 0.7689814814814815, 0.389453125, 0.03912037037037037, 0.016145833333333335
1 0.8006944444444445, 0.35598958333333336, 0.03611111111111111, 0.014583333333333334
1 0.8, 0.36471354166666664, 0.03344444444444444, 0.014130208333333333
1 0.7998888888888889, 0.3734375, 0.0330925925925926, 0.0156875
1 0.7851851851851852, 0.378125, 0.041435185185185186, 0.017249999999999998
1 0.7792777777777777, 0.3843125, 0.037333333333333336, 0.015296875
1 0.8402777777777778, 0.37552083333333336, 0.02175925925925926, 0.021354166666666667
1 0.8601851851851852, 0.353515625, 0.03322222222222222, 0.019401041666666667
1 0.9022592592592593, 0.3411770833333333, 0.036981481481481476, 0.01403125
1 0.9107962962962962, 0.33592187500000004, 0.03755555555555556, 0.015963541666666668
1 0.9158518518518518, 0.32884375, 0.03212037037037037, 0.013703125
1 0.9209444444444445, 0.32155208333333335, 0.03611111111111111, 0.014416666666666666
1 0.9475740740740741, 0.3216145833333333, 0.030666666666666665, 0.020572916666666666
1 0.962212962962963, 0.3208958333333333, 0.03212037037037037, 0.020770833333333336
1 1.0631944444444446, 0.27780208333333334, 0.03160185185185185, 0.018354166666666668
1 1.039, 0.2814479166666667, 0.03623148148148148, 0.01334375
1 1.0374444444444444, 0.2880520833333333, 0.036055555555555556, 0.015270833333333334
1 1.013425925925926, 0.2854791666666667, 0.040388888888888884, 0.018817708333333336
1 1.013425925925926, 0.2915052083333334, 0.037907407407407404, 0.018390625
1 1.0034166666666666, 0.298796875, 0.03668518518518518, 0.0140625
1 0.9961203703703703, 0.30228125, 0.034083333333333334, 0.016729166666666666
1 0.9785925925925927, 0.3028645833333333, 0.03287037037037037, 0.014421875
1 0.9918981481481481, 0.3145208333333333, 0.030324074074074073, 0.014645833333333334
1 0.9686296296296295, 0.30761458333333336, 0.03553703703703704, 0.014
1 0.9790555555555557, 0.32067187500000005, 0.03153703703703704, 0.01617708333333333
