1 0.466796875, 0.000462962962962963, 0.009027777777777777, 0.0125
1 0.5483072916666667, 0.0002314814814814815, 0.021296296296296296, 0.01796875
1 0.48294270833333336, 0.0025462962962962965, 0.027314814814814816, 0.0125
1 0.533203125, 0.005324074074074074, 0.02361111111111111, 0.014322916666666666
1 0.5860677083333333, 0.005324074074074074, 0.01898148148148148, 0.014322916666666666
1 0.545703125, 0.006712962962962963, 0.02824074074074074, 0.0109375
1 0.523046875, 0.01087962962962963, 0.022222222222222223, 0.015625
1 0.48736979166666666, 0.012268518518518519, 0.023148148148148147, 0.020572916666666666
1 0.587890625, 0.01412037037037037, 0.01898148148148148, 0.016666666666666666
1 0.298828125, 0.018287037037037036, 0.022685185185185187, 0.01328125
1 0.5704427083333333, 0.019675925925925927, 0.020833333333333332, 0.019270833333333334
1 0.32200520833333335, 0.021527777777777778, 0.021296296296296296, 0.019010416666666665
1 0.5555989583333333, 0.019212962962962963, 0.03333333333333333, 0.017708333333333333
1 0.5196614583333333, 0.02476851851851852, 0.03009259259259259, 0.014583333333333334
1 0.5373697916666667, 0.02546296296296296, 0.024305555555555556, 0.018489583333333334
1 0.39596354166666664, 0.028009259259259258, 0.01990740740740741, 0.020572916666666666
1 0.3390625, 0.029861111111111113, 0.021296296296296296, 0.023828125
1 0.5920572916666667, 0.026157407407407407, 0.03148148148148148, 0.0125
1 0.578515625, 0.028935185185185185, 0.028703703703703703, 0.01484375
1 0.35247395833333334, 0.0349537037037037, 0.023148148148148147, 0.024739583333333332
1 0.3045572916666667, 0.03912037037037037, 0.016203703703703703, 0.0275390625
1 0.4259114583333333, 0.03912037037037037, 0.022222222222222223, 0.0140625
1 0.6186197916666667, 0.038657407407407404, 0.01898148148148148, 0.011880208333333333
1 0.498828125, 0.04236111111111111, 0.01898148148148148, 0.01796875
1 0.436328125, 0.044675925925925924, 0.027314814814814816, 0.015625
1 0.6954427083333333, 0.044675925925925924, 0.025, 0.01484375
1 0.6292317708333334, 0.044444444444444446, 0.023435185185185184, 0.014388020833333333
1 0.4563802083333333, 0.047453703703703706, 0.028703703703703703, 0.01015625
1 0.5186197916666667, 0.04699074074074074, 0.025925925925925925, 0.020052083333333335
1 0.7061197916666667, 0.04791666666666667, 0.020833333333333332, 0.025260416666666667
1 0.5272135416666667, 0.049305555555555554, 0.031018518518518518, 0.023697916666666666
1 0.28763020833333336, 0.049305555555555554, 0.027777777777777776, 0.01953125
1 0.480859375, 0.04791666666666667, 0.027777777777777776, 0.013802083333333333
1 0.598828125, 0.044675925925925924, 0.033796296296296297, 0.020833333333333332
1 0.4420572916666667, 0.049305555555555554, 0.027777777777777776, 0.016015625
1 0.463671875, 0.05115740740740741, 0.02638888888888889, 0.01484375
1 0.49049479166666665, 0.052083333333333336, 0.027777777777777776, 0.015104166666666667
1 0.6125807291666666, 0.056712962962962965, 0.029138888888888888, 0.014794270833333335
1 0.29440104166666664, 0.053009259259259256, 0.027777777777777776, 0.029947916666666668
1 0.350390625, 0.05439814814814815, 0.025, 0.014322916666666666
1 0.47265625, 0.05439814814814815, 0.021296296296296296, 0.012109375
1 0.23736979166666666, 0.05810185185185185, 0.020833333333333332, 0.019010416666666665
1 0.42486979166666666, 0.05717592592592593, 0.028703703703703703, 0.017708333333333333
1 0.5858072916666667, 0.05486111111111111, 0.02638888888888889, 0.01484375
1 0.23815104166666667, 0.05949074074074074, 0.028703703703703703, 0.023958333333333335
1 0.6595052083333334, 0.06412037037037037, 0.03148148148148148, 0.012239583333333333
1 0.6704427083333333, 0.058912037037037034, 0.033449074074074076, 0.010416666666666666
1 0.20221354166666666, 0.06689814814814815, 0.02361111111111111, 0.01171875
1 0.643390625, 0.06805555555555555, 0.02847222222222222, 0.013770833333333335
1 0.6329427083333333, 0.06643518518518518, 0.030611111111111113, 0.013052083333333332
1 0.6529947916666666, 0.06550925925925925, 0.02824074074074074, 0.011458333333333333
1 0.398828125, 0.06921296296296296, 0.020314814814814817, 0.015559895833333334
1 0.40970052083333336, 0.06012962962962963, 0.030666666666666665, 0.011622395833333334
1 0.622265625, 0.06782407407407408, 0.033157407407407406, 0.013541666666666667
1 0.4967447916666667, 0.07152777777777777, 0.01712962962962963, 0.020052083333333335
1 0.45403645833333334, 0.07152777777777777, 0.029166666666666667, 0.029296875
1 0.5704427083333333, 0.0724537037037037, 0.021296296296296296, 0.03203125
1 0.6798177083333333, 0.07199074074074074, 0.02962962962962963, 0.012760416666666666
1 0.37604166666666666, 0.07615740740740741, 0.025, 0.018098958333333335
1 0.689453125, 0.07476851851851851, 0.03518518518518519, 0.015104166666666667
1 0.2897135416666667, 0.08912037037037036, 0.019444444444444445, 0.024739583333333332
1 0.35299479166666664, 0.07708333333333334, 0.0375, 0.015364583333333333
1 0.51640625, 0.07523148148148148, 0.020833333333333332, 0.024348958333333334
1 0.7100260416666667, 0.08263888888888889, 0.03009259259259259, 0.0203125
1 0.305859375, 0.0863425925925926, 0.023148148148148147, 0.024739583333333332
1 0.360546875, 0.08726851851851852, 0.027777777777777776, 0.019010416666666665
1 0.6329427083333333, 0.09652777777777778, 0.019444444444444445, 0.029427083333333333
1 0.341015625, 0.10023148148148148, 0.020833333333333332, 0.015885416666666666
1 0.5022135416666667, 0.10740740740740741, 0.038425925925925926, 0.0171875
1 0.423828125, 0.1025462962962963, 0.024074074074074074, 0.01328125
1 0.514453125, 0.10347222222222222, 0.03425925925925926, 0.021354166666666667
1 0.16471354166666666, 0.10439814814814814, 0.02962962962962963, 0.0171875
1 0.296484375, 0.10532407407407407, 0.019444444444444445, 0.016536458333333334
1 0.570703125, 0.10671296296296297, 0.017592592592592594, 0.02890625
1 0.6665364583333333, 0.1076388888888889, 0.027314814814814816, 0.013020833333333334
1 0.08684895833333334, 0.10949074074074074, 0.03425925925925926, 0.0203125
1 0.7790364583333333, 0.10324074074074074, 0.03680555555555556, 0.023958333333333335
1 0.583203125, 0.1099537037037037, 0.026851851851851852, 0.028125
1 0.116015625, 0.11226851851851852, 0.03009259259259259, 0.01328125
1 0.13098958333333333, 0.11273148148148149, 0.038657407407407404, 0.020182291666666668
1 0.07981770833333333, 0.1150462962962963, 0.02546296296296296, 0.013020833333333334
1 0.348828125, 0.11412037037037037, 0.02962962962962963, 0.03515625
1 0.6092447916666667, 0.1136574074074074, 0.02962962962962963, 0.013020833333333334
1 0.122265625, 0.11550925925925926, 0.032407407407407406, 0.015364583333333333
1 0.5436197916666666, 0.11689814814814815, 0.034722222222222224, 0.011979166666666667
1 0.8001302083333334, 0.11828703703703704, 0.027777777777777776, 0.01875
1 0.7423177083333333, 0.12037037037037036, 0.043111111111111114, 0.018781250000000003
1 0.06888020833333333, 0.12523148148148147, 0.026851851851851852, 0.012760416666666666
1 0.153515625, 0.12662037037037038, 0.029166666666666667, 0.02734375
1 0.6541979166666666, 0.13125, 0.03374074074074074, 0.023796875
1 0.7118489583333333, 0.12560648148148149, 0.02962962962962963, 0.012320312500000001
1 0.5720052083333333, 0.13449074074074074, 0.016203703703703703, 0.03095833333333333
1 0.5212239583333333, 0.13680555555555557, 0.024537037037037038, 0.017708333333333333
1 0.7366536458333334, 0.1359351851851852, 0.034379629629629635, 0.020247395833333334
1 0.8209635416666666, 0.13512962962962963, 0.03894444444444445, 0.017708333333333333
1 0.045182291666666666, 0.1372685185185185, 0.01712962962962963, 0.024479166666666666
1 0.3118489583333333, 0.13819444444444445, 0.02361111111111111, 0.029427083333333333
1 0.41315104166666666, 0.1386574074074074, 0.032407407407407406, 0.01328125
1 0.7215, 0.1423611111111111, 0.037037037037037035, 0.021078125
1 0.5561197916666667, 0.1423611111111111, 0.0375, 0.01484375
1 0.733984375, 0.1414351851851852, 0.03333333333333333, 0.0140625
1 0.5954427083333333, 0.14606481481481481, 0.034722222222222224, 0.01484375
1 0.5412760416666667, 0.1502314814814815, 0.042708333333333334, 0.015625
1 0.853515625, 0.15347222222222223, 0.04027777777777778, 0.015755208333333333
1 0.6873697916666667, 0.1553240740740741, 0.04259259259259259, 0.013541666666666667
1 0.661328125, 0.15659722222222222, 0.040740740740740744, 0.016765625
1 0.581640625, 0.15810185185185185, 0.04722222222222222, 0.016666666666666666
1 0.8037760416666667, 0.16273148148148148, 0.0412037037037037, 0.025260416666666667
1 0.8467447916666667, 0.16597222222222222, 0.03935185185185185, 0.02578125
1 0.697265625, 0.16689814814814816, 0.03611111111111111, 0.019010416666666665
1 0.387109375, 0.16782407407407407, 0.03564814814814815, 0.016666666666666666
1 0.3123697916666667, 0.17060185185185187, 0.027777777777777776, 0.023177083333333334
1 0.616015625, 0.17152777777777778, 0.03148148148148148, 0.025520833333333333
1 0.6345052083333333, 0.17476851851851852, 0.03611111111111111, 0.017708333333333333
1 0.866796875, 0.17662037037037037, 0.034722222222222224, 0.027604166666666666
1 0.6720052083333333, 0.19791666666666666, 0.03981481481481482, 0.017447916666666667
1 0.3717447916666667, 0.1988425925925926, 0.03518518518518519, 0.018229166666666668
1 0.9329427083333334, 0.1988425925925926, 0.03425925925925926, 0.01796875
1 0.45598958333333334, 0.20023148148148148, 0.04537037037037037, 0.014973958333333334
1 0.7725260416666667, 0.20023148148148148, 0.03796296296296296, 0.018229166666666668
1 0.09622395833333333, 0.20023148148148148, 0.03981481481481482, 0.015885416666666666
1 0.0069010416666666664, 0.20300925925925925, 0.04398148148148148, 0.017708333333333333
1 0.8165364583333333, 0.2048611111111111, 0.04722222222222222, 0.021875
1 0.8342447916666667, 0.2025462962962963, 0.04027777777777778, 0.014583333333333334
1 0.9592447916666667, 0.2048611111111111, 0.04398148148148148, 0.016666666666666666
1 0.6428385416666667, 0.20717592592592593, 0.024074074074074074, 0.013932291666666667
1 0.42877604166666666, 0.20671296296296296, 0.03564814814814815, 0.015364583333333333
1 0.9087239583333333, 0.20810185185185184, 0.03518518518518519, 0.017447916666666667
1 0.10690104166666667, 0.21087962962962964, 0.04027777777777778, 0.017708333333333333
1 0.743359375, 0.20850925925925926, 0.03755555555555556, 0.0125
1 0.40924479166666666, 0.21134259259259258, 0.041666666666666664, 0.020052083333333335
1 0.7290364583333333, 0.21134259259259258, 0.04814814814814815, 0.014583333333333334
1 0.5459635416666667, 0.21226851851851852, 0.03564814814814815, 0.020572916666666666
1 0.48268229166666665, 0.2136574074074074, 0.044444444444444446, 0.019270833333333334
1 0.046223958333333336, 0.2136574074074074, 0.03888888888888889, 0.026822916666666665
1 0.7631510416666667, 0.21458333333333332, 0.04212962962962963, 0.016666666666666666
1 0.148828125, 0.21412037037037038, 0.04027777777777778, 0.03046875
1 0.19856770833333334, 0.2178240740740741, 0.0412037037037037, 0.016666666666666666
1 0.183203125, 0.21828703703703703, 0.03657407407407407, 0.01640625
1 0.35299479166666664, 0.22199074074074074, 0.027314814814814816, 0.028125
1 0.4694010416666667, 0.22291666666666668, 0.038425925925925926, 0.016927083333333332
1 0.274609375, 0.22430555555555556, 0.0412037037037037, 0.0203125
1 0.6321614583333334, 0.22291666666666668, 0.046296296296296294, 0.013020833333333334
1 0.034765625, 0.2238425925925926, 0.03425925925925926, 0.015885416666666666
1 0.304296875, 0.22523148148148148, 0.04259259259259259, 0.019791666666666666
1 0.434765625, 0.2238425925925926, 0.04027777777777778, 0.02265625
1 0.37649739583333336, 0.22893518518518519, 0.03888888888888889, 0.017903645833333332
1 0.644921875, 0.22615740740740742, 0.04259259259259259, 0.015364583333333333
1 0.594140625, 0.23078703703703704, 0.03981481481481482, 0.01953125
1 0.21888020833333333, 0.23217592592592592, 0.03981481481481482, 0.021354166666666667
1 0.342578125, 0.23171296296296295, 0.03287037037037037, 0.012760416666666666
1 0.7759114583333333, 0.23217592592592592, 0.04537037037037037, 0.019791666666666666
1 0.8006510416666667, 0.2349537037037037, 0.02962962962962963, 0.023697916666666666
1 0.618359375, 0.2349537037037037, 0.03796296296296296, 0.015104166666666667
1 0.4180989583333333, 0.2470462962962963, 0.036055555555555556, 0.016927083333333332
1 0.48919270833333334, 0.24114814814814814, 0.04241666666666667, 0.019010416666666665
1 0.513671875, 0.24050925925925926, 0.027777777777777776, 0.03333333333333333
1 0.5493489583333333, 0.23958333333333334, 0.033796296296296297, 0.016666666666666666
1 0.3240885416666667, 0.24097222222222223, 0.04259259259259259, 0.020833333333333332
1 0.604296875, 0.2423611111111111, 0.028703703703703703, 0.015364583333333333
1 0.083203125, 0.2465277777777778, 0.03611111111111111, 0.019270833333333334
1 0.7529947916666667, 0.25092592592592594, 0.03958333333333333, 0.01875
1 0.685546875, 0.24467592592592594, 0.03888888888888889, 0.021354166666666667
1 0.913671875, 0.24328703703703702, 0.04675925925925926, 0.020572916666666666
1 0.266015625, 0.26180555555555557, 0.046296296296296294, 0.0203203125
1 0.350390625, 0.2474537037037037, 0.032407407407407406, 0.02109375
1 0.17955729166666667, 0.2488425925925926, 0.028703703703703703, 0.029036458333333334
1 0.8417317708333333, 0.24855555555555556, 0.02760185185185185, 0.03522135416666667
1 0.22877604166666668, 0.2511574074074074, 0.038425925925925926, 0.015885416666666666
1 0.8194010416666667, 0.25300925925925927, 0.024537037037037038, 0.01328125
1 0.5663255208333333, 0.2566574074074074, 0.036166666666666666, 0.011929687500000001
1 0.7235677083333333, 0.2571759259259259, 0.03425925925925926, 0.015364583333333333
1 0.7381510416666667, 0.2622685185185185, 0.03888888888888889, 0.01640625
1 0.6670572916666667, 0.2557314814814815, 0.032, 0.012239583333333333
1 0.780859375, 0.2599537037037037, 0.02546296296296296, 0.020052083333333335
1 0.7998697916666667, 0.2571759259259259, 0.041666666666666664, 0.018424479166666667
1 0.878125, 0.25810185185185186, 0.04259259259259259, 0.019401041666666667
1 0.020963541666666665, 0.2604166666666667, 0.022222222222222223, 0.018229166666666668
1 0.9397135416666667, 0.25949074074074074, 0.037037037037037035, 0.022916666666666665
1 0.32981770833333335, 0.2571759259259259, 0.038425925925925926, 0.021614583333333333
1 0.651953125, 0.25775462962962964, 0.03831018518518518, 0.016927083333333332
1 0.16328125, 0.26134259259259257, 0.04826388888888889, 0.027213541666666667
1 0.4029947916666667, 0.26180555555555557, 0.03935185185185185, 0.0140625
1 0.871484375, 0.2599537037037037, 0.028703703703703703, 0.010807291666666666
1 0.24153645833333334, 0.26319444444444445, 0.03796296296296296, 0.018489583333333334
1 0.837109375, 0.2641203703703704, 0.049074074074074076, 0.01875
1 0.848046875, 0.2636574074074074, 0.03194444444444444, 0.016927083333333332
1 0.255078125, 0.26319444444444445, 0.03518518518518519, 0.0109375
1 0.6196614583333333, 0.26273148148148145, 0.03564814814814815, 0.013020833333333334
1 0.953515625, 0.2655092592592593, 0.033796296296296297, 0.02109375
1 0.9716458333333333, 0.26122685185185185, 0.03993055555555555, 0.015723958333333333
1 0.6748697916666667, 0.2659722222222222, 0.03009259259259259, 0.013020833333333334
1 0.708984375, 0.2673611111111111, 0.022685185185185187, 0.01640625
1 0.2774739583333333, 0.26643518518518516, 0.050462962962962966, 0.02109375
1 0.29375, 0.2655092592592593, 0.03796296296296296, 0.018098958333333335
1 0.5462239583333334, 0.26869444444444446, 0.04033333333333333, 0.021354166666666667
1 0.7829427083333333, 0.269212962962963, 0.03425925925925926, 0.018489583333333334
1 0.769921875, 0.26689814814814816, 0.040740740740740744, 0.015625
1 0.8204427083333333, 0.27060185185185187, 0.03564814814814815, 0.019010416666666665
1 0.107421875, 0.27337962962962964, 0.04490740740740741, 0.020572916666666666
1 0.179296875, 0.2724537037037037, 0.044444444444444446, 0.026302083333333334
1 0.21080729166666667, 0.2743055555555556, 0.0412037037037037, 0.01328125
1 0.331640625, 0.2673611111111111, 0.049074074074074076, 0.026822916666666665
1 0.5860677083333333, 0.27152777777777776, 0.032407407407407406, 0.016145833333333335
1 0.148046875, 0.27337962962962964, 0.04027777777777778, 0.014583333333333334
1 0.223046875, 0.2743055555555556, 0.03564814814814815, 0.019791666666666666
1 0.5970052083333334, 0.275, 0.04513888888888889, 0.0203125
1 0.441796875, 0.2743055555555556, 0.03518518518518519, 0.028125
1 0.12330729166666667, 0.2775462962962963, 0.03888888888888889, 0.01875
1 0.068359375, 0.27847222222222223, 0.041666666666666664, 0.01796875
1 0.19466145833333334, 0.2793981481481482, 0.040740740740740744, 0.017708333333333333
1 0.9798177083333334, 0.27569444444444446, 0.041666666666666664, 0.019791666666666666
1 0.061328125, 0.28078703703703706, 0.03564814814814815, 0.01171875
1 0.30325520833333336, 0.27662037037037035, 0.047685185185185185, 0.017447916666666667
1 0.35716145833333335, 0.2789351851851852, 0.0375, 0.021875
1 0.016276041666666668, 0.28217592592592594, 0.01712962962962963, 0.034375
1 0.40794270833333335, 0.28125, 0.027314814814814816, 0.029947916666666668
1 0.6641927083333333, 0.28078703703703706, 0.046296296296296294, 0.013020833333333334
1 0.684765625, 0.28125, 0.020370370370370372, 0.02734375
1 0.3475260416666667, 0.2831018518518518, 0.03425925925925926, 0.0171875
1 0.8904947916666667, 0.28217592592592594, 0.03796296296296296, 0.0234375
1 0.4649739583333333, 0.2831018518518518, 0.04537037037037037, 0.016145833333333335
1 0.7912760416666667, 0.2789351851851852, 0.04583333333333333, 0.017447916666666667
1 0.805859375, 0.2826388888888889, 0.03333333333333333, 0.0171875
1 0.31419270833333335, 0.2835648148148148, 0.04722222222222222, 0.02265625
1 0.04674479166666667, 0.2863425925925926, 0.03888888888888889, 0.019270833333333334
1 0.241015625, 0.2849537037037037, 0.02546296296296296, 0.015104166666666667
1 0.7595052083333333, 0.2863425925925926, 0.03981481481481482, 0.01953125
1 0.7321614583333333, 0.28541666666666665, 0.04722222222222222, 0.017708333333333333
1 0.680859375, 0.2863425925925926, 0.05, 0.021614583333333333
1 0.7063802083333334, 0.28680555555555554, 0.03796296296296296, 0.013541666666666667
1 0.43971354166666665, 0.2886574074074074, 0.04027777777777778, 0.025260416666666667
1 0.8704427083333334, 0.28587962962962965, 0.052314814814814814, 0.021875
1 0.6490885416666666, 0.2877314814814815, 0.03981481481481482, 0.016927083333333332
1 0.8337239583333333, 0.28726851851851853, 0.038425925925925926, 0.021614583333333333
1 0.25143229166666664, 0.2914351851851852, 0.027777777777777776, 0.01953125
1 0.561734375, 0.29097222222222224, 0.020833333333333332, 0.025895833333333333
1 0.7525052083333333, 0.2829861111111111, 0.05318055555555556, 0.0195
1 0.00013020833333333333, 0.29444444444444445, 0.02337962962962963, 0.0125
1 0.07018229166666666, 0.2898148148148148, 0.04050925925925926, 0.02265625
1 0.42044270833333336, 0.29189814814814813, 0.03518518518518519, 0.021875
1 0.6373697916666666, 0.29097222222222224, 0.03333333333333333, 0.0171875
1 0.6743489583333333, 0.2923611111111111, 0.03611111111111111, 0.01328125
1 0.6944010416666667, 0.29282407407407407, 0.03935185185185185, 0.015104166666666667
1 0.7248697916666667, 0.2900462962962963, 0.04814814814814815, 0.018489583333333334
1 0.7470052083333333, 0.2914351851851852, 0.05138888888888889, 0.016145833333333335
1 0.0032552083333333335, 0.29467592592592595, 0.03194444444444444, 0.034895833333333334
1 0.029036458333333334, 0.29467592592592595, 0.0375, 0.011979166666666667
1 0.8196614583333334, 0.29375, 0.022916666666666665, 0.009635416666666667
1 0.911328125, 0.29421296296296295, 0.050462962962962966, 0.018489583333333334
1 0.9313802083333333, 0.3017962962962963, 0.032810185185185185, 0.029067708333333334
1 0.710546875, 0.29560185185185184, 0.03888888888888889, 0.020572916666666666
1 0.9634114583333333, 0.29282407407407407, 0.04490740740740741, 0.02265625
1 0.4732760416666667, 0.29560185185185184, 0.038425925925925926, 0.020669270833333333
1 0.498828125, 0.29791666666666666, 0.018055555555555554, 0.029427083333333333
1 0.5272135416666667, 0.29421296296296295, 0.04259259259259259, 0.01484375
1 0.2735677083333333, 0.2969907407407407, 0.03888888888888889, 0.027473958333333333
1 0.861328125, 0.2974537037037037, 0.0375, 0.022265625
1 0.036848958333333334, 0.2969907407407407, 0.0375, 0.014583333333333334
1 0.784765625, 0.29930555555555555, 0.03796296296296296, 0.013541666666666667
1 0.094140625, 0.29835185185185187, 0.037064814814814814, 0.015625
1 0.152734375, 0.3020833333333333, 0.040740740740740744, 0.027864583333333335
1 0.38111979166666665, 0.29976851851851855, 0.03888888888888889, 0.011458333333333333
1 0.5471848958333333, 0.30694444444444446, 0.024305555555555556, 0.0271640625
1 0.569921875, 0.29971296296296296, 0.039870370370370375, 0.031609375
1 0.8287760416666666, 0.3034722222222222, 0.04259259259259259, 0.0140625
1 0.9014322916666667, 0.3020277777777778, 0.045425925925925925, 0.014583333333333334
1 0.10377604166666667, 0.30439814814814814, 0.03518518518518519, 0.020052083333333335
1 0.2928385416666667, 0.3025462962962963, 0.027777777777777776, 0.013802083333333333
1 0.440234375, 0.3039351851851852, 0.034722222222222224, 0.01953125
1 0.010026041666666667, 0.305787037037037, 0.023148148148148147, 0.021354166666666667
1 0.083203125, 0.3053240740740741, 0.03981481481481482, 0.016927083333333332
1 0.21390104166666665, 0.3047731481481481, 0.028587962962962964, 0.029458333333333333
1 0.598828125, 0.2990185185185185, 0.03639814814814815, 0.026984375
1 0.537890625, 0.30300925925925926, 0.03981481481481482, 0.013151041666666667
1 0.7704427083333333, 0.30486111111111114, 0.03287037037037037, 0.0171875
1 0.187890625, 0.3090277777777778, 0.029166666666666667, 0.022526041666666666
1 0.24075520833333333, 0.3071759259259259, 0.025, 0.021614583333333333
1 0.8115234375, 0.3076388888888889, 0.05462962962962963, 0.0146484375
1 0.39544270833333334, 0.30995370370370373, 0.03333333333333333, 0.01796875
1 0.8873697916666666, 0.3104166666666667, 0.03564814814814815, 0.016145833333333335
1 0.13372395833333334, 0.3090277777777778, 0.03564814814814815, 0.02421875
1 0.49856770833333336, 0.3108796296296296, 0.024074074074074074, 0.029427083333333333
1 0.657421875, 0.3113425925925926, 0.0412037037037037, 0.014322916666666666
1 0.9795572916666667, 0.312587962962963, 0.05986574074074074, 0.0205078125
1 0.822265625, 0.3145833333333333, 0.0375, 0.013020833333333334
1 0.8404947916666666, 0.31319444444444444, 0.05, 0.013802083333333333
1 0.108203125, 0.31504629629629627, 0.04583333333333333, 0.024869791666666665
1 0.9467135416666667, 0.31828703703703703, 0.031018518518518518, 0.018520833333333334
1 0.20403645833333334, 0.31689814814814815, 0.027777777777777776, 0.031364583333333335
1 0.4569010416666667, 0.3159722222222222, 0.041666666666666664, 0.01708854166666667
1 0.6709635416666667, 0.3173611111111111, 0.03981481481481482, 0.013802083333333333
1 0.6821614583333333, 0.319212962962963, 0.044444444444444446, 0.017708333333333333
1 0.4373697916666667, 0.3122685185185185, 0.05277777777777778, 0.017708333333333333
1 0.28658854166666664, 0.3178240740740741, 0.04398148148148148, 0.01875
1 0.624609375, 0.3196759259259259, 0.024074074074074074, 0.033984375
1 0.7811197916666667, 0.3196759259259259, 0.04398148148148148, 0.018229166666666668
1 0.30169270833333334, 0.3210648148148148, 0.044444444444444446, 0.02109375
1 0.851953125, 0.32199074074074074, 0.049074074074074076, 0.01640625
1 0.923046875, 0.3224537037037037, 0.03796296296296296, 0.029166666666666667
1 0.005859375, 0.32199074074074074, 0.0342037037037037, 0.03515625
1 0.05011458333333333, 0.3224537037037037, 0.03796296296296296, 0.025015625
1 0.419921875, 0.319212962962963, 0.05462962962962963, 0.016145833333333335
1 0.551953125, 0.3224537037037037, 0.040740740740740744, 0.0140625
1 0.795703125, 0.3135138888888889, 0.02977314814814815, 0.0162109375
1 0.23919270833333334, 0.3216574074074074, 0.03598148148148148, 0.021614583333333333
1 0.8669583333333333, 0.3224537037037037, 0.041666666666666664, 0.013640625
1 0.9631510416666667, 0.3215277777777778, 0.041666666666666664, 0.028645833333333332
1 0.00013020833333333333, 0.32384259259259257, 0.025, 0.00703125
1 0.3352864583333333, 0.32337962962962963, 0.03935185185185185, 0.019010416666666665
1 0.5141927083333333, 0.3247685185185185, 0.032060185185185185, 0.025390625
1 0.698828125, 0.32337962962962963, 0.030555555555555555, 0.022395833333333334
1 0.35299479166666664, 0.3266203703703704, 0.033796296296296297, 0.028645833333333332
1 0.739453125, 0.3247685185185185, 0.041666666666666664, 0.017708333333333333
1 0.39205729166666664, 0.32569444444444445, 0.03981481481481482, 0.022135416666666668
1 0.26861979166666666, 0.3275462962962963, 0.04398148148148148, 0.016666666666666666
1 0.17096354166666666, 0.3280092592592593, 0.033796296296296297, 0.026302083333333334
1 0.137109375, 0.32939814814814816, 0.03888888888888889, 0.019010416666666665
1 0.7115885416666666, 0.33125, 0.03425925925925926, 0.0296875
1 0.00013020833333333333, 0.33125, 0.031018518518518518, 0.016145833333333335
1 0.051171875, 0.3506944444444444, 0.0412037037037037, 0.018505208333333335
1 0.18111979166666667, 0.33125, 0.03564814814814815, 0.023177083333333334
1 0.20794270833333334, 0.331712962962963, 0.024074074074074074, 0.03229166666666667
1 0.3170572916666667, 0.3284722222222222, 0.05, 0.020572916666666666
1 0.5084635416666666, 0.32939814814814816, 0.04537037037037037, 0.015104166666666667
1 0.939453125, 0.33402777777777776, 0.02546296296296296, 0.019010416666666665
1 0.8790364583333333, 0.33402777777777776, 0.05, 0.018734375
1 0.7532395833333333, 0.3333611111111111, 0.029546296296296296, 0.022932291666666667
1 0.6470052083333333, 0.33449074074074076, 0.04861111111111111, 0.017708333333333333
1 0.08815104166666667, 0.3372685185185185, 0.03796296296296296, 0.01484375
1 0.124609375, 0.3363425925925926, 0.040740740740740744, 0.0140625
1 0.526171875, 0.3335648148148148, 0.04027777777777778, 0.019791666666666666
1 0.708203125, 0.3363425925925926, 0.046296296296296294, 0.03177083333333333
1 0.100390625, 0.3386574074074074, 0.037037037037037035, 0.016145833333333335
1 0.621484375, 0.34050925925925923, 0.020370370370370372, 0.02890625
1 0.486328125, 0.34050925925925923, 0.022685185185185187, 0.02578125
1 0.023307291666666667, 0.3418981481481482, 0.046296296296296294, 0.014322916666666666
1 0.07825520833333334, 0.34282407407407406, 0.03564814814814815, 0.014583333333333334
1 0.7524739583333333, 0.3400462962962963, 0.031018518518518518, 0.039322916666666666
1 0.5587239583333333, 0.3451388888888889, 0.05138888888888889, 0.01484375
1 0.6571614583333333, 0.34375, 0.04212962962962963, 0.019270833333333334
1 0.17825520833333333, 0.3460648148148148, 0.043055555555555555, 0.022135416666666668
1 0.155859375, 0.34791666666666665, 0.052314814814814814, 0.01796875
1 0.22200520833333334, 0.3548611111111111, 0.04027777777777778, 0.018294270833333334
1 0.6907552083333334, 0.3491898148148148, 0.05011574074074074, 0.016567708333333334
1 0.8967447916666667, 0.3511574074074074, 0.04814814814814815, 0.020572916666666666
1 0.231640625, 0.3511574074074074, 0.05324074074074074, 0.027604166666666666
1 0.4805989583333333, 0.35162037037037036, 0.050462962962962966, 0.018229166666666668
1 0.7966145833333333, 0.34724999999999995, 0.0465, 0.014973958333333334
1 0.20924479166666668, 0.3559027777777778, 0.04386574074074074, 0.015885416666666666
1 0.5345052083333334, 0.34930555555555554, 0.05138888888888889, 0.017708333333333333
1 0.6727864583333333, 0.3511574074074074, 0.05324074074074074, 0.022916666666666665
1 0.250390625, 0.35347222222222224, 0.04259259259259259, 0.0203125
1 0.582421875, 0.3539351851851852, 0.04861111111111111, 0.018489583333333334
1 0.375390625, 0.35625, 0.023148148148148147, 0.01796875
1 0.46627604166666664, 0.3539351851851852, 0.047685185185185185, 0.010677083333333334
1 0.00013020833333333333, 0.355787037037037, 0.04490740740740741, 0.01953125
1 0.10611979166666667, 0.35625, 0.030555555555555555, 0.019921875
1 0.7048177083333333, 0.3545740740740741, 0.04334259259259259, 0.024479166666666666
1 0.28815104166666666, 0.3594907407407407, 0.03657407407407407, 0.011458333333333333
1 0.008984375, 0.35671296296296295, 0.055092592592592596, 0.015885416666666666
1 0.5016927083333333, 0.3590277777777778, 0.05138888888888889, 0.015364583333333333
1 0.598828125, 0.36041666666666666, 0.047685185185185185, 0.015625
1 0.5365885416666667, 0.3594907407407407, 0.05740740740740741, 0.022916666666666665
1 0.00013020833333333333, 0.36041666666666666, 0.024074074074074074, 0.009635416666666667
1 0.14983854166666666, 0.3832175925925926, 0.0424212962962963, 0.03076041666666667
1 0.491796875, 0.36041666666666666, 0.040740740740740744, 0.013020833333333334
1 0.18893229166666667, 0.36319444444444443, 0.03888888888888889, 0.02109375
1 0.39153645833333334, 0.3645833333333333, 0.04490740740740741, 0.031510416666666666
1 0.558984375, 0.36365740740740743, 0.05092592592592592, 0.024739583333333332
1 0.7498203125, 0.3658564814814815, 0.042851851851851856, 0.02843489583333333
1 0.326171875, 0.36365740740740743, 0.03981481481481482, 0.022135416666666668
1 0.7641927083333333, 0.3627314814814815, 0.05, 0.03307291666666667
1 0.08971354166666666, 0.36550925925925926, 0.03611111111111111, 0.01640625
1 0.26341145833333335, 0.36319444444444443, 0.04027777777777778, 0.014973958333333334
1 0.3352864583333333, 0.3650462962962963, 0.0375, 0.01953125
1 0.5131510416666667, 0.36550925925925926, 0.04212962962962963, 0.015364583333333333
1 0.7873697916666667, 0.3645833333333333, 0.04814814814814815, 0.02109375
1 0.13268229166666667, 0.3819444444444444, 0.04652777777777778, 0.015348958333333333
1 0.6381510416666667, 0.36875, 0.053703703703703705, 0.025
1 0.741796875, 0.36591666666666667, 0.04264814814814815, 0.027473958333333333
1 0.27200520833333336, 0.3678240740740741, 0.03564814814814815, 0.023697916666666666
1 0.42096354166666666, 0.36921296296296297, 0.05324074074074074, 0.022395833333333334
1 0.120703125, 0.3678240740740741, 0.0587962962962963, 0.014583333333333334
1 0.5233072916666667, 0.36689814814814814, 0.05694444444444444, 0.016927083333333332
1 0.43138020833333335, 0.3747685185185185, 0.04675925925925926, 0.025
1 0.061328125, 0.37569444444444444, 0.05613425925925926, 0.023958333333333335
1 0.36028645833333334, 0.37754629629629627, 0.03888888888888889, 0.017708333333333333
1 0.6584635416666667, 0.3761574074074074, 0.044444444444444446, 0.016666666666666666
1 0.092578125, 0.3766203703703704, 0.05787037037037037, 0.023697916666666666
1 0.33893229166666666, 0.37899074074074074, 0.04948148148148148, 0.024544270833333333
1 0.6720052083333333, 0.3789351851851852, 0.04351851851851852, 0.015104166666666667
1 0.10872395833333333, 0.3840277777777778, 0.06111111111111111, 0.01484375
1 0.6014322916666667, 0.3854166666666667, 0.05, 0.0234375
1 0.6165364583333334, 0.3891203703703704, 0.04490740740740741, 0.019791666666666666
1 0.047265625, 0.3891203703703704, 0.044444444444444446, 0.016666666666666666
1 0.723828125, 0.3905092592592593, 0.04490740740740741, 0.027604166666666666
1 0.7032552083333333, 0.394212962962963, 0.044444444444444446, 0.03229166666666667
1 0.15690104166666666, 0.39652777777777776, 0.03981481481481482, 0.03203125
1 0.2537760416666667, 0.39560185185185187, 0.029166666666666667, 0.015786458333333333
1 0.00013020833333333333, 0.3993055555555556, 0.020370370370370372, 0.00390625
1 0.370703125, 0.40208333333333335, 0.04861111111111111, 0.022916666666666665
1 0.185546875, 0.40625, 0.03981481481481482, 0.034895833333333334
1 0.334765625, 0.4131944444444444, 0.032407407407407406, 0.03307291666666667
1 0.029817708333333335, 0.42986111111111114, 0.028703703703703703, 0.031510416666666666
1 0.05768229166666667, 0.43041203703703707, 0.050375, 0.0224609375
1 0.5194010416666667, 0.4386574074074074, 0.04583333333333333, 0.016666666666666666
1 0.8951822916666666, 0.4900462962962963, 0.043055555555555555, 0.02421875
1 0.962890625, 0.5002314814814814, 0.03935185185185185, 0.022135416666666668
1 0.8749348958333333, 0.5136574074074074, 0.027777777777777776, 0.023372395833333334
1 0.7165364583333333, 0.20439814814814813, 0.049652777777777775, 0.015885416666666666
1 0.515625, 0.07199074074074074, 0.017013888888888887, 0.018619791666666666
1 0.22890625, 0.08275462962962964, 0.03113425925925926, 0.026171875
1 0.26438802083333335, 0.05590277777777778, 0.029976851851851852, 0.015299479166666666
1 0.37268749999999995, 0.09681481481481481, 0.020314814814814817, 0.026500000000000003
1 0.3981119791666667, 0.09027777777777778, 0.03397222222222222, 0.016372395833333334
1 0.4588541666666667, 0.11550925925925926, 0.025231481481481483, 0.03268229166666667
1 0.49361979166666664, 0.08981481481481482, 0.033680555555555554, 0.015885416666666666
1 0.5115885416666667, 0.029050925925925924, 0.036689814814814814, 0.012174479166666667
1 0.60234375, 0.024652777777777777, 0.025694444444444443, 0.011067708333333334
1 0.6235026041666667, 0.05243055555555556, 0.018921296296296294, 0.013997395833333334
1 0.6419583333333333, 0.0555, 0.014814814814814815, 0.019401041666666667
1 0.6979479166666667, 0.07291666666666667, 0.028416666666666666, 0.0165703125
1 0.6119791666666666, 0.09733796296296296, 0.028009259259259258, 0.015265625
1 0.6186848958333333, 0.11463888888888889, 0.04027777777777778, 0.017153645833333335
1 0.63671875, 0.11409259259259259, 0.033879629629629635, 0.022104166666666664
1 0.620734375, 0.14907407407407408, 0.029453703703703704, 0.021161458333333334
1 0.8861328125, 0.1980324074074074, 0.027083333333333334, 0.026822916666666665
1 0.9212890625, 0.23275462962962962, 0.03194444444444444, 0.018619791666666666
1 0.9353515625, 0.23125, 0.034027777777777775, 0.017838541666666666
1 0.7540364583333333, 0.5400462962962963, 0.055324074074074074, 0.043229166666666666
1 0.03795572916666667, 0.31354166666666666, 0.050462962962962966, 0.020182291666666668
1 0.042708333333333334, 0.3147870370370371, 0.05396296296296296, 0.02734375
1 0.08564583333333334, 0.28414351851851855, 0.023175925925925926, 0.023794270833333336
1 0.14378125, 0.36024074074074075, 0.06169444444444444, 0.016244791666666668
1 0.166046875, 0.31145833333333334, 0.03871759259259259, 0.02676041666666667
1 0.2070625, 0.3908564814814815, 0.02447685185185185, 0.013315104166666668
1 0.19641927083333333, 0.3836203703703704, 0.03762037037037037, 0.017122395833333335
1 0.2976875, 0.35694444444444445, 0.043805555555555556, 0.013315104166666668
1 0.30361458333333335, 0.3580462962962963, 0.03825, 0.021484375
1 0.35973437500000005, 0.26360185185185186, 0.03935185185185185, 0.030729166666666665
1 0.37333854166666663, 0.26481481481481484, 0.02662037037037037, 0.02588020833333333
1 0.3868489583333333, 0.2568888888888889, 0.04519444444444445, 0.016520833333333332
1 0.4513020833333333, 0.397337962962963, 0.04456018518518518, 0.018359375
1 0.45354687499999996, 0.35028703703703706, 0.05269444444444444, 0.014713541666666666
1 0.47568229166666665, 0.34641203703703705, 0.050865740740740746, 0.011848958333333333
1 0.47198958333333335, 0.3260416666666667, 0.03709722222222222, 0.0160625
1 0.4620442708333333, 0.25833333333333336, 0.030731481481481478, 0.030372395833333333
1 0.48170572916666665, 0.2777777777777778, 0.03761574074074074, 0.016372395833333334
1 0.49375, 0.2721064814814815, 0.037384259259259256, 0.027018229166666668
1 0.5170416666666667, 0.2666944444444444, 0.03562037037037037, 0.026447916666666668
1 0.57190625, 0.3300925925925926, 0.04236111111111111, 0.0265625
1 0.5868802083333333, 0.31145833333333334, 0.04421296296296296, 0.0189140625
1 0.798078125, 0.32875925925925925, 0.029111111111111112, 0.020281249999999997
1 0.9146484375, 0.27708333333333335, 0.04513888888888889, 0.020572916666666666
1 0.61015625, 0.02546296296296296, 0.02425, 0.015364583333333333
1 0.040299479166666666, 0.29375, 0.010763888888888889, 0.005143229166666667
1 0.5612630208333333, 0.08761574074074074, 0.02013888888888889, 0.029557291666666666
1 0.5569661458333334, 0.08020833333333334, 0.012152777777777778, 0.026041666666666668
1 0.13333333333333333, 0.278125, 0.03923611111111111, 0.0158203125
1 0.11627604166666666, 0.3123240740740741, 0.04618518518518519, 0.029361979166666666
