1 0.96953125, 0.3060185185185185, 0.07592592592592592, 0.0296875
1 0.95546875, 0.3106481481481482, 0.06296296296296296, 0.030208333333333334
1 0.89140625, 0.3143518518518518, 0.08425925925925926, 0.030729166666666665
1 0.91484375, 0.3226851851851852, 0.07685185185185185, 0.022395833333333334
1 0.8565104166666667, 0.3476851851851852, 0.08888888888888889, 0.022916666666666665
1 0.93046875, 0.3597222222222222, 0.07407407407407407, 0.022817708333333336
1 0.9638020833333333, 0.36898148148148147, 0.0712962962962963, 0.022916666666666665
1 0.9799479166666667, 0.3736111111111111, 0.05555555555555555, 0.019854166666666666
1 0.7877604166666666, 0.3912037037037037, 0.06666666666666667, 0.04583333333333333
1 0.8450520833333334, 0.3912037037037037, 0.08981481481481482, 0.024479166666666666
1 0.9059895833333333, 0.38935185185185184, 0.06481481481481481, 0.025
1 0.8861979166666667, 0.3875, 0.07314814814814814, 0.030208333333333334
1 0.82265625, 0.4125, 0.07314814814814814, 0.01875
1 0.83828125, 0.41064814814814815, 0.08333333333333333, 0.0203125
1 0.95078125, 0.4115740740740741, 0.046296296296296294, 0.0234375
1 0.7705729166666667, 0.41898148148148145, 0.07592592592592592, 0.036458333333333336
1 0.9450520833333333, 0.42453703703703705, 0.06851851851851852, 0.024479166666666666
1 0.9690104166666667, 0.4273148148148148, 0.06481481481481481, 0.030208333333333334
1 0.7963541666666667, 0.42824074074074076, 0.05925925925925926, 0.028385416666666666
1 0.9268229166666667, 0.42824074074074076, 0.05925925925925926, 0.019270833333333334
1 0.90390625, 0.44305555555555554, 0.06111111111111111, 0.0296875
1 0.4153645833333333, 0.45787037037037037, 0.09166666666666666, 0.026041666666666668
1 0.43645833333333334, 0.4634259259259259, 0.07222222222222222, 0.022135416666666668
1 0.92578125, 0.4671296296296296, 0.06666666666666667, 0.028125
1 0.45807291666666666, 0.475462962962963, 0.0787037037037037, 0.021354166666666667
1 0.9665364583333333, 0.4725740740740741, 0.07048148148148149, 0.017057291666666665
1 0.8104166666666667, 0.4736111111111111, 0.053703703703703705, 0.05390625
1 0.8473333333333334, 0.4841759259259259, 0.0705648148148148, 0.03417708333333334
1 0.8688125, 0.48935185185185187, 0.06018518518518518, 0.041604166666666664
1 0.9307291666666667, 0.4976851851851852, 0.07314814814814814, 0.03463541666666667
1 0.80859375, 0.4986111111111111, 0.04953703703703704, 0.04440104166666667
1 0.89140625, 0.49398148148148147, 0.06388888888888888, 0.025520833333333333
1 0.9513020833333333, 0.5026666666666667, 0.06075925925925926, 0.019791666666666666
1 0.90078125, 0.4976851851851852, 0.07407407407407407, 0.03802083333333333
1 0.94765625, 0.5486111111111112, 0.06388888888888888, 0.03177083333333333
1 0.8747395833333333, 0.5439814814814815, 0.05648148148148148, 0.0453125
1 0.9299479166666667, 0.5560185185185185, 0.05648148148148148, 0.027083333333333334
1 0.9168645833333334, 0.56875, 0.05728703703703703, 0.0266875
1 0.49973958333333335, 0.5967592592592592, 0.07222222222222222, 0.030729166666666665
1 0.4205729166666667, 0.6143518518518518, 0.05185185185185185, 0.0203125
1 0.28828125, 0.6180555555555556, 0.07407407407407407, 0.028125
1 0.6143229166666667, 0.6171296296296296, 0.07222222222222222, 0.020833333333333332
1 0.7184895833333333, 0.6171296296296296, 0.07407407407407407, 0.0234375
1 0.6903645833333333, 0.6208333333333333, 0.08425925925925926, 0.030208333333333334
1 0.5653645833333333, 0.6208333333333333, 0.07685185185185185, 0.018229166666666668
1 0.67578125, 0.6199074074074075, 0.09166666666666666, 0.018229166666666668
1 0.32317708333333334, 0.6226851851851852, 0.05092592592592592, 0.03854166666666667
1 0.65703125, 0.625462962962963, 0.08611111111111111, 0.021875
1 0.6455729166666667, 0.624537037037037, 0.06388888888888888, 0.015625
1 0.3966145833333333, 0.624537037037037, 0.0712962962962963, 0.024479166666666666
1 0.5809895833333333, 0.624537037037037, 0.09166666666666666, 0.020833333333333332
1 0.36015625, 0.6263888888888889, 0.07777777777777778, 0.024479166666666666
1 0.38203125, 0.6375, 0.05925925925925926, 0.021875
1 0.45234375, 0.6347222222222222, 0.058333333333333334, 0.030729166666666665
1 0.54296875, 0.6356481481481482, 0.07407407407407407, 0.0265625
1 0.59609375, 0.6365740740740741, 0.07962962962962963, 0.022395833333333334
1 0.7440104166666667, 0.638425925925926, 0.08425925925925926, 0.021875
1 0.43359375, 0.6375, 0.05555555555555555, 0.03177083333333333
1 0.4783854166666667, 0.6365740740740741, 0.07962962962962963, 0.0234375
1 0.5174479166666667, 0.6402777777777777, 0.07592592592592592, 0.021354166666666667
1 0.6283854166666667, 0.6402777777777777, 0.08148148148148149, 0.023958333333333335
1 0.16901041666666666, 0.6421296296296296, 0.07314814814814814, 0.023958333333333335
1 0.09921875, 0.6449074074074074, 0.06944444444444445, 0.028645833333333332
1 0.70234375, 0.6439814814814815, 0.06944444444444445, 0.0234375
1 0.25859375, 0.6486111111111111, 0.062037037037037036, 0.030208333333333334
1 0.49713541666666666, 0.6486111111111111, 0.07037037037037037, 0.026041666666666668
1 0.7627604166666667, 0.6504629629629629, 0.07037037037037037, 0.026041666666666668
1 0.7799479166666666, 0.6504629629629629, 0.06018518518518518, 0.021354166666666667
1 0.19973958333333333, 0.6523148148148148, 0.07407407407407407, 0.03125
1 0.29973958333333334, 0.6523148148148148, 0.06296296296296296, 0.025520833333333333
1 0.81953125, 0.6513888888888889, 0.07048148148148149, 0.024479166666666666
1 0.3377604166666667, 0.6449074074074074, 0.08796296296296297, 0.03177083333333333
1 0.021614583333333333, 0.6578703703703703, 0.06851851851851852, 0.030208333333333334
1 0.71953125, 0.6439814814814815, 0.08425925925925926, 0.027083333333333334
1 0.41484375, 0.6597222222222222, 0.07222222222222222, 0.01875
1 0.5377604166666666, 0.6615740740740741, 0.053703703703703705, 0.021875
1 0.07473958333333333, 0.6680555555555555, 0.08703703703703704, 0.0234375
1 0.8565104166666667, 0.6643518518518519, 0.07569444444444444, 0.0344375
1 0.13307291666666668, 0.6708333333333333, 0.07685185185185185, 0.021354166666666667
1 0.32838541666666665, 0.6699074074074074, 0.07592592592592592, 0.021875
1 0.46953125, 0.6708333333333333, 0.06296296296296296, 0.021875
1 0.00026041666666666666, 0.6726851851851852, 0.06851851851851852, 0.04375
1 0.6106770833333334, 0.6680555555555555, 0.06018518518518518, 0.022395833333333334
1 0.90703125, 0.6791666666666667, 0.07407407407407407, 0.0265625
1 0.19244791666666666, 0.674537037037037, 0.06944444444444445, 0.025
1 0.7252604166666666, 0.6819444444444445, 0.06574074074074074, 0.03177083333333333
1 0.76015625, 0.6837962962962963, 0.06296296296296296, 0.019270833333333334
1 0.9388020833333334, 0.6847222222222222, 0.07407407407407407, 0.020833333333333332
1 0.060546875, 0.6902777777777778, 0.08055555555555556, 0.023567708333333333
1 0.08932291666666667, 0.6875, 0.07685185185185185, 0.019791666666666666
1 0.31015625, 0.6710648148148148, 0.05324074074074074, 0.026104166666666664
1 0.42942708333333335, 0.6847222222222222, 0.075, 0.024479166666666666
1 0.15026041666666667, 0.6958333333333333, 0.0824074074074074, 0.022395833333333334
1 0.9200520833333333, 0.6921296296296297, 0.07222222222222222, 0.025520833333333333
1 0.44869791666666664, 0.6921296296296297, 0.06111111111111111, 0.021875
1 0.11901041666666666, 0.6930555555555555, 0.0787037037037037, 0.030208333333333334
1 0.26328125, 0.6967592592592593, 0.041666666666666664, 0.03854166666666667
1 0.6440104166666667, 0.7078703703703704, 0.03981481481481482, 0.050520833333333334
1 0.7841145833333333, 0.7032407407407407, 0.06666666666666667, 0.028645833333333332
1 0.9419270833333333, 0.7041666666666667, 0.07314814814814814, 0.0328125
1 0.00026041666666666666, 0.7023148148148148, 0.025, 0.007291666666666667
1 0.18098958333333334, 0.6930555555555555, 0.06296296296296296, 0.021875
1 0.36432291666666666, 0.7041666666666667, 0.07685185185185185, 0.019270833333333334
1 0.10286458333333333, 0.7125, 0.06944444444444445, 0.023958333333333335
1 0.16848958333333333, 0.7171296296296297, 0.07222222222222222, 0.022395833333333334
1 0.9799479166666667, 0.7171296296296297, 0.05740740740740741, 0.019270833333333334
1 0.8140625, 0.7245370370370371, 0.06111111111111111, 0.022135416666666668
1 0.8434895833333333, 0.7241851851851852, 0.05683333333333333, 0.025520833333333333
1 0.7768229166666667, 0.7143518518518519, 0.05277777777777778, 0.022395833333333334
1 0.9594374999999999, 0.7217592592592592, 0.07592592592592592, 0.02363541666666667
1 0.44296875, 0.7291666666666666, 0.07592592592592592, 0.0328125
1 0.46640625, 0.7379629629629629, 0.06620370370370371, 0.030208333333333334
1 0.029947916666666668, 0.7421296296296296, 0.07222222222222222, 0.036458333333333336
1 0.07942708333333333, 0.7486111111111111, 0.06018518518518518, 0.03125
1 0.96796875, 0.7486111111111111, 0.06018518518518518, 0.026041666666666668
1 0.4205729166666667, 0.7569444444444444, 0.06111111111111111, 0.03177083333333333
1 0.39817708333333335, 0.763425925925926, 0.06851851851851852, 0.0265625
1 0.9174479166666667, 0.7680555555555556, 0.07314814814814814, 0.022395833333333334
1 0.8778645833333333, 0.7893518518518519, 0.08148148148148149, 0.023760416666666666
1 0.9533854166666667, 0.7902777777777777, 0.06388888888888888, 0.021354166666666667
1 0.93671875, 0.7949074074074074, 0.05648148148148148, 0.017708333333333333
1 0.8565104166666667, 0.799537037037037, 0.07685185185185185, 0.028125
1 0.9049479166666666, 0.8, 0.038425925925925926, 0.0171875
1 0.13255208333333332, 0.8967592592592593, 0.040740740740740744, 0.015625
1 0.3580729166666667, 0.9071759259259259, 0.04097222222222222, 0.025130208333333334
1 0.049281250000000006, 0.7116851851851852, 0.08692592592592592, 0.024677083333333336
1 0.7978541666666668, 0.6491851851851852, 0.04711111111111111, 0.026625
1 0.79915625, 0.6783518518518519, 0.0682962962962963, 0.021677083333333333
1 0.8432291666666667, 0.6637777777777778, 0.05531481481481482, 0.017249999999999998
1 0.8317708333333333, 0.6909722222222222, 0.07337962962962963, 0.017125
1 0.89921875, 0.6386574074074074, 0.07361111111111111, 0.026041666666666668
1 0.889, 0.680324074074074, 0.06932407407407408, 0.019203124999999998
1 0.875, 0.6844907407407408, 0.0775462962962963, 0.022072916666666668
1 0.9787760416666667, 0.6849537037037037, 0.03587962962962963, 0.020703125
1 0.9676458333333334, 0.6789351851851851, 0.027898148148148148, 0.03209375
1 0.97109375, 0.6092592592592593, 0.07083333333333333, 0.028708333333333332
1 0.9901510416666667, 0.5843518518518519, 0.07546296296296297, 0.009895833333333333
1 0.9846354166666667, 0.4668981481481482, 0.06851851851851852, 0.014973958333333334
1 0.96953125, 0.5195555555555555, 0.07141666666666666, 0.030406250000000003
1 0.8751302083333333, 0.34675925925925927, 0.10208333333333333, 0.02109375
1 0.8661458333333333, 0.41087962962962965, 0.0849537037037037, 0.03333333333333333
1 0.8820937499999999, 0.449537037037037, 0.05288888888888889, 0.03034375
1 -0.00013020833333333333, 0.7297407407407407, 0.06655555555555555, 0.01738020833333333
1 0.0069010416666666664, 0.718925925925926, 0.07001851851851852, 0.026010416666666664
1 0.9370104166666666, 0.3421296296296296, 0.08940740740740741, 0.03186979166666667
