1 0.42421875, 0.000462962962962963, 0.013888888888888888, 0.011979166666666667
1 0.14146875, 0.006944444444444444, 0.027777777777777776, 0.025395833333333333
1 0.08515625, 0.01898148148148148, 0.026851851851851852, 0.015104166666666667
1 0.06640625, 0.02175925925925926, 0.03611111111111111, 0.021354166666666667
1 0.027864583333333335, 0.027314814814814816, 0.037037037037037035, 0.017708333333333333
1 0.07057291666666667, 0.04583333333333333, 0.02962962962962963, 0.029166666666666667
1 0.09921875, 0.04953703703703704, 0.028703703703703703, 0.013541666666666667
1 0.08880208333333334, 0.05694444444444444, 0.03518518518518519, 0.014583333333333334
1 0.10546875, 0.059722222222222225, 0.03518518518518519, 0.014583333333333334
1 0.1719375, 0.07407407407407407, 0.020833333333333332, 0.011135416666666667
1 0.14348958333333334, 0.07361111111111111, 0.03611111111111111, 0.0265625
1 0.0021458333333333334, 0.07824074074074074, 0.033796296296296297, 0.02103125
1 0.21230208333333334, 0.08066666666666666, 0.03183333333333334, 0.015239583333333334
1 0.24765625, 0.07916666666666666, 0.032407407407407406, 0.027083333333333334
1 0.22369791666666666, 0.08101851851851852, 0.03298148148148148, 0.0109375
1 0.33046875, 0.09675925925925925, 0.03888888888888889, 0.027604166666666666
1 0.00026041666666666666, 0.0875, 0.030555555555555555, 0.005729166666666666
1 0.31796875, 0.09953703703703703, 0.030555555555555555, 0.025520833333333333
1 0.01640625, 0.09953703703703703, 0.03518518518518519, 0.03125
1 0.03883333333333334, 0.09976851851851852, 0.02939814814814815, 0.02340625
1 0.33619791666666665, 0.1087962962962963, 0.03888888888888889, 0.030208333333333334
1 0.005989583333333334, 0.11064814814814815, 0.03148148148148148, 0.030729166666666665
1 0.8263020833333333, 0.1449074074074074, 0.028009259259259258, 0.03763020833333333
1 0.64140625, 0.15601851851851853, 0.028703703703703703, 0.020833333333333332
1 0.5971354166666667, 0.15416666666666667, 0.040740740740740744, 0.0140625
1 0.60546875, 0.15787037037037038, 0.04259259259259259, 0.0171875
1 0.6200520833333333, 0.1625, 0.04259259259259259, 0.015104166666666667
1 0.6731770833333334, 0.16435185185185186, 0.018518518518518517, 0.011979166666666667
1 0.6575520833333334, 0.1699074074074074, 0.03425925925925926, 0.015625
1 0.6622395833333333, 0.17731481481481481, 0.03888888888888889, 0.025520833333333333
1 0.7286458333333333, 0.17731481481481481, 0.037037037037037035, 0.029427083333333333
1 0.7669270833333334, 0.18009259259259258, 0.04537037037037037, 0.015625
1 0.7002604166666667, 0.18194444444444444, 0.027777777777777776, 0.02265625
1 0.8239583333333333, 0.18194444444444444, 0.03981481481481482, 0.02265625
1 0.7221354166666667, 0.18472222222222223, 0.049074074074074076, 0.027083333333333334
1 0.6763020833333333, 0.1865740740740741, 0.041666666666666664, 0.023958333333333335
1 0.9372395833333333, 0.1865740740740741, 0.03425925925925926, 0.025
1 0.8200520833333333, 0.18935185185185185, 0.032407407407407406, 0.0171875
1 0.8059895833333334, 0.19305555555555556, 0.03796296296296296, 0.0203125
1 0.8434895833333333, 0.1912037037037037, 0.05439814814814815, 0.017348958333333334
1 0.7794270833333333, 0.19398148148148148, 0.05092592592592592, 0.0296875
1 0.79296875, 0.19398148148148148, 0.03981481481481482, 0.0234375
1 0.6934895833333333, 0.19675925925925927, 0.046296296296296294, 0.017708333333333333
1 0.8559895833333333, 0.19583333333333333, 0.04797222222222222, 0.0171875
1 0.86953125, 0.1986111111111111, 0.04537037037037037, 0.014291666666666668
1 0.95390625, 0.21064814814814814, 0.04722222222222222, 0.01875
1 0.9138020833333333, 0.21342592592592594, 0.04537037037037037, 0.025520833333333333
1 0.8263020833333333, 0.2162037037037037, 0.037037037037037035, 0.017708333333333333
1 0.97109375, 0.21805555555555556, 0.046296296296296294, 0.017708333333333333
1 0.98671875, 0.22175925925925927, 0.03981481481481482, 0.0125
1 0.8770833333333333, 0.29583333333333334, 0.04722222222222222, 0.02890625
1 0.86484375, 0.29583333333333334, 0.05462962962962963, 0.024479166666666666
1 0.89921875, 0.3023148148148148, 0.03888888888888889, 0.0171875
1 0.9122395833333333, 0.3087962962962963, 0.05277777777777778, 0.027083333333333334
1 0.9294270833333333, 0.3087962962962963, 0.05277777777777778, 0.022395833333333334
1 0.9471354166666667, 0.31712962962962965, 0.05185185185185185, 0.019791666666666666
1 0.9783854166666667, 0.32083333333333336, 0.04814814814814815, 0.020833333333333332
1 0.9638020833333333, 0.324537037037037, 0.05, 0.0203125
1 0.8731458333333334, 0.24109259259259258, 0.049074074074074076, 0.041567708333333335
1 0.9333333333333333, 0.22060185185185185, 0.049416666666666664, 0.024869791666666665
1 0.9182604166666667, 0.2064814814814815, 0.02546296296296296, 0.038218749999999996
1 0.8957708333333334, 0.2022037037037037, 0.047796296296296295, 0.025062499999999998
1 0.8793645833333333, 0.21064814814814814, 0.0525462962962963, 0.026625
1 0.8811197916666667, 0.1997685185185185, 0.047629629629629626, 0.030744791666666667
1 0.6412083333333333, 0.17407407407407408, 0.04988888888888889, 0.021421875
1 0.6283229166666667, 0.15555555555555556, 0.05162037037037037, 0.022166666666666668
1 0.5698541666666667, 0.15474074074074073, 0.029981481481481484, 0.027802083333333335
1 0.5713229166666667, 0.1660925925925926, 0.0357037037037037, 0.02821875
1 0.2870416666666667, 0.11285185185185184, 0.020481481481481482, 0.03209895833333334
1 0.27955729166666665, 0.09849999999999999, 0.022796296296296297, 0.033005208333333334
1 0.26731770833333335, 0.08992592592592594, 0.032407407407407406, 0.028192708333333334
1 0.2576145833333333, 0.08425925925925926, 0.03518518518518519, 0.03398958333333334
1 0.2328125, 0.06748148148148148, 0.02325925925925926, 0.025911458333333335
1 0.23268229166666668, 0.07453703703703704, 0.03587962962962963, 0.030796875
1 0.19388020833333333, 0.06609259259259259, 0.037722222222222226, 0.022203125
1 0.18379166666666666, 0.055324074074074074, 0.033101851851851855, 0.028770833333333336
1 0.18151041666666667, 0.04652777777777778, 0.03345370370370371, 0.025260416666666667
1 0.17057291666666666, 0.044333333333333336, 0.029046296296296296, 0.018489583333333334
1 0.11822916666666666, 0.03924074074074074, 0.02846296296296296, 0.017249999999999998
1 0.13847916666666665, 0.05288888888888889, 0.03333333333333333, 0.016989583333333332
1 0.15625, 0.05555555555555555, 0.027083333333333334, 0.023046875
1 0.15690104166666666, 0.043287037037037034, 0.018055555555555554, 0.016666666666666666
1 0.133203125, 0.05868518518518519, 0.05253703703703704, 0.026692708333333332
1 0.12447916666666667, 0.059111111111111114, 0.037648148148148146, 0.018520833333333334
1 0.11790625, 0.05040740740740741, 0.04022222222222222, 0.02434375
1 0.049640625, 0.027777777777777776, 0.03477777777777778, 0.023015624999999998
1 0.04186458333333333, 0.02361111111111111, 0.03159259259259259, 0.027276041666666664
1 0.008531249999999999, 0.03009259259259259, 0.03148148148148148, 0.028645833333333332
1 0.011067708333333334, 0.0030092592592592593, 0.02361111111111111, 0.03125
1 0.007552083333333333, 0.02325925925925926, 0.02836111111111111, 0.03125
1 0.0, 0.014351851851851852, 0.037731481481481484, 0.041765625
1 0.0035833333333333333, 0.0002314814814814815, 0.027435185185185184, 0.03521875
1 0.00013020833333333333, 0.0001111111111111111, 0.026046296296296297, 0.0203125
1 0.9927083333333333, 0.0724537037037037, 0.01076851851851852, 0.007322916666666667
