1 864.0, 0.5, 33.5, 52.0
1 892.0, 0.5, 40.5, 62.0
1 940.0, 0.5, 35.5, 41.0
1 963.5, 0.5, 41.0, 25.0
1 997.5, 0.5, 53.5, 28.0
1 1028.5, 0.5, 50.0, 69.0
1 1074.5, 0.5, 35.0, 59.0
1 1091.5, 0.5, 55.5, 66.0
1 1103.5, 0.5, 69.0, 86.0
1 1206.31, -0.06, 54.5, 9.25
1 1285.5, 0.5, 55.5, 36.0
1 1319.5, 0.5, 45.0, 98.0
1 1360.5, 0.5, 32.0, 71.0
1 1386.0, 0.5, 41.5, 78.0
1 1425.0, 0.5, 43.5, 56.0
1 1456.0, 0.5, 42.5, 41.0
1 1574.5, 0.5, 52.5, 89.0
1 1627.5, 0.5, 37.0, 86.0
1 1648.5, 0.5, 46.0, 88.0
1 1687.5, 0.5, 77.0, 63.0
1 1743.0, 0.5, 40.5, 39.0
1 1780.62, -0.25, 54.88, 28.75
1 1794.5, 0.12, 68.0, 58.38
1 1860.5, 0.5, 22.5, 21.0
1 1878.5, 0.5, 40.0, 29.0
1 920.5, 0.5, 40.0, 76.0
1 1215.5, 5.5, 65.0, 68.0
1 1668.5, 4.5, 54.0, 98.0
1 1140.5, 9.81, 59.0, 77.69
1 1180.5, 12.5, 46.0, 96.0
1 1526.5, 19.5, 55.0, 96.0
1 1857.5, 25.5, 61.0, 73.0
1 1421.5, 31.5, 42.0, 87.0
1 1289.5, 38.5, 39.0, 89.0
1 1783.5, 37.5, 82.0, 72.0
1 1197.5, 51.5, 49.0, 80.0
1 1468.5, 57.5, 36.0, 81.0
1 1270.5, 56.5, 28.0, 69.0
1 1224.5, 61.5, 49.0, 85.0
1 1876.5, 68.25, 41.25, 93.37
1 1375.5, 71.5, 65.0, 95.0
1 1145.5, 72.5, 38.0, 87.0
1 1440.5, 85.5, 41.0, 78.0
1 1505.5, 120.5, 56.0, 81.0
1 972.5, 123.5, 52.0, 94.0
1 1410.5, 122.5, 40.0, 79.0
1 1816.5, 134.5, 72.0, 71.0
1 1901.5, 144.5, 17.0, 72.0
1 1621.5, 146.5, 47.0, 107.0
1 1380.5, 153.5, 40.0, 66.0
1 1133.5, 155.5, 42.0, 83.0
1 1676.5, 159.5, 60.0, 93.0
1 1722.5, 160.5, 57.0, 102.0
1 1172.5, 161.5, 86.5, 45.0
1 1851.5, 162.5, 55.0, 109.0
1 670.5, 172.5, 61.0, 74.0
1 1488.5, 171.5, 40.0, 87.0
1 1786.5, 176.5, 45.0, 100.0
1 1087.5, 180.5, 44.0, 89.0
1 1057.5, 188.5, 37.5, 76.0
1 1219.0, 189.5, 65.5, 86.0
1 335.5, 196.5, 59.0, 67.0
1 1745.5, 194.5, 53.0, 85.0
1 887.5, 197.5, 70.0, 79.0
1 1286.5, 199.5, 40.0, 91.0
1 1811.5, 199.5, 54.0, 96.0
1 1191.5, 204.5, 55.0, 75.0
1 629.5, 221.5, 87.0, 66.0
1 559.5, 207.5, 56.0, 88.0
1 1161.5, 210.5, 31.0, 65.0
1 1878.5, 211.5, 40.0, 83.0
1 774.5, 216.5, 51.0, 87.0
1 1259.5, 215.5, 36.0, 73.0
1 456.5, 222.5, 50.0, 77.0
1 1706.5, 219.5, 42.0, 62.0
1 1436.5, 227.5, 58.0, 46.88
1 506.5, 227.5, 58.0, 66.0
1 745.5, 230.5, 50.0, 72.0
1 1310.5, 230.5, 42.0, 78.0
1 1394.5, 230.5, 64.0, 86.0
1 1023.5, 232.5, 43.0, 78.0
1 244.5, 238.5, 58.0, 83.0
1 1053.5, 229.5, 27.0, 65.0
1 304.5, 244.5, 81.0, 57.0
1 608.5, 250.5, 74.0, 84.0
1 890.5, 249.5, 69.0, 70.0
1 1450.5, 240.5, 55.0, 83.0
1 960.5, 254.5, 54.0, 80.0
1 1525.5, 251.5, 30.0, 52.0
1 903.5, 257.5, 71.0, 74.0
1 1657.5, 260.5, 49.0, 76.0
1 183.5, 262.5, 74.0, 46.0
1 1231.5, 264.5, 43.0, 76.0
1 644.5, 261.5, 74.0, 62.0
1 1121.5, 266.5, 30.0, 84.0
1 593.5, 267.5, 77.0, 83.0
1 1803.5, 267.5, 64.0, 91.0
1 968.5, 267.5, 57.0, 83.0
1 1052.5, 267.5, 50.0, 90.0
1 1088.5, 272.5, 37.0, 67.0
1 1724.5, 270.5, 69.0, 82.0
1 528.5, 268.5, 40.0, 93.0
1 1705.5, 273.5, 47.0, 73.0
1 807.5, 278.5, 68.0, 66.0
1 1278.5, 271.5, 42.0, 80.0
1 1392.5, 275.5, 30.0, 81.0
1 557.5, 276.5, 41.0, 81.0
1 1835.5, 281.5, 52.0, 78.0
1 1483.0, 284.5, 37.5, 40.12
1 1184.5, 286.5, 52.0, 73.0
1 1364.5, 287.5, 38.0, 76.0
1 1751.5, 289.5, 64.0, 69.0
1 1001.5, 288.5, 41.0, 73.0
1 1868.5, 285.5, 50.0, 77.0
1 1146.5, 290.5, 57.0, 73.0
1 1636.5, 296.5, 49.0, 51.0
1 197.5, 296.5, 81.0, 39.0
1 1416.5, 303.5, 75.0, 46.0
1 1013.5, 305.5, 48.0, 76.0
1 585.5, 308.5, 54.0, 76.0
1 1538.38, 319.88, 31.2, 53.88
1 1565.5, 325.5, 37.0, 81.0
1 1293.5, 324.5, 49.0, 99.0
1 1337.5, 325.5, 50.0, 86.0
1 707.5, 328.5, 36.0, 71.0
1 1084.5, 323.5, 42.0, 68.0
1 1444.5, 331.0, 69.0, 62.5
1 1138.5, 332.5, 62.0, 59.0
1 1063.5, 335.5, 36.0, 60.0
1 1411.5, 338.5, 71.0, 65.0
1 1713.5, 344.5, 57.5, 36.0
1 1383.5, 341.5, 43.0, 59.0
1 1795.5, 346.5, 50.0, 53.0
1 1100.5, 346.5, 40.0, 79.0
1 1455.5, 347.5, 71.0, 61.0
1 1472.0, 348.5, 79.5, 82.89
1 1766.5, 346.5, 50.0, 63.0
1 1571.5, 356.0, 51.0, 91.5
1 1666.5, 358.5, 49.0, 78.0
1 1632.5, 361.5, 36.0, 81.0
1 1133.5, 360.5, 31.0, 63.0
1 1612.5, 368.5, 26.0, 52.0
1 1680.5, 383.0, 50.0, 86.5
1 1157.5, 383.0, 56.0, 36.5
1 1814.5, 394.5, 47.0, 77.0
1 1861.5, 400.5, 47.0, 73.0
1 1898.5, 398.5, 20.0, 76.0
1 1689.5, 400.5, 62.0, 74.0
1 1720.5, 402.5, 64.0, 70.0
1 1779.5, 403.5, 48.0, 75.0
1 1799.5, 483.5, 53.0, 66.0
1 1584.5, 516.5, 47.0, 42.0
1 962.62, 529.62, 32.76, 62.26
1 1168.31, 0.12, 38.5, 20.38
1 1532.08, 359.88, 37.92, 84.59
1 1465.95, 412.28, 77.0, 47.78
1 1607.7, 29.23, 28.75, 57.41
1 658.7, 207.7, 59.0, 61.53
1 1494.39, 0.16, 26.61, 23.4
1 -0.25, 528.0, 26.25, 45.5
1 374.75, 520.75, 42.37, 33.0
1 543.0, 554.38, 46.75, 55.62
1 876.0, 541.0, 51.0, 31.75
1 1486.75, 575.25, 61.0, 31.25
1 1709.5, 604.5, 82.5, 34.25
1 299.38, 270.75, 89.62, 63.5
1 285.5, 248.97, 37.88, 71.78
1 1815.88, -0.12, 36.87, 23.62
1 1321.75, 96.75, 83.75, 58.0
1 1373.25, 55.81, 40.69, 47.25
