1 0.01640625, 0.2689814814814815, 0.03333333333333333, 0.0171875
1 0.37994791666666666, 0.29305555555555557, 0.037037037037037035, 0.011979166666666667
1 0.7174479166666666, 0.29768518518518516, 0.03518518518518519, 0.015625
1 0.56640625, 0.3013888888888889, 0.02962962962962963, 0.017708333333333333
1 0.6705729166666666, 0.3023148148148148, 0.030555555555555555, 0.019270833333333334
1 0.5403645833333334, 0.30787037037037035, 0.03333333333333333, 0.021875
1 0.5919270833333333, 0.31157407407407406, 0.03611111111111111, 0.015104166666666667
1 0.49270833333333336, 0.4310185185185185, 0.030555555555555555, 0.009635416666666667
1 0.69140625, 0.43472222222222223, 0.04722222222222222, 0.019791666666666666
1 0.27630208333333334, 0.4375, 0.05185185185185185, 0.016666666666666666
1 0.4986979166666667, 0.4356481481481482, 0.046296296296296294, 0.020833333333333332
1 0.3455729166666667, 0.449537037037037, 0.04259259259259259, 0.01875
1 0.3852552083333334, 0.4439814814814815, 0.05162037037037037, 0.017932291666666666
1 0.48046875, 0.44212962962962965, 0.046296296296296294, 0.010677083333333334
1 0.55078125, 0.4449074074074074, 0.026851851851851852, 0.03177083333333333
1 0.28880208333333335, 0.44675925925925924, 0.05277777777777778, 0.015625
1 0.4044270833333333, 0.4476851851851852, 0.03333333333333333, 0.023958333333333335
1 0.5330729166666667, 0.4486111111111111, 0.04537037037037037, 0.017708333333333333
1 0.59296875, 0.45231481481481484, 0.037037037037037035, 0.013020833333333334
1 0.2643229166666667, 0.45601851851851855, 0.04722222222222222, 0.013541666666666667
1 0.43203125, 0.4587962962962963, 0.02962962962962963, 0.0203125
1 0.4440104166666667, 0.45787037037037037, 0.049074074074074076, 0.01875
1 0.64453125, 0.45787037037037037, 0.027777777777777776, 0.019791666666666666
1 0.72890625, 0.4587962962962963, 0.046296296296296294, 0.016145833333333335
1 0.25286458333333334, 0.4587962962962963, 0.046296296296296294, 0.013020833333333334
1 0.62265625, 0.46064814814814814, 0.05555555555555555, 0.0140625
1 0.31223958333333335, 0.4615740740740741, 0.05, 0.01608333333333333
1 0.39557291666666666, 0.46064814814814814, 0.05092592592592592, 0.014151041666666668
1 0.4981770833333333, 0.4634259259259259, 0.046296296296296294, 0.024479166666666666
1 0.5830729166666667, 0.4634259259259259, 0.053703703703703705, 0.013020833333333334
1 0.34765625, 0.46620370370370373, 0.04814814814814815, 0.020833333333333332
1 0.6341145833333334, 0.46805555555555556, 0.04259259259259259, 0.011979166666666667
1 0.5455729166666666, 0.46805555555555556, 0.023148148148148147, 0.0203125
1 0.57265625, 0.4689814814814815, 0.05, 0.011458333333333333
1 0.52890625, 0.4708333333333333, 0.03611111111111111, 0.0125
1 0.35494791666666664, 0.4828703703703704, 0.04814814814814815, 0.021291666666666667
1 0.5174479166666667, 0.4726851851851852, 0.05188888888888889, 0.015536458333333333
1 0.54140625, 0.48935185185185187, 0.05462962962962963, 0.015625
1 0.4416145833333333, 0.49672222222222223, 0.047453703703703706, 0.013541666666666667
1 0.53203125, 0.500462962962963, 0.03981481481481482, 0.019791666666666666
1 0.6463541666666667, 0.5041666666666667, 0.044444444444444446, 0.02109375
1 0.37734375, 0.5069444444444444, 0.04259259259259259, 0.013020833333333334
1 0.40008854166666663, 0.5060185185185185, 0.04537037037037037, 0.012671874999999999
1 0.4080729166666667, 0.5032407407407408, 0.04814814814814815, 0.011979166666666667
1 0.45390625, 0.5064814814814815, 0.031018518518518518, 0.013020833333333334
1 0.46432291666666664, 0.5087962962962963, 0.040740740740740744, 0.019270833333333334
1 0.5768229166666666, 0.5041666666666667, 0.05092592592592592, 0.0109375
1 0.6294270833333333, 0.5078703703703704, 0.053703703703703705, 0.0140625
1 0.39036458333333335, 0.5091481481481481, 0.04687037037037037, 0.011979166666666667
1 0.6721354166666667, 0.5125, 0.05092592592592592, 0.0171875
1 0.6091145833333333, 0.5180555555555556, 0.03518518518518519, 0.021875
1 0.5252604166666667, 0.5226851851851851, 0.032407407407407406, 0.027864583333333335
1 0.5606770833333333, 0.5171296296296296, 0.04722222222222222, 0.017447916666666667
1 0.48723958333333334, 0.5217592592592593, 0.041666666666666664, 0.011338541666666667
1 0.5994166666666667, 0.5393518518518519, 0.03582407407407407, 0.02469270833333333
1 0.37526041666666665, 0.5375, 0.026851851851851852, 0.0125
1 0.42890625, 0.5402777777777777, 0.03981481481481482, 0.017708333333333333
1 0.5502604166666667, 0.5402777777777777, 0.03981481481481482, 0.0125
1 0.46848958333333335, 0.5523148148148148, 0.05185185185185185, 0.022734374999999998
1 0.3936875, 0.5541666666666667, 0.03611111111111111, 0.01328125
1 0.4940104166666667, 0.5532407407407407, 0.05185185185185185, 0.019270833333333334
1 0.38255208333333335, 0.5587962962962963, 0.046296296296296294, 0.0109375
1 0.37161458333333336, 0.5615740740740741, 0.053703703703703705, 0.013541666666666667
1 0.34140625, 0.5726851851851852, 0.030555555555555555, 0.021875
1 0.40078125, 0.5800925925925926, 0.027777777777777776, 0.024479166666666666
1 0.51015625, 0.5782407407407407, 0.05277777777777778, 0.013109375000000001
1 0.5361979166666667, 0.5852222222222222, 0.05875925925925926, 0.01875
1 0.5518854166666666, 0.5871759259259259, 0.05487962962962963, 0.011494791666666667
1 0.32317708333333334, 0.5902777777777778, 0.053703703703703705, 0.017447916666666667
1 0.5755208333333334, 0.5921296296296297, 0.035611111111111114, 0.017447916666666667
1 0.33515625, 0.5967592592592592, 0.05462962962962963, 0.015625
1 0.41796875, 0.5930555555555556, 0.040740740740740744, 0.01875
1 0.48776041666666664, 0.5912037037037037, 0.049074074074074076, 0.0140625
1 0.5278645833333333, 0.5967592592592592, 0.05092592592592592, 0.020833333333333332
1 0.3919270833333333, 0.6013888888888889, 0.03981481481481482, 0.027604166666666666
1 0.34869791666666666, 0.600462962962963, 0.05, 0.011979166666666667
1 0.4986979166666667, 0.5986111111111111, 0.05925925925925926, 0.016666666666666666
1 0.5924479166666666, 0.6023148148148149, 0.044444444444444446, 0.0125
1 0.41015625, 0.5995370370370371, 0.041666666666666664, 0.018229166666666668
1 0.4591145833333333, 0.6013888888888889, 0.025925925925925925, 0.030208333333333334
1 0.44505208333333335, 0.6073333333333333, 0.019055555555555555, 0.017708333333333333
1 0.43984375, 0.5939814814814814, 0.06481481481481481, 0.014583333333333334
1 0.3790364583333333, 0.6208333333333333, 0.05277777777777778, 0.015494791666666667
1 0.388671875, 0.6171296296296296, 0.04953703703703704, 0.013671875
1 0.6080729166666666, 0.6236111111111111, 0.05740740740740741, 0.01875
1 0.5190104166666667, 0.6273148148148148, 0.049074074074074076, 0.016145833333333335
1 0.5091145833333334, 0.6319444444444444, 0.05092592592592592, 0.016145833333333335
1 0.40527083333333336, 0.6328703703703704, 0.05, 0.013739583333333333
1 0.5950520833333334, 0.6319444444444444, 0.05185185185185185, 0.01875
1 0.49140625, 0.6319444444444444, 0.06018518518518518, 0.016666666666666666
1 0.5643229166666667, 0.6375, 0.05648148148148148, 0.014583333333333334
1 0.5763020833333333, 0.6356481481481482, 0.04351851851851852, 0.0171875
1 0.6236979166666666, 0.6402777777777777, 0.049074074074074076, 0.0171875
1 0.37057291666666664, 0.6421296296296296, 0.046296296296296294, 0.016666666666666666
1 0.5428385416666667, 0.6421851851851851, 0.04809259259259259, 0.017578125
1 0.44244791666666666, 0.6441203703703704, 0.04986111111111111, 0.019270833333333334
1 0.5294270833333333, 0.6393518518518518, 0.053703703703703705, 0.0171875
1 0.43046875, 0.6439814814814815, 0.053703703703703705, 0.014583333333333334
1 0.58828125, 0.6467592592592593, 0.05925925925925926, 0.013541666666666667
1 0.5559895833333334, 0.6569444444444444, 0.05, 0.0140625
1 0.6075520833333333, 0.6662037037037037, 0.04351851851851852, 0.0140625
1 0.57265625, 0.6699074074074074, 0.04747222222222223, 0.018229166666666668
1 0.6200520833333333, 0.6791666666666667, 0.05648148148148148, 0.011979166666666667
1 0.5502604166666667, 0.6736111111111112, 0.058333333333333334, 0.016666666666666666
1 0.49765625, 0.6847222222222222, 0.05555555555555555, 0.013541666666666667
1 0.5997395833333333, 0.6875, 0.03981481481481482, 0.0125
1 0.6356770833333333, 0.6856481481481481, 0.05277777777777778, 0.016666666666666666
1 0.5361979166666667, 0.6847222222222222, 0.044444444444444446, 0.0203125
1 0.5213541666666667, 0.6953703703703704, 0.03009259259259259, 0.025260416666666667
1 0.5872395833333334, 0.6995370370370371, 0.04814814814814815, 0.015104166666666667
1 0.6481770833333333, 0.6995370370370371, 0.05, 0.014583333333333334
1 0.62265625, 0.7069444444444445, 0.06388888888888888, 0.017708333333333333
1 0.46171875, 0.7152777777777778, 0.032407407407407406, 0.02890625
1 0.5268229166666667, 0.7171296296296297, 0.02962962962962963, 0.028125
1 0.6119791666666666, 0.7107222222222223, 0.050851851851851856, 0.018489583333333334
1 0.47213541666666664, 0.7217592592592592, 0.040740740740740744, 0.028125
1 0.5997395833333333, 0.7217592592592592, 0.049074074074074076, 0.013020833333333334
1 0.5611979166666666, 0.725462962962963, 0.05092592592592592, 0.0140625
1 0.5080729166666667, 0.7347222222222223, 0.04722222222222222, 0.0234375
1 0.54609375, 0.7310185185185185, 0.049074074074074076, 0.0171875
1 0.4903645833333333, 0.7402777777777778, 0.05, 0.017708333333333333
1 0.5354166666666667, 0.7449074074074075, 0.03518518518518519, 0.015885416666666666
1 0.60525, 0.7486111111111111, 0.042166666666666665, 0.017927083333333333
1 0.5033854166666667, 0.750462962962963, 0.05092592592592592, 0.0171875
1 0.5716145833333334, 0.7569444444444444, 0.03796296296296296, 0.019270833333333334
1 0.47369791666666666, 0.7625, 0.05, 0.018229166666666668
1 0.5283854166666667, 0.7625, 0.049074074074074076, 0.019791666666666666
1 0.6049479166666667, 0.7689814814814815, 0.044444444444444446, 0.028125
1 0.5450520833333333, 0.7726851851851851, 0.040740740740740744, 0.02265625
1 0.5653645833333333, 0.7717592592592593, 0.03518518518518519, 0.028385416666666666
1 0.4861979166666667, 0.7782407407407408, 0.03888888888888889, 0.023958333333333335
1 0.51484375, 0.7726851851851851, 0.05, 0.016666666666666666
1 0.6153645833333333, 0.7791666666666667, 0.03611111111111111, 0.028125
1 0.46171875, 0.7819444444444444, 0.04814814814814815, 0.017708333333333333
1 0.5283854166666667, 0.7791666666666667, 0.05277777777777778, 0.0140625
1 0.55234375, 0.7976851851851852, 0.05462962962962963, 0.015104166666666667
1 0.5643229166666667, 0.799537037037037, 0.03425925925925926, 0.010416666666666666
1 0.5736979166666667, 0.8004629629629629, 0.026851851851851852, 0.023958333333333335
1 0.62265625, 0.8013888888888889, 0.04351851851851852, 0.0234375
1 0.4591145833333333, 0.8032407407407407, 0.049074074074074076, 0.016666666666666666
1 0.5075520833333333, 0.7986111111111112, 0.05663888888888889, 0.017578125
1 0.48515625, 0.8023148148148148, 0.0342962962962963, 0.0265625
1 0.6075520833333333, 0.8078703703703703, 0.028703703703703703, 0.0203125
1 0.5424479166666667, 0.8060185185185185, 0.04663888888888889, 0.0109375
1 0.5828125, 0.8236111111111111, 0.03796296296296296, 0.020052083333333335
1 0.4747395833333333, 0.8078703703703703, 0.06759259259259259, 0.016666666666666666
1 0.4859375, 0.8236111111111111, 0.05462962962962963, 0.012239583333333333
1 0.52265625, 0.8208333333333333, 0.05185185185185185, 0.011979166666666667
1 0.5721354166666667, 0.8199074074074074, 0.025925925925925925, 0.0171875
1 0.5611979166666666, 0.8310185185185185, 0.04560185185185185, 0.0140625
1 0.5325520833333334, 0.8245370370370371, 0.049074074074074076, 0.015625
1 0.5044270833333333, 0.8449074074074074, 0.028703703703703703, 0.019270833333333334
1 0.575390625, 0.8413148148148148, 0.04618518518518519, 0.013734375
1 0.49557291666666664, 0.8486111111111111, 0.041666666666666664, 0.011979166666666667
1 0.54921875, 0.850462962962963, 0.027777777777777776, 0.01875
1 0.59609375, 0.8592592592592593, 0.03657407407407407, 0.027083333333333334
1 0.5166666666666667, 0.861574074074074, 0.04537037037037037, 0.024739583333333332
1 0.50078125, 0.8662037037037037, 0.053703703703703705, 0.015625
1 0.46588541666666666, 0.8699074074074075, 0.04259259259259259, 0.021354166666666667
1 0.5704427083333333, 0.8666666666666667, 0.05416666666666667, 0.022265625
1 0.5872395833333334, 0.8680555555555556, 0.049074074074074076, 0.015104166666666667
1 0.48515625, 0.875462962962963, 0.022222222222222223, 0.014583333333333334
1 0.5486979166666667, 0.874537037037037, 0.032407407407407406, 0.025
1 0.52109375, 0.8777777777777778, 0.05694444444444444, 0.028125
1 0.5997395833333333, 0.8828703703703704, 0.03333333333333333, 0.023958333333333335
1 0.51640625, 0.8819444444444444, 0.04537037037037037, 0.022916666666666665
1 0.5330729166666667, 0.899537037037037, 0.04351851851851852, 0.025
1 0.55703125, 0.8949074074074074, 0.025037037037037035, 0.027213541666666667
1 0.5419270833333333, 0.9078703703703703, 0.046296296296296294, 0.023958333333333335
1 0.5559895833333334, 0.924537037037037, 0.041666666666666664, 0.021005208333333334
1 0.5697291666666667, 0.6177499999999999, 0.025694444444444443, 0.022786458333333332
1 0.5620677083333334, 0.5833333333333334, 0.06226851851851852, 0.013932291666666667
1 0.32415625, 0.45989814814814817, 0.0495925925925926, 0.015203125000000001
1 0.33388541666666666, 0.45696296296296296, 0.04914814814814815, 0.013541666666666667
1 0.34375, 0.44212962962962965, 0.032518518518518516, 0.01178125
1 0.3694895833333333, 0.4524722222222222, 0.03009259259259259, 0.009177083333333334
1 0.376625, 0.4547685185185185, 0.046407407407407404, 0.01328125
1 0.36428125, 0.4847592592592592, 0.04485185185185185, 0.018880208333333332
1 0.561890625, 0.9321018518518518, 0.04537037037037037, 0.023697916666666666
1 0.5666458333333334, 0.9180555555555555, 0.02638888888888889, 0.03268229166666667
1 0.4969375, 0.8318240740740741, 0.016555555555555556, 0.020119791666666668
1 0.5818333333333333, 0.8445555555555556, 0.02847222222222222, 0.013541666666666667
1 0.6019114583333334, 0.839462962962963, 0.0375, 0.023760416666666666
1 0.6069114583333334, 0.8367500000000001, 0.03009259259259259, 0.025911458333333335
1 0.5978385416666666, 0.8160648148148149, 0.02275, 0.025328125
1 0.5172083333333333, 0.7267407407407407, 0.038425925925925926, 0.018229166666666668
1 0.5106770833333333, 0.6808611111111111, 0.04826851851851852, 0.013734375
1 0.5863958333333333, 0.7471111111111111, 0.060527777777777785, 0.01575
1 0.5915052083333333, 0.7461203703703703, 0.054768518518518515, 0.016088541666666668
1 0.5668385416666666, 0.6951759259259259, 0.047685185185185185, 0.02103125
1 0.576953125, 0.7107592592592593, 0.052259259259259255, 0.014911458333333332
1 0.3567708333333333, 0.5947962962962963, 0.06724074074074074, 0.016666666666666666
1 0.3669895833333333, 0.606675925925926, 0.05347222222222222, 0.01484375
1 0.41219791666666666, 0.47337962962962965, 0.05138888888888889, 0.016989583333333332
1 0.4206822916666667, 0.49787962962962967, 0.053703703703703705, 0.013901041666666667
1 0.4855052083333333, 0.6152407407407408, 0.03112962962962963, 0.010286458333333333
1 0.45455729166666664, 0.6198148148148148, 0.02887037037037037, 0.03170833333333333
1 0.4607395833333333, 0.6351481481481481, 0.032518518518518516, 0.025916666666666664
1 0.45946354166666664, 0.6555185185185185, 0.03287037037037037, 0.025130208333333334
1 0.48153124999999997, 0.643287037037037, 0.04873148148148149, 0.012630208333333334
1 0.3976770833333333, 0.6309074074074074, 0.05335185185185185, 0.010614583333333334
1 0.4083125, 0.47040740740740744, 0.032407407407407406, 0.0043593749999999995
1 0.52209375, 0.5905462962962963, 0.03634259259259259, 0.007093749999999999
1 0.674828125, 0.4599537037037037, 0.03611111111111111, 0.030598958333333332
1 0.6763229166666667, 0.4739537037037037, 0.030157407407407407, 0.023114583333333334
1 0.6495468750000001, 0.47681481481481486, 0.026962962962962963, 0.030140624999999997
1 0.6548854166666668, 0.4923240740740741, 0.025925925925925925, 0.029296875
1 0.60959375, 0.43387037037037035, 0.0375, 0.013541666666666667
1 0.5989166666666667, 0.43387037037037035, 0.045953703703703705, 0.0188125
1 0.584765625, 0.5358055555555555, 0.034722222222222224, 0.011979166666666667
1 0.5872395833333334, 0.5117685185185186, 0.02540740740740741, 0.010578124999999999
1 0.5958333333333333, 0.5306666666666666, 0.028481481481481483, 0.014453125
1 0.5940104166666667, 0.5074074074074074, 0.02535185185185185, 0.022458333333333334
1 0.6028229166666667, 0.4731851851851852, 0.04317592592592593, 0.018489583333333334
1 0.5939427083333333, 0.4775833333333333, 0.03587962962962963, 0.019208333333333334
1 0.6106458333333333, 0.47594444444444445, 0.042861111111111114, 0.015458333333333333
1 0.5599166666666666, 0.4695185185185185, 0.05162037037037037, 0.015104166666666667
1 0.5546458333333334, 0.4926666666666667, 0.05567592592592593, 0.013213541666666667
1 0.45807291666666666, 0.45532407407407405, 0.054046296296296294, 0.014973958333333334
1 0.46334375, 0.44139814814814815, 0.04184259259259259, 0.012375
1 0.43509375, 0.47827777777777775, 0.01887037037037037, 0.01484375
1 0.4327708333333333, 0.4864907407407407, 0.05573148148148148, 0.012161458333333335
1 0.4142604166666667, 0.5524259259259259, 0.044444444444444446, 0.023109374999999998
1 0.427703125, 0.5654351851851851, 0.04987962962962963, 0.013671875
1 0.441015625, 0.5665555555555556, 0.04525, 0.020213541666666668
1 0.41894791666666664, 0.6383518518518518, 0.05324074074074074, 0.011583333333333333
1 0.42568229166666666, 0.6137314814814815, 0.05115740740740741, 0.016114583333333335
1 0.45258333333333334, 0.5664722222222222, 0.0509537037037037, 0.019036458333333332
1 0.45902604166666666, 0.5621111111111111, 0.044675925925925924, 0.023567708333333333
1 0.47503124999999996, 0.5237499999999999, 0.06159259259259259, 0.021270833333333336
1 0.46662499999999996, 0.44351851851851853, 0.059666666666666666, 0.015307291666666667
1 0.5206354166666667, 0.4309074074074074, 0.03437037037037037, 0.014583333333333334
1 0.5173854166666667, 0.4424814814814815, 0.041666666666666664, 0.01640625
1 0.48878125, 0.45825925925925926, 0.041666666666666664, 0.013541666666666667
1 0.4836145833333333, 0.48992592592592593, 0.03414814814814815, 0.027994791666666668
1 0.49563541666666666, 0.5095648148148149, 0.04537037037037037, 0.013604166666666667
1 0.50475, 0.5045092592592593, 0.0410925925925926, 0.009572916666666665
1 0.5126302083333333, 0.5046296296296297, 0.05798148148148148, 0.012338541666666668
1 0.508421875, 0.5527777777777778, 0.03668518518518518, 0.017119791666666665
1 0.5207916666666667, 0.5463703703703704, 0.022685185185185187, 0.03053125
1 0.52678125, 0.5674351851851852, 0.018518518518518517, 0.02402083333333333
1 0.5979166666666667, 0.5613425925925926, 0.01898148148148148, 0.030078125
1 0.38303125, 0.3478796296296296, 0.029166666666666667, 0.01640625
1 0.5034947916666667, 0.28105555555555556, 0.026851851851851852, 0.016796875
1 0.38678125, 0.24351851851851852, 0.014351851851851852, 0.009114583333333334
1 0.19598437500000002, 0.2501111111111111, 0.036000000000000004, 0.010307291666666666
