1 1.2155092592592593, 0.20846354166666667, 0.03333333333333333, 0.01953125
1 1.0377314814814815, 0.237890625, 0.027314814814814816, 0.024479166666666666
1 0.9210648148148148, 0.242578125, 0.03425925925925926, 0.024479166666666666
1 0.9671296296296297, 0.245703125, 0.050694444444444445, 0.01640625
1 1.0766203703703703, 0.24544270833333334, 0.029166666666666667, 0.02265625
1 1.0164351851851852, 0.24544270833333334, 0.03194444444444444, 0.025520833333333333
1 0.8997685185185185, 0.24778645833333332, 0.029166666666666667, 0.023697916666666666
1 1.0608796296296297, 0.247265625, 0.020370370370370372, 0.023177083333333334
1 0.5259814814814814, 0.24759114583333333, 0.020574074074074074, 0.0197265625
1 0.4975092592592592, 0.2536953125, 0.02824074074074074, 0.011734375
1 1.2983796296296297, 0.25481770833333334, 0.0412037037037037, 0.022135416666666668
1 0.5335648148148148, 0.256640625, 0.02361111111111111, 0.021875
1 0.7673611111111112, 0.25690104166666666, 0.0375, 0.01953125
1 0.9395833333333333, 0.258203125, 0.024074074074074074, 0.019270833333333334
1 0.4710648148148148, 0.25859375, 0.04319907407407408, 0.016520833333333332
1 0.5108796296296296, 0.258203125, 0.022685185185185187, 0.029427083333333333
1 1.0761574074074074, 0.25872395833333334, 0.04490740740740741, 0.01796875
1 0.5863425925925926, 0.259765625, 0.02962962962962963, 0.026041666666666668
1 0.9594907407407407, 0.2584635416666667, 0.024046296296296295, 0.014388020833333333
1 1.006537037037037, 0.2571614583333333, 0.03212037037037037, 0.02265625
1 0.7986666666666666, 0.260546875, 0.03339351851851852, 0.021875
1 0.9215277777777777, 0.26315104166666664, 0.025, 0.024869791666666665
1 0.9566574074074075, 0.2657552083333333, 0.049129629629629634, 0.0216796875
1 1.045601851851852, 0.265234375, 0.027777777777777776, 0.021875
1 0.5636018518518519, 0.26653645833333334, 0.02598148148148148, 0.021875
1 0.5469907407407407, 0.26705729166666664, 0.017185185185185185, 0.023177083333333334
1 0.9997685185185186, 0.26731770833333335, 0.025925925925925925, 0.02421875
1 0.7034722222222223, 0.270703125, 0.031018518518518518, 0.017057291666666665
1 1.0784722222222223, 0.2701822916666667, 0.03888888888888889, 0.016145833333333335
1 0.9000277777777778, 0.27044270833333334, 0.026129629629629628, 0.021125
1 0.7258981481481481, 0.27125520833333333, 0.02462037037037037, 0.013770833333333335
1 0.7474537037037037, 0.2716458333333333, 0.03689351851851852, 0.014942708333333334
1 1.0224537037037038, 0.27200520833333336, 0.03009259259259259, 0.025
1 0.830787037037037, 0.27174479166666665, 0.02546296296296296, 0.017447916666666667
1 1.1266203703703703, 0.2740885416666667, 0.040740740740740744, 0.01171875
1 0.5594907407407408, 0.27493489583333336, 0.025231481481481483, 0.024674479166666666
1 0.8506944444444444, 0.27513020833333335, 0.025925925925925925, 0.013541666666666667
1 1.2159722222222222, 0.276171875, 0.024074074074074074, 0.020052083333333335
1 1.1733796296296297, 0.27877604166666664, 0.02546296296296296, 0.022916666666666665
1 1.193287037037037, 0.27877604166666664, 0.02546296296296296, 0.028645833333333332
1 0.9881944444444445, 0.279296875, 0.0375, 0.027083333333333334
1 0.7381944444444445, 0.281640625, 0.04027777777777778, 0.021875
1 1.058101851851852, 0.2813802083333333, 0.03576388888888889, 0.018229166666666668
1 0.23402777777777778, 0.2819010416666667, 0.041666666666666664, 0.027604166666666666
1 1.39375, 0.282421875, 0.03888888888888889, 0.023958333333333335
1 0.8039351851851851, 0.28268229166666664, 0.03333333333333333, 0.0234375
1 1.1377314814814814, 0.2819010416666667, 0.03796296296296296, 0.01953125
1 0.19560185185185186, 0.28351302083333335, 0.02476851851851852, 0.023778645833333334
1 0.9608796296296296, 0.283234375, 0.027662037037037037, 0.02575
1 1.1087962962962963, 0.283203125, 0.041435185185185186, 0.01721875
1 0.10596296296296297, 0.2850260416666667, 0.0439212962962963, 0.026822916666666665
1 0.3451388888888889, 0.27786458333333336, 0.030208333333333334, 0.024708333333333332
1 1.4488425925925925, 0.2852864583333333, 0.03518518518518519, 0.026302083333333334
1 0.8770833333333333, 0.285546875, 0.035273148148148144, 0.032552083333333336
1 0.8245370370370371, 0.28424479166666666, 0.03125, 0.019270833333333334
1 1.019212962962963, 0.28658854166666664, 0.04212962962962963, 0.02109375
1 0.06458333333333334, 0.287109375, 0.03981481481481482, 0.029427083333333333
1 0.9831018518518518, 0.285546875, 0.022685185185185187, 0.022395833333333334
1 1.4237407407407408, 0.288671875, 0.03250925925925926, 0.023747395833333334
1 1.4747685185185184, 0.2889322916666667, 0.03425925925925926, 0.023958333333333335
1 0.3940972222222222, 0.289453125, 0.044097222222222225, 0.026953125
1 1.3594907407407408, 0.2854817708333333, 0.029166666666666667, 0.026627604166666666
1 0.8960648148148148, 0.29049479166666664, 0.0375, 0.023958333333333335
1 0.8599537037037037, 0.29075520833333335, 0.03333333333333333, 0.02421875
1 0.026157407407407407, 0.28984375, 0.026504629629629628, 0.023078125
1 1.2215277777777778, 0.2923177083333333, 0.03194444444444444, 0.01953125
1 1.0863425925925927, 0.29498697916666666, 0.025, 0.022299479166666667
1 1.3120370370370371, 0.2923177083333333, 0.034027777777777775, 0.04791666666666667
1 1.3349537037037038, 0.2928385416666667, 0.033796296296296297, 0.022395833333333334
1 0.41921296296296295, 0.2930989583333333, 0.029166666666666667, 0.0265625
1 0.9252314814814815, 0.29324479166666667, 0.028703703703703703, 0.01990625
1 1.0641203703703703, 0.294921875, 0.025, 0.016666666666666666
1 0.04282407407407408, 0.293359375, 0.030324074074074073, 0.026984375
1 0.27708333333333335, 0.294140625, 0.04259259259259259, 0.025260416666666667
1 0.37199074074074073, 0.29518229166666665, 0.03194444444444444, 0.029427083333333333
1 1.1400462962962963, 0.294921875, 0.04259259259259259, 0.021354166666666667
1 1.041435185185185, 0.295703125, 0.030555555555555555, 0.030729166666666665
1 1.1092037037037037, 0.296484375, 0.03130555555555556, 0.016666666666666666
1 1.3825833333333333, 0.297265625, 0.04866666666666667, 0.0296875
1 0.4238425925925926, 0.2975260416666667, 0.04027777777777778, 0.028645833333333332
1 0.0724537037037037, 0.2970052083333333, 0.03388425925925926, 0.028645833333333332
1 0.6386574074074074, 0.29908854166666665, 0.02175925925925926, 0.019010416666666665
1 0.8164351851851852, 0.298828125, 0.027314814814814816, 0.024479166666666666
1 1.19375, 0.29934895833333336, 0.03657407407407407, 0.014583333333333334
1 1.1516203703703705, 0.3001302083333333, 0.044444444444444446, 0.023177083333333334
1 0.7914351851851852, 0.3006510416666667, 0.027314814814814816, 0.022135416666666668
1 1.1083888888888889, 0.301171875, 0.039064814814814816, 0.019791666666666666
1 1.4438935185185184, 0.3009114583333333, 0.02902314814814815, 0.034895833333333334
1 1.2659722222222223, 0.30227864583333336, 0.03796296296296296, 0.0228515625
1 1.018574074074074, 0.30169270833333334, 0.030268518518518518, 0.023177083333333334
1 1.5305555555555554, 0.3018880208333333, 0.03917592592592593, 0.026106770833333334
1 0.08773148148148148, 0.3053385416666667, 0.03194444444444444, 0.028125
1 1.2418981481481481, 0.30299479166666665, 0.03425925925925926, 0.018489583333333334
1 0.37448148148148147, 0.307421875, 0.04658333333333334, 0.026302083333333334
1 1.6127314814814815, 0.306640625, 0.03611111111111111, 0.022395833333333334
1 0.9608796296296296, 0.30690104166666665, 0.03981481481481482, 0.022916666666666665
1 0.9872685185185185, 0.3084635416666667, 0.03778703703703704, 0.027083333333333334
1 0.9405092592592592, 0.308203125, 0.041666666666666664, 0.019010416666666665
1 0.7145833333333333, 0.3092447916666667, 0.03981481481481482, 0.024739583333333332
1 0.7784722222222222, 0.308984375, 0.028703703703703703, 0.03046875
1 0.9127314814814815, 0.308984375, 0.02546296296296296, 0.01953125
1 0.6020833333333333, 0.31490885416666664, 0.03576388888888889, 0.0263359375
1 1.4886574074074075, 0.30950520833333334, 0.04722222222222222, 0.021875
1 0.3178240740740741, 0.31002604166666664, 0.04212962962962963, 0.019010416666666665
1 1.1844907407407408, 0.31002604166666664, 0.06342592592592593, 0.0171875
1 0.6272592592592593, 0.3101067708333333, 0.03362037037037037, 0.027002604166666666
1 0.8605324074074074, 0.31080729166666665, 0.027662037037037037, 0.01640625
1 1.0636574074074074, 0.3099453125, 0.028703703703703703, 0.030289062500000002
1 0.5653333333333332, 0.31219010416666665, 0.03061574074074074, 0.011572916666666665
1 1.469675925925926, 0.3118489583333333, 0.03148148148148148, 0.0296875
1 0.7261574074074074, 0.3131510416666667, 0.03611111111111111, 0.027083333333333334
1 1.0863425925925927, 0.3132317708333333, 0.03194444444444444, 0.024398437499999998
1 1.3354166666666667, 0.31393229166666664, 0.05185185185185185, 0.014583333333333334
1 0.65625, 0.31497395833333336, 0.018518518518518517, 0.009114583333333334
1 1.118287037037037, 0.31419270833333335, 0.03333333333333333, 0.0296875
1 0.6719907407407407, 0.314453125, 0.031018518518518518, 0.026822916666666665
1 0.8863425925925926, 0.31614583333333335, 0.033796296296296297, 0.027734375
1 0.5456018518518518, 0.316015625, 0.05874074074074074, 0.020541666666666666
1 1.2719907407407407, 0.315234375, 0.03287037037037037, 0.03359375
1 1.206712962962963, 0.31731770833333334, 0.03333333333333333, 0.03125
1 1.6521388888888888, 0.31888020833333336, 0.03981481481481482, 0.016958333333333336
1 1.2275462962962962, 0.31888020833333336, 0.04490740740740741, 0.026041666666666668
1 1.1608796296296295, 0.31888020833333336, 0.025, 0.030729166666666665
1 0.8136574074074074, 0.316796875, 0.027777777777777776, 0.026822916666666665
1 0.8599537037037037, 0.323046875, 0.03500925925925926, 0.023958333333333335
1 0.794212962962963, 0.32200520833333335, 0.022685185185185187, 0.0203125
1 1.6127314814814815, 0.32278645833333336, 0.03148148148148148, 0.02890625
1 1.6417546296296297, 0.3201510416666667, 0.03903240740740741, 0.029979166666666668
1 1.330324074074074, 0.323046875, 0.04259259259259259, 0.02421875
1 1.130787037037037, 0.3243489583333333, 0.033796296296296297, 0.027864583333333335
1 1.257638888888889, 0.3240885416666667, 0.02638888888888889, 0.0203125
1 1.382638888888889, 0.32513020833333334, 0.03009259259259259, 0.028645833333333332
1 1.358101851851852, 0.32721354166666666, 0.03009259259259259, 0.022395833333333334
1 1.6340277777777779, 0.32669270833333336, 0.043055555555555555, 0.030989583333333334
1 1.5224537037037038, 0.3274739583333333, 0.037037037037037035, 0.03046875
1 0.8391203703703703, 0.3282552083333333, 0.02361111111111111, 0.021614583333333333
1 1.4465277777777779, 0.32903645833333334, 0.037037037037037035, 0.025520833333333333
1 1.7451388888888888, 0.32955729166666664, 0.033101851851851855, 0.026822916666666665
1 0.9349537037037037, 0.33033854166666665, 0.03333333333333333, 0.0296875
1 0.8951388888888889, 0.3321614583333333, 0.03333333333333333, 0.03203125
1 0.9252314814814815, 0.3319010416666667, 0.020833333333333332, 0.026302083333333334
1 0.6442129629629629, 0.33294270833333334, 0.020833333333333332, 0.014583333333333334
1 0.9534722222222223, 0.3321614583333333, 0.03287037037037037, 0.028645833333333332
1 1.2969907407407408, 0.331640625, 0.044444444444444446, 0.024479166666666666
1 1.554861111111111, 0.33321875, 0.03958333333333333, 0.024723958333333334
1 1.4993055555555554, 0.33294270833333334, 0.03425925925925926, 0.03177083333333333
1 0.9752314814814815, 0.33450520833333336, 0.030555555555555555, 0.029947916666666668
1 1.6766203703703704, 0.3341796875, 0.03680555555555556, 0.03209635416666667
1 0.9960648148148148, 0.337109375, 0.03148148148148148, 0.03359375
1 0.8784722222222222, 0.33763020833333335, 0.024074074074074074, 0.022395833333333334
1 1.5702546296296296, 0.337859375, 0.04201388888888889, 0.023989583333333335
1 1.4780092592592593, 0.33763020833333335, 0.03564814814814815, 0.034895833333333334
1 1.6085648148148148, 0.339453125, 0.05115740740740741, 0.027864583333333335
1 1.0530092592592593, 0.3436197916666667, 0.03564814814814815, 0.021354166666666667
1 1.2182870370370371, 0.340234375, 0.058333333333333334, 0.019010416666666665
1 1.7037037037037037, 0.3436197916666667, 0.03125, 0.029427083333333333
1 1.0122685185185185, 0.344140625, 0.04814814814814815, 0.024739583333333332
1 1.3358796296296296, 0.34674479166666666, 0.02361111111111111, 0.017708333333333333
1 1.356712962962963, 0.34674479166666666, 0.04259259259259259, 0.030989583333333334
1 1.257638888888889, 0.348828125, 0.031018518518518518, 0.03567708333333333
1 1.2831018518518518, 0.3494791666666667, 0.0375, 0.03997395833333333
1 1.3016203703703704, 0.3465494791666667, 0.03888888888888889, 0.028059895833333334
1 1.1210648148148148, 0.351171875, 0.04814814814814815, 0.027098958333333333
1 1.3525462962962962, 0.351171875, 0.018518518518518517, 0.0203125
1 1.2987870370370371, 0.35159375, 0.03338888888888889, 0.027703125
1 1.1872685185185186, 0.35325520833333335, 0.034722222222222224, 0.03333333333333333
1 1.21875, 0.35325520833333335, 0.02638888888888889, 0.0359375
1 1.2391203703703704, 0.3553385416666667, 0.031018518518518518, 0.03411458333333333
1 1.396064814814815, 0.35794270833333336, 0.049249999999999995, 0.033854166666666664
1 1.145138888888889, 0.3600260416666667, 0.062037037037037036, 0.03177083333333333
1 1.4456018518518519, 0.36106770833333335, 0.03888888888888889, 0.022395833333333334
1 1.1284722222222223, 0.3756822916666666, 0.04537037037037037, 0.030697916666666665
1 1.1604166666666667, 0.37799479166666666, 0.03657407407407407, 0.029947916666666668
1 0.053009259259259256, 0.386328125, 0.0412037037037037, 0.009635416666666667
1 1.4034722222222222, 0.402734375, 0.06759259259259259, 0.016145833333333335
1 1.3354166666666667, 0.432421875, 0.024537037037037038, 0.00859375
1 1.4141203703703704, 0.4334635416666667, 0.03287037037037037, 0.016927083333333332
1 1.6997685185185185, 0.447265625, 0.020833333333333332, 0.014583333333333334
1 1.280324074074074, 0.4576822916666667, 0.013888888888888888, 0.009895833333333333
1 1.2895833333333333, 0.4805989583333333, 0.02199074074074074, 0.014583333333333334
1 1.4692129629629629, 0.24244791666666668, 0.0650462962962963, 0.02578125
1 1.276851851851852, 0.252765625, 0.041490740740740745, 0.021778645833333332
1 1.2596064814814816, 0.25263541666666667, 0.03790277777777778, 0.023796875
1 0.7113425925925926, 0.28774479166666667, 0.02962962962962963, 0.035041666666666665
1 0.11284722222222222, 0.3167317708333333, 0.043055555555555555, 0.0220703125
1 0.10457407407407407, 0.3044765625, 0.039462962962962964, 0.032502604166666664
1 0.1207175925925926, 0.291796875, 0.02876388888888889, 0.01904166666666667
1 0.14230555555555555, 0.29811197916666665, 0.007925925925925927, 0.010252604166666667
1 0.1491898148148148, 0.285546875, 0.028587962962962964, 0.014682291666666668
1 0.14594907407407406, 0.29859895833333333, 0.03449074074074074, 0.026580729166666664
1 0.16649074074074074, 0.2830729166666667, 0.03518518518518519, 0.018911458333333336
1 0.17008333333333334, 0.29078645833333333, 0.02847222222222222, 0.027117187499999997
1 0.17152777777777778, 0.30315624999999996, 0.044500000000000005, 0.022005208333333335
1 0.21712962962962962, 0.2781901041666667, 0.03958333333333333, 0.0216796875
1 0.21053240740740742, 0.2887369791666667, 0.027143518518518518, 0.027604166666666666
1 0.2326388888888889, 0.289453125, 0.05393518518518518, 0.03125
1 0.24496296296296297, 0.30397135416666665, 0.033101851851851855, 0.029591145833333332
1 0.2641759259259259, 0.29130729166666663, 0.03657407407407407, 0.023177083333333334
1 0.30344444444444446, 0.2897135416666667, 0.03816666666666667, 0.031510416666666666
1 0.31805555555555554, 0.301921875, 0.02482407407407407, 0.022848958333333332
1 0.3354722222222222, 0.2916666666666667, 0.049074074074074076, 0.026236979166666667
1 0.35850925925925925, 0.299609375, 0.02476851851851852, 0.02372916666666667
1 0.6644675925925926, 0.3080078125, 0.021125, 0.008299479166666667
1 0.6506944444444445, 0.2723307291666667, 0.02546296296296296, 0.024869791666666665
1 0.6733240740740741, 0.27353645833333334, 0.023319444444444445, 0.019791666666666666
1 0.6789907407407407, 0.2875989583333334, 0.027722222222222224, 0.0252265625
1 0.6916666666666667, 0.2916979166666666, 0.024944444444444446, 0.022885416666666665
1 0.7327546296296297, 0.25169270833333335, 0.044967592592592594, 0.013541666666666667
1 0.7221064814814815, 0.2601875, 0.049074074074074076, 0.014130208333333333
1 0.7817685185185185, 0.26435416666666667, 0.02864814814814815, 0.014973958333333334
1 0.775638888888889, 0.2736328125, 0.024592592592592593, 0.02665885416666667
1 0.7905092592592593, 0.2752291666666667, 0.027370370370370368, 0.029523437500000003
1 0.8105925925925926, 0.26963020833333334, 0.029453703703703704, 0.017578125
1 0.7565972222222223, 0.3116536458333333, 0.03009259259259259, 0.0302734375
1 0.705962962962963, 0.28551562500000005, 0.038481481481481485, 0.011489583333333333
1 0.8342592592592593, 0.30813802083333336, 0.03518518518518519, 0.030078125
1 0.8427083333333333, 0.2877604166666667, 0.027199074074074073, 0.028385416666666666
1 0.8655648148148147, 0.27919791666666666, 0.028592592592592593, 0.017401041666666665
1 0.8756944444444444, 0.27239583333333334, 0.02025462962962963, 0.0116875
1 0.8868055555555555, 0.259015625, 0.025, 0.026171875
1 0.9438055555555555, 0.29319791666666667, 0.020027777777777776, 0.022916666666666665
1 0.9109953703703704, 0.28619791666666666, 0.054689814814814816, 0.009343750000000001
1 0.9354722222222221, 0.271484375, 0.04771759259259259, 0.0164375
1 1.0763333333333334, 0.28310416666666666, 0.048435185185185185, 0.015755208333333333
1 1.1002314814814815, 0.2725911458333333, 0.031828703703703706, 0.0138671875
1 1.1684027777777777, 0.34990104166666663, 0.019504629629629632, 0.02109375
1 1.1826388888888888, 0.322265625, 0.02696759259259259, 0.034895833333333334
1 1.3049166666666667, 0.3227552083333334, 0.021296296296296296, 0.015526041666666665
1 1.3020833333333333, 0.3037109375, 0.02112037037037037, 0.027734375
1 1.415625, 0.3611979166666667, 0.034430555555555555, 0.028677083333333336
1 1.3995925925925925, 0.3514322916666667, 0.05174074074074074, 0.017708333333333333
1 1.4267361111111112, 0.3424791666666666, 0.046875, 0.020703125
1 1.4055, 0.3305677083333334, 0.03344444444444444, 0.026072916666666668
1 1.3703148148148148, 0.3119140625, 0.057749999999999996, 0.0251953125
1 1.428125, 0.3208020833333334, 0.02575462962962963, 0.022216145833333333
1 1.4140046296296296, 0.30443489583333333, 0.03961111111111111, 0.023721354166666667
1 1.5598981481481482, 0.3020520833333334, 0.03153703703703704, 0.024281249999999997
1 1.549712962962963, 0.3231119791666667, 0.05503240740740741, 0.012403645833333334
1 1.5876157407407407, 0.3152994791666667, 0.034319444444444444, 0.02490364583333333
1 1.7229166666666667, 0.3387369791666667, 0.04884259259259259, 0.034440104166666666
1 1.7528333333333332, 0.3505364583333333, 0.024944444444444446, 0.017822916666666667
1 0.001388888888888889, 0.3555989583333333, 0.037731481481481484, 0.0189453125
1 0.02048611111111111, 0.37018229166666666, 0.02511574074074074, 0.007877604166666666
