1 632.5, 0.5, 112.0, 44.0
1 1072.5, 0.5, 84.0, 109.0
1 2543.5, 0.5, 109.0, 59.0
1 2661.5, 0.5, 103.0, 52.0
1 3118.5, 0.5, 115.0, 138.0
1 3407.5, 0.5, 146.0, 58.0
1 3495.5, 0.5, 113.0, 135.0
1 474.5, 9.5, 104.0, 144.0
1 2217.5, 14.5, 130.0, 142.0
1 392.5, 25.5, 69.0, 127.0
1 2670.5, 33.5, 87.0, 122.0
1 3616.5, 35.5, 119.0, 143.0
1 944.5, 39.5, 101.0, 151.0
1 3537.5, 44.5, 126.0, 132.0
1 109.5, 69.5, 95.0, 151.0
1 847.5, 74.5, 105.0, 146.0
1 3667.5, 81.5, 104.0, 159.0
1 1987.5, 87.5, 80.0, 114.0
1 1091.5, 95.5, 163.0, 94.0
1 2614.5, 97.5, 100.0, 182.0
1 1666.5, 100.5, 148.0, 129.0
1 2228.5, 103.5, 73.0, 109.0
1 2767.5, 117.5, 105.0, 150.0
1 617.5, 132.5, 90.0, 142.0
1 1247.5, 139.5, 86.0, 153.0
1 3170.0, 141.5, 97.5, 152.0
1 3704.5, 142.5, 116.0, 131.0
1 184.5, 141.5, 143.0, 104.0
1 1294.5, 150.5, 104.0, 154.0
1 1830.5, 150.5, 145.0, 117.0
1 1474.5, 151.5, 129.75, 160.0
1 2099.5, 148.5, 109.0, 163.0
1 1404.5, 156.5, 83.0, 150.0
1 850.5, 160.5, 115.0, 158.0
1 1023.5, 160.5, 112.0, 146.0
1 920.5, 170.5, 102.0, 160.0
1 2413.5, 169.5, 75.0, 152.0
1 2343.5, 181.5, 66.0, 135.0
1 1692.5, 178.5, 128.0, 137.0
1 1920.0, 192.5, 157.5, 151.0
1 664.5, 183.5, 129.0, 176.0
1 2868.5, 200.5, 118.0, 161.0
1 1588.5, 203.5, 88.0, 172.0
1 3326.5, 204.5, 89.0, 150.0
1 0.5, 212.5, 48.0, 122.0
1 167.5, 210.5, 130.0, 85.0
1 1131.5, 216.5, 88.0, 159.0
1 3767.5, 222.5, 71.0, 152.0
1 99.5, 230.5, 109.0, 132.0
1 2612.5, 239.5, 113.0, 119.0
1 3246.5, 239.5, 114.0, 173.0
1 3422.5, 239.5, 138.0, 67.0
1 1466.5, 255.5, 127.75, 168.0
1 2811.0, 270.5, 156.5, 161.0
1 2108.5, 270.5, 133.0, 148.0
1 2437.5, 280.5, 103.62, 186.0
1 3127.5, 280.5, 121.0, 139.0
1 825.5, 294.5, 75.0, 144.5
1 2351.5, 299.5, 124.0, 190.0
1 2948.5, 296.5, 94.0, 209.0
1 3041.5, 305.5, 115.0, 137.0
1 0.5, 313.5, 39.0, 143.0
1 1968.5, 320.5, 87.0, 126.0
1 0.5, 320.5, 126.0, 156.0
1 359.5, 326.5, 84.0, 115.0
1 3454.5, 328.5, 156.0, 95.0
1 3723.5, 327.5, 115.0, 216.0
1 494.88, 333.5, 185.62, 96.75
1 1212.5, 332.5, 102.0, 142.0
1 628.5, 334.5, 102.0, 206.0
1 3647.5, 340.5, 119.0, 155.0
1 3295.5, 337.25, 100.0, 119.25
1 1150.5, 352.5, 87.0, 164.0
1 1781.5, 351.5, 155.0, 98.0
1 725.5, 356.5, 78.0, 201.0
1 110.5, 361.5, 136.0, 132.0
1 1055.5, 367.5, 100.0, 113.0
1 2265.5, 369.5, 144.0, 127.0
1 792.5, 378.5, 76.0, 138.0
1 3212.5, 389.5, 102.0, 173.0
1 3475.5, 395.5, 111.0, 181.0
1 481.5, 395.5, 98.0, 172.0
1 557.5, 398.5, 77.0, 188.0
1 860.5, 406.5, 84.0, 103.0
1 2729.5, 408.88, 171.0, 122.62
1 2986.5, 403.5, 119.0, 177.0
1 380.5, 418.5, 129.0, 142.0
1 1979.5, 422.5, 100.0, 135.0
1 1667.5, 424.5, 80.0, 126.0
1 3139.5, 419.5, 96.0, 171.0
1 2092.5, 429.5, 117.0, 183.0
1 1724.5, 436.5, 125.0, 162.0
1 2188.5, 435.5, 127.0, 143.0
1 2409.5, 445.5, 115.0, 212.0
1 2764.5, 447.5, 167.0, 144.0
1 1427.5, 456.5, 87.0, 188.0
1 3296.5, 465.5, 105.0, 220.0
1 1613.5, 465.5, 68.0, 169.0
1 2153.5, 470.5, 128.0, 106.0
1 0.5, 472.5, 132.0, 71.0
1 1209.5, 473.5, 98.0, 166.0
1 2612.5, 477.5, 118.0, 154.0
1 3023.5, 481.5, 122.0, 178.0
1 945.5, 485.5, 88.0, 165.0
1 383.5, 495.5, 105.0, 146.0
1 2450.5, 507.5, 110.0, 185.0
1 31.5, 510.5, 149.0, 156.0
1 2051.5, 530.5, 150.0, 174.0
1 643.5, 534.5, 99.0, 138.0
1 756.5, 540.5, 104.0, 107.0
1 3410.5, 543.5, 102.0, 123.0
1 1493.5, 553.5, 97.0, 162.0
1 0.5, 556.5, 36.0, 148.0
1 262.5, 555.5, 141.0, 95.0
1 3090.5, 566.5, 121.0, 225.0
1 2836.5, 569.5, 135.0, 80.0
1 3570.5, 574.5, 115.0, 151.0
1 432.5, 576.5, 91.0, 151.0
1 1898.5, 580.5, 127.0, 154.0
1 1320.5, 578.5, 96.0, 189.0
1 2196.5, 585.5, 91.0, 192.0
1 828.5, 587.5, 88.0, 196.0
1 903.5, 588.5, 97.0, 167.0
1 1409.5, 595.5, 65.0, 160.0
1 1018.5, 598.5, 92.0, 102.0
1 3060.5, 598.5, 68.0, 106.0
1 1546.5, 596.5, 93.0, 226.0
1 2702.5, 606.5, 89.0, 155.0
1 1678.5, 616.5, 93.0, 173.0
1 2583.5, 619.5, 103.0, 166.0
1 2025.5, 626.5, 101.0, 158.0
1 1137.5, 636.5, 123.0, 159.0
1 1224.5, 635.5, 95.0, 138.0
1 1590.5, 627.5, 93.0, 178.0
1 2464.5, 638.5, 112.0, 193.5
1 795.5, 664.5, 64.0, 166.0
1 644.5, 671.5, 92.0, 179.0
1 3204.5, 683.5, 100.0, 175.0
1 950.5, 692.5, 66.0, 167.0
1 0.5, 705.5, 32.0, 44.0
1 0.5, 704.5, 162.0, 87.0
1 1291.5, 732.5, 118.0, 148.0
1 1924.5, 741.5, 151.0, 74.0
1 1814.5, 744.5, 105.0, 168.0
1 1432.5, 754.5, 126.0, 183.0
1 1198.5, 767.5, 107.0, 184.0
1 2531.5, 768.5, 102.0, 173.0
1 2654.5, 778.5, 129.0, 229.0
1 62.5, 782.5, 190.0, 109.0
1 2259.5, 781.5, 99.0, 179.0
1 1993.5, 798.5, 90.0, 166.0
1 2077.5, 800.5, 67.0, 146.0
1 543.5, 820.5, 84.0, 120.0
1 1393.5, 821.5, 126.0, 151.0
1 1931.5, 837.5, 75.0, 185.0
1 2249.5, 845.5, 193.0, 169.0
1 3038.5, 863.5, 121.0, 210.0
1 3818.5, 883.5, 19.5, 107.0
1 773.5, 1003.5, 168.0, 100.0
1 960.5, 1028.5, 119.0, 164.0
1 2858.5, 1084.5, 153.0, 105.0
1 843.5, 1090.5, 88.0, 182.0
1 3399.5, 1158.5, 88.0, 149.0
1 2974.5, 1176.5, 172.0, 76.0
1 1190.5, 1198.5, 82.0, 107.0
1 3623.5, 1238.5, 75.0, 128.0
1 761.5, 1252.5, 97.0, 134.0
1 1564.5, 1276.5, 87.0, 158.0
1 997.5, 1297.5, 133.0, 69.0
1 3340.5, 1344.5, 136.0, 86.0
1 1754.5, 1407.0, 155.5, 78.5
1 2207.75, 1342.25, 96.25, 132.25
1 3642.5, 484.0, 104.0, 188.5
1 3579.0, 392.25, 117.5, 150.25
1 3372.5, 417.5, 132.5, 109.5
1 3385.0, 291.88, 104.25, 166.0
1 3079.5, 75.5, 108.75, 192.0
1 2924.0, 54.5, 114.75, 90.5
1 2895.0, 105.75, 90.75, 159.5
1 3022.25, 138.25, 101.0, 166.75
1 2967.5, 144.0, 96.0, 198.0
1 2052.5, 87.5, 84.0, 168.0
1 2787.0, 286.62, 105.44, 132.63
1 2679.75, 339.25, 160.37, 115.5
1 2598.75, 393.0, 141.63, 166.75
1 2610.5, 275.25, 177.0, 147.5
1 2375.25, 0.12, 117.13, 128.88
1 2442.38, 0.0, 104.87, 122.5
1 2542.5, 255.38, 89.62, 168.87
1 2528.0, 430.5, 88.0, 210.5
1 2509.0, 340.62, 65.0, 156.38
1 2285.25, 212.5, 105.25, 143.0
1 2183.38, 310.5, 171.12, 130.12
1 2407.5, 670.25, 84.25, 166.75
1 2396.0, 748.0, 154.25, 182.0
1 2335.5, 662.25, 83.25, 167.25
1 2274.12, 689.0, 127.13, 153.88
1 2192.5, 861.5, 86.12, 155.5
1 2132.5, 782.12, 86.5, 201.63
1 2167.5, 712.75, 111.38, 184.37
1 2107.5, 662.62, 79.5, 174.88
1 1872.0, 488.75, 90.0, 171.25
1 1812.75, 437.75, 84.5, 155.25
1 1795.75, 417.25, 136.25, 102.0
1 1812.25, 285.5, 151.25, 132.75
1 1586.0, 27.5, 104.5, 146.0
1 1752.75, 239.0, 201.25, 119.0
1 1509.5, 374.75, 176.5, 159.75
1 1541.25, 457.88, 87.63, 148.62
1 1396.75, 317.25, 107.0, 183.75
1 1386.38, 223.0, 76.24, 127.88
1 1334.75, 257.62, 97.75, 204.26
1 1266.0, 341.25, 120.25, 119.0
1 1107.0, 482.25, 108.0, 162.0
1 1009.25, 441.0, 129.5, 177.25
1 989.5, 672.75, 133.75, 173.25
1 1077.25, 647.0, 72.5, 158.25
1 825.0, 782.0, 132.5, 177.5
1 778.0, 826.62, 98.5, 211.13
1 620.5, 833.75, 173.25, 87.0
1 721.88, 654.75, 87.74, 207.5
1 1000.0, 269.25, 92.62, 166.0
1 878.62, 366.0, 165.26, 178.0
1 770.25, 32.5, 83.75, 177.25
1 705.5, 47.75, 95.5, 144.25
1 519.25, 592.5, 105.25, 229.75
1 563.75, 675.0, 137.25, 148.0
1 593.0, 623.12, 156.25, 76.13
1 320.5, 443.5, 120.0, 135.5
1 222.5, 442.5, 89.5, 204.5
1 186.0, 479.25, 66.25, 181.5
1 125.0, 467.25, 86.75, 132.25
1 32.5, 97.0, 85.0, 133.5
1 306.5, 35.25, 104.0, 150.0
1 211.5, 68.25, 163.5, 125.25
1 423.25, 210.25, 195.5, 105.0
1 297.5, 415.75, 55.25, 107.0
1 387.25, 319.5, 210.37, 138.75
1 387.5, 169.25, 211.0, 111.25
1 366.25, 123.25, 179.5, 149.5
1 435.62, 279.75, 160.26, 115.75
1 313.5, 282.25, 122.5, 143.25
1 173.5, 266.5, 215.75, 97.5
1 216.75, 308.12, 129.87, 145.88
1 40.0, 210.75, 81.0, 136.0
