1 0.684375, 0.00035185185185185184, 0.02788888888888889, 0.031968750000000004
1 0.73515625, 0.000462962962962963, 0.04537037037037037, 0.016666666666666666
1 0.7838541666666666, 0.000462962962962963, 0.012962962962962963, 0.009114583333333334
1 0.7458333333333333, 0.000462962962962963, 0.040740740740740744, 0.020052083333333335
1 0.6330729166666667, 0.010185185185185186, 0.03009259259259259, 0.020833333333333332
1 0.7252604166666666, 0.010648148148148148, 0.03981481481481482, 0.024479166666666666
1 0.6231770833333333, 0.01712962962962963, 0.03796296296296296, 0.022916666666666665
1 0.7049479166666667, 0.04583333333333333, 0.03148148148148148, 0.019791666666666666
1 0.6455729166666667, 0.05324074074074074, 0.05185185185185185, 0.01875
1 0.7018229166666666, 0.06620370370370371, 0.049074074074074076, 0.021354166666666667
1 0.7208333333333333, 0.06712962962962964, 0.03333333333333333, 0.027864583333333335
1 0.6236979166666666, 0.08101851851851852, 0.04722222222222222, 0.016666666666666666
1 0.71796875, 0.08101851851851852, 0.03796296296296296, 0.021875
1 0.6903645833333333, 0.08935185185185185, 0.03333333333333333, 0.026041666666666668
1 0.67734375, 0.11898148148148148, 0.025, 0.0234375
1 0.7205729166666667, 0.12083333333333333, 0.026851851851851852, 0.016666666666666666
1 0.5872395833333334, 0.12546296296296297, 0.04351851851851852, 0.016666666666666666
1 0.6330729166666667, 0.1865740740740741, 0.027777777777777776, 0.025520833333333333
1 0.6434895833333333, 0.2023148148148148, 0.02962962962962963, 0.0234375
1 0.65234375, 0.2152777777777778, 0.028703703703703703, 0.0265625
1 0.6283854166666667, 0.21851851851851853, 0.04861111111111111, 0.019270833333333334
1 0.6393229166666666, 0.21435185185185185, 0.05740740740740741, 0.018229166666666668
1 0.6247395833333333, 0.2375, 0.03796296296296296, 0.0203125
1 0.5809895833333333, 0.2791666666666667, 0.03333333333333333, 0.0234375
1 0.5752604166666667, 0.2902777777777778, 0.03611111111111111, 0.027604166666666666
1 0.57265625, 0.30694444444444446, 0.03611111111111111, 0.021354166666666667
1 0.57421875, 0.3347222222222222, 0.040740740740740744, 0.017708333333333333
1 0.5893229166666667, 0.3375, 0.049074074074074076, 0.014583333333333334
1 0.6002604166666666, 0.33935185185185185, 0.03981481481481482, 0.011458333333333333
1 0.2484375, 0.9835648148148148, 0.016435185185185185, 0.018166666666666668
1 0.35651041666666666, 0.8511574074074074, 0.027314814814814816, 0.02792708333333333
1 0.3548489583333333, 0.8692685185185185, 0.03536111111111111, 0.024546875000000003
1 0.3549791666666666, 0.8996481481481482, 0.03142592592592593, 0.028354166666666666
1 0.35525520833333335, 0.8851018518518519, 0.040157407407407406, 0.024791666666666667
1 0.6584322916666667, 0.04971296296296296, 0.02575, 0.016958333333333336
1 0.6457708333333334, 0.03356481481481482, 0.03014814814814815, 0.03144270833333333
1 0.59996875, 0.12523148148148147, 0.05138888888888889, 0.01904166666666667
1 0.5972500000000001, 0.12201851851851853, 0.04546296296296296, 0.013135416666666667
1 0.5995416666666666, 0.1083888888888889, 0.026509259259259257, 0.026109375
1 0.6041041666666668, 0.07401851851851851, 0.027018518518518518, 0.023598958333333333
1 0.59921875, 0.09346296296296296, 0.024444444444444442, 0.025812500000000002
1 0.6807916666666666, 0.0031296296296296293, 0.03529629629629629, 0.023734375
1 0.6703958333333334, 0.0001111111111111111, 0.030268518518518518, 0.016520833333333332
1 0.7181666666666667, 0.028324074074074074, 0.02960185185185185, 0.031510416666666666
1 0.7221354166666667, 0.05110185185185185, 0.022222222222222223, 0.02734375
1 0.7759270833333333, 2.7777777777777776e-05, 0.022481481481481484, 0.009098958333333332
1 0.7692708333333333, 5.555555555555555e-05, 0.035416666666666666, 0.011197916666666667
1 0.758640625, -2.7777777777777776e-05, 0.03017592592592593, 0.011901041666666667
1 0.6632187500000001, 2.7777777777777776e-05, 0.036953703703703704, 0.014385416666666668
1 0.649640625, 0.0001111111111111111, 0.03496296296296296, 0.021911458333333335
1 0.64225, 8.333333333333333e-05, 0.037361111111111116, 0.027083333333333334
1 0.6435520833333332, 0.06782407407407408, 0.050462962962962966, 0.016182291666666668
1 0.6123385416666667, 0.04218518518518519, 0.037675925925925925, 0.026333333333333334
1 0.6445624999999999, 0.04340740740740741, 0.031101851851851856, 0.020541666666666666
1 0.6361354166666667, 0.04948148148148148, 0.05537962962962963, 0.010088541666666668
1 0.61165625, 0.05653703703703704, 0.02821296296296296, 0.025697916666666668
