1 0.03287037037037037, 0.15130208333333334, 0.02962962962962963, 0.018229166666666668
1 1.2726851851851853, 0.16588541666666667, 0.030555555555555555, 0.020833333333333332
1 0.674537037037037, 0.16953125, 0.02962962962962963, 0.011458333333333333
1 1.0060185185185184, 0.16848958333333333, 0.03425925925925926, 0.018229166666666668
1 0.961574074074074, 0.17005208333333333, 0.037037037037037035, 0.019270833333333334
1 1.0560185185185185, 0.17838541666666666, 0.020833333333333332, 0.016145833333333335
1 0.8773148148148148, 0.23723958333333334, 0.017592592592592594, 0.013541666666666667
1 1.2282407407407407, 0.24296875, 0.03425925925925926, 0.0265625
1 0.49398148148148147, 0.24505208333333334, 0.027777777777777776, 0.028645833333333332
1 0.8847222222222222, 0.24583333333333332, 0.037037037037037035, 0.02421875
1 0.6865740740740741, 0.24557291666666667, 0.03322222222222222, 0.03229166666666667
1 0.8541666666666666, 0.24973958333333332, 0.019444444444444445, 0.022395833333333334
1 0.9791666666666666, 0.24921875, 0.05462962962962963, 0.016666666666666666
1 0.5152777777777777, 0.25026041666666665, 0.03148148148148148, 0.0296875
1 0.9601851851851851, 0.2518229166666667, 0.01898148148148148, 0.01875
1 1.0550925925925927, 0.25390625, 0.021296296296296296, 0.020833333333333332
1 0.47175925925925927, 0.25546875, 0.022222222222222223, 0.026041666666666668
1 0.6597222222222222, 0.25416666666666665, 0.014703703703703705, 0.015822916666666666
1 0.6718703703703703, 0.25546875, 0.021185185185185185, 0.024479166666666666
1 0.7689814814814815, 0.25755208333333335, 0.03692592592592593, 0.016145833333333335
1 0.7902777777777777, 0.2565104166666667, 0.032407407407407406, 0.027083333333333334
1 1.1449074074074075, 0.2565104166666667, 0.03611111111111111, 0.015104166666666667
1 1.2949074074074074, 0.2565104166666667, 0.026851851851851852, 0.027083333333333334
1 0.45046296296296295, 0.2565104166666667, 0.025925925925925925, 0.027604166666666666
1 1.1032407407407407, 0.25807291666666665, 0.027777777777777776, 0.030729166666666665
1 0.7041666666666667, 0.25807291666666665, 0.023148148148148147, 0.028125
1 1.036574074074074, 0.25859375, 0.022222222222222223, 0.028645833333333332
1 0.5964074074074074, 0.25553125, 0.022574074074074073, 0.027020833333333334
1 0.8856481481481482, 0.2596354166666667, 0.041666666666666664, 0.0234375
1 0.6189814814814815, 0.26119791666666664, 0.0375, 0.0265625
1 0.9697962962962964, 0.2625, 0.03662962962962963, 0.012890625
1 1.0152777777777777, 0.26328125, 0.021296296296296296, 0.027604166666666666
1 0.7354166666666667, 0.26478125, 0.029046296296296296, 0.026625
1 0.9647037037037038, 0.27421875, 0.025574074074074075, 0.026041666666666668
1 0.7847222222222222, 0.27786458333333336, 0.024185185185185185, 0.025520833333333333
1 0.9464074074074074, 0.2762395833333333, 0.038314814814814815, 0.030791666666666665
1 1.149888888888889, 0.2794270833333333, 0.035759259259259255, 0.028125
1 0.6726851851851852, 0.2830729166666667, 0.02140740740740741, 0.024479166666666666
1 0.8060185185185185, 0.28463541666666664, 0.025, 0.015625
1 0.8245370370370371, 0.28515625, 0.03333333333333333, 0.023958333333333335
1 0.7087962962962963, 0.28046875, 0.024074074074074074, 0.03177083333333333
1 0.7273148148148149, 0.2825520833333333, 0.021296296296296296, 0.027083333333333334
1 1.0273148148148148, 0.28203125, 0.020370370370370372, 0.028645833333333332
1 0.6930555555555555, 0.2877604166666667, 0.019444444444444445, 0.0234375
1 1.1949074074074073, 0.28932291666666665, 0.030555555555555555, 0.0265625
1 1.0958333333333334, 0.28984375, 0.024074074074074074, 0.019270833333333334
1 0.9337962962962963, 0.29244791666666664, 0.04722222222222222, 0.017708333333333333
1 1.0064814814814815, 0.29375, 0.020370370370370372, 0.021614583333333333
1 0.6689814814814815, 0.30130208333333336, 0.021296296296296296, 0.015104166666666667
1 0.7653888888888889, 0.303515625, 0.028944444444444446, 0.022463541666666666
1 0.9800925925925926, 0.2955729166666667, 0.020370370370370372, 0.028645833333333332
1 0.9254629629629629, 0.3059895833333333, 0.05462962962962963, 0.0125
1 0.8319444444444445, 0.30911458333333336, 0.041666666666666664, 0.029166666666666667
1 0.6986111111111111, 0.31113541666666666, 0.026851851851851852, 0.01933333333333333
1 0.8782407407407408, 0.31386458333333334, 0.03425925925925926, 0.0249375
1 0.6819444444444445, 0.31328125, 0.017592592592592594, 0.025
1 0.663425925925926, 0.31536458333333334, 0.022222222222222223, 0.027083333333333334
1 0.9375, 0.31744791666666666, 0.041666666666666664, 0.011458333333333333
1 0.6087962962962963, 0.32109375, 0.04387037037037037, 0.019270833333333334
1 0.7134259259259259, 0.32526041666666666, 0.04791666666666667, 0.013541666666666667
1 0.9578703703703704, 0.32838541666666665, 0.025, 0.03125
1 0.9800925925925926, 0.3294270833333333, 0.020370370370370372, 0.030208333333333334
1 0.5763888888888888, 0.33046875, 0.030555555555555555, 0.030729166666666665
1 0.5967592592592592, 0.33359375, 0.028703703703703703, 0.030729166666666665
1 0.8671296296296296, 0.33098958333333334, 0.027777777777777776, 0.027083333333333334
1 0.9393518518518519, 0.3333333333333333, 0.03425925925925926, 0.029427083333333333
1 0.6986111111111111, 0.3372395833333333, 0.049074074074074076, 0.021354166666666667
1 0.7310185185185185, 0.33671875, 0.032407407407407406, 0.022395833333333334
1 0.8152777777777778, 0.3377604166666667, 0.05462962962962963, 0.016145833333333335
1 0.8893518518518518, 0.33619791666666665, 0.026212962962962962, 0.029166666666666667
1 1.052314814814815, 0.33815104166666665, 0.02211111111111111, 0.026171875
1 0.7791666666666667, 0.33255208333333336, 0.032407407407407406, 0.03697916666666667
1 0.6902777777777778, 0.34453125, 0.023148148148148147, 0.028125
1 0.674537037037037, 0.34661458333333334, 0.025925925925925925, 0.0296875
1 1.0810185185185186, 0.34765625, 0.031018518518518518, 0.025
1 0.9236111111111112, 0.3502604166666667, 0.026851851851851852, 0.028645833333333332
1 1.0625, 0.35390625, 0.027777777777777776, 0.029166666666666667
1 0.8736111111111111, 0.35494791666666664, 0.030555555555555555, 0.03177083333333333
1 1.0032407407407407, 0.35651041666666666, 0.024074074074074074, 0.03229166666666667
1 1.024537037037037, 0.35651041666666666, 0.030555555555555555, 0.024479166666666666
1 1.1097222222222223, 0.35859375, 0.026851851851851852, 0.027604166666666666
1 0.6606481481481481, 0.3580729166666667, 0.027777777777777776, 0.027083333333333334
1 0.9643518518518519, 0.3575520833333333, 0.03148148148148148, 0.028125
1 0.7893518518518519, 0.36015625, 0.03148148148148148, 0.029166666666666667
1 0.9412037037037037, 0.35963541666666665, 0.033796296296296297, 0.028125
1 0.7652777777777777, 0.36171875, 0.026851851851851852, 0.028125
1 1.0449074074074074, 0.36328125, 0.025925925925925925, 0.03229166666666667
1 0.9912037037037037, 0.3684895833333333, 0.023148148148148147, 0.027083333333333334
1 1.0791666666666666, 0.37473958333333335, 0.025, 0.023958333333333335
1 1.01875, 0.37473958333333335, 0.030787037037037036, 0.027604166666666666
1 1.0967592592592592, 0.37786458333333334, 0.027777777777777776, 0.034375
1 0.9699074074074074, 0.3768229166666667, 0.04398148148148148, 0.034375
1 0.8856481481481482, 0.3841145833333333, 0.025, 0.029166666666666667
1 1.1310185185185184, 0.38307291666666665, 0.027777777777777776, 0.0359375
1 0.9546296296296296, 0.3841145833333333, 0.034722222222222224, 0.024479166666666666
1 1.0643518518518518, 0.38515625, 0.025, 0.021875
1 1.0430555555555556, 0.3919270833333333, 0.027777777777777776, 0.02578125
1 1.150462962962963, 0.3888020833333333, 0.026851851851851852, 0.030729166666666665
1 1.1152777777777778, 0.39557291666666666, 0.023148148148148147, 0.033854166666666664
1 0.8217592592592593, 0.4002604166666667, 0.05185185185185185, 0.018229166666666668
1 1.0894629629629629, 0.3990885416666667, 0.030444444444444448, 0.028776041666666665
1 0.8393518518518519, 0.40859375, 0.04814814814814815, 0.01875
1 1.0652777777777778, 0.40546875, 0.023148148148148147, 0.03229166666666667
1 0.9976851851851852, 0.40963541666666664, 0.025, 0.024479166666666666
1 0.9708333333333333, 0.40546875, 0.030555555555555555, 0.029166666666666667
1 0.8726851851851852, 0.4153645833333333, 0.032407407407407406, 0.0296875
1 0.950462962962963, 0.41640625, 0.026851851851851852, 0.020833333333333332
1 1.0773148148148148, 0.41901041666666666, 0.030555555555555555, 0.022395833333333334
1 0.9004629629629629, 0.41953125, 0.030555555555555555, 0.028645833333333332
1 1.0162037037037037, 0.42473958333333334, 0.03518518518518519, 0.020833333333333332
1 0.8430555555555556, 0.42682291666666666, 0.02962962962962963, 0.028645833333333332
1 0.9393518518518519, 0.42630208333333336, 0.03553703703703704, 0.028125
1 1.072685185185185, 0.4309895833333333, 0.05185185185185185, 0.023958333333333335
1 0.9710648148148148, 0.4315104166666667, 0.03634259259259259, 0.01875
1 0.8652777777777778, 0.43515625, 0.04259259259259259, 0.022395833333333334
1 0.9189814814814815, 0.43359375, 0.025925925925925925, 0.027604166666666666
1 1.0027777777777778, 0.43203125, 0.0515, 0.019270833333333334
1 1.0939814814814814, 0.4361979166666667, 0.049074074074074076, 0.020833333333333332
1 0.8217592592592593, 0.43828125, 0.030555555555555555, 0.026041666666666668
1 0.9393518518518519, 0.4361979166666667, 0.025, 0.028645833333333332
1 1.013425925925926, 0.44765625, 0.04866666666666667, 0.015395833333333333
1 1.1069444444444445, 0.4471354166666667, 0.041666666666666664, 0.026041666666666668
1 0.975462962962963, 0.4466145833333333, 0.03333333333333333, 0.03229166666666667
1 0.8171296296296297, 0.44973958333333336, 0.026851851851851852, 0.028125
1 0.9004629629629629, 0.45026041666666666, 0.037037037037037035, 0.030208333333333334
1 1.004398148148148, 0.44921875, 0.017361111111111112, 0.017708333333333333
1 0.8625, 0.45338541666666665, 0.04722222222222222, 0.0140625
1 0.9606481481481481, 0.4518229166666667, 0.024185185185185185, 0.025062499999999998
1 1.0361111111111112, 0.46067708333333335, 0.034722222222222224, 0.024479166666666666
1 0.8643518518518518, 0.46015625, 0.021296296296296296, 0.030729166666666665
1 0.9282407407407407, 0.4596354166666667, 0.022222222222222223, 0.028645833333333332
1 0.95, 0.46328125, 0.024537037037037038, 0.028645833333333332
1 0.886, 0.46653645833333335, 0.04501851851851851, 0.022786458333333332
1 0.8810185185185185, 0.47265625, 0.021296296296296296, 0.025
1 0.9587962962962963, 0.47682291666666665, 0.05, 0.0171875
1 1.0731481481481482, 0.47369791666666666, 0.0375, 0.0171875
1 1.0606481481481482, 0.48151041666666666, 0.046296296296296294, 0.019791666666666666
1 0.9180555555555555, 0.4825520833333333, 0.044444444444444446, 0.024479166666666666
1 0.8949074074074074, 0.4856770833333333, 0.028703703703703703, 0.028645833333333332
1 0.8291666666666667, 0.48671875, 0.03935185185185185, 0.024479166666666666
1 1.0162037037037037, 0.4861979166666667, 0.038425925925925926, 0.0296875
1 1.0449074074074074, 0.48411458333333335, 0.024074074074074074, 0.030208333333333334
1 0.9726851851851852, 0.4903645833333333, 0.04722222222222222, 0.016666666666666666
1 0.9254629629629629, 0.49296875, 0.05092592592592592, 0.030729166666666665
1 1.0671296296296295, 0.4934895833333333, 0.040740740740740744, 0.01875
1 0.9106481481481481, 0.4940104166666667, 0.04722222222222222, 0.025
1 0.9523148148148148, 0.5033854166666667, 0.03981481481481482, 0.022395833333333334
1 0.9902777777777778, 0.5002604166666667, 0.046296296296296294, 0.016145833333333335
1 0.9634259259259259, 0.5080729166666667, 0.04259259259259259, 0.027604166666666666
1 0.9782407407407407, 0.51484375, 0.041666666666666664, 0.026041666666666668
1 0.9976851851851852, 0.51953125, 0.04259259259259259, 0.028322916666666666
1 1.1958333333333333, 0.17486979166666666, 0.037037037037037035, 0.015494791666666667
1 0.6157407407407407, 0.25071875, 0.033685185185185186, 0.024281249999999997
1 0.6118055555555556, 0.24771875000000002, 0.023490740740740743, 0.018229166666666668
1 0.6840277777777778, 0.19296875, 0.03125, 0.013932291666666667
1 0.3509259259259259, 0.13828125, 0.02824074074074074, 0.023177083333333334
1 0.8976851851851851, 0.15716145833333334, 0.040046296296296295, 0.011197916666666667
1 0.8372685185185185, 0.140234375, 0.05324074074074074, 0.025390625
1 0.5571759259259259, 0.2591145833333333, 0.027435185185185184, 0.028385416666666666
1 0.5762777777777778, 0.25709375, 0.027777777777777776, 0.028
1 0.649074074074074, 0.2713541666666667, 0.03217592592592593, 0.024739583333333332
1 0.7162037037037037, 0.25052083333333336, 0.046296296296296294, 0.017838541666666666
1 0.6370370370370371, 0.33353125, 0.02847222222222222, 0.03521875
1 0.6227962962962963, 0.3365885416666667, 0.020027777777777776, 0.028453125000000003
1 0.7217592592592592, 0.35410416666666666, 0.024305555555555556, 0.030989583333333334
1 0.7076388888888889, 0.3531875, 0.02234259259259259, 0.030604166666666665
1 1.0240740740740741, 0.3328125, 0.029055555555555553, 0.018359375
1 1.012611111111111, 0.34801562500000005, 0.03849074074074074, 0.012369791666666666
1 0.9974537037037037, 0.3265625, 0.028583333333333336, 0.039385416666666666
1 0.6833333333333333, 0.13684895833333333, 0.022685185185185187, 0.010416666666666666
1 0.8446759259259259, 0.48203125, 0.046296296296296294, 0.020833333333333332
1 0.8453703703703703, 0.4529947916666667, 0.023037037037037036, 0.029619791666666666
1 1.0089074074074074, 0.5134791666666667, 0.05683333333333333, 0.015817708333333333
1 1.0772037037037039, 0.46803125, 0.04814814814814815, 0.016666666666666666
1 1.062388888888889, 0.4576822916666667, 0.050805555555555555, 0.011911458333333335
1 1.0608796296296297, 0.448828125, 0.053009259259259256, 0.015296875
1 1.0524259259259259, 0.4180989583333333, 0.027555555555555555, 0.029036458333333334
1 1.0018333333333334, 0.46561458333333333, 0.02085185185185185, 0.026692708333333332
1 1.0203703703703704, 0.46047916666666666, 0.03356481481481482, 0.028125
1 1.0227962962962962, 0.4686875, 0.02662962962962963, 0.029552083333333333
1 1.0849537037037038, 0.24231770833333333, 0.022685185185185187, 0.021484375
1 1.0645833333333334, 0.24251041666666667, 0.031018518518518518, 0.024416666666666666
1 1.0655092592592592, 0.30234375, 0.04247222222222222, 0.02025
1 1.0672407407407407, 0.31426041666666665, 0.04687962962962963, 0.01178125
1 1.1177037037037036, 0.28639583333333335, 0.02801851851851852, 0.028057291666666664
1 1.1273148148148149, 0.2618489583333333, 0.020944444444444446, 0.024546875000000003
1 1.2020833333333334, 0.2650416666666667, 0.03958333333333333, 0.0171875
1 1.2013888888888888, 0.25709375, 0.051037037037037034, 0.02168229166666667
1 1.1559074074074076, 0.2667291666666667, 0.05196296296296296, 0.014911458333333332
1 1.164, 0.27728125, 0.052203703703703704, 0.0156875
1 1.0868055555555556, 0.26510416666666664, 0.02487962962962963, 0.025390625
1 1.0718703703703703, 0.2659479166666667, 0.03311111111111111, 0.02409375
1 1.0583333333333333, 0.2974583333333333, 0.027777777777777776, 0.019666666666666666
1 1.038074074074074, 0.2986979166666667, 0.024888888888888887, 0.020833333333333332
1 1.043287037037037, 0.2864583333333333, 0.018287037037037036, 0.013864583333333335
1 1.0589074074074074, 0.2732395833333333, 0.029750000000000002, 0.013348958333333332
1 1.0520833333333333, 0.28391666666666665, 0.044675925925925924, 0.015239583333333334
1 0.9866851851851851, 0.2755208333333333, 0.02361111111111111, 0.03313541666666667
1 0.9954814814814814, 0.2610677083333333, 0.03183333333333334, 0.03307291666666667
1 0.9262777777777778, 0.24010416666666667, 0.029851851851851855, 0.019401041666666667
1 0.9186944444444445, 0.24778645833333332, 0.03338888888888889, 0.02575
1 0.9060185185185186, 0.3533854166666667, 0.025111111111111112, 0.030270833333333334
1 0.8174814814814815, 0.36809895833333334, 0.04374074074074074, 0.017119791666666665
1 0.8570555555555556, 0.360546875, 0.02175925925925926, 0.027151041666666667
1 0.9069444444444444, 0.38372395833333334, 0.02476851851851852, 0.024411458333333334
1 0.9284722222222223, 0.3904270833333333, 0.047453703703703706, 0.016734375000000003
1 0.9373888888888889, 0.4041666666666667, 0.04975925925925926, 0.013604166666666667
1 0.9061296296296296, 0.41282291666666665, 0.038425925925925926, 0.021552083333333336
1 0.9204814814814815, 0.39375, 0.030796296296296294, 0.034375
1 1.0252314814814816, 0.40853125, 0.024305555555555556, 0.01875
1 1.0409722222222222, 0.4212239583333333, 0.029861111111111113, 0.030661458333333332
1 1.0348703703703706, 0.39797916666666666, 0.01721296296296296, 0.012958333333333332
1 1.0093703703703703, 0.39088541666666665, 0.03391666666666667, 0.025062499999999998
1 0.7460092592592593, 0.35761458333333335, 0.020425925925925924, 0.02949479166666667
1 0.6477962962962963, 0.34140625, 0.032407407407407406, 0.029625000000000002
1 0.6326388888888889, 0.26927083333333335, 0.03564814814814815, 0.030338541666666666
1 0.7268518518518519, 0.2624375, 0.008444444444444444, 0.01933333333333333
1 0.7690925925925925, 0.273375, 0.02477777777777778, 0.03274479166666667
1 0.7747685185185185, 0.2680677083333334, 0.02697222222222222, 0.010578124999999999
1 0.7488425925925926, 0.2794270833333333, 0.025, 0.029557291666666666
1 0.7371481481481481, 0.30963541666666666, 0.04027777777777778, 0.02415625
1 0.7582777777777778, 0.3444322916666666, 0.027138888888888886, 0.028125
1 0.7444444444444445, 0.335546875, 0.033101851851851855, 0.020442708333333334
1 0.7613981481481481, 0.31634375, 0.023324074074074077, 0.028187499999999997
1 0.8170185185185185, 0.31490625, 0.04247222222222222, 0.024614583333333332
1 0.8043981481481481, 0.3167291666666667, 0.03067592592592593, 0.029041666666666667
1 0.8207222222222222, 0.35520833333333335, 0.046407407407407404, 0.019140625
1 0.8627314814814815, 0.3444010416666667, 0.019564814814814813, 0.017640625
1 0.7917777777777778, 0.33984375, 0.03252777777777778, 0.01015625
1 0.7838518518518518, 0.31640625, 0.03738888888888889, 0.02575
1 0.8252314814814815, 0.24674479166666666, 0.021064814814814814, 0.02597395833333333
1 0.8152777777777778, 0.25540625, 0.027425925925925927, 0.03105208333333333
1 0.8383148148148148, 0.2500625, 0.01874074074074074, 0.031447916666666666
1 0.8092592592592592, 0.346875, 0.05555555555555555, 0.017838541666666666
1 0.8458333333333333, 0.2970729166666667, 0.034722222222222224, 0.030333333333333334
1 0.8964074074074074, 0.28209375, 0.01863888888888889, 0.023375
1 0.8814814814814815, 0.28652083333333334, 0.02337962962962963, 0.029041666666666667
1 0.8648148148148148, 0.291796875, 0.022574074074074073, 0.02480729166666667
1 0.8600740740740741, 0.27245833333333336, 0.05034259259259259, 0.02090104166666667
1 0.8690925925925926, 0.25136458333333334, 0.022925925925925926, 0.029364583333333336
1 0.9285925925925926, 0.3307291666666667, 0.012722222222222222, 0.02109375
1 0.9048611111111111, 0.31015625, 0.02950925925925926, 0.019401041666666667
1 0.9087407407407407, 0.3243802083333333, 0.022333333333333334, 0.029296875
1 0.9113425925925925, 0.28365625, 0.032407407407407406, 0.03376041666666666
1 0.9225740740740741, 0.266796875, 0.022222222222222223, 0.02558854166666667
1 0.9432870370370371, 0.25872395833333334, 0.018287037037037036, 0.027213541666666667
