1 0.4847222222222222, 0.27005208333333336, 0.022222222222222223, 0.025520833333333333
1 0.538425925925926, 0.2752604166666667, 0.044444444444444446, 0.018229166666666668
1 0.5023148148148148, 0.27369791666666665, 0.025, 0.028125
1 0.45919444444444446, 0.27870833333333334, 0.03941666666666667, 0.020755208333333334
1 0.5912037037037037, 0.27890625, 0.03888888888888889, 0.025520833333333333
1 0.6129166666666667, 0.28203125, 0.03219444444444445, 0.025036458333333334
1 0.43472222222222223, 0.2872395833333333, 0.037037037037037035, 0.030208333333333334
1 0.6421296296296296, 0.28880208333333335, 0.027777777777777776, 0.028645833333333332
1 0.3736111111111111, 0.29140625, 0.03888888888888889, 0.028125
1 0.5699074074074074, 0.29192708333333334, 0.027777777777777776, 0.0265625
1 0.6087962962962963, 0.2986979166666667, 0.037037037037037035, 0.029166666666666667
1 0.7134259259259259, 0.30026041666666664, 0.046296296296296294, 0.013020833333333334
1 0.49027777777777776, 0.30078125, 0.03148148148148148, 0.029166666666666667
1 0.6643518518518519, 0.30442708333333335, 0.025, 0.0203125
1 0.638425925925926, 0.30494791666666665, 0.027777777777777776, 0.024479166666666666
1 0.5800925925925926, 0.30755208333333334, 0.03333333333333333, 0.035416666666666666
1 0.2662037037037037, 0.30963541666666666, 0.05277777777777778, 0.027083333333333334
1 0.3902777777777778, 0.30911458333333336, 0.037037037037037035, 0.024479166666666666
1 0.32546296296296295, 0.30963541666666666, 0.04537037037037037, 0.025520833333333333
1 0.5319444444444444, 0.3106770833333333, 0.03148148148148148, 0.0265625
1 0.37175925925925923, 0.3111979166666667, 0.02962962962962963, 0.0234375
1 0.6847222222222222, 0.3138020833333333, 0.025, 0.025520833333333333
1 0.2949074074074074, 0.31276041666666665, 0.03333333333333333, 0.0296875
1 0.4134259259259259, 0.3138020833333333, 0.03518518518518519, 0.027604166666666666
1 0.43287037037037035, 0.31588541666666664, 0.04537037037037037, 0.028645833333333332
1 0.5513888888888889, 0.3151041666666667, 0.03333333333333333, 0.03619791666666667
1 0.7782407407407408, 0.3184895833333333, 0.03518518518518519, 0.028125
1 0.7129629629629629, 0.3184895833333333, 0.052314814814814814, 0.015625
1 0.7597222222222222, 0.3190104166666667, 0.03148148148148148, 0.027604166666666666
1 0.44583333333333336, 0.31953125, 0.049074074074074076, 0.028125
1 0.6069444444444444, 0.325, 0.03843518518518518, 0.02890625
1 0.6578703703703703, 0.32057291666666665, 0.03333333333333333, 0.022916666666666665
1 0.3050925925925926, 0.32317708333333334, 0.037037037037037035, 0.03177083333333333
1 0.5018518518518519, 0.32421875, 0.038425925925925926, 0.027083333333333334
1 0.399537037037037, 0.33932291666666664, 0.03611111111111111, 0.0328125
1 0.4236111111111111, 0.34609375, 0.05, 0.018229166666666668
1 1.2291666666666667, 0.34817708333333336, 0.03796296296296296, 0.025
1 0.6439814814814815, 0.35130208333333335, 0.026851851851851852, 0.03229166666666667
1 0.5858796296296296, 0.36121875, 0.03680555555555556, 0.011333333333333334
1 0.5546388888888889, 0.3622239583333334, 0.04739814814814815, 0.015473958333333334
1 0.5613888888888888, 0.2823802083333333, 0.03437037037037037, 0.027166666666666665
1 0.6228148148148148, 0.31979166666666664, 0.03334259259259259, 0.029572916666666667
1 0.4882870370370371, 0.3207447916666667, 0.03808333333333334, 0.031359375
