1 1.4094907407407407, 0.074609375, 0.0375, 0.030208333333333334
1 1.3502314814814815, 0.07721354166666666, 0.040740740740740744, 0.023958333333333335
1 1.2993055555555555, 0.090234375, 0.032407407407407406, 0.03125
1 1.4472453703703705, 0.09447395833333333, 0.06502314814814815, 0.01425
1 1.5664351851851852, 0.094921875, 0.03425925925925926, 0.03177083333333333
1 1.5983796296296295, 0.10013020833333333, 0.024074074074074074, 0.0265625
1 1.2303240740740742, 0.10481770833333333, 0.06712962962962964, 0.013802083333333333
1 0.6497685185185185, 0.108203125, 0.03888888888888889, 0.022135416666666668
1 1.5347222222222223, 0.11080729166666667, 0.025694444444444443, 0.03463541666666667
1 1.4280092592592593, 0.11263020833333333, 0.02824074074074074, 0.027083333333333334
1 1.557175925925926, 0.11705729166666666, 0.04583333333333333, 0.0359375
1 1.64375, 0.11627604166666666, 0.04259259259259259, 0.03359375
1 1.195138888888889, 0.11888020833333333, 0.05416666666666667, 0.022395833333333334
1 0.5581018518518519, 0.118359375, 0.04953703703703704, 0.03177083333333333
1 1.332638888888889, 0.11888020833333333, 0.04583333333333333, 0.028385416666666666
1 0.5030092592592592, 0.11966145833333333, 0.0375, 0.031510416666666666
1 0.5993055555555555, 0.12174479166666667, 0.04259259259259259, 0.03229166666666667
1 1.5877314814814816, 0.12356770833333333, 0.043055555555555555, 0.034375
1 1.4483796296296296, 0.12513020833333333, 0.05462962962962963, 0.025260416666666667
1 1.1738425925925926, 0.12981770833333334, 0.06851851851851852, 0.022395833333333334
1 1.282175925925926, 0.129296875, 0.05925925925925926, 0.016666666666666666
1 0.6469907407407407, 0.131640625, 0.08472222222222223, 0.036458333333333336
1 1.2451388888888888, 0.132421875, 0.049074074074074076, 0.024479166666666666
1 1.6803240740740741, 0.133203125, 0.05185185185185185, 0.021614583333333333
1 0.44699074074074074, 0.13815104166666667, 0.0699074074074074, 0.019791666666666666
1 1.717824074074074, 0.14127604166666666, 0.05648148148148148, 0.0296875
1 1.693287037037037, 0.141796875, 0.04490740740740741, 0.021875
1 1.30625, 0.144140625, 0.06527777777777778, 0.029947916666666668
1 0.6798611111111111, 0.14544270833333334, 0.03935185185185185, 0.02890625
1 1.467824074074074, 0.146484375, 0.04675925925925926, 0.011979166666666667
1 0.4909722222222222, 0.14856770833333333, 0.06157407407407407, 0.0171875
1 0.6053240740740741, 0.14856770833333333, 0.03796296296296296, 0.03828125
1 1.5493055555555555, 0.14830729166666667, 0.06759259259259259, 0.018489583333333334
1 0.5474537037037037, 0.148828125, 0.04675925925925926, 0.0296875
1 1.3469907407407407, 0.14908854166666666, 0.062037037037037036, 0.025260416666666667
1 1.2863425925925926, 0.14908854166666666, 0.04583333333333333, 0.02421875
1 1.4858796296296297, 0.149609375, 0.0587962962962963, 0.026302083333333334
1 0.7289351851851852, 0.15143229166666666, 0.043055555555555555, 0.028385416666666666
1 1.1854166666666666, 0.15377604166666667, 0.06157407407407407, 0.026822916666666665
1 1.2284722222222222, 0.15481770833333333, 0.052314814814814814, 0.028125
1 0.5909722222222222, 0.15794270833333332, 0.02546296296296296, 0.0328125
1 1.5354166666666667, 0.158984375, 0.03194444444444444, 0.03619791666666667
1 0.0002314814814814815, 0.159765625, 0.05138888888888889, 0.020833333333333332
1 0.555324074074074, 0.15872395833333333, 0.03981481481481482, 0.035416666666666666
1 1.2696759259259258, 0.16028645833333333, 0.05092592592592592, 0.02265625
1 0.49930555555555556, 0.158984375, 0.05092592592592592, 0.023697916666666666
1 1.7409722222222221, 0.16549479166666667, 0.03611111111111111, 0.028125
1 0.6868055555555556, 0.16783854166666667, 0.03981481481481482, 0.03177083333333333
1 1.504398148148148, 0.16940104166666667, 0.04027777777777778, 0.0296875
1 0.6284722222222222, 0.17122395833333334, 0.038425925925925926, 0.02734375
1 1.4127314814814815, 0.17278645833333334, 0.04398148148148148, 0.03125
1 0.4386574074074074, 0.17890625, 0.06481481481481481, 0.023567708333333333
1 1.3164351851851852, 0.172265625, 0.02638888888888889, 0.03411458333333333
1 1.3599537037037037, 0.17408854166666668, 0.05277777777777778, 0.029166666666666667
1 1.670601851851852, 0.17643229166666666, 0.02962962962962963, 0.0234375
1 0.0002314814814814815, 0.17591145833333333, 0.02962962962962963, 0.03046875
1 1.4449074074074073, 0.18033854166666666, 0.03958333333333333, 0.03177083333333333
1 1.3965277777777778, 0.18033854166666666, 0.032407407407407406, 0.031510416666666666
1 1.7127314814814816, 0.18424479166666666, 0.04490740740740741, 0.03229166666666667
1 0.63125, 0.189453125, 0.044444444444444446, 0.03125
1 1.6280092592592592, 0.19075520833333334, 0.038425925925925926, 0.0375
1 1.217824074074074, 0.19309895833333332, 0.05092592592592592, 0.01953125
1 1.4224537037037037, 0.198828125, 0.049074074074074076, 0.020833333333333332
1 1.5752314814814814, 0.199609375, 0.04351851851851852, 0.030208333333333334
1 1.7604166666666667, 0.201171875, 0.016435185185185185, 0.02265625
1 1.506712962962963, 0.20143229166666668, 0.06157407407407407, 0.019010416666666665
1 0.4428240740740741, 0.20325520833333333, 0.02824074074074074, 0.030989583333333334
1 1.3502314814814815, 0.20169270833333333, 0.06388888888888888, 0.015885416666666666
1 1.6766203703703704, 0.21028645833333334, 0.04583333333333333, 0.03463541666666667
1 0.49930555555555556, 0.210546875, 0.05092592592592592, 0.030208333333333334
1 1.3502314814814815, 0.21328125, 0.06342592592592593, 0.030078125
1 1.3849537037037036, 0.214453125, 0.07407407407407407, 0.023177083333333334
1 1.5391203703703704, 0.213671875, 0.03796296296296296, 0.03411458333333333
1 1.4905092592592593, 0.21731770833333333, 0.050462962962962966, 0.03619791666666667
1 1.2900462962962962, 0.21940104166666666, 0.05740740740740741, 0.026822916666666665
1 1.7155092592592593, 0.22044270833333332, 0.044444444444444446, 0.028645833333333332
1 0.6335648148148149, 0.22122395833333333, 0.06944444444444445, 0.01640625
1 1.5831018518518518, 0.22356770833333334, 0.032407407407407406, 0.030729166666666665
1 0.4548611111111111, 0.22591145833333334, 0.03287037037037037, 0.03203125
1 1.5618055555555554, 0.23684895833333333, 0.028703703703703703, 0.030729166666666665
1 1.3358796296296296, 0.23763020833333334, 0.04259259259259259, 0.034895833333333334
1 0.4761574074074074, 0.24205729166666667, 0.034722222222222224, 0.03619791666666667
1 0.5210648148148148, 0.24388020833333332, 0.04583333333333333, 0.028125
1 1.58125, 0.24283854166666666, 0.03935185185185185, 0.03619791666666667
1 1.670601851851852, 0.245703125, 0.041666666666666664, 0.03411458333333333
1 1.507638888888889, 0.24596354166666667, 0.05277777777777778, 0.023958333333333335
1 0.30949074074074073, 0.25091145833333334, 0.03425925925925926, 0.036458333333333336
1 0.44560185185185186, 0.25169270833333335, 0.046296296296296294, 0.03958333333333333
1 0.50625, 0.251953125, 0.055092592592592596, 0.03125
1 1.7233796296296295, 0.2540625, 0.030555555555555555, 0.027838541666666668
1 1.6969907407407407, 0.255859375, 0.02962962962962963, 0.026041666666666668
1 0.49745370370370373, 0.26080729166666666, 0.05555555555555555, 0.03333333333333333
1 0.43449074074074073, 0.266015625, 0.03009259259259259, 0.023958333333333335
1 0.4468287037037037, 0.15721354166666668, 0.05590277777777778, 0.031820312499999996
1 1.7307175925925926, 0.24956250000000002, 0.04701388888888889, 0.026140624999999997
1 1.5964814814814816, 0.33103906250000004, 0.050462962962962966, 0.01954166666666667
1 1.4762037037037037, 0.18694791666666666, 0.03333333333333333, 0.03465364583333333
1 1.4519907407407409, 0.15648177083333334, 0.049074074074074076, 0.028140625
1 1.4678935185185185, 0.18332291666666667, 0.060648148148148145, 0.021888020833333334
1 1.6591203703703703, 0.21580729166666668, 0.033101851851851855, 0.03169270833333333
1 1.6480324074074073, 0.24163802083333333, 0.03525462962962963, 0.03609114583333333
1 1.6424583333333334, 0.23191145833333332, 0.03071759259259259, 0.04141145833333334
1 1.6122685185185186, 0.22629947916666668, 0.031018518518518518, 0.034656250000000006
1 1.6099537037037037, 0.2610078125, 0.045023148148148145, 0.028088541666666668
1 1.6207175925925925, 0.1237734375, 0.04259259259259259, 0.03303125
1 1.619351851851852, 0.09813802083333334, 0.028125, 0.02820572916666667
1 1.4629999999999999, 0.10790364583333334, 0.06232407407407407, 0.021888020833333334
1 1.5056944444444444, 0.103875, 0.0324537037037037, 0.036934895833333335
1 1.3790740740740741, 0.08931249999999999, 0.04189814814814815, 0.03328645833333333
1 1.3638425925925926, 0.11895833333333333, 0.03981481481481482, 0.016934895833333335
1 1.4063657407407408, 0.11597395833333332, 0.03300925925925926, 0.033679687500000006
1 1.3798842592592593, 0.13193749999999999, 0.048171296296296295, 0.028596354166666667
1 0.8802777777777778, 0.42541666666666667, 0.09861111111111111, 0.0164140625
1 0.3888425925925926, 0.2436328125, 0.04652777777777778, 0.030096354166666665
1 0.4108564814814815, 0.2528723958333333, 0.034722222222222224, 0.029638020833333334
1 0.38472222222222224, 0.271359375, 0.04988425925925926, 0.028557291666666665
1 0.33877314814814813, 0.25670052083333333, 0.03611111111111111, 0.03191927083333333
1 0.3605324074074074, 0.24122395833333332, 0.033680555555555554, 0.0460390625
