1 0.63515625, 0.4532407407407407, 0.05925925925925926, 0.025
1 0.61640625, 0.4597222222222222, 0.041666666666666664, 0.021354166666666667
1 0.65546875, 0.4615740740740741, 0.04722222222222222, 0.022916666666666665
1 0.5658854166666667, 0.5025000000000001, 0.0387037037037037, 0.022135416666666668
1 0.5424479166666667, 0.475462962962963, 0.05, 0.0296875
1 0.52578125, 0.4773148148148148, 0.05092592592592592, 0.021875
1 0.5825520833333333, 0.48009259259259257, 0.03333333333333333, 0.020833333333333332
1 0.60859375, 0.48564814814814816, 0.05648148148148148, 0.034895833333333334
1 0.5028645833333333, 0.49675925925925923, 0.044444444444444446, 0.033854166666666664
1 0.54140625, 0.5041666666666667, 0.05740740740740741, 0.025
1 0.47630208333333335, 0.5050925925925925, 0.058333333333333334, 0.028125
1 0.49557291666666664, 0.5060185185185185, 0.04351851851851852, 0.0328125
1 0.6018229166666667, 0.5069444444444444, 0.05555555555555555, 0.022916666666666665
1 0.5799479166666667, 0.5078703703703704, 0.05, 0.0265625
1 0.6526041666666667, 0.5087962962962963, 0.05925925925925926, 0.023697916666666666
1 0.45859375, 0.5162037037037037, 0.05648148148148148, 0.0265625
1 0.64140625, 0.5217592592592593, 0.06666666666666667, 0.027604166666666666
1 0.68671875, 0.5300925925925926, 0.06481481481481481, 0.026041666666666668
1 0.6184895833333334, 0.5319444444444444, 0.06018518518518518, 0.03177083333333333
1 0.5528645833333333, 0.5347222222222222, 0.05925925925925926, 0.030208333333333334
1 0.6684895833333333, 0.5356481481481481, 0.07962962962962963, 0.025
1 0.7565104166666666, 0.5467592592592593, 0.05648148148148148, 0.035416666666666666
1 0.5736979166666667, 0.5523148148148148, 0.06481481481481481, 0.0265625
1 0.5955729166666667, 0.5578703703703703, 0.06481481481481481, 0.029166666666666667
1 0.6143229166666667, 0.5578703703703703, 0.05462962962962963, 0.0375
1 0.47630208333333335, 0.5523148148148148, 0.06759259259259259, 0.022916666666666665
1 0.49713541666666666, 0.5625, 0.06851851851851852, 0.0234375
1 0.5184895833333333, 0.5643518518518519, 0.07314814814814814, 0.025520833333333333
1 0.45651041666666664, 0.5671296296296297, 0.07222222222222222, 0.029166666666666667
1 0.4388020833333333, 0.5708333333333333, 0.06944444444444445, 0.027604166666666666
1 0.41953125, 0.5773148148148148, 0.0712962962962963, 0.030729166666666665
1 0.74609375, 0.5856481481481481, 0.06574074074074074, 0.03333333333333333
1 0.7731770833333333, 0.5958333333333333, 0.07222222222222222, 0.027083333333333334
1 0.72890625, 0.600462962962963, 0.07592592592592592, 0.04114583333333333
1 0.68984375, 0.6013888888888889, 0.0712962962962963, 0.040739583333333336
1 0.6278645833333333, 0.6069444444444444, 0.06388888888888888, 0.025
1 0.7908854166666667, 0.6125, 0.08055555555555556, 0.03333333333333333
1 0.6440104166666667, 0.6171296296296296, 0.06666666666666667, 0.034375
1 0.5575520833333333, 0.6199074074074075, 0.07962962962962963, 0.0421875
1 0.5783854166666667, 0.6199074074074075, 0.07962962962962963, 0.03854166666666667
1 0.81328125, 0.6282407407407408, 0.06666666666666667, 0.034895833333333334
1 0.6106770833333334, 0.6347222222222222, 0.08703703703703704, 0.0375
1 0.7635416666666667, 0.6486111111111111, 0.07962962962962963, 0.03046875
1 0.66171875, 0.6541666666666667, 0.09351851851851851, 0.029166666666666667
1 0.4020572916666667, 0.5893703703703703, 0.059296296296296305, 0.025
1 0.37690104166666666, 0.5908611111111111, 0.06183333333333334, 0.03854166666666667
1 0.5596458333333333, 0.47082407407407406, 0.038675925925925926, 0.03268229166666667
1 0.6246354166666667, 0.6731388888888888, 0.08981481481481482, 0.04440104166666667
1 0.6899739583333333, 0.6656851851851853, 0.06530555555555556, 0.048177083333333336
1 0.7071614583333333, 0.661537037037037, 0.07773148148148148, 0.046614583333333334
1 0.7213385416666667, 0.6244907407407407, 0.09491666666666668, 0.04803645833333334
1 0.7196614583333333, 0.5372685185185185, 0.05162037037037037, 0.051432291666666664
1 0.708984375, 0.5243055555555556, 0.05925925925925926, 0.03502604166666667
