1 0.5190394736842106, 0.0017085798816568049, 0.03342763157894737, 0.02471153846153846
1 0.5375, 0.01095414201183432, 0.027710526315789474, 0.028661242603550297
1 0.5509868421052632, 0.016087278106508875, 0.029440789473684212, 0.026997041420118342
1 0.5740131578947368, 0.029400887573964498, 0.042105263157894736, 0.01960059171597633
1 0.5733552631578948, 0.04271449704142012, 0.0375, 0.015902366863905327
1 0.5891447368421052, 0.04604289940828402, 0.03355263157894737, 0.020340236686390532
1 0.5989342105263158, 0.051960059171597635, 0.03494736842105263, 0.023136094674556212
1 0.6157105263157895, 0.06058062130177515, 0.03684210526315789, 0.01948594674556213
1 0.6240131578947369, 0.06675295857988166, 0.036513157894736845, 0.019323224852071007
1 0.6531842105263158, 0.06860207100591716, 0.020171052631578947, 0.02440828402366864
1 0.671342105263158, 0.07599852071005918, 0.01780263157894737, 0.017152366863905328
1 0.6840460526315789, 0.07669378698224852, 0.039559210526315794, 0.015066568047337279
1 0.6884868421052631, 0.08524408284023668, 0.039473684210526314, 0.017381656804733726
1 0.6713815789473684, 0.0889423076923077, 0.025907894736842105, 0.020710059171597635
1 0.649671052631579, 0.09259615384615384, 0.023026315789473683, 0.025562130177514793
1 0.7055921052631579, 0.09892751479289941, 0.025, 0.022629437869822484
1 0.6726973684210527, 0.10188609467455621, 0.03881578947368421, 0.017011834319526627
1 0.7133618421052631, 0.10539940828402367, 0.029730263157894735, 0.020340236686390532
1 0.73125, 0.10669378698224852, 0.02631578947368421, 0.019230769230769232
1 0.6717105263157894, 0.11025147928994083, 0.03453947368421053, 0.018772189349112425
1 0.73425, 0.11446005917159763, 0.03705263157894737, 0.020454881656804733
1 0.7549342105263158, 0.11815828402366864, 0.034375, 0.015162721893491124
1 0.7838815789473684, 0.11926775147928995, 0.03355263157894737, 0.017381656804733726
1 0.6788684210526317, 0.12074704142011834, 0.03494736842105263, 0.016457100591715977
1 0.7029605263157894, 0.12130177514792899, 0.03618421052631579, 0.019116124260355027
1 0.8023026315789473, 0.12481508875739646, 0.02631578947368421, 0.020340236686390532
1 0.7544013157894737, 0.12259615384615384, 0.039, 0.022189349112426034
1 0.7079736842105262, 0.13110207100591717, 0.03248684210526316, 0.02135724852071006
1 0.7314539473684211, 0.13258136094674555, 0.031046052631578946, 0.021309171597633136
1 0.7694078947368421, 0.13553994082840237, 0.03223684210526316, 0.01220414201183432
1 0.8082236842105263, 0.13664940828402367, 0.026973684210526316, 0.016919378698224852
1 0.7805921052631579, 0.13627958579881658, 0.03223684210526316, 0.026997041420118342
1 0.8259868421052632, 0.14108727810650887, 0.04013157894736842, 0.012943786982248521
1 0.8213815789473684, 0.14885355029585798, 0.038157894736842106, 0.017011834319526627
1 0.7498355263157894, 0.1520414201183432, 0.037375, 0.02112795857988166
1 0.7953947368421053, 0.1529215976331361, 0.02993421052631579, 0.021449704142011833
1 0.8212565789473684, 0.15865384615384615, 0.040835526315789475, 0.01680473372781065
1 0.8623355263157895, 0.16290680473372782, 0.027467105263157893, 0.017381656804733726
1 0.7628289473684211, 0.1632766272189349, 0.038157894736842106, 0.017011834319526627
1 0.8435855263157894, 0.16438609467455623, 0.02680921052631579, 0.020014792899408284
1 0.874263157894737, 0.16623520710059173, 0.03593421052631579, 0.014167899408284024
1 1.0393947368421053, 0.16738905325443787, 0.021789473684210525, 0.029585798816568046
1 0.8878289473684211, 0.16960798816568048, 0.043131578947368424, 0.019696745562130177
1 0.7757368421052631, 0.16734467455621302, 0.04926315789473684, 0.021819526627218935
1 0.7970394736842106, 0.17511094674556213, 0.03832236842105263, 0.01999260355029586
1 0.8177236842105263, 0.1731915680473373, 0.02931578947368421, 0.020710059171597635
1 0.9127500000000001, 0.17843934911242604, 0.043868421052631584, 0.016782544378698225
1 0.8388157894736842, 0.17934171597633136, 0.03190789473684211, 0.020292159763313607
1 0.8582236842105263, 0.17917899408284024, 0.03141447368421053, 0.020872781065088757
1 0.8697368421052631, 0.18435650887573965, 0.030592105263157896, 0.022559171597633137
1 0.9150526315789475, 0.18509615384615385, 0.037414473684210525, 0.015277366863905326
1 0.8839605263157894, 0.18731508875739644, 0.0315, 0.024082840236686394
1 0.8144736842105263, 0.1922855029585799, 0.026644736842105263, 0.021634615384615384
1 0.8384868421052631, 0.1956582840236686, 0.025039473684210528, 0.023091715976331362
1 0.9074013157894737, 0.19737056213017753, 0.04342105263157895, 0.013613165680473374
1 0.8582236842105263, 0.19803994082840237, 0.025, 0.027366863905325445
1 0.9384868421052631, 0.20122781065088757, 0.032815789473684215, 0.02732248520710059
1 0.9463815789473684, 0.21170118343195268, 0.030467105263157896, 0.024060650887573965
1 0.8772236842105264, 0.22605399408284024, 0.04728289473684211, 0.014885355029585799
1 0.8963815789473685, 0.23761094674556213, 0.030184210526315793, 0.02533284023668639
1 0.9155, 0.23909023668639054, 0.027592105263157893, 0.025887573964497042
1 0.9337171052631579, 0.24149408284023668, 0.030138157894736842, 0.018790680473372783
1 1.0369210526315789, 0.25106508875739647, 0.05156578947368421, 0.014977810650887574
1 0.8428421052631578, 0.26386834319526625, 0.03663815789473684, 0.023946005917159764
1 0.8555921052631579, 0.26694156804733726, 0.03289473684210526, 0.020758136094674556
1 0.912828947368421, 0.2812278106508876, 0.034868421052631576, 0.01481508875739645
1 0.8722434210526315, 0.28536242603550294, 0.03294078947368421, 0.02505917159763314
1 1.122532894736842, 0.2875369822485207, 0.036513157894736845, 0.014885355029585799
1 0.8417763157894737, 0.2867751479289941, 0.045144736842105265, 0.013428254437869823
1 0.9141447368421053, 0.2880917159763314, 0.039473684210526314, 0.016087278106508875
1 1.007440789473684, 0.2890162721893491, 0.03495394736842106, 0.013313609467455622
1 1.1411184210526315, 0.2897559171597633, 0.03939473684210527, 0.014423076923076924
1 0.8924342105263158, 0.2840458579881657, 0.023809210526315787, 0.025310650887573963
1 0.9838815789473684, 0.292344674556213, 0.025657894736842105, 0.021449704142011833
1 1.2177631578947368, 0.29456360946745563, 0.032855263157894735, 0.02011094674556213
1 0.8345394736842106, 0.29456360946745563, 0.04342105263157895, 0.01257396449704142
1 1.20625, 0.29634245562130174, 0.03223684210526316, 0.018561390532544377
1 1.0155855263157896, 0.2984467455621302, 0.028125, 0.01900147928994083
1 0.9064144736842106, 0.30011094674556216, 0.05444078947368421, 0.013313609467455622
1 1.000407894736842, 0.3016124260355029, 0.016164473684210527, 0.019534023668639055
1 1.023809210526316, 0.3030695266272189, 0.03132894736842105, 0.024870562130177513
1 1.1322763157894737, 0.30528846153846156, 0.03581578947368421, 0.025495562130177514
1 0.8648026315789473, 0.30605029585798815, 0.044388157894736845, 0.01338387573964497
1 1.2674342105263159, 0.30787721893491127, 0.027796052631578947, 0.026671597633136097
1 1.174592105263158, 0.30764792899408283, 0.019361842105263156, 0.031087278106508878
1 1.1450657894736842, 0.30824704142011833, 0.03659210526315789, 0.03890162721893491
1 1.2913684210526317, 0.30998150887573966, 0.019526315789473683, 0.020639792899408285
1 0.905717105263158, 0.31046597633136097, 0.04658552631578947, 0.013313609467455622
1 1.0292763157894738, 0.31046597633136097, 0.03466447368421052, 0.024918639053254435
1 1.1904605263157895, 0.3119452662721893, 0.015789473684210527, 0.02625739644970414
1 1.087828947368421, 0.31527366863905326, 0.02948026315789474, 0.021819526627218935
1 1.1029605263157896, 0.31453402366863903, 0.035526315789473684, 0.019970414201183433
1 1.2016447368421053, 0.31379437869822485, 0.01644736842105263, 0.02551775147928994
1 1.0430921052631579, 0.31515902366863907, 0.03314473684210526, 0.021194526627218935
1 1.0055921052631578, 0.3156878698224852, 0.020394736842105264, 0.01955621301775148
1 0.9095394736842105, 0.31689349112426035, 0.04444736842105263, 0.014282544378698223
1 0.9305921052631579, 0.31860207100591714, 0.04144736842105263, 0.015532544378698224
1 1.25625, 0.32167529585798815, 0.026973684210526316, 0.024386094674556213
1 0.9904605263157895, 0.32303994082840237, 0.022776315789473683, 0.025170118343195266
1 1.050986842105263, 0.32488905325443784, 0.03684210526315789, 0.015488165680473374
1 0.9460723684210526, 0.3271079881656805, 0.028598684210526314, 0.024800295857988167
1 1.0049342105263157, 0.3282174556213018, 0.03178289473684211, 0.020710059171597635
1 0.8935855263157895, 0.3300665680473373, 0.03848684210526316, 0.01095414201183432
1 0.9651315789473685, 0.32895710059171596, 0.02130263157894737, 0.025887573964497042
1 0.9809210526315789, 0.3296967455621302, 0.017763157894736842, 0.02651257396449704
1 1.1310855263157895, 0.33078402366863907, 0.029111842105263158, 0.024800295857988167
1 1.2131578947368422, 0.3337647928994083, 0.03519736842105263, 0.0166198224852071
1 1.1595394736842106, 0.3370931952662722, 0.03848684210526316, 0.016042899408284024
1 1.1805921052631578, 0.336353550295858, 0.0375, 0.019970414201183433
1 1.2849934210526317, 0.3411612426035503, 0.02323026315789474, 0.020384615384615383
1 1.0569078947368422, 0.3353846153846154, 0.03775, 0.027825443786982245
1 1.0970394736842106, 0.34375, 0.034210526315789476, 0.019829881656804733
1 1.2484342105263158, 0.3453698224852071, 0.02393421052631579, 0.019874260355029587
1 1.2036184210526315, 0.3470784023668639, 0.034499999999999996, 0.010724852071005916
1 1.1055921052631579, 0.3478180473372781, 0.03125, 0.022928994082840236
1 1.1259868421052632, 0.3448594674556213, 0.025, 0.0301405325443787
1 0.9976973684210526, 0.3470784023668639, 0.038013157894736846, 0.015684171597633134
1 1.0858947368421052, 0.3496671597633136, 0.01949342105263158, 0.020987426035502958
1 1.0233552631578948, 0.3501294378698225, 0.03425, 0.010262573964497042
1 0.946342105263158, 0.348905325443787, 0.024914473684210525, 0.014722633136094676
1 0.9563750000000001, 0.35244082840236685, 0.01899342105263158, 0.021590236686390533
1 1.184703947368421, 0.3519563609467456, 0.022611842105263156, 0.01014423076923077
1 0.9891447368421052, 0.3526257396449704, 0.038157894736842106, 0.020340236686390532
1 0.9062302631578948, 0.354844674556213, 0.04167105263157895, 0.014607988165680473
1 1.0648026315789474, 0.35010724852071007, 0.02532894736842105, 0.029423076923076923
1 1.0365131578947369, 0.35295118343195264, 0.033223684210526315, 0.015576923076923077
1 1.1680921052631579, 0.3563239644970414, 0.03643421052631579, 0.016157544378698225
1 1.1972894736842106, 0.35734097633136097, 0.015539473684210527, 0.022536982248520708
1 1.2083026315789474, 0.3578254437869822, 0.02130263157894737, 0.023646449704142012
1 1.2542763157894736, 0.35766272189349113, 0.03355263157894737, 0.017880917159763313
1 1.2725723684210526, 0.35909763313609466, 0.04321710526315789, 0.016157544378698225
1 1.2161973684210525, 0.3629807692307692, 0.03873684210526316, 0.023391272189349114
1 1.1667763157894737, 0.36593934911242604, 0.02224342105263158, 0.029726331360946743
1 1.2786184210526317, 0.37014792899408283, 0.029894736842105262, 0.014374999999999999
1 1.178, 0.3697078402366864, 0.02088815789473684, 0.024338017751479292
1 1.1529605263157894, 0.36693417159763314, 0.017763157894736842, 0.026741863905325444
1 0.9402105263157894, 0.36630917159763315, 0.03314473684210526, 0.027181952662721894
1 1.0940789473684212, 0.3755547337278107, 0.025578947368421055, 0.028002958579881658
1 1.0519736842105263, 0.3783284023668639, 0.05230263157894737, 0.014238165680473373
1 1.1851973684210526, 0.37851331360946744, 0.02631578947368421, 0.02403846153846154
1 1.320888157894737, 0.38059171597633135, 0.0375, 0.030096153846153845
1 0.9805921052631579, 0.380939349112426, 0.046421052631578946, 0.011997041420118343
1 0.9529605263157894, 0.38369082840236685, 0.027592105263157893, 0.020340236686390532
1 1.0588026315789474, 0.3843602071005917, 0.03655263157894737, 0.01930103550295858
1 1.2329342105263157, 0.38886834319526625, 0.04107894736842105, 0.015162721893491124
1 1.3917763157894736, 0.39090236686390534, 0.029605263157894735, 0.021934171597633136
1 0.975532894736842, 0.3924963017751479, 0.042598684210526316, 0.010935650887573964
1 1.038894736842105, 0.3925665680473373, 0.028743421052631578, 0.019829881656804733
1 1.35625, 0.3954326923076923, 0.025578947368421055, 0.02228180473372781
1 1.0605263157894738, 0.39497041420118345, 0.03536184210526316, 0.01941568047337278
1 1.3642697368421053, 0.39630917159763307, 0.027506578947368424, 0.026952662721893488
1 0.9851973684210527, 0.39922337278106507, 0.02956578947368421, 0.018006656804733727
1 0.9960526315789474, 0.398853550295858, 0.031986842105263154, 0.021819526627218935
1 1.0275526315789474, 0.3984837278106509, 0.033710526315789476, 0.02015532544378698
1 1.3242631578947368, 0.4000776627218935, 0.020927631578947368, 0.02614275147928994
1 1.1276315789473683, 0.40306213017751485, 0.03655263157894737, 0.021079881656804734
1 1.1805921052631578, 0.4003328402366864, 0.02405263157894737, 0.023897928994082843
1 1.4016447368421052, 0.4044008875739645, 0.02286184210526316, 0.021797337278106507
1 1.4404605263157895, 0.4066198224852071, 0.017763157894736842, 0.02334319526627219
1 1.3783684210526315, 0.40625, 0.024842105263157895, 0.024245562130177516
1 1.4240131578947368, 0.4095784023668639, 0.021710526315789475, 0.026997041420118342
1 1.0219144736842105, 0.40943786982248515, 0.03643421052631579, 0.020480769230769233
1 1.2164473684210526, 0.40763683431952663, 0.02228947368421053, 0.02556582840236686
1 1.287828947368421, 0.4125369822485207, 0.021875, 0.024315828402366863
1 1.4515657894736842, 0.4199334319526627, 0.016526315789473684, 0.020710059171597635
1 1.1332236842105263, 0.41836168639053256, 0.035401315789473684, 0.02177144970414201
1 1.3875394736842106, 0.4180843195266272, 0.02311184210526316, 0.022189349112426034
1 1.399013157894737, 0.41697485207100593, 0.030921052631578946, 0.021449704142011833
1 1.2694473684210525, 0.4211834319526628, 0.02130263157894737, 0.01909023668639053
1 1.1174736842105262, 0.4214349112426035, 0.01706578947368421, 0.026420118343195267
1 1.163486842105263, 0.42622041420118345, 0.026026315789473686, 0.022189349112426034
1 1.0634868421052632, 0.42585059171597633, 0.02393421052631579, 0.01960059171597633
1 1.1957236842105263, 0.4259652366863905, 0.023848684210526317, 0.02503328402366864
1 1.4378289473684212, 0.430103550295858, 0.01381578947368421, 0.022973372781065086
1 1.1767236842105262, 0.43139792899408286, 0.024717105263157894, 0.027644230769230768
1 1.344407894736842, 0.4318602071005917, 0.02376315789473684, 0.01941568047337278
1 1.099671052631579, 0.43398668639053256, 0.021710526315789475, 0.021819526627218935
1 1.009703947368421, 0.43287721893491127, 0.053125, 0.024097633136094674
1 1.4112236842105264, 0.4347041420118343, 0.02767105263157895, 0.027851331360946745
1 1.406907894736842, 0.43361686390532544, 0.021052631578947368, 0.021819526627218935
1 1.2702302631578948, 0.43585798816568044, 0.03141447368421053, 0.0171301775147929
1 1.447078947368421, 0.43213757396449703, 0.024381578947368424, 0.023439349112426035
1 1.2967894736842105, 0.4373853550295858, 0.03380263157894737, 0.02359837278106509
1 1.3944078947368421, 0.43657544378698226, 0.018421052631578946, 0.02551775147928994
1 1.1483552631578948, 0.4352810650887574, 0.030921052631578946, 0.02385355029585799
1 1.4934999999999998, 0.43879437869822485, 0.019078947368421053, 0.024338017751479292
1 1.0800131578947367, 0.43643491124260353, 0.026894736842105266, 0.022329881656804735
1 1.2808815789473684, 0.43953402366863903, 0.03441447368421053, 0.022189349112426034
1 1.012828947368421, 0.4432322485207101, 0.03388157894736842, 0.022026627218934912
1 1.237578947368421, 0.4361612426035503, 0.03824342105263158, 0.01853550295857988
1 1.3720394736842105, 0.4406434911242604, 0.023973684210526314, 0.025170118343195266
1 1.0732302631578947, 0.4437869822485207, 0.022493421052631576, 0.024755917159763313
1 1.0582236842105264, 0.44508136094674555, 0.023434210526315787, 0.023091715976331362
1 1.2351973684210527, 0.44988905325443784, 0.030263157894736843, 0.017381656804733726
1 1.3154605263157895, 0.4506286982248521, 0.04017105263157895, 0.010724852071005916
1 1.0990131578947369, 0.44924186390532544, 0.02631578947368421, 0.02172707100591716
1 1.4576907894736844, 0.4516235207100592, 0.019282894736842103, 0.023783284023668638
1 1.0468355263157896, 0.4532174556213018, 0.02763157894736842, 0.025007396449704143
1 1.4131973684210526, 0.4512758875739645, 0.03442105263157895, 0.022259615384615385
1 1.4391447368421053, 0.4543269230769231, 0.02368421052631579, 0.023946005917159764
1 1.5762368421052633, 0.457655325443787, 0.029276315789473685, 0.021863905325443786
1 1.0884868421052631, 0.4587647928994083, 0.02631578947368421, 0.02440828402366864
1 1.2424342105263158, 0.4643565088757396, 0.0430921052631579, 0.022144970414201184
1 1.4648026315789473, 0.46532914201183434, 0.020230263157894737, 0.019323224852071007
1 1.450328947368421, 0.47318786982248523, 0.01644736842105263, 0.014885355029585799
1 0.5641447368421053, 0.027181952662721894, 0.03536184210526316, 0.01904585798816568
1 0.7370065789473684, 0.1478846153846154, 0.04350657894736842, 0.020428994082840237
1 0.7333026315789473, 0.14323594674556214, 0.037914473684210526, 0.021564349112426037
1 0.8835526315789474, 0.20659023668639054, 0.03832236842105263, 0.014563609467455623
1 0.884046052631579, 0.21065828402366865, 0.04457236842105263, 0.01533653846153846
1 0.9076907894736842, 0.21498150887573964, 0.0367171052631579, 0.01289940828402367
1 0.8997763157894737, 0.22356878698224852, 0.04525, 0.010758136094674556
1 0.9717105263157895, 0.24107988165680475, 0.028782894736842105, 0.02177144970414201
1 0.9446578947368421, 0.24465976331360945, 0.03869078947368421, 0.01643491124260355
1 0.9270986842105263, 0.25910502958579884, 0.04691447368421053, 0.01220414201183432
1 0.9026315789473685, 0.2650702662721893, 0.05224342105263158, 0.01275887573964497
1 0.9180921052631579, 0.27320636094674555, 0.035894736842105264, 0.010817307692307692
1 0.906171052631579, 0.33087647928994085, 0.050486842105263156, 0.01444526627218935
1 0.8866776315789474, 0.34053624260355025, 0.03930921052631579, 0.014352810650887575
1 0.8784539473684211, 0.34305473372781065, 0.04219078947368421, 0.01844674556213018
1 0.92525, 0.35223372781065093, 0.02318421052631579, 0.009245562130177515
1 0.9148026315789474, 0.3420414201183432, 0.03786842105263158, 0.011993343195266272
1 0.9096184210526315, 0.3638831360946746, 0.048605263157894735, 0.015599112426035502
1 0.9249407894736843, 0.3674889053254438, 0.034348684210526316, 0.016501479289940828
1 0.9738486842105263, 0.34975961538461536, 0.01381578947368421, 0.017104289940828403
1 0.9683815789473684, 0.3568343195266272, 0.027835526315789474, 0.026301775147928995
1 0.9697565789473684, 0.3662758875739645, 0.04346052631578948, 0.01815458579881657
1 1.0145526315789473, 0.3354511834319526, 0.03659868421052632, 0.01657544378698225
1 0.9791118421052631, 0.37178624260355025, 0.04802631578947368, 0.014678254437869822
1 1.1119210526315788, 0.30151997041420114, 0.0435921052631579, 0.014840976331360948
1 1.2148026315789473, 0.31282544378698224, 0.01644736842105263, 0.017655325443786982
1 1.2171842105263158, 0.31550295857988164, 0.025743421052631582, 0.022744082840236688
1 1.2376644736842106, 0.3103735207100592, 0.023269736842105263, 0.02408653846153846
1 1.2420263157894738, 0.31180473372781065, 0.026473684210526316, 0.02732248520710059
1 1.2458026315789472, 0.33409023668639054, 0.015460526315789473, 0.016963757396449702
1 1.2340460526315788, 0.3464792899408284, 0.018421052631578946, 0.016778846153846155
1 1.2695723684210527, 0.3327958579881657, 0.02154605263157895, 0.015207100591715976
1 1.2671842105263158, 0.33667899408284024, 0.032815789473684215, 0.024223372781065088
1 1.040092105263158, 0.3401664201183432, 0.03507236842105263, 0.011002218934911243
1 1.091282894736842, 0.3342751479289941, 0.04679605263157895, 0.012178254437869823
1 1.3069078947368422, 0.3615458579881657, 0.032072368421052634, 0.024874260355029588
1 1.1482763157894738, 0.34957470414201186, 0.03609868421052632, 0.017148668639053254
1 1.1354473684210526, 0.3649926035502959, 0.031164473684210523, 0.018790680473372783
1 1.085361842105263, 0.3682026627218935, 0.04350657894736842, 0.010636094674556213
1 1.0214605263157894, 0.3629807692307692, 0.023276315789473687, 0.024178994082840233
1 1.0358947368421052, 0.3668971893491124, 0.022125000000000002, 0.017995562130177514
1 1.0452697368421053, 0.3685983727810651, 0.027921052631578947, 0.022696005917159763
1 1.0273026315789473, 0.3909726331360947, 0.036144736842105264, 0.009659763313609468
1 1.0171842105263158, 0.3827995562130177, 0.04144736842105263, 0.019589497041420118
1 0.9946118421052631, 0.41822485207100596, 0.049388157894736835, 0.013727810650887573
1 1.0132828947368422, 0.427085798816568, 0.0507828947368421, 0.012034023668639053
1 1.0437105263157895, 0.426405325443787, 0.025368421052631582, 0.018653846153846153
1 1.0536973684210527, 0.41196005917159767, 0.02813157894736842, 0.013809171597633138
1 1.060032894736842, 0.41013313609467456, 0.04498026315789474, 0.019589497041420118
1 1.0848289473684212, 0.3963572485207101, 0.03811842105263158, 0.014238165680473373
1 1.10625, 0.3727810650887574, 0.029236842105263155, 0.029445266272189352
1 1.0849934210526315, 0.4072892011834319, 0.030875, 0.028753698224852072
1 1.090828947368421, 0.4240939349112426, 0.03211842105263158, 0.019737426035502957
1 1.1068684210526316, 0.39783653846153844, 0.026723684210526313, 0.027688609467455622
1 1.1233157894736843, 0.37689349112426035, 0.03048684210526316, 0.020806213017751478
1 1.1263552631578948, 0.38676405325443786, 0.032361842105263154, 0.017821745562130176
1 1.1294013157894738, 0.3917566568047337, 0.03861184210526316, 0.01893121301775148
1 1.1501644736842105, 0.4028772189349113, 0.0351578947368421, 0.018328402366863908
1 1.1202302631578946, 0.4403180473372781, 0.022125000000000002, 0.024134615384615386
1 1.1375, 0.42663461538461533, 0.024177631578947367, 0.026952662721893488
1 1.1596644736842106, 0.41135724852071004, 0.02323026315789474, 0.026812130177514795
1 1.2411184210526316, 0.36899038461538464, 0.04013157894736842, 0.01114275147928994
1 1.2341315789473686, 0.378698224852071, 0.04506578947368421, 0.010262573964497042
1 1.200328947368421, 0.38463757396449705, 0.024546052631578948, 0.02059541420118343
1 1.2017105263157895, 0.38514792899408284, 0.03225, 0.028982988165680474
1 1.1832631578947368, 0.41295118343195264, 0.03738157894736842, 0.017799556213017754
1 1.1857499999999999, 0.4199334319526627, 0.03382236842105263, 0.013753698224852071
1 1.2273026315789475, 0.3875961538461538, 0.02869736842105263, 0.030765532544378697
1 1.255513157894737, 0.3933284023668639, 0.04777631578947369, 0.015554733727810651
1 1.2840657894736842, 0.38833579881656805, 0.021361842105263158, 0.023136094674556212
1 1.2099473684210527, 0.44764792899408284, 0.031625, 0.02415310650887574
1 1.2062894736842105, 0.4393934911242603, 0.03267105263157895, 0.013224852071005917
1 1.2195723684210527, 0.4245784023668639, 0.029644736842105265, 0.01768491124260355
1 1.2384473684210526, 0.40721893491124256, 0.025368421052631582, 0.026098372781065086
1 1.2309605263157894, 0.4337573964497042, 0.023065789473684213, 0.010828402366863906
1 1.2482302631578948, 0.42456730769230766, 0.031230263157894737, 0.019426775147928996
1 1.2530394736842105, 0.4087943786982249, 0.03618421052631579, 0.024474852071005918
1 1.3018947368421054, 0.3933505917159763, 0.019157894736842106, 0.024733727810650887
1 1.3027105263157894, 0.42562130177514795, 0.03495394736842106, 0.014053254437869823
1 1.3054276315789475, 0.40901257396449703, 0.02304605263157895, 0.02649778106508876
1 1.3425592105263158, 0.3944600591715976, 0.018296052631578946, 0.024874260355029588
1 1.333736842105263, 0.4177366863905325, 0.03455921052631579, 0.009663461538461537
1 1.334578947368421, 0.4203254437869822, 0.05209868421052631, 0.015835798816568047
1 1.2538684210526316, 0.4459615384615385, 0.025657894736842105, 0.02177144970414201
1 1.2507368421052631, 0.461353550295858, 0.04515131578947368, 0.014748520710059172
1 1.2900526315789473, 0.4611242603550296, 0.041361842105263155, 0.015251479289940828
1 1.2995065789473683, 0.45835059171597636, 0.03700657894736842, 0.012662721893491125
1 1.3257828947368422, 0.43437869822485203, 0.024835526315789475, 0.02015532544378698
1 1.3515657894736843, 0.4314681952662722, 0.028164473684210527, 0.0325887573964497
1 1.3737236842105263, 0.42982618343195267, 0.015421052631578948, 0.024201183431952662
1 1.4671842105263158, 0.4277921597633136, 0.021052631578947368, 0.02893860946745562
1 1.4762368421052632, 0.4372707100591716, 0.021131578947368418, 0.030277366863905326
1 1.477138157894737, 0.4577255917159764, 0.024467105263157894, 0.027873520710059174
1 0.9279999999999999, 0.2015532544378698, 0.02561842105263158, 0.01400887573964497
