1 0.00, 0.00, 0.02, 0.02
1 0.12, 0.00, 0.05, 0.00
1 0.18, 0.00, 0.03, 0.01
1 0.20, -0.00, 0.04, 0.03
1 0.28, 0.00, 0.07, 0.03
1 0.39, 0.00, 0.06, 0.02
1 0.47, 0.00, 0.06, 0.02
1 0.52, 0.00, 0.04, 0.02
1 0.76, 0.00, 0.05, 0.01
1 0.86, 0.00, 0.05, 0.01
1 0.91, 0.00, 0.03, 0.03
1 0.94, 0.00, 0.04, 0.03
1 0.99, 0.00, 0.03, 0.01
1 1.06, 0.00, 0.04, 0.01
1 1.20, 0.00, 0.04, 0.04
1 1.32, 0.00, 0.05, 0.02
1 1.35, 0.00, 0.05, 0.01
1 1.39, 0.00, 0.03, 0.01
1 1.44, 0.00, 0.06, 0.03
1 1.49, 0.00, 0.05, 0.03
1 1.52, 0.00, 0.06, 0.03
1 1.56, 0.00, 0.03, 0.01
1 1.73, -0.00, 0.04, 0.02
1 1.57, 0.00, 0.06, 0.05
1 1.37, 0.00, 0.07, 0.03
1 0.90, 0.00, 0.02, 0.02
1 0.96, 0.00, 0.05, 0.03
1 1.43, 0.00, 0.06, 0.04
1 0.54, 0.01, 0.08, 0.02
1 0.00, 0.01, 0.05, 0.03
1 0.85, 0.01, 0.07, 0.04
1 1.08, 0.01, 0.06, 0.05
1 0.31, 0.01, 0.05, 0.04
1 0.74, 0.01, 0.09, 0.02
1 0.04, 0.01, 0.07, 0.03
1 1.63, 0.01, 0.05, 0.04
1 0.17, 0.01, 0.05, 0.03
1 0.41, 0.02, 0.06, 0.04
1 0.43, 0.02, 0.08, 0.04
1 0.56, 0.01, 0.06, 0.03
1 0.98, 0.02, 0.06, 0.04
1 1.05, 0.02, 0.04, 0.04
1 1.33, 0.02, 0.09, 0.03
1 0.77, 0.02, 0.09, 0.03
1 0.28, 0.02, 0.04, 0.05
1 1.10, 0.02, 0.05, 0.03
1 0.74, 0.02, 0.04, 0.04
1 0.47, 0.02, 0.08, 0.03
1 0.90, 0.02, 0.05, 0.04
1 1.67, 0.02, 0.08, 0.04
1 0.93, 0.02, 0.09, 0.03
1 0.87, 0.03, 0.04, 0.05
1 1.40, 0.03, 0.06, 0.05
1 1.61, 0.03, 0.05, 0.04
1 0.03, 0.04, 0.04, 0.03
1 0.78, 0.04, 0.06, 0.02
1 0.51, 0.04, 0.05, 0.04
1 1.74, 0.04, 0.04, 0.02
1 0.46, 0.04, 0.07, 0.04
1 0.18, 0.04, 0.03, 0.03
1 0.05, 0.04, 0.04, 0.04
1 0.00, 0.04, 0.04, 0.04
1 0.83, 0.04, 0.05, 0.04
1 1.52, 0.04, 0.05, 0.05
1 1.25, 0.05, 0.07, 0.04
1 0.43, 0.05, 0.05, 0.04
1 1.11, 0.05, 0.03, 0.04
1 0.70, 0.05, 0.06, 0.04
1 0.79, 0.05, 0.08, 0.04
1 0.91, 0.05, 0.08, 0.04
1 1.68, 0.06, 0.09, 0.03
1 1.02, 0.06, 0.04, 0.04
1 1.15, 0.06, 0.08, 0.04
1 1.31, 0.06, 0.08, 0.05
1 1.12, 0.06, 0.04, 0.04
1 1.07, 0.06, 0.04, 0.05
1 0.76, 0.06, 0.10, 0.04
1 1.50, 0.06, 0.06, 0.05
1 0.22, 0.06, 0.05, 0.04
1 0.60, 0.07, 0.05, 0.04
1 0.19, 0.06, 0.05, 0.05
1 1.23, 0.07, 0.05, 0.03
1 1.74, 0.07, 0.04, 0.02
1 0.04, 0.07, 0.07, 0.03
1 1.17, 0.07, 0.05, 0.04
1 1.42, 0.07, 0.07, 0.04
1 1.24, 0.07, 0.05, 0.05
1 0.00, 0.08, 0.02, 0.03
1 0.08, 0.08, 0.07, 0.03
1 0.44, 0.08, 0.04, 0.04
1 0.49, 0.08, 0.07, 0.03
1 0.26, 0.08, 0.07, 0.04
1 0.69, 0.08, 0.05, 0.04
1 0.41, 0.08, 0.04, 0.04
1 0.74, 0.08, 0.06, 0.02
1 0.87, 0.08, 0.08, 0.02
1 0.58, 0.08, 0.05, 0.06
1 0.02, 0.08, 0.04, 0.04
1 0.13, 0.08, 0.04, 0.03
1 0.31, 0.08, 0.08, 0.04
1 1.03, 0.09, 0.06, 0.05
1 1.10, 0.09, 0.05, 0.04
1 1.29, 0.09, 0.05, 0.07
1 0.54, 0.09, 0.04, 0.05
1 0.36, 0.09, 0.06, 0.04
1 1.54, 0.09, 0.04, 0.05
1 0.93, 0.09, 0.06, 0.04
1 1.49, 0.09, 0.06, 0.05
1 1.74, 0.10, 0.03, 0.05
1 1.18, 0.09, 0.05, 0.05
1 0.50, 0.09, 0.04, 0.05
1 0.47, 0.10, 0.04, 0.06
1 1.68, 0.10, 0.05, 0.05
1 0.06, 0.10, 0.04, 0.05
1 0.66, 0.10, 0.05, 0.04
1 0.77, 0.10, 0.08, 0.02
1 0.88, 0.11, 0.05, 0.05
1 1.14, 0.11, 0.06, 0.03
1 1.33, 0.11, 0.05, 0.05
1 1.27, 0.11, 0.04, 0.05
1 1.57, 0.11, 0.04, 0.05
1 0.12, 0.11, 0.05, 0.04
1 0.68, 0.11, 0.07, 0.05
1 0.59, 0.11, 0.06, 0.05
1 0.32, 0.11, 0.06, 0.04
1 1.48, 0.11, 0.04, 0.04
1 0.56, 0.11, 0.03, 0.04
1 1.05, 0.11, 0.05, 0.05
1 0.73, 0.11, 0.05, 0.04
1 1.66, 0.11, 0.03, 0.04
1 1.09, 0.11, 0.04, 0.05
1 1.59, 0.12, 0.07, 0.04
1 0.80, 0.12, 0.04, 0.04
1 1.37, 0.12, 0.06, 0.03
1 0.78, 0.12, 0.03, 0.04
1 0.39, 0.12, 0.05, 0.04
1 1.12, 0.12, 0.04, 0.04
1 0.25, 0.12, 0.03, 0.02
1 1.70, 0.12, 0.06, 0.04
1 1.32, 0.12, 0.03, 0.04
1 0.36, 0.12, 0.04, 0.04
1 1.24, 0.13, 0.04, 0.05
1 1.61, 0.13, 0.06, 0.04
1 0.13, 0.13, 0.04, 0.04
1 1.16, 0.13, 0.04, 0.05
1 0.32, 0.14, 0.05, 0.04
1 0.21, 0.14, 0.06, 0.03
1 0.28, 0.14, 0.03, 0.02
1 0.66, 0.14, 0.05, 0.03
1 0.25, 0.14, 0.08, 0.04
1 0.82, 0.15, 0.05, 0.05
1 0.27, 0.15, 0.06, 0.05
1 1.35, 0.16, 0.07, 0.02
1 1.37, 0.17, 0.08, 0.04
1 1.37, 0.19, 0.07, 0.04
1 1.34, 0.23, 0.03, 0.04
1 0.15, 0.24, 0.03, 0.04
1 0.04, 0.26, 0.05, 0.03
1 1.49, 0.28, 0.03, 0.03
1 0.30, 0.28, 0.03, 0.03
1 1.09, 0.43, 0.08, 0.04
1 1.24, 0.37, 0.04, 0.04
1 1.27, 0.34, 0.04, 0.03
1 0.55, 0.00, 0.09, 0.01
1 0.00, 0.11, 0.02, 0.04
1 0.01, 0.11, 0.04, 0.04
1 0.04, 0.02, 0.05, 0.02
1 0.08, 0.04, 0.05, 0.03
1 0.11, 0.05, 0.06, 0.04
1 0.09, 0.02, 0.05, 0.04
1 0.05, 0.00, 0.08, 0.02
1 0.13, 0.00, 0.07, 0.02
1 0.13, 0.01, 0.05, 0.05
1 0.15, 0.02, 0.05, 0.04
1 0.17, 0.08, 0.07, 0.05
1 0.15, 0.11, 0.08, 0.02
1 0.17, 0.12, 0.04, 0.05
1 0.19, 0.14, 0.05, 0.05
1 0.25, 0.10, 0.06, 0.05
1 0.25, 0.06, 0.05, 0.04
1 0.24, 0.03, 0.05, 0.05
1 0.21, 0.02, 0.05, 0.05
1 0.23, 0.00, 0.05, 0.03
1 0.25, 0.00, 0.03, 0.01
1 0.26, 0.00, 0.05, 0.04
1 0.34, -0.00, 0.03, 0.01
1 0.37, 0.00, 0.03, 0.03
1 0.33, 0.02, 0.05, 0.05
1 0.36, 0.04, 0.06, 0.05
1 0.38, 0.00, 0.10, 0.03
1 0.40, 0.11, 0.05, 0.04
1 0.43, 0.11, 0.05, 0.05
1 0.49, 0.12, 0.05, 0.05
1 0.51, 0.14, 0.05, 0.04
1 0.55, 0.04, 0.05, 0.05
1 0.58, 0.03, 0.06, 0.06
1 0.62, 0.00, 0.05, 0.04
1 0.63, 0.01, 0.07, 0.03
1 0.63, 0.04, 0.07, 0.02
1 0.65, 0.03, 0.07, 0.04
1 0.66, 0.01, 0.09, 0.03
1 0.72, -0.00, 0.04, 0.01
1 0.67, -0.00, 0.03, 0.01
1 0.70, 0.00, 0.02, 0.01
1 0.70, 0.00, 0.02, 0.01
1 0.71, 0.03, 0.07, 0.04
1 0.61, 0.12, 0.05, 0.05
1 0.64, 0.12, 0.04, 0.04
1 1.00, 0.00, 0.07, 0.03
1 1.03, 0.01, 0.04, 0.04
1 0.94, 0.04, 0.07, 0.04
1 0.98, 0.06, 0.04, 0.04
1 0.94, 0.13, 0.06, 0.03
1 0.95, 0.13, 0.08, 0.04
1 1.07, -0.00, 0.11, 0.02
1 1.14, 0.00, 0.07, 0.03
1 1.14, 0.01, 0.07, 0.04
1 1.14, 0.04, 0.09, 0.03
1 1.20, 0.12, 0.05, 0.04
1 1.21, 0.08, 0.04, 0.05
1 1.23, 0.02, 0.05, 0.04
1 1.22, 0.00, 0.06, 0.02
1 1.19, -0.00, 0.02, 0.01
1 1.24, -0.00, 0.09, 0.02
1 1.26, 0.02, 0.06, 0.04
1 1.29, 0.02, 0.06, 0.04
1 1.33, 0.03, 0.07, 0.04
1 1.37, 0.10, 0.11, 0.03
1 1.44, 0.11, 0.04, 0.05
1 1.44, 0.05, 0.07, 0.04
1 1.45, 0.03, 0.08, 0.03
1 1.52, 0.03, 0.08, 0.04
1 1.57, 0.07, 0.08, 0.03
1 1.60, -0.00, 0.03, 0.01
1 1.62, 0.00, 0.04, 0.02
1 1.65, 0.00, 0.04, 0.02
1 1.67, -0.00, 0.06, 0.03
1 1.71, 0.02, 0.07, 0.02
1 1.69, 0.03, 0.08, 0.03
1 1.64, 0.08, 0.04, 0.04
1 1.57, 0.09, 0.09, 0.03
