1 0.5037841796875, 0.28680555555555554, 0.050462962962962966, 0.015380859375
1 0.565458984375, 0.30630555555555555, 0.03935185185185185, 0.0127587890625
1 0.5797119140625, 0.35625, 0.03564814814814815, 0.015625
1 0.5389404296875, 0.36226851851851855, 0.06018518518518518, 0.015625
1 0.5682373046875, 0.3659722222222222, 0.04537037037037037, 0.016845703125
1 0.4840087890625, 0.36550925925925926, 0.05092592592592592, 0.018798828125
1 0.5006103515625, 0.3664351851851852, 0.049074074074074076, 0.022216796875
1 0.5277099609375, 0.3696759259259259, 0.06510185185185186, 0.017578125
1 0.4661865234375, 0.37430555555555556, 0.04027777777777778, 0.012939453125
1 0.5543212890625, 0.37430555555555556, 0.04537037037037037, 0.0107421875
1 0.4786376953125, 0.3784722222222222, 0.0412037037037037, 0.01220703125
1 0.4473876953125, 0.3803240740740741, 0.06944444444444445, 0.026611328125
1 0.4183349609375, 0.3803240740740741, 0.05138888888888889, 0.033935546875
1 0.5216064453125, 0.39652777777777776, 0.047685185185185185, 0.01318359375
1 0.4288330078125, 0.40625, 0.03888888888888889, 0.01904296875
1 0.5728759765625, 0.40902777777777777, 0.025925925925925925, 0.020751953125
1 0.4591064453125, 0.41412037037037036, 0.04212962962962963, 0.01220703125
1 0.543212890625, 0.41412037037037036, 0.02638888888888889, 0.0308837890625
1 0.6324462890625, 0.41782407407407407, 0.04814814814814815, 0.022216796875
1 0.4666748046875, 0.41967592592592595, 0.03009259259259259, 0.0185546875
1 0.6229248046875, 0.42291666666666666, 0.05740740740740741, 0.023193359375
1 0.5799560546875, 0.43171296296296297, 0.05740740740740741, 0.0166015625
1 0.483642578125, 0.43148148148148147, 0.046296296296296294, 0.012177734375
1 0.5679931640625, 0.43680555555555556, 0.047685185185185185, 0.012939453125
1 0.6077880859375, 0.43819444444444444, 0.04722222222222222, 0.01416015625
1 0.5555419921875, 0.43819444444444444, 0.013425925925925926, 0.015625
1 0.6173095703125, 0.4428240740740741, 0.0587962962962963, 0.01611328125
1 0.4742431640625, 0.44837962962962963, 0.04861111111111111, 0.021240234375
1 0.5584716796875, 0.4474537037037037, 0.040740740740740744, 0.01416015625
1 0.4273681640625, 0.4511574074074074, 0.04212962962962963, 0.012451171875
1 0.4315185546875, 0.45625, 0.05092592592592592, 0.027587890625
1 0.5035400390625, 0.45625, 0.028703703703703703, 0.021240234375
1 0.4522705078125, 0.46597222222222223, 0.05648148148148148, 0.011962890625
1 0.5885009765625, 0.4701388888888889, 0.03009259259259259, 0.012939453125
1 0.4117431640625, 0.48217592592592595, 0.029166666666666667, 0.021728515625
1 0.5657958984375, 0.47662037037037036, 0.06805555555555555, 0.014892578125
1 0.5755615234375, 0.48217592592592595, 0.05, 0.0146484375
1 0.5128173828125, 0.4895833333333333, 0.041666666666666664, 0.017578125
1 0.4752197265625, 0.49699074074074073, 0.04490740740740741, 0.019775390625
1 0.5853271484375, 0.4988425925925926, 0.05787037037037037, 0.014892578125
1 0.3956298828125, 0.5006944444444444, 0.041666666666666664, 0.037841796875
1 0.4598388671875, 0.5020833333333333, 0.032407407407407406, 0.014404296875
1 0.4674072265625, 0.5053240740740741, 0.05787037037037037, 0.021484375
1 0.5372314453125, 0.5085648148148149, 0.050462962962962966, 0.014892578125
1 0.5679931640625, 0.531712962962963, 0.05138888888888889, 0.02001953125
1 0.4857177734375, 0.5331018518518519, 0.049074074074074076, 0.027587890625
1 0.5543212890625, 0.5381944444444444, 0.058333333333333334, 0.016357421875
1 0.4110107421875, 0.5386574074074074, 0.03425925925925926, 0.02783203125
1 0.5821533203125, 0.5391203703703704, 0.05185185185185185, 0.026123046875
1 0.43359375, 0.54375, 0.05092592592592592, 0.0240478515625
1 0.5220947265625, 0.5368055555555555, 0.04953703703703704, 0.015869140625
1 0.3980712890625, 0.5530092592592593, 0.031018518518518518, 0.032470703125
1 0.5584716796875, 0.5770833333333333, 0.05138888888888889, 0.025390625
1 0.3968505859375, 0.5787037037037037, 0.03912037037037037, 0.031005859375
1 0.5740966796875, 0.5793981481481482, 0.04814814814814815, 0.0255126953125
1 0.6011962890625, 0.5854166666666667, 0.033796296296296297, 0.02685546875
1 0.5194091796875, 0.5900462962962963, 0.058333333333333334, 0.017578125
1 0.3924560546875, 0.5979166666666667, 0.03287037037037037, 0.029296875
1 0.5755615234375, 0.6025462962962963, 0.041666666666666664, 0.0350341796875
1 0.5928955078125, 0.6150462962962963, 0.03194444444444444, 0.0257568359375
1 0.4034423828125, 0.6145833333333334, 0.03518518518518519, 0.030517578125
1 0.5543212890625, 0.6201388888888889, 0.041666666666666664, 0.02392578125
1 0.3836669921875, 0.6233796296296297, 0.037037037037037035, 0.03515625
1 0.3795166015625, 0.6493055555555556, 0.031018518518518518, 0.033447265625
1 0.5523681640625, 0.66875, 0.031018518518518518, 0.037841796875
1 0.3814697265625, 0.6724537037037037, 0.024537037037037038, 0.027587890625
1 0.5223388671875, 0.6761574074074074, 0.062037037037037036, 0.0224609375
1 0.5140380859375, 0.6793981481481481, 0.06527777777777778, 0.021240234375
1 0.3714599609375, 0.6840277777777778, 0.03564814814814815, 0.028076171875
1 0.5345458984375, 0.6865740740740741, 0.05578703703703704, 0.02685546875
1 0.5472412109375, 0.6877314814814814, 0.03564814814814815, 0.015869140625
1 0.562255859375, 0.6895833333333333, 0.03564814814814815, 0.0333251953125
1 0.47802734375, 0.7018518518518518, 0.04560185185185185, 0.0284423828125
1 0.4654541015625, 0.7081018518518518, 0.04809259259259259, 0.0328662109375
1 0.3660888671875, 0.7122685185185185, 0.03888888888888889, 0.02587890625
1 0.3912353515625, 0.7400462962962963, 0.056018518518518516, 0.026611328125
1 0.4022216796875, 0.7423611111111111, 0.031018518518518518, 0.02099609375
1 0.3607470703125, 0.734375, 0.033449074074074076, 0.026826171875
1 0.4332275390625, 0.743287037037037, 0.021527777777777778, 0.025146484375
1 0.406005859375, 0.7590277777777777, 0.05787037037037037, 0.0240185546875
1 0.4647216796875, 0.7627314814814815, 0.053703703703703705, 0.0234375
1 0.41925048828125, 0.7611111111111111, 0.06689814814814815, 0.02485595703125
1 0.58819580078125, 0.26481481481481484, 0.03564814814814815, 0.0198974609375
1 0.59765625, 0.5111111111111111, 0.04560185185185185, 0.01727294921875
1 0.593720703125, 0.4722222222222222, 0.05150462962962963, 0.0204150390625
1 0.5955810546875, 0.430787037037037, 0.051041666666666666, 0.01416015625
1 0.57781982421875, 0.6407407407407407, 0.02662037037037037, 0.03173828125
1 0.56585693359375, 0.6525185185185185, 0.02977314814814815, 0.0364990234375
1 0.5640869140625, 0.6470462962962963, 0.018175925925925925, 0.0150439453125
1 0.52857666015625, 0.6466851851851851, 0.040625, 0.0360107421875
1 0.51312255859375, 0.6553518518518519, 0.025666666666666664, 0.02474853515625
1 0.5050048828125, 0.7228611111111112, 0.06544907407407408, 0.0283203125
1 0.5009765625, 0.7353009259259259, 0.06655092592592593, 0.01681640625
1 0.4923095703125, 0.7351851851851852, 0.059666666666666666, 0.017333984375
1 0.4685986328125, 0.7428796296296296, 0.03837037037037037, 0.0264892578125
1 0.4578564453125, 0.7108240740740741, 0.0495925925925926, 0.025634765625
1 0.4605712890625, 0.7825833333333334, 0.06463888888888888, 0.0198974609375
1 0.43817138671875, 0.7583333333333333, 0.06655092592592593, 0.019287109375
1 0.45404052734375, 0.7530092592592592, 0.056365740740740744, 0.0123291015625
1 0.38641357421875, 0.7610555555555556, 0.06961574074074074, 0.022216796875
1 0.372099609375, 0.7500555555555555, 0.03524537037037037, 0.019990234375
1 0.37451171875, 0.7063657407407408, 0.028009259259259258, 0.02557373046875
1 0.389921875, 0.7170138888888888, 0.03558796296296297, 0.03140380859375
1 0.42022705078125, 0.7210648148148148, 0.04178240740740741, 0.02371337890625
1 0.4510205078125, 0.7094907407407407, 0.05081018518518519, 0.019287109375
1 0.4388427734375, 0.7066574074074075, 0.04831944444444445, 0.01583984375
1 0.44793701171875, 0.6798055555555556, 0.03176851851851852, 0.03338623046875
1 0.3946240234375, 0.6755787037037037, 0.0431712962962963, 0.0326220703125
1 0.4058837890625, 0.7084490740740741, 0.019212962962962963, 0.012939453125
1 0.41571044921875, 0.6767361111111111, 0.060069444444444446, 0.01885986328125
1 0.40985107421875, 0.6515046296296296, 0.04594907407407407, 0.0247802734375
1 0.4222412109375, 0.7274305555555556, 0.014351851851851852, 0.01611328125
1 0.42388916015625, 0.6717592592592593, 0.05781481481481481, 0.01922607421875
1 0.44171142578125, 0.6636574074074074, 0.05694444444444444, 0.0096435546875
1 0.4187939453125, 0.6364583333333333, 0.030263888888888892, 0.03488037109375
1 0.44830322265625, 0.6555555555555556, 0.026907407407407408, 0.02520751953125
1 0.42547607421875, 0.5730324074074075, 0.0642361111111111, 0.018310546875
1 0.4336865234375, 0.5660879629629629, 0.06018518518518518, 0.02145263671875
1 0.4432666015625, 0.6105925925925927, 0.03958333333333333, 0.010927734375
1 0.4517529296875, 0.6040509259259259, 0.0634861111111111, 0.0184619140625
1 0.46052001953125, 0.5987314814814815, 0.0626712962962963, 0.0133056640625
1 0.472626953125, 0.6188657407407407, 0.03790277777777778, 0.0104052734375
1 0.469755859375, 0.6255185185185185, 0.06661111111111111, 0.019013671875
1 0.481416015625, 0.6682870370370371, 0.03414351851851852, 0.01388427734375
1 0.5013427734375, 0.6748842592592592, 0.05173611111111111, 0.01513671875
1 0.49005126953125, 0.6662037037037037, 0.06076388888888889, 0.01641845703125
1 0.5058251953125, 0.6219351851851852, 0.06566666666666666, 0.0234375
1 0.49639892578125, 0.6173611111111111, 0.05011574074074074, 0.02496337890625
1 0.4850146484375, 0.6118611111111111, 0.056601851851851855, 0.01611328125
1 0.4766552734375, 0.5675370370370371, 0.05526388888888889, 0.0237109375
1 0.4665234375, 0.5644074074074074, 0.06273148148148149, 0.018095703125
1 0.44512939453125, 0.5238425925925926, 0.07418981481481482, 0.02560302734375
1 0.41351318359375, 0.5188055555555555, 0.02887962962962963, 0.0301513671875
1 0.4322802734375, 0.4740740740740741, 0.057060185185185186, 0.0218212890625
1 0.45587158203125, 0.5206574074074074, 0.0385462962962963, 0.01171875
1 0.464111328125, 0.5384814814814814, 0.03148148148148148, 0.01715087890625
1 0.47955322265625, 0.5569444444444445, 0.043287037037037034, 0.02838134765625
1 0.4976953125, 0.5835648148148148, 0.05190740740740741, 0.013291015625
1 0.50714111328125, 0.5821203703703705, 0.043398148148148144, 0.01959228515625
1 0.512724609375, 0.5235555555555556, 0.06900925925925926, 0.0185546875
1 0.5044873046875, 0.4984953703703704, 0.05772685185185185, 0.01763671875
1 0.4937744140625, 0.4752314814814815, 0.07164351851851852, 0.016572265625
1 0.52947998046875, 0.6295138888888889, 0.02575462962962963, 0.02490234375
1 0.5443115234375, 0.6291111111111112, 0.03778703703703704, 0.0152880859375
1 0.53680419921875, 0.6072916666666667, 0.023671296296296298, 0.02212646484375
1 0.5455615234375, 0.5837407407407408, 0.03228703703703704, 0.01947265625
1 0.536162109375, 0.5629074074074074, 0.06151388888888889, 0.01974609375
1 0.5271923828125, 0.551212962962963, 0.05845370370370371, 0.024658203125
1 0.54982421875, 0.4936990740740741, 0.06122685185185185, 0.02032470703125
1 0.5477001953125, 0.48443518518518525, 0.05185185185185185, 0.01827880859375
1 0.52984619140625, 0.496875, 0.05486111111111111, 0.011474609375
1 0.5199267578125, 0.4820509259259259, 0.029921296296296293, 0.01296142578125
1 0.4617626953125, 0.4629074074074074, 0.04432407407407407, 0.0162939453125
1 0.473115234375, 0.4691574074074074, 0.03897222222222223, 0.01736328125
1 0.488037109375, 0.4217037037037037, 0.06342592592592593, 0.017822265625
1 0.49383544921875, 0.4066574074074074, 0.04936111111111111, 0.01885986328125
1 0.51239013671875, 0.402662037037037, 0.04456018518518518, 0.01116943359375
1 0.50531005859375, 0.4329861111111111, 0.029976851851851852, 0.01904296875
1 0.52154541015625, 0.4287037037037037, 0.031018518518518518, 0.0169677734375
1 0.51837158203125, 0.4625, 0.019097222222222224, 0.01025390625
1 0.526884765625, 0.4394675925925926, 0.05983796296296296, 0.0153515625
1 0.5390625, 0.45567129629629627, 0.053356481481481484, 0.01458740234375
1 0.54052734375, 0.42986111111111114, 0.058333333333333334, 0.02178955078125
