1 1536.5, 164.5, 96.0, 51.0
1 1187.5, 191.5, 136.0, 124.0
1 1426.5, 192.5, 71.0, 100.5
1 1388.5, 201.5, 81.62, 113.0
1 1537.5, 201.5, 60.0, 96.56
1 1586.5, 210.5, 47.0, 108.0
1 1331.5, 221.5, 46.0, 98.0
1 1371.88, 227.5, 61.62, 117.0
1 1618.5, 233.5, 68.0, 120.0
1 1497.5, 276.88, 86.88, 72.24
1 1362.5, 299.5, 77.0, 98.0
1 1426.5, 302.5, 55.5, 128.62
1 1214.5, 316.12, 90.0, 101.38
1 1116.5, 331.5, 105.0, 76.0
1 943.75, 339.75, 117.75, 105.0
1 1235.5, 393.5, 95.06, 95.0
1 1183.5, 426.12, 75.0, 107.38
1 1345.5, 432.5, 105.88, 69.75
1 1513.5, 457.5, 75.0, 78.0
1 1278.5, 469.69, 75.0, 100.81
1 1252.5, 478.5, 62.0, 98.0
1 2141.5, 488.5, 92.0, 84.0
1 1130.5, 491.5, 82.0, 109.0
1 1361.88, 495.5, 140.93, 65.0
1 1190.5, 526.5, 80.0, 96.0
1 1514.19, 530.5, 59.31, 80.75
1 1333.5, 526.5, 59.0, 138.0
1 1047.5, 557.5, 112.0, 75.0
1 1554.5, 553.0, 120.5, 56.5
1 1239.38, 559.5, 104.62, 61.0
1 1434.5, 561.5, 93.62, 82.0
1 1981.5, 587.5, 112.0, 61.0
1 1689.5, 599.5, 96.0, 82.0
1 1099.5, 601.5, 93.5, 85.0
1 1231.5, 606.5, 128.0, 62.12
1 1920.5, 620.5, 72.0, 68.0
1 959.5, 641.5, 103.0, 68.0
1 1382.5, 624.5, 101.0, 126.0
1 1263.5, 647.06, 55.0, 87.44
1 1676.5, 642.5, 125.0, 135.0
1 1144.5, 642.5, 91.0, 99.0
1 1768.5, 657.94, 95.0, 93.56
1 916.5, 703.5, 110.0, 60.0
1 1610.38, 722.5, 76.12, 81.0
1 1009.5, 733.5, 110.0, 102.0
1 1795.5, 733.5, 81.0, 115.0
1 1715.5, 761.5, 109.0, 66.0
1 1519.5, 771.5, 67.19, 100.0
1 1273.5, 776.5, 114.69, 82.0
1 940.5, 812.5, 85.88, 125.0
1 1212.5, 784.5, 73.0, 89.0
1 2007.5, 802.5, 100.0, 89.5
1 1327.0, 795.25, 115.5, 68.25
1 1185.5, 796.5, 54.0, 123.0
1 1281.5, 845.5, 90.0, 161.0
1 1412.5, 835.5, 156.0, 67.0
1 881.5, 854.25, 80.0, 124.25
1 1340.5, 843.5, 81.0, 126.0
1 2007.5, 875.5, 98.0, 79.0
1 1519.5, 877.5, 69.0, 119.0
1 1359.5, 880.5, 84.0, 142.0
1 1440.0, 893.0, 95.5, 75.5
1 1009.5, 930.5, 103.0, 78.0
1 1399.5, 931.5, 97.0, 92.0
1 847.0, 942.88, 106.5, 69.62
1 1424.5, 945.5, 102.0, 101.0
1 1046.5, 954.5, 102.0, 79.0
1 1741.5, 957.5, 109.0, 56.0
1 1850.5, 962.5, 77.0, 124.0
1 1664.0, 969.5, 79.5, 120.88
1 1317.5, 963.5, 48.0, 81.0
1 1767.5, 990.5, 83.12, 77.0
1 1275.5, 995.5, 66.0, 104.0
1 1326.5, 1003.5, 100.0, 62.0
1 934.5, 1007.5, 119.0, 85.0
1 1050.5, 1024.5, 118.0, 62.0
1 1696.5, 1050.5, 146.0, 76.0
1 1337.5, 1061.5, 115.75, 73.5
1 1523.5, 1063.5, 65.0, 113.0
1 1196.5, 1075.5, 60.0, 130.0
1 1890.5, 1078.5, 72.25, 77.0
1 1569.44, 1084.31, 86.06, 111.19
1 1272.5, 1105.62, 103.12, 82.88
1 1309.5, 1120.5, 93.0, 98.0
1 1462.5, 1145.5, 87.0, 87.0
1 1102.5, 1148.5, 84.0, 127.0
1 1176.5, 1167.5, 119.0, 103.0
1 1362.5, 1170.5, 54.0, 94.0
1 1949.38, 1168.88, 114.12, 92.24
1 1279.5, 1187.5, 107.0, 83.0
1 1201.5, 1215.5, 108.0, 95.0
1 1305.5, 1255.5, 121.25, 71.0
1 1091.5, 1260.5, 84.0, 86.0
1 1258.5, 1263.5, 68.0, 112.0
1 2349.5, 1031.75, 52.5, 47.25
1 2387.25, 669.0, 74.0, 37.25
1 2349.75, 350.75, 72.5, 38.75
1 1980.25, 691.25, 60.75, 134.5
1 1907.88, 751.0, 92.37, 64.25
1 1623.5, 1076.0, 71.12, 94.12
1 1533.88, 1040.62, 129.5, 58.5
1 1532.75, 992.0, 138.87, 80.5
1 1545.0, 962.88, 133.25, 73.87
1 1414.19, 1183.12, 71.81, 100.88
1 1401.88, 1129.38, 104.12, 140.74
1 1421.22, 1055.12, 69.4, 113.88
1 1406.5, 1035.31, 111.38, 108.81
1 1479.19, 978.69, 57.62, 148.87
1 1262.88, 1084.25, 119.74, 71.5
1 1023.38, 1057.5, 104.12, 95.75
1 1116.5, 1075.25, 83.75, 120.13
1 1159.5, 1009.75, 60.25, 123.37
1 1210.88, 1013.5, 71.87, 132.38
1 1167.5, 930.5, 65.25, 85.75
1 1103.5, 904.25, 75.0, 122.13
1 1012.25, 845.5, 93.37, 112.0
1 1013.12, 789.82, 102.76, 83.68
1 1103.5, 832.02, 74.5, 79.31
1 1135.6, 828.54, 69.46, 93.91
1 1238.25, 927.39, 66.6, 126.45
1 1203.75, 868.74, 102.9, 103.92
1 1104.62, 778.13, 78.76, 78.41
1 1095.62, 756.52, 114.5, 49.89
1 1009.38, 680.79, 129.37, 57.24
1 1057.81, 715.62, 110.57, 48.97
1 1134.5, 685.0, 90.38, 85.19
1 1184.5, 745.25, 127.25, 71.75
1 1185.94, 653.12, 110.06, 111.26
1 1187.12, 617.0, 90.63, 54.75
1 1313.0, 660.88, 117.75, 75.5
1 1301.94, 695.81, 114.56, 81.94
1 1255.75, 720.0, 124.25, 68.31
1 1589.62, 902.75, 111.26, 88.13
1 1561.62, 846.75, 109.26, 81.0
1 1568.94, 818.62, 120.31, 67.88
1 1708.94, 903.62, 134.31, 59.57
1 1758.75, 870.62, 90.25, 63.5
1 1664.56, 847.62, 109.44, 89.0
1 1696.75, 816.5, 148.87, 61.5
1 1788.38, 556.62, 88.74, 97.38
1 1789.62, 649.38, 114.38, 79.12
1 1664.62, 712.12, 102.5, 72.88
1 1641.69, 717.69, 95.43, 95.56
1 1578.62, 781.5, 113.38, 59.25
1 1415.25, 780.0, 119.63, 73.5
1 1417.62, 749.12, 118.76, 60.57
1 1379.25, 722.0, 76.5, 90.88
1 1634.25, 663.5, 96.63, 59.0
1 1579.5, 630.62, 113.38, 88.88
1 1479.0, 734.0, 96.75, 48.31
1 1508.0, 709.62, 122.5, 77.0
1 1518.5, 678.25, 104.25, 69.81
1 1456.62, 631.62, 63.63, 105.26
1 1476.88, 630.06, 116.81, 57.75
1 1491.88, 595.25, 102.87, 53.37
1 1567.81, 596.75, 110.69, 67.69
1 1381.06, 559.5, 82.63, 112.56
1 1395.12, 544.62, 91.5, 73.69
1 1471.5, 445.5, 52.12, 123.62
1 1544.44, 487.75, 129.31, 74.5
1 1577.81, 458.88, 86.31, 56.24
1 1544.5, 416.5, 125.0, 56.88
1 1560.38, 375.12, 121.62, 56.88
1 1374.75, 454.12, 103.25, 74.13
1 1343.0, 369.0, 122.0, 80.0
1 1290.25, 420.5, 84.5, 109.12
1 1265.0, 347.62, 96.0, 85.38
1 1319.62, 300.62, 70.88, 91.88
1 1243.25, 298.5, 118.75, 68.88
1 1286.12, 204.12, 82.63, 106.5
1 1484.94, 420.25, 70.06, 65.75
1 1484.25, 366.62, 113.31, 69.0
1 1544.38, 311.88, 105.24, 75.24
1 1474.25, 330.88, 94.13, 72.24
1 1464.38, 250.62, 75.12, 117.0
1 1498.25, 195.0, 53.81, 89.31
