1 786.38, 1.75, 45.74, 66.5
1 813.5, 28.5, 42.0, 82.62
1 836.62, 32.44, 43.5, 83.94
1 852.75, 63.5, 59.53, 60.56
1 868.5, 75.0, 70.94, 56.34
1 866.5, 115.88, 61.44, 40.62
1 891.75, 121.88, 53.75, 55.93
1 908.38, 138.5, 57.12, 62.44
1 934.5, 161.88, 56.5, 48.62
1 946.25, 177.5, 56.25, 54.19
1 990.5, 184.75, 33.0, 63.75
1 1018.5, 204.5, 23.0, 42.0
1 1038.5, 206.5, 58.0, 42.0
1 1048.69, 231.5, 53.81, 45.0
1 1019.88, 240.44, 34.18, 51.06
1 985.5, 247.5, 37.0, 71.0
1 1069.5, 264.5, 40.0, 67.0
1 1022.5, 273.5, 57.69, 48.0
1 1083.5, 284.0, 45.0, 54.69
1 1113.5, 288.5, 39.0, 52.0
1 1026.5, 293.69, 43.5, 51.81
1 1113.5, 316.5, 50.0, 47.25
1 1145.5, 317.0, 52.19, 43.5
1 1193.5, 319.5, 49.0, 50.0
1 1032.5, 323.5, 51.0, 46.0
1 1065.81, 327.5, 54.69, 51.0
1 1222.5, 335.5, 37.0, 60.62
1 1146.5, 336.5, 54.5, 52.0
1 1108.5, 358.5, 44.0, 56.38
1 1077.5, 353.5, 52.0, 57.0
1 1167.5, 365.5, 55.81, 33.0
1 1227.69, 366.94, 42.62, 48.56
1 1257.5, 380.5, 60.56, 37.0
1 1185.5, 379.5, 46.12, 63.69
1 1248.34, 402.5, 57.16, 45.09
1 1139.44, 410.5, 57.06, 57.0
1 1212.5, 408.0, 42.0, 63.5
1 1248.0, 426.5, 63.5, 45.81
1 1308.0, 439.5, 49.5, 48.0
1 1157.44, 436.5, 58.31, 50.0
1 1277.5, 444.5, 42.0, 54.0
1 1328.5, 451.5, 55.0, 37.0
1 1584.5, 449.75, 29.88, 84.63
1 1347.5, 457.5, 65.0, 51.0
1 1178.5, 452.5, 73.5, 59.0
1 1209.5, 472.5, 54.5, 52.0
1 1243.5, 466.44, 43.0, 57.06
1 1388.5, 481.5, 61.0, 40.0
1 1274.0, 481.5, 49.0, 61.75
1 1304.5, 484.5, 46.0, 57.0
1 1328.5, 498.5, 39.0, 58.0
1 1388.5, 499.5, 60.0, 43.0
1 1344.5, 502.5, 52.0, 65.0
1 1238.25, 516.53, 46.56, 62.97
1 1273.94, 528.5, 41.56, 63.88
1 1375.5, 537.5, 67.0, 35.0
1 1303.88, 538.25, 38.62, 73.5
1 1430.81, 552.5, 40.69, 66.0
1 1409.81, 549.19, 40.81, 34.31
1 1438.5, 580.5, 39.0, 56.0
1 1335.5, 611.5, 69.69, 41.75
1 1362.38, 640.5, 49.31, 68.0
1 1417.5, 654.5, 49.0, 48.44
1 1391.44, 647.5, 41.06, 70.38
1 1578.5, 678.06, 71.56, 42.75
1 1281.5, 713.5, 51.0, 64.38
1 1301.69, 726.31, 49.37, 53.19
1 1386.5, 760.5, 53.0, 43.0
1 1323.5, 771.5, 50.0, 65.0
1 1708.5, 777.5, 54.25, 42.06
1 1279.5, 776.81, 68.5, 31.69
1 1388.5, 771.5, 61.0, 52.0
1 1531.5, 783.5, 51.5, 35.0
1 1735.5, 785.5, 60.38, 36.69
1 1353.5, 769.38, 40.5, 69.12
1 1496.5, 791.5, 39.25, 61.0
1 1852.0, 795.5, 48.5, 57.0
1 1267.5, 796.5, 61.0, 38.0
1 1834.5, 805.5, 49.0, 51.0
1 1543.5, 801.5, 44.0, 56.0
1 1375.5, 812.5, 86.0, 36.0
1 1519.5, 816.5, 29.0, 52.0
1 1691.5, 814.5, 66.25, 36.0
1 1553.5, 820.5, 46.0, 62.0
1 1720.5, 826.5, 55.0, 69.56
1 1312.5, 824.5, 67.0, 42.0
1 1931.5, 832.5, 38.0, 68.0
1 1965.5, 839.5, 26.0, 56.0
1 1374.5, 839.5, 67.0, 38.0
1 1568.5, 839.0, 51.0, 61.91
1 1786.5, 841.5, 28.0, 76.0
1 1811.5, 846.5, 24.0, 66.0
1 1847.5, 846.5, 23.0, 48.0
1 1653.25, 853.5, 45.25, 58.0
1 1675.5, 856.06, 58.31, 49.44
1 1827.5, 850.5, 26.0, 68.0
1 1582.5, 854.5, 54.0, 57.0
1 1530.5, 847.5, 38.0, 60.38
1 1850.5, 850.5, 38.0, 65.75
1 1382.0, 846.0, 65.5, 50.12
1 1415.25, 861.5, 62.75, 46.31
1 1910.5, 864.5, 43.0, 68.0
1 1506.5, 875.5, 33.0, 59.0
1 1597.5, 879.5, 59.0, 41.0
1 1437.5, 887.5, 44.5, 66.0
1 1526.5, 889.5, 48.94, 53.0
1 1359.5, 891.0, 56.0, 32.5
1 1465.5, 889.5, 36.0, 67.0
1 1723.5, 896.5, 49.0, 66.0
1 1490.62, 893.5, 27.88, 72.0
1 1660.5, 904.19, 77.0, 38.31
1 1764.94, 908.5, 61.56, 46.38
1 1895.5, 907.5, 22.69, 44.0
1 1582.69, 906.0, 71.31, 42.88
1 1958.31, 922.5, 33.19, 58.06
1 1607.5, 924.5, 47.0, 55.0
1 1668.5, 931.31, 53.0, 53.31
1 1899.31, 929.5, 35.19, 60.44
1 1516.5, 924.5, 58.06, 58.0
1 1647.5, 943.12, 34.88, 60.26
1 1683.06, 942.88, 49.44, 58.12
1 1714.5, 939.5, 37.0, 73.94
1 1872.5, 939.5, 31.0, 43.5
1 1555.38, 943.5, 54.12, 31.56
1 1436.5, 944.56, 34.81, 40.0
1 1455.25, 953.5, 26.25, 62.12
1 1505.5, 955.5, 57.06, 53.0
1 1376.5, 960.69, 63.56, 41.81
1 1626.44, 962.5, 31.56, 65.0
1 1576.5, 965.5, 63.0, 34.0
1 1776.5, 964.5, 52.0, 43.0
1 1817.5, 964.5, 29.0, 70.0
1 1832.5, 966.5, 38.0, 73.0
1 1910.5, 962.5, 55.94, 55.0
1 1931.69, 972.5, 68.81, 41.19
1 1854.5, 981.62, 55.0, 60.88
1 1772.5, 992.5, 24.0, 70.0
1 1940.5, 997.5, 50.0, 42.0
1 1788.5, 998.5, 33.0, 68.0
1 1755.5, 994.5, 28.0, 71.0
1 1428.47, 998.0, 43.03, 66.5
1 1683.44, 1008.69, 44.12, 78.25
1 1663.5, 1016.38, 40.38, 76.87
1 1598.69, 1023.5, 74.81, 43.56
1 1801.62, 1028.0, 40.88, 66.5
1 2007.5, 1031.5, 57.0, 81.0
1 1490.5, 1033.25, 68.0, 32.25
1 1446.5, 1037.5, 46.0, 58.0
1 1826.0, 1032.5, 48.5, 65.5
1 1615.0, 1047.5, 51.5, 44.0
1 1874.12, 1051.5, 64.38, 40.0
1 2118.5, 1061.5, 44.0, 58.0
1 1578.88, 1060.5, 45.62, 52.0
1 1616.38, 1070.5, 50.12, 52.88
1 2039.5, 1063.5, 32.0, 73.0
1 2063.5, 1070.5, 33.88, 62.0
1 2076.22, 1075.5, 45.28, 69.0
1 1747.5, 1088.75, 59.0, 52.25
1 1562.38, 1072.44, 51.87, 66.06
1 1516.5, 1079.5, 44.0, 60.0
1 2015.5, 1083.5, 29.0, 71.0
1 1687.5, 1076.5, 33.5, 74.69
1 1712.5, 1093.5, 58.5, 53.0
1 2133.5, 1095.5, 36.0, 56.0
1 2191.5, 1102.5, 28.0, 61.0
1 2094.5, 1101.5, 42.0, 65.0
1 1908.5, 1118.38, 44.75, 53.12
1 2167.5, 1108.5, 32.0, 76.0
1 1554.88, 1109.56, 53.5, 54.94
1 1849.5, 1105.19, 35.5, 68.43
1 1650.5, 1110.5, 44.0, 69.0
1 1959.5, 1114.5, 32.0, 68.0
1 1982.0, 1109.5, 38.5, 80.12
1 1762.5, 1112.69, 37.94, 68.81
1 2131.5, 1130.5, 45.0, 56.0
1 2208.5, 1137.5, 26.0, 54.0
1 1720.5, 1131.5, 49.69, 48.38
1 2106.5, 1132.0, 36.0, 62.5
1 1819.69, 1153.75, 35.5, 66.75
1 2033.5, 1141.0, 67.0, 35.5
1 1700.0, 1138.5, 32.38, 70.94
1 1653.5, 1150.5, 54.12, 62.19
1 1771.06, 1153.5, 31.13, 62.0
1 1617.5, 1149.5, 37.0, 58.0
1 2184.5, 1161.5, 25.0, 62.0
1 1787.5, 1168.44, 38.88, 73.06
1 2044.5, 1168.5, 41.0, 54.0
1 1538.5, 1176.5, 65.0, 61.0
1 1674.19, 1174.94, 33.62, 61.5
1 2147.5, 1175.5, 41.0, 77.0
1 2018.5, 1176.94, 34.0, 54.37
1 2140.5, 1176.5, 30.0, 58.0
1 2197.5, 1168.5, 40.0, 64.0
1 1926.5, 1178.5, 57.0, 48.0
1 2120.5, 1167.5, 26.94, 86.69
1 1747.5, 1187.5, 47.0, 60.0
1 2273.0, 1186.12, 29.62, 70.38
1 1642.5, 1182.5, 37.0, 62.0
1 1948.5, 1189.5, 54.62, 63.25
1 1541.5, 1202.5, 48.5, 57.0
1 1881.5, 1196.5, 46.56, 36.0
1 1632.5, 1202.5, 34.0, 60.0
1 2088.19, 1192.5, 34.31, 71.31
1 1608.5, 1205.5, 35.0, 58.0
1 1878.5, 1218.5, 47.0, 49.0
1 2004.5, 1220.5, 57.44, 28.0
1 2217.5, 1218.5, 29.0, 68.0
1 1589.5, 1228.5, 38.0, 65.0
1 2150.88, 1220.5, 52.5, 63.0
1 2188.5, 1226.5, 36.5, 69.19
1 2400.5, 1240.5, 41.0, 58.0
1 1655.5, 1240.5, 41.0, 69.0
1 1889.5, 1257.81, 66.62, 57.69
1 2220.25, 1259.69, 40.19, 50.81
1 2209.75, 1282.5, 19.31, 38.94
1 2446.0, 704.25, 25.25, 27.75
1 1113.62, 388.62, 59.26, 54.76
1 1119.5, 397.5, 61.06, 55.88
1 1341.0, 557.75, 62.5, 42.0
1 1343.38, 574.25, 69.62, 37.63
1 1366.38, 604.88, 66.0, 28.31
1 1378.88, 578.94, 55.24, 32.56
1 1476.25, 649.88, 45.37, 60.87
1 1433.81, 661.19, 61.57, 46.31
1 1408.94, 700.75, 72.06, 35.25
1 1373.62, 716.75, 79.94, 36.0
1 1394.69, 739.88, 64.31, 28.56
1 1336.25, 932.25, 60.13, 46.75
1 1346.88, 921.75, 58.24, 38.5
1 1380.5, 896.06, 74.12, 38.82
1 1390.12, 927.31, 51.13, 29.94
1 1403.88, 954.44, 35.0, 17.44
1 1381.75, 987.25, 73.63, 40.37
1 1405.5, 996.75, 51.69, 43.25
1 1483.88, 1063.38, 62.62, 25.37
1 1498.02, 1074.0, 48.48, 56.44
1 1481.16, 950.19, 27.63, 44.37
1 1470.81, 981.75, 41.57, 62.69
1 1479.53, 992.5, 59.97, 48.75
1 1482.25, 1008.41, 81.0, 45.15
1 1543.25, 908.25, 54.0, 45.87
1 1554.38, 982.5, 32.87, 65.0
1 1575.38, 993.0, 34.62, 49.34
1 1589.06, 997.0, 43.63, 62.25
1 1546.25, 1039.75, 45.69, 50.0
1 1596.31, 1059.81, 18.97, 21.78
1 1650.19, 996.88, 67.43, 29.68
1 1745.38, 886.38, 19.87, 36.24
1 1760.12, 836.75, 35.63, 65.63
1 1760.12, 883.25, 31.38, 53.0
1 1882.0, 837.88, 36.88, 68.24
1 1889.38, 856.88, 39.24, 61.5
1 1932.0, 901.69, 30.38, 41.06
1 1990.38, 977.75, 46.12, 69.37
1 1927.0, 910.38, 51.75, 67.5
1 1846.38, 905.88, 50.74, 35.37
1 1829.5, 929.5, 64.0, 42.75
1 1798.0, 916.25, 52.62, 40.37
1 1802.75, 953.88, 27.63, 26.0
1 1748.12, 952.31, 54.5, 40.07
1 1726.75, 988.38, 47.94, 49.59
1 1708.69, 1029.62, 47.31, 47.57
1 1712.31, 1047.44, 51.94, 49.06
1 1717.88, 1063.62, 58.62, 46.5
1 1651.81, 1074.88, 55.0, 36.74
1 1613.69, 1111.31, 63.56, 49.94
1 1601.0, 1115.38, 43.44, 40.06
1 1517.5, 1133.38, 71.0, 34.62
1 1543.38, 1161.28, 73.12, 28.84
1 1677.44, 1216.56, 36.31, 61.32
1 1704.25, 1182.38, 38.75, 75.62
1 1733.62, 1155.94, 32.47, 73.44
1 1791.78, 1090.88, 40.1, 58.0
1 1887.0, 1000.62, 59.12, 24.63
1 1874.75, 1019.88, 69.5, 34.62
1 1827.88, 1055.62, 45.12, 65.5
1 1801.5, 1118.5, 54.25, 48.12
1 1803.75, 1136.88, 50.75, 38.37
1 1867.38, 1058.75, 43.24, 76.0
1 1911.12, 1068.5, 71.26, 37.5
1 1954.88, 1054.0, 33.74, 56.25
1 1977.88, 1053.75, 32.62, 76.75
1 1885.75, 1101.62, 38.13, 71.13
1 1935.75, 1141.88, 27.87, 58.24
1 1898.12, 1150.88, 45.88, 50.62
1 1866.5, 1150.88, 30.38, 45.12
1 1855.5, 1170.5, 49.88, 32.75
1 1837.0, 1190.56, 47.28, 33.56
1 1842.38, 1212.75, 46.93, 66.13
1 1962.62, 1258.38, 61.38, 29.5
1 1977.25, 1241.75, 54.63, 34.63
1 1902.75, 1251.12, 67.75, 38.76
1 1907.5, 1223.75, 36.12, 43.0
1 1997.19, 1155.12, 35.19, 35.35
1 2033.5, 1132.25, 47.38, 22.0
1 1974.12, 1185.38, 48.0, 63.62
1 2056.12, 1171.62, 42.38, 83.88
1 2091.38, 1166.12, 21.24, 63.5
1 2234.0, 1166.38, 31.38, 69.74
1 2246.88, 1190.38, 30.87, 75.74
1 2248.38, 1247.12, 38.87, 68.26
