1 0.9004629629629629, 0.4530625, 0.02337962962962963, 0.016078125000000002
1 0.6594907407407408, 0.36276041666666664, 0.033101851851851855, 0.016927083333333332
1 0.6549814814814815, 0.3595729166666667, 0.024962962962962965, 0.017708333333333333
1 0.6510370370370371, 0.3375625, 0.0235, 0.016765625
1 0.6363425925925926, 0.3509114583333333, 0.027777777777777776, 0.015296875
1 0.6180555555555556, 0.3453125, 0.026851851851851852, 0.017125
1 0.575, 0.3622708333333333, 0.025518518518518517, 0.021291666666666667
1 0.5325833333333334, 0.35592708333333334, 0.02337962962962963, 0.010869791666666666
1 0.5481481481481482, 0.3580416666666667, 0.019675925925925927, 0.00946875
1 0.5579814814814815, 0.35644791666666664, 0.01238888888888889, 0.007322916666666667
1 0.6048611111111111, 0.345375, 0.017333333333333333, 0.012307291666666666
1 0.6156296296296296, 0.3365572916666667, 0.01773148148148148, 0.017317708333333334
1 0.6126111111111111, 0.32428125, 0.016787037037037038, 0.021
1 0.5944444444444444, 0.31663541666666667, 0.02962962962962963, 0.015072916666666667
1 0.5994814814814815, 0.3330416666666667, 0.015564814814814814, 0.017447916666666667
1 0.5885370370370371, 0.3404947916666667, 0.013777777777777778, 0.018489583333333334
1 0.5740185185185186, 0.34221874999999996, 0.017935185185185186, 0.017578125
1 0.5852407407407407, 0.32760416666666664, 0.029981481481481484, 0.012437499999999999
1 0.5598333333333333, 0.33346354166666664, 0.025814814814814815, 0.015135416666666667
1 0.5733796296296296, 0.32705208333333335, 0.02476851851851852, 0.008104166666666668
1 0.5895277777777779, 0.312890625, 0.02847222222222222, 0.014255208333333333
1 0.5732592592592592, 0.3169895833333333, 0.02234259259259259, 0.014942708333333334
1 0.5667222222222221, 0.3118177083333334, 0.03362962962962963, 0.013020833333333334
1 0.5395833333333333, 0.33339583333333334, 0.030555555555555555, 0.01576041666666667
1 0.5425925925925926, 0.32174479166666664, 0.019092592592592595, 0.017119791666666665
1 0.5633148148148148, 0.30214583333333334, 0.03216666666666667, 0.010812500000000001
1 0.5152777777777777, 0.3280625, 0.0302037037037037, 0.014255208333333333
1 0.5086851851851851, 0.32714583333333336, 0.029222222222222222, 0.013479166666666665
1 0.5227962962962963, 0.3123697916666667, 0.03125925925925926, 0.015557291666666667
1 0.5416666666666666, 0.29583333333333334, 0.02211111111111111, 0.016796875
1 0.5409722222222222, 0.2904635416666667, 0.022453703703703705, 0.01786979166666667
1 0.5288796296296296, 0.2936510416666666, 0.013657407407407408, 0.015265625
1 0.5054444444444445, 0.29583333333333334, 0.02598148148148148, 0.016989583333333332
1 0.4726296296296296, 0.33209375, 0.03159259259259259, 0.009411458333333334
1 0.45890740740740743, 0.3245416666666667, 0.029166666666666667, 0.016666666666666666
1 0.4950185185185185, 0.31731770833333334, 0.03311111111111111, 0.015432291666666665
1 0.48790740740740746, 0.31536458333333334, 0.033101851851851855, 0.012140624999999999
1 0.48281481481481486, 0.30885416666666665, 0.02135185185185185, 0.015364583333333333
1 0.4707777777777778, 0.30344791666666665, 0.02887037037037037, 0.013416666666666667
1 0.4592037037037037, 0.3022447916666666, 0.0302037037037037, 0.0140625
1 0.46921296296296294, 0.29111458333333334, 0.03449074074074074, 0.0140625
1 0.4462962962962963, 0.29404166666666665, 0.019731481481481482, 0.018979166666666665
1 0.41782407407407407, 0.3002916666666666, 0.03188888888888889, 0.016958333333333336
1 0.4227962962962963, 0.29463020833333337, 0.02638888888888889, 0.016505208333333334
1 0.4097222222222222, 0.29075520833333335, 0.03721296296296296, 0.012140624999999999
