1 631.5, 0.5, 112.0, 44.0
1 1072.5, 0.5, 86.0, 103.0
1 2540.5, 0.5, 108.0, 57.0
1 2661.5, 0.5, 99.0, 51.0
1 3115.5, 0.5, 120.0, 135.0
1 3407.5, 1.0, 138.0, 54.5
1 3490.5, 0.5, 115.0, 132.0
1 474.5, 9.5, 103.0, 135.0
1 2217.5, 12.5, 125.0, 145.0
1 394.5, 22.5, 67.0, 130.0
1 1582.5, 33.5, 84.0, 139.0
1 2671.5, 31.5, 83.0, 124.0
1 3614.5, 31.5, 118.0, 144.0
1 946.5, 40.5, 98.0, 150.0
1 3533.5, 41.5, 128.0, 124.0
1 110.5, 71.5, 91.0, 151.0
1 842.5, 72.5, 109.0, 148.0
1 3664.5, 73.5, 106.0, 167.0
1 1985.5, 86.5, 81.0, 115.0
1 2046.5, 85.5, 89.0, 169.0
1 1090.5, 96.5, 169.0, 92.0
1 2614.5, 95.5, 100.0, 179.0
1 1667.5, 100.5, 146.0, 129.0
1 2226.5, 107.5, 73.0, 104.0
1 2767.5, 115.5, 103.0, 145.0
1 3165.5, 132.5, 100.0, 165.0
1 1246.5, 139.5, 84.0, 152.0
1 3703.5, 141.5, 113.0, 133.0
1 1827.5, 150.5, 147.0, 113.0
1 2102.5, 147.5, 105.0, 165.0
1 1474.5, 150.5, 109.0, 158.0
1 1295.5, 154.5, 105.0, 150.0
1 1399.5, 155.5, 90.0, 156.0
1 856.5, 155.5, 109.0, 164.0
1 1022.5, 159.5, 114.0, 150.0
1 2412.5, 168.5, 75.0, 149.0
1 921.5, 171.5, 101.0, 160.0
1 2341.5, 182.5, 67.0, 132.0
1 1692.5, 189.5, 126.0, 124.0
1 1918.5, 190.5, 158.0, 154.0
1 1588.5, 198.5, 87.0, 176.0
1 2867.5, 198.5, 117.0, 161.0
1 3324.5, 202.5, 91.0, 153.0
1 0.5, 211.5, 48.0, 126.0
1 3765.5, 215.5, 73.0, 156.0
1 1130.5, 214.5, 88.0, 161.0
1 107.5, 229.5, 104.0, 130.0
1 1376.5, 227.5, 91.0, 122.0
1 2610.5, 238.5, 110.0, 118.0
1 3246.5, 233.5, 96.0, 179.0
1 3421.5, 235.5, 135.0, 68.0
1 1460.5, 256.5, 144.0, 165.0
1 1344.5, 259.5, 93.0, 188.0
1 2817.5, 266.5, 148.0, 164.0
1 179.5, 267.5, 234.0, 109.0
1 2109.5, 269.5, 130.0, 147.0
1 2436.5, 280.5, 102.0, 186.0
1 3124.5, 279.5, 126.0, 138.0
1 440.5, 280.5, 120.0, 107.0
1 825.5, 295.5, 76.0, 137.0
1 2947.5, 296.5, 94.0, 189.0
1 2349.5, 298.5, 122.0, 193.0
1 0.5, 314.5, 50.0, 143.0
1 1422.5, 315.5, 81.0, 176.0
1 1964.5, 319.5, 91.0, 128.0
1 3452.5, 324.5, 161.0, 94.0
1 3719.5, 323.5, 119.0, 219.0
1 0.5, 330.5, 134.0, 148.0
1 543.5, 335.5, 137.0, 90.0
1 1215.5, 334.5, 105.0, 145.0
1 628.5, 334.5, 101.0, 207.0
1 3645.5, 336.5, 119.0, 156.0
1 1267.5, 340.5, 116.0, 121.0
1 3295.5, 339.5, 97.0, 118.0
1 3814.5, 341.5, 24.0, 117.0
1 1151.5, 352.5, 85.0, 163.0
1 1779.5, 337.5, 163.0, 114.0
1 725.5, 356.5, 77.0, 197.0
1 101.5, 360.5, 146.0, 135.0
1 1058.5, 368.5, 97.5, 119.0
1 1509.5, 367.5, 170.0, 248.0
1 2263.5, 371.5, 144.0, 123.0
1 792.5, 377.5, 74.0, 140.0
1 3215.5, 386.5, 97.0, 174.0
1 3473.5, 386.5, 115.0, 185.0
1 486.5, 397.5, 93.0, 168.0
1 557.5, 397.5, 76.0, 192.0
1 860.5, 406.5, 84.0, 104.0
1 1795.5, 416.5, 166.0, 240.0
1 1979.5, 421.5, 95.0, 137.0
1 3135.5, 423.5, 104.0, 168.0
1 1666.5, 423.5, 81.0, 126.0
1 2095.5, 428.5, 110.0, 180.0
1 1724.5, 428.5, 121.0, 169.0
1 2187.5, 434.5, 127.0, 142.0
1 1007.5, 434.5, 207.0, 192.0
1 2412.5, 444.5, 111.0, 212.0
1 1426.5, 456.5, 86.0, 186.0
1 3294.5, 464.5, 104.0, 218.0
1 1611.5, 464.5, 69.0, 169.0
1 2161.5, 467.5, 126.0, 108.0
1 1210.5, 466.5, 96.0, 174.0
1 0.5, 473.5, 133.0, 72.0
1 3022.5, 479.5, 122.0, 176.0
1 946.5, 485.5, 87.0, 165.0
1 384.5, 499.5, 109.0, 146.0
1 2456.5, 505.5, 103.0, 184.0
1 2051.5, 527.5, 151.5, 178.0
1 645.5, 534.5, 99.0, 139.0
1 3409.5, 543.5, 102.0, 119.0
1 759.5, 544.5, 105.0, 99.0
1 1494.5, 551.5, 95.0, 163.0
1 1.0, 554.5, 36.5, 152.0
1 262.5, 555.0, 146.0, 95.5
1 3094.5, 565.5, 114.0, 219.0
1 2836.5, 566.5, 131.0, 79.0
1 3568.5, 571.5, 115.0, 149.0
1 434.5, 577.5, 89.0, 150.0
1 1897.5, 580.5, 128.0, 154.0
1 826.5, 588.5, 88.0, 194.0
1 904.5, 585.5, 95.0, 171.0
1 2195.5, 585.5, 87.0, 190.0
1 3060.5, 595.5, 67.0, 108.0
1 1019.5, 603.5, 84.0, 97.0
1 2705.5, 612.5, 89.0, 146.0
1 1678.5, 614.5, 92.0, 176.0
1 2580.5, 617.5, 106.0, 166.0
1 1224.5, 623.5, 95.0, 147.0
1 2025.5, 624.5, 100.0, 159.0
1 1136.5, 632.5, 127.0, 169.0
1 2464.5, 636.5, 107.0, 181.0
1 795.5, 664.5, 65.0, 165.0
1 3203.5, 679.5, 101.0, 177.0
1 948.5, 689.5, 65.0, 170.0
1 0.5, 704.5, 33.0, 48.0
1 0.5, 705.5, 165.0, 87.0
1 1287.5, 732.5, 124.0, 147.0
1 1924.5, 739.5, 151.0, 75.0
1 1815.5, 743.5, 104.0, 169.0
1 1432.5, 757.5, 125.0, 180.0
1 1198.5, 767.5, 108.0, 184.0
1 2531.5, 769.5, 90.0, 170.0
1 2653.5, 780.5, 129.0, 228.0
1 2258.5, 781.5, 100.0, 179.0
1 62.5, 782.5, 190.0, 109.0
1 2000.5, 796.5, 84.0, 167.0
1 2078.5, 799.5, 66.0, 146.0
1 540.5, 820.5, 85.0, 119.0
1 1395.5, 820.5, 124.0, 151.0
1 1936.5, 837.5, 68.0, 189.0
1 2247.5, 843.5, 194.0, 168.0
1 3037.5, 866.5, 121.0, 202.0
1 3819.5, 881.5, 18.5, 99.0
1 784.5, 996.5, 156.0, 107.0
1 963.5, 1030.5, 116.0, 167.0
1 2838.5, 1074.5, 169.0, 92.0
1 848.5, 1091.5, 86.0, 188.0
1 3397.5, 1153.5, 89.0, 145.0
1 2973.5, 1165.5, 170.0, 75.0
1 1190.5, 1224.5, 94.0, 97.0
1 3615.5, 1235.5, 101.0, 120.0
1 762.5, 1251.5, 97.0, 138.0
1 1554.5, 1276.5, 97.0, 139.0
1 3381.5, 1290.5, 160.0, 118.0
1 998.5, 1296.5, 130.0, 65.0
1 2206.75, 1339.75, 98.75, 116.87
1 1765.5, 1408.75, 134.0, 74.75
1 32.0, 512.5, 153.25, 156.0
1 121.5, 469.12, 89.56, 134.88
1 222.0, 447.75, 90.0, 189.25
1 185.38, 481.25, 65.87, 150.37
1 779.5, 826.75, 98.5, 210.25
1 823.06, 787.0, 128.19, 153.25
1 617.5, 834.75, 175.5, 85.75
1 720.75, 656.25, 90.5, 208.0
1 646.25, 672.0, 94.25, 174.75
1 565.75, 652.75, 162.5, 173.37
1 511.5, 602.5, 112.0, 219.25
1 594.12, 623.25, 78.26, 72.87
1 322.75, 436.75, 113.5, 141.75
1 399.25, 409.0, 117.0, 151.5
1 378.5, 344.0, 218.25, 107.5
1 427.62, 214.0, 192.13, 100.88
1 385.62, 176.62, 182.13, 105.26
1 361.75, 125.5, 183.0, 146.5
1 36.5, 210.75, 80.25, 136.25
1 32.75, 111.5, 85.75, 127.5
1 169.0, 218.5, 129.25, 77.75
1 190.25, 133.25, 146.0, 114.0
1 197.0, 70.0, 178.0, 122.5
1 306.25, 39.25, 102.0, 145.0
1 218.5, 317.5, 120.25, 135.0
1 350.75, 321.25, 90.25, 106.5
1 298.5, 425.25, 56.5, 95.0
1 308.5, 283.88, 126.88, 152.62
1 712.25, 53.0, 82.75, 135.0
1 769.25, 61.75, 84.5, 150.75
1 909.5, 364.5, 134.0, 161.5
1 1006.88, 272.5, 86.87, 161.25
1 662.5, 201.88, 142.0, 155.62
1 622.25, 130.75, 93.25, 161.75
1 1317.0, 578.5, 102.5, 192.0
1 1406.0, 597.0, 79.75, 157.0
1 1570.5, 635.5, 114.44, 187.25
1 1547.75, 602.0, 88.25, 215.88
1 1809.5, 285.25, 153.0, 131.25
1 1809.88, 240.5, 141.74, 66.25
1 1749.5, 301.0, 77.75, 56.25
1 2376.5, 0.0, 107.0, 123.5
1 2444.75, 0.5, 99.5, 119.75
1 2543.5, 244.0, 89.75, 176.75
1 2509.25, 338.5, 63.0, 155.25
1 2524.75, 426.75, 90.0, 218.0
1 2594.5, 472.62, 136.62, 173.38
1 1079.88, 645.5, 72.74, 160.25
1 989.38, 670.62, 140.68, 178.44
1 2172.0, 713.25, 106.0, 184.75
1 2134.25, 776.75, 85.0, 207.25
1 2194.5, 838.5, 83.25, 180.75
1 2106.62, 666.0, 80.13, 164.62
1 2398.0, 746.25, 153.5, 182.0
1 2333.75, 655.75, 85.5, 172.25
1 2405.0, 667.75, 86.5, 169.0
1 2274.0, 694.25, 107.38, 145.63
1 2183.25, 316.88, 168.75, 124.62
1 2283.5, 212.75, 105.88, 141.87
1 2750.5, 436.5, 182.0, 157.0
1 2732.75, 404.0, 170.5, 132.62
1 2596.62, 394.12, 144.13, 172.63
1 2672.25, 341.62, 167.75, 107.5
1 2607.75, 273.25, 178.0, 145.75
1 2783.75, 283.5, 94.5, 126.75
1 2917.5, 57.0, 120.5, 86.75
1 2892.75, 113.75, 92.5, 151.25
1 2971.75, 141.5, 91.5, 186.5
1 3021.25, 141.75, 95.0, 158.25
1 3081.25, 84.0, 87.0, 179.38
1 3031.75, 303.75, 123.75, 135.63
1 2986.0, 409.88, 114.25, 167.62
1 3385.75, 316.75, 99.5, 138.5
1 3371.0, 416.75, 131.12, 104.37
1 3581.5, 394.75, 119.0, 146.25
1 3628.5, 480.5, 111.25, 190.5
