1 987.5, 555.81, 23.19, 25.38
1 958.5, 575.25, 33.0, 19.25
1 831.5, 592.5, 24.0, 30.0
1 945.62, 593.5, 14.88, 31.0
1 796.5, 600.5, 21.88, 30.0
1 1032.25, 608.12, 32.66, 25.88
1 1094.0, 607.88, 49.62, 22.62
1 863.44, 611.69, 29.44, 24.81
1 953.5, 621.5, 38.0, 23.0
1 933.5, 621.5, 22.0, 35.0
1 794.5, 635.5, 40.5, 20.0
1 810.91, 649.84, 31.87, 34.25
1 904.5, 657.5, 35.0, 33.0
1 973.5, 655.62, 33.5, 49.88
1 1124.5, 663.5, 19.0, 36.0
1 616.12, 664.12, 38.63, 40.38
1 843.5, 664.0, 24.0, 34.5
1 929.75, 662.0, 41.25, 27.12
1 1057.5, 666.5, 27.0, 25.0
1 1079.5, 666.5, 23.0, 48.0
1 743.0, 681.38, 27.5, 38.12
1 1162.5, 664.62, 26.12, 44.88
1 1212.12, 668.25, 28.5, 38.75
1 788.5, 664.62, 24.31, 35.38
1 1099.5, 668.5, 18.0, 37.0
1 1008.5, 672.62, 21.0, 35.88
1 1140.5, 679.0, 29.62, 42.5
1 1295.38, 678.0, 37.62, 26.5
1 1332.5, 674.5, 22.0, 32.0
1 670.5, 674.5, 25.0, 33.12
1 763.5, 674.5, 26.0, 37.0
1 442.62, 677.5, 35.88, 35.0
1 1043.5, 676.5, 27.0, 38.0
1 1107.5, 675.5, 21.0, 31.0
1 1351.5, 676.5, 26.0, 29.0
1 876.38, 705.75, 38.12, 30.75
1 357.62, 684.0, 52.76, 25.12
1 816.0, 675.62, 28.12, 20.63
1 519.25, 674.75, 44.0, 26.0
1 1022.5, 682.5, 27.0, 36.0
1 1362.0, 687.5, 40.5, 24.0
1 800.5, 693.5, 24.12, 38.0
1 831.5, 692.5, 35.62, 34.0
1 1064.5, 689.5, 20.0, 31.0
1 1130.5, 692.25, 21.0, 34.25
1 1387.5, 694.25, 33.88, 32.25
1 900.5, 699.5, 31.0, 41.0
1 1107.5, 696.5, 25.0, 37.0
1 778.88, 700.88, 15.12, 37.62
1 865.5, 717.5, 29.0, 34.0
1 925.5, 721.5, 22.5, 35.0
1 775.0, 718.5, 32.5, 38.62
1 967.5, 730.5, 34.0, 30.0
1 803.5, 732.5, 27.0, 40.0
1 990.5, 738.0, 40.0, 26.5
1 1081.5, 747.5, 28.0, 37.0
1 782.5, 742.5, 23.0, 42.0
1 904.5, 747.5, 27.0, 47.0
1 412.5, 754.5, 35.0, 27.0
1 718.5, 755.5, 30.0, 43.0
1 315.5, 757.5, 30.0, 32.0
1 379.5, 756.5, 29.5, 28.62
1 1035.5, 757.5, 22.0, 33.0
1 1092.5, 755.5, 36.0, 35.0
1 402.5, 761.5, 24.75, 35.0
1 1144.0, 759.5, 28.5, 50.0
1 677.5, 762.5, 27.0, 40.0
1 338.5, 764.5, 25.0, 41.0
1 636.5, 767.0, 45.12, 38.5
1 1164.5, 767.5, 35.0, 30.0
1 474.38, 778.5, 32.62, 38.5
1 1340.5, 767.5, 21.69, 29.5
1 1581.5, 766.5, 23.0, 46.0
1 360.0, 767.38, 19.5, 31.12
1 749.5, 771.5, 36.0, 21.0
1 1016.5, 767.5, 29.0, 37.0
1 1411.5, 771.5, 34.0, 41.0
1 1604.5, 772.5, 22.0, 40.0
1 572.5, 776.5, 39.0, 46.0
1 865.5, 773.5, 22.0, 47.0
1 1113.5, 770.5, 22.0, 44.0
1 1433.5, 771.5, 30.0, 42.0
1 615.5, 777.5, 19.0, 28.25
1 999.5, 773.5, 25.0, 40.0
1 1375.5, 775.5, 52.0, 36.0
1 1039.5, 774.5, 26.0, 47.0
1 1235.5, 779.5, 38.12, 45.0
1 696.5, 777.5, 24.62, 34.0
1 882.5, 778.5, 30.0, 45.0
1 1313.5, 779.5, 29.0, 32.0
1 253.5, 783.5, 29.0, 31.0
1 279.5, 781.5, 29.0, 34.0
1 1637.5, 781.5, 30.0, 42.0
1 1059.5, 781.5, 17.75, 36.0
1 1701.5, 784.5, 39.0, 28.0
1 299.5, 804.5, 52.0, 32.0
1 735.5, 784.5, 29.0, 47.0
1 927.5, 809.06, 46.94, 34.44
1 1160.5, 785.5, 51.0, 27.0
1 1622.5, 784.5, 28.0, 43.0
1 355.5, 784.0, 50.5, 31.5
1 1086.5, 786.5, 28.0, 50.0
1 1297.5, 788.5, 32.0, 43.0
1 970.0, 788.5, 29.5, 42.0
1 1075.5, 777.62, 17.88, 40.88
1 520.62, 793.5, 29.88, 44.0
1 834.5, 792.5, 37.12, 33.75
1 1524.5, 790.5, 53.0, 51.0
1 377.12, 816.0, 54.38, 23.5
1 651.12, 792.25, 21.38, 23.13
1 715.88, 793.62, 23.62, 41.88
1 753.5, 791.5, 24.0, 39.0
1 429.5, 798.5, 44.5, 24.0
1 818.5, 794.5, 26.0, 57.0
1 1225.5, 795.5, 30.0, 43.0
1 1593.5, 798.5, 42.0, 47.0
1 1006.5, 796.5, 35.0, 51.0
1 1497.94, 793.75, 21.56, 43.75
1 575.5, 799.5, 41.0, 42.0
1 599.5, 799.5, 39.0, 44.0
1 770.5, 801.0, 51.0, 28.5
1 1205.25, 813.75, 27.25, 38.75
1 1327.5, 799.5, 34.0, 43.0
1 535.5, 804.5, 24.0, 40.0
1 1543.0, 795.75, 52.5, 44.75
1 546.5, 804.5, 32.0, 49.0
1 988.5, 803.5, 25.0, 49.0
1 1516.5, 804.5, 32.0, 48.0
1 1033.5, 809.5, 34.0, 46.0
1 1581.5, 807.5, 48.0, 48.0
1 655.5, 809.5, 57.0, 43.0
1 460.5, 813.5, 32.0, 46.0
1 1137.5, 808.5, 35.0, 52.0
1 1157.5, 811.0, 50.0, 37.5
1 1159.5, 820.5, 33.0, 43.0
1 707.5, 821.5, 33.0, 41.0
1 767.5, 827.5, 26.0, 43.0
1 1635.5, 832.5, 61.0, 26.0
1 696.12, 838.88, 40.13, 42.37
1 1100.5, 833.12, 23.0, 49.38
1 1056.12, 838.5, 46.38, 28.0
1 810.5, 842.5, 28.0, 46.0
1 996.5, 853.0, 59.0, 28.5
1 624.5, 883.5, 30.0, 44.0
1 1032.5, 889.5, 50.0, 28.0
1 1517.0, 889.5, 43.5, 45.0
1 564.12, 909.5, 31.27, 27.38
1 1659.88, 788.12, 36.0, 50.63
1 1672.19, 778.62, 38.25, 43.76
1 1556.25, 758.75, 30.25, 42.13
1 1534.5, 763.62, 48.0, 43.38
1 1476.12, 781.75, 26.0, 40.0
1 1455.31, 775.75, 27.63, 43.25
1 1378.25, 791.88, 56.75, 37.74
1 1377.44, 797.81, 34.37, 46.07
1 1359.81, 791.5, 25.57, 41.06
1 1341.5, 792.25, 34.44, 48.5
1 1270.0, 780.75, 32.12, 46.13
1 1259.5, 782.0, 31.62, 50.25
1 1250.88, 820.12, 61.74, 25.5
1 1179.12, 801.5, 54.76, 28.88
1 1129.25, 777.0, 28.25, 46.62
1 961.88, 828.0, 28.37, 14.12
1 931.06, 785.0, 46.19, 23.0
1 840.88, 817.12, 36.5, 36.76
1 853.38, 775.62, 16.12, 25.76
1 782.5, 783.25, 57.25, 24.0
1 677.75, 830.0, 33.0, 55.75
1 500.5, 799.75, 28.88, 47.13
1 500.94, 766.62, 23.0, 41.0
1 674.75, 913.0, 19.75, 28.0
1 450.5, 962.25, 42.5, 28.75
1 564.0, 971.0, 36.25, 14.62
1 465.88, 1023.12, 68.24, 29.38
1 525.5, 936.88, 40.25, 27.74
1 372.88, 795.5, 55.37, 23.38
1 298.06, 786.56, 40.0, 34.56
1 568.12, 667.91, 39.63, 26.34
1 574.25, 672.31, 46.5, 32.88
1 594.75, 698.62, 36.0, 18.88
1 629.75, 685.62, 21.81, 34.88
1 647.75, 689.88, 17.16, 27.96
1 657.66, 684.62, 22.81, 29.63
1 727.5, 686.88, 18.88, 32.37
1 714.12, 665.12, 54.38, 28.5
1 790.88, 683.62, 24.0, 34.44
1 819.38, 691.12, 27.62, 35.76
1 858.81, 693.5, 19.13, 39.56
1 878.12, 677.0, 29.5, 34.62
1 861.62, 663.38, 20.76, 29.43
1 875.94, 651.44, 30.18, 32.87
1 946.0, 719.5, 22.75, 40.75
1 950.88, 702.38, 33.12, 32.37
1 938.25, 685.25, 36.25, 33.87
1 968.75, 701.88, 20.37, 23.87
1 980.5, 700.0, 42.5, 22.62
1 988.75, 675.38, 22.25, 32.12
1 1125.88, 829.75, 27.62, 35.5
1 1148.44, 671.44, 27.0, 35.12
1 1183.62, 665.38, 20.63, 44.37
1 1195.75, 677.06, 23.19, 35.69
1 1198.62, 664.62, 58.07, 21.76
1 1281.62, 672.38, 39.26, 27.62
1 1406.25, 701.44, 32.19, 25.31
1 1407.88, 727.25, 40.12, 16.25
1 1687.25, 963.0, 32.25, 48.5
1 1092.25, 604.88, 29.37, 20.74
1 1069.75, 603.25, 26.63, 30.25
1 1056.31, 602.44, 24.0, 25.5
1 1055.06, 595.94, 39.0, 12.37
1 1012.0, 608.5, 23.94, 25.31
1 1016.03, 601.84, 39.94, 19.44
1 1005.12, 571.5, 31.0, 23.0
1 1002.75, 583.25, 37.5, 21.0
1 990.5, 583.0, 25.25, 29.81
1 984.5, 592.0, 19.0, 29.62
1 967.38, 597.12, 16.5, 27.88
1 956.44, 605.56, 12.12, 24.75
1 960.56, 581.19, 34.25, 24.25
1 687.88, 620.38, 40.37, 18.24
1 746.94, 601.62, 28.68, 29.38
1 736.81, 596.31, 31.75, 31.6
1 729.69, 590.5, 38.87, 27.06
1 716.12, 588.12, 30.32, 32.44
1 713.5, 583.88, 37.75, 30.37
1 711.75, 575.12, 44.87, 15.88
1 770.38, 594.12, 36.0, 36.63
1 773.38, 584.56, 32.87, 24.5
1 767.25, 577.06, 26.31, 24.25
1 756.94, 570.38, 38.37, 20.68
1 764.56, 563.5, 30.56, 17.19
1 789.5, 565.12, 13.44, 11.63
1 750.75, 559.5, 32.0, 24.25
1 784.16, 553.69, 31.65, 12.87
1 767.84, 549.28, 47.54, 14.75
1 793.62, 566.44, 23.13, 20.5
1 805.25, 555.38, 39.87, 45.24
1 974.88, 554.0, 27.62, 21.25
1 959.38, 559.38, 19.74, 18.12
1 945.0, 576.38, 22.12, 19.0
1 939.75, 555.12, 29.13, 17.26
1 917.38, 547.0, 21.87, 25.88
1 898.75, 612.75, 38.87, 27.37
1 924.0, 598.38, 20.62, 33.24
1 897.62, 604.62, 23.0, 25.26
1 817.0, 585.75, 22.75, 35.37
1 820.5, 567.0, 33.88, 23.75
1 840.88, 566.25, 22.37, 19.63
1 937.0, 567.5, 23.62, 22.62
1 886.12, 595.12, 29.88, 28.0
1 841.88, 586.5, 22.37, 25.75
1 853.69, 574.12, 17.19, 25.63
1 879.0, 568.25, 30.88, 30.75
1 869.31, 573.81, 16.63, 22.25
1 918.31, 565.5, 20.88, 23.12
1 872.38, 589.0, 28.12, 20.5
1 864.19, 602.12, 18.87, 14.94
1 914.0, 587.5, 15.81, 25.84
1 909.06, 568.69, 18.25, 22.62
1 897.5, 576.88, 16.06, 24.87
1 926.0, 584.25, 20.75, 21.56
