1 1.3710648148148148, 0.244921875, 0.018518518518518517, 0.0203125
1 1.3506944444444444, 0.24934895833333334, 0.02546296296296296, 0.018229166666666668
1 1.2608796296296296, 0.2545572916666667, 0.028703703703703703, 0.0171875
1 1.4525462962962963, 0.25638020833333336, 0.026851851851851852, 0.0175703125
1 1.4067129629629629, 0.25872395833333334, 0.020370370370370372, 0.020572916666666666
1 1.4724537037037038, 0.258203125, 0.018000000000000002, 0.01982291666666667
1 0.9914351851851851, 0.25950520833333335, 0.021296296296296296, 0.023697916666666666
1 1.4460648148148147, 0.259765625, 0.02824074074074074, 0.021614583333333333
1 0.9076388888888889, 0.260546875, 0.040740740740740744, 0.011197916666666667
1 1.0368055555555555, 0.2601875, 0.022166666666666668, 0.011036458333333334
1 1.336111111111111, 0.262890625, 0.04236111111111111, 0.017546875
1 1.4215277777777777, 0.264453125, 0.019444444444444445, 0.0171875
1 1.2636574074074074, 0.264453125, 0.03009259259259259, 0.01328125
1 0.9335648148148148, 0.265234375, 0.03657407407407407, 0.020052083333333335
1 1.0071759259259259, 0.2654947916666667, 0.018055555555555554, 0.0203125
1 1.056712962962963, 0.266796875, 0.03935185185185185, 0.01484375
1 0.9124444444444445, 0.2662760416666667, 0.040101851851851854, 0.016927083333333332
1 0.9627314814814815, 0.26705729166666664, 0.026185185185185186, 0.016666666666666666
1 1.4400462962962963, 0.26609635416666666, 0.025, 0.02109375
1 1.4854166666666666, 0.269140625, 0.029166666666666667, 0.008072916666666667
1 1.3155092592592592, 0.270703125, 0.03564814814814815, 0.014322916666666666
1 1.3868055555555556, 0.27122395833333335, 0.023148148148148147, 0.02421875
1 0.965625, 0.270703125, 0.028587962962962964, 0.016145833333333335
1 1.3346064814814815, 0.2750651041666667, 0.03894907407407407, 0.0107421875
1 1.5085648148148147, 0.275390625, 0.02824074074074074, 0.014583333333333334
1 0.11134259259259259, 0.27591145833333336, 0.026851851851851852, 0.018880208333333332
1 1.271064814814815, 0.27565104166666665, 0.025, 0.020833333333333332
1 1.4761574074074073, 0.27513020833333335, 0.03935185185185185, 0.011197916666666667
1 0.2738425925925926, 0.27643229166666666, 0.02361111111111111, 0.016927083333333332
1 0.9844907407407407, 0.2766927083333333, 0.021296296296296296, 0.023697916666666666
1 1.3043981481481481, 0.27591145833333336, 0.020370370370370372, 0.018229166666666668
1 1.2886574074074073, 0.2774739583333333, 0.019444444444444445, 0.016927083333333332
1 0.15393518518518517, 0.2774739583333333, 0.024074074074074074, 0.025260416666666667
1 0.9423611111111111, 0.27724479166666666, 0.02387037037037037, 0.018979166666666665
1 1.353935185185185, 0.2772135416666667, 0.034722222222222224, 0.015364583333333333
1 1.0710648148148147, 0.278515625, 0.03888888888888889, 0.016145833333333335
1 1.4118055555555555, 0.279296875, 0.03657407407407407, 0.013541666666666667
1 0.1363425925925926, 0.27981770833333336, 0.024074074074074074, 0.02421875
1 0.2571759259259259, 0.27981770833333336, 0.020370370370370372, 0.025520833333333333
1 0.29606481481481484, 0.280078125, 0.018055555555555554, 0.022395833333333334
1 1.2395833333333333, 0.2811197916666667, 0.02361111111111111, 0.015625
1 0.23680555555555555, 0.280859375, 0.020833333333333332, 0.0171875
1 0.18032407407407408, 0.281640625, 0.020370370370370372, 0.022395833333333334
1 0.9127314814814815, 0.27955729166666665, 0.02337962962962963, 0.015885416666666666
1 1.3770833333333334, 0.280859375, 0.020370370370370372, 0.021354166666666667
1 1.4835648148148148, 0.2811197916666667, 0.03425925925925926, 0.018651041666666666
1 1.33125, 0.282421875, 0.026851851851851852, 0.01953125
1 1.5229166666666667, 0.281640625, 0.022685185185185187, 0.02265625
1 0.12476851851851851, 0.28346354166666665, 0.018055555555555554, 0.019791666666666666
1 0.16689814814814816, 0.28346354166666665, 0.018055555555555554, 0.021875
1 0.2826388888888889, 0.28372395833333336, 0.01574074074074074, 0.023177083333333334
1 0.9217592592592593, 0.283203125, 0.02638888888888889, 0.01328125
1 0.30949074074074073, 0.2850260416666667, 0.03564814814814815, 0.012760416666666666
1 1.4793981481481482, 0.28424479166666666, 0.023148148148148147, 0.01953125
1 0.944212962962963, 0.2852864583333333, 0.030324074074074073, 0.0203125
1 0.969212962962963, 0.283578125, 0.015333333333333332, 0.015575520833333334
1 1.1625, 0.286328125, 0.026157407407407407, 0.0203125
1 1.4420416666666667, 0.286328125, 0.02141203703703704, 0.023177083333333334
1 0.18587962962962962, 0.287109375, 0.028703703703703703, 0.0234375
1 0.0962962962962963, 0.2884114583333333, 0.019675925925925927, 0.020052083333333335
1 1.0747685185185185, 0.28736979166666665, 0.030555555555555555, 0.015364583333333333
1 1.092824074074074, 0.2891927083333333, 0.027777777777777776, 0.02109375
1 1.3488425925925926, 0.28828125, 0.027777777777777776, 0.011067708333333334
1 1.469675925925926, 0.28684895833333335, 0.021037037037037035, 0.024739583333333332
1 0.03263888888888889, 0.2897135416666667, 0.020370370370370372, 0.023958333333333335
1 0.830787037037037, 0.2897135416666667, 0.027314814814814816, 0.023958333333333335
1 1.1153935185185184, 0.2891927083333333, 0.014467592592592593, 0.0171875
1 1.1877314814814814, 0.289453125, 0.020370370370370372, 0.01953125
1 1.5113425925925925, 0.2884114583333333, 0.020833333333333332, 0.011979166666666667
1 0.2414351851851852, 0.28997395833333334, 0.019444444444444445, 0.022916666666666665
1 1.4284722222222221, 0.29013541666666665, 0.018055555555555554, 0.013901041666666667
1 0.8150462962962963, 0.290234375, 0.01898148148148148, 0.0234375
1 0.9635416666666666, 0.2891927083333333, 0.030208333333333334, 0.021875
1 1.1219907407407408, 0.291015625, 0.02361111111111111, 0.022395833333333334
1 0.0002314814814814815, 0.291796875, 0.02199074074074074, 0.012760416666666666
1 1.0539351851851853, 0.292578125, 0.021296296296296296, 0.014453125
1 0.269212962962963, 0.292578125, 0.017592592592592594, 0.017447916666666667
1 1.1363425925925925, 0.29296875, 0.03194444444444444, 0.018098958333333335
1 1.1938935185185184, 0.2930989583333333, 0.03226388888888889, 0.019807291666666667
1 1.4534722222222223, 0.29466145833333335, 0.021703703703703704, 0.015364583333333333
1 0.018287037037037036, 0.294921875, 0.021296296296296296, 0.018229166666666668
1 0.20023148148148148, 0.29544270833333336, 0.019444444444444445, 0.020572916666666666
1 1.0150462962962963, 0.295703125, 0.026851851851851852, 0.018229166666666668
1 1.3122685185185186, 0.29518229166666665, 0.018055555555555554, 0.021614583333333333
1 1.2506944444444446, 0.296484375, 0.034722222222222224, 0.015950520833333332
1 1.282175925925926, 0.29596354166666666, 0.017592592592592594, 0.022916666666666665
1 0.2247685185185185, 0.295703125, 0.01990740740740741, 0.02109375
1 1.0400462962962962, 0.2975260416666667, 0.021296296296296296, 0.018489583333333334
1 1.3344907407407407, 0.29830729166666664, 0.03148148148148148, 0.018229166666666668
1 1.4910601851851852, 0.2980963541666667, 0.03602314814814815, 0.0134921875
1 0.868287037037037, 0.29908854166666665, 0.020888888888888887, 0.01640625
1 0.12569444444444444, 0.3009114583333333, 0.01898148148148148, 0.016145833333333335
1 0.15208333333333332, 0.299609375, 0.01898148148148148, 0.0203125
1 0.33217592592592593, 0.3014322916666667, 0.02361111111111111, 0.021354166666666667
1 1.0969907407407407, 0.3021328125, 0.020833333333333332, 0.019872395833333334
1 1.21875, 0.30169270833333334, 0.020370370370370372, 0.021354166666666667
1 1.3284722222222223, 0.299609375, 0.018518518518518517, 0.01796875
1 0.00949074074074074, 0.30247395833333335, 0.029166666666666667, 0.016666666666666666
1 0.8354166666666667, 0.30084635416666666, 0.024074074074074074, 0.0185546875
1 1.4167222222222222, 0.30325520833333336, 0.022861111111111113, 0.023958333333333335
1 0.31689814814814815, 0.3040364583333333, 0.022685185185185187, 0.021614583333333333
1 0.9632962962962962, 0.303515625, 0.02350925925925926, 0.021354166666666667
1 1.03125, 0.304296875, 0.016393518518518516, 0.015625
1 0.000462962962962963, 0.30442708333333335, 0.01087962962962963, 0.005338541666666667
1 0.1613425925925926, 0.3053385416666667, 0.01990740740740741, 0.015625
1 0.8493055555555555, 0.30559895833333334, 0.02051388888888889, 0.013802083333333333
1 1.16875, 0.3053385416666667, 0.02546296296296296, 0.02314583333333333
1 1.2361111111111112, 0.30611979166666664, 0.016435185185185185, 0.021614583333333333
1 0.9793101851851852, 0.305859375, 0.021847222222222223, 0.019270833333333334
1 0.0002314814814814815, 0.306640625, 0.02175925925925926, 0.019791666666666666
1 0.9381944444444444, 0.30716145833333336, 0.029805555555555554, 0.012239583333333333
1 1.1532407407407408, 0.3056640625, 0.015162037037037036, 0.0146484375
1 1.1622685185185184, 0.306640625, 0.01712962962962963, 0.013020833333333334
1 1.1094907407407408, 0.306640625, 0.018055555555555554, 0.015364583333333333
1 1.1395833333333334, 0.3079427083333333, 0.018518518518518517, 0.021354166666666667
1 1.4034722222222222, 0.308203125, 0.018055555555555554, 0.021630208333333335
1 0.0798611111111111, 0.308203125, 0.020370370370370372, 0.018229166666666668
1 1.1224537037037037, 0.31002604166666664, 0.019444444444444445, 0.020833333333333332
1 0.06041666666666667, 0.31106770833333336, 0.026157407407407407, 0.0171875
1 1.2079259259259258, 0.3072421875, 0.014412037037037037, 0.0197109375
1 1.2590277777777779, 0.31080729166666665, 0.03194444444444444, 0.016927083333333332
1 1.1868055555555554, 0.3123697916666667, 0.02175925925925926, 0.0140625
1 1.2483796296296297, 0.312890625, 0.016666666666666666, 0.022135416666666668
1 1.3206018518518519, 0.312890625, 0.02436111111111111, 0.017708333333333333
1 1.2888611111111112, 0.3162109375, 0.018314814814814815, 0.0115234375
1 1.1534722222222222, 0.3196614583333333, 0.017592592592592594, 0.022395833333333334
1 1.0247685185185185, 0.3201822916666667, 0.015277777777777777, 0.016145833333333335
1 0.8909722222222223, 0.321484375, 0.02962962962962963, 0.013541666666666667
1 1.0506944444444444, 0.32174479166666664, 0.017592592592592594, 0.015625
1 1.420601851851852, 0.32122395833333334, 0.01574074074074074, 0.01640625
1 1.1789351851851853, 0.322265625, 0.03009259259259259, 0.018229166666666668
1 1.0127314814814814, 0.32330729166666666, 0.013888888888888888, 0.0140625
1 1.2247685185185184, 0.3201822916666667, 0.01990740740740741, 0.025520833333333333
1 1.34375, 0.32330729166666666, 0.016666666666666666, 0.019010416666666665
1 1.0368055555555555, 0.3235677083333333, 0.017592592592592594, 0.014322916666666666
1 1.2083888888888887, 0.3243489583333333, 0.018231481481481484, 0.019270833333333334
1 1.2378611111111113, 0.32421354166666666, 0.013888888888888888, 0.016145833333333335
1 1.3817407407407407, 0.3248697916666667, 0.029226851851851855, 0.014322916666666666
1 1.168287037037037, 0.3250651041666667, 0.02112037037037037, 0.016471354166666667
1 1.2817129629629629, 0.3254895833333334, 0.018518518518518517, 0.01786979166666667
1 1.119212962962963, 0.32643229166666665, 0.024537037037037038, 0.01640625
1 1.2983796296296297, 0.32721354166666666, 0.02361111111111111, 0.02109375
1 1.2650462962962963, 0.32721354166666666, 0.018083333333333333, 0.008854166666666666
1 1.3247685185185185, 0.326953125, 0.02028240740740741, 0.01328125
1 1.4631944444444445, 0.3282552083333333, 0.02546296296296296, 0.013541666666666667
1 1.3553240740740742, 0.3287760416666667, 0.02962962962962963, 0.016666666666666666
1 1.4743055555555555, 0.3287760416666667, 0.03148148148148148, 0.022135416666666668
1 1.1923611111111112, 0.3296380208333333, 0.02175925925925926, 0.013460937499999999
1 1.3872685185185185, 0.330078125, 0.037037037037037035, 0.0125
1 1.143287037037037, 0.33111979166666666, 0.01712962962962963, 0.012239583333333333
1 1.5349537037037038, 0.33841145833333336, 0.026851851851851852, 0.023958333333333335
1 1.2048611111111112, 0.345703125, 0.022222222222222223, 0.016927083333333332
1 1.19375, 0.3514322916666667, 0.016203703703703703, 0.015885416666666666
1 0.669212962962963, 0.3516927083333333, 0.02962962962962963, 0.010416666666666666
1 0.7854166666666667, 0.38671875, 0.05277777777777778, 0.01328125
1 0.31319444444444444, 0.2771484375, 0.037384259259259256, 0.011393229166666666
1 0.22569444444444445, 0.2794921875, 0.02048611111111111, 0.0205078125
1 0.20023148148148148, 0.26295572916666665, 0.023148148148148147, 0.0212890625
1 0.2099537037037037, 0.296484375, 0.019675925925925927, 0.021940104166666665
1 0.1443287037037037, 0.29322916666666665, 0.011921296296296296, 0.020572916666666666
1 0.11354166666666667, 0.29401041666666666, 0.019212962962962963, 0.021419270833333334
1 0.05260185185185185, 0.29332812500000005, 0.013888888888888888, 0.01904166666666667
1 0.044444444444444446, 0.28509114583333334, 0.025, 0.022559895833333333
1 0.09479166666666666, 0.30026041666666664, 0.02349537037037037, 0.018294270833333334
1 0.08107407407407408, 0.2877916666666666, 0.021416666666666667, 0.024317708333333334
1 0.060703703703703704, 0.28981250000000003, 0.018055555555555554, 0.024739583333333332
1 0.07060185185185185, 0.289453125, 0.016027777777777776, 0.015088541666666667
1 0.06851851851851852, 0.3041979166666666, 0.017708333333333333, 0.010875
1 1.0711805555555556, 0.30299479166666665, 0.017939814814814815, 0.013932291666666667
1 1.0829259259259258, 0.30221354166666664, 0.014527777777777777, 0.017739583333333333
1 1.3018518518518518, 0.2977213541666667, 0.009722222222222222, 0.0138671875
