1 1.669212962962963, 0.12591145833333334, 0.04976851851851852, 0.014322916666666666
1 1.7506944444444446, 0.13268229166666667, 0.02638888888888889, 0.0265625
1 1.6789351851851853, 0.13450520833333332, 0.05694444444444444, 0.015104166666666667
1 1.3784722222222223, 0.13763020833333334, 0.03935185185185185, 0.0296875
1 1.4284722222222221, 0.13919270833333333, 0.032407407407407406, 0.024317708333333334
1 1.2636574074074074, 0.14127604166666666, 0.058333333333333334, 0.018489583333333334
1 1.356712962962963, 0.14153645833333334, 0.03981481481481482, 0.022135416666666668
1 1.631712962962963, 0.141828125, 0.02546296296296296, 0.020541666666666666
1 1.6793981481481481, 0.14309895833333333, 0.05740740740740741, 0.013802083333333333
1 1.6030092592592593, 0.144140625, 0.029861111111111113, 0.0171875
1 0.8951388888888889, 0.14596354166666667, 0.028703703703703703, 0.023177083333333334
1 1.0247685185185185, 0.149609375, 0.03935185185185185, 0.022395833333333334
1 1.0608796296296297, 0.15143229166666666, 0.04722222222222222, 0.01953125
1 1.1229166666666666, 0.15143229166666666, 0.0625, 0.0125
1 1.519212962962963, 0.151171875, 0.0587962962962963, 0.01953125
1 1.2113425925925927, 0.15377604166666667, 0.04675925925925926, 0.015104166666666667
1 0.7446759259259259, 0.15403645833333332, 0.04537037037037037, 0.020572916666666666
1 0.8733796296296297, 0.155859375, 0.031018518518518518, 0.02578125
1 1.1636574074074073, 0.15611979166666667, 0.05138888888888889, 0.01875
1 1.0131944444444445, 0.15768229166666667, 0.04583333333333333, 0.021354166666666667
1 1.2335648148148148, 0.15950520833333334, 0.059722222222222225, 0.013802083333333333
1 0.8363425925925926, 0.160546875, 0.03009259259259259, 0.022135416666666668
1 1.5960648148148149, 0.15950520833333334, 0.05787037037037037, 0.0140625
1 1.0752314814814814, 0.161328125, 0.0375, 0.015364583333333333
1 1.6476574074074075, 0.16080729166666666, 0.060444444444444446, 0.0140625
1 0.8074953703703704, 0.163671875, 0.03833796296296296, 0.021614583333333333
1 1.4430555555555555, 0.16121354166666665, 0.053009259259259256, 0.013916666666666666
1 0.992824074074074, 0.165234375, 0.05, 0.01953125
1 0.7770833333333333, 0.166796875, 0.04212962962962963, 0.020572916666666666
1 0.7106759259259259, 0.16686197916666667, 0.04187037037037037, 0.018424479166666667
1 1.1921296296296295, 0.16731770833333334, 0.04421296296296296, 0.01484375
1 0.7482037037037037, 0.16731770833333334, 0.03397222222222222, 0.03486458333333333
1 0.9053240740740741, 0.16940104166666667, 0.06481481481481481, 0.01328125
1 1.1108796296296297, 0.17044270833333333, 0.041666666666666664, 0.019791666666666666
1 0.6858796296296297, 0.17122395833333334, 0.05092592592592592, 0.015885416666666666
1 1.28125, 0.174609375, 0.06018518518518518, 0.01171875
1 0.41782407407407407, 0.180078125, 0.05462962962962963, 0.022916666666666665
1 1.4974537037037037, 0.193359375, 0.03333333333333333, 0.02421875
1 1.5344907407407407, 0.19518229166666667, 0.060648148148148145, 0.017447916666666667
1 1.5993055555555555, 0.199609375, 0.03333333333333333, 0.023958333333333335
1 1.3594907407407408, 0.20169270833333333, 0.03425925925925926, 0.0296875
1 1.1604166666666667, 0.204296875, 0.044444444444444446, 0.028125
1 1.3900462962962963, 0.205078125, 0.027777777777777776, 0.0265625
1 0.7840277777777778, 0.20533854166666668, 0.060648148148148145, 0.022135416666666668
1 1.1108796296296297, 0.20611979166666666, 0.026851851851851852, 0.016145833333333335
1 1.1877314814814814, 0.20611979166666666, 0.04583333333333333, 0.03125
1 1.1344907407407407, 0.20690104166666667, 0.02962962962962963, 0.024739583333333332
1 1.6891203703703703, 0.20611979166666666, 0.041666666666666664, 0.029166666666666667
1 1.330324074074074, 0.207421875, 0.04259259259259259, 0.029166666666666667
1 1.646064814814815, 0.20872395833333332, 0.0412037037037037, 0.025520833333333333
1 0.9469907407407407, 0.20872395833333332, 0.03796296296296296, 0.029166666666666667
1 1.5696759259259259, 0.20950520833333333, 0.034722222222222224, 0.0328125
1 1.5011574074074074, 0.21080729166666667, 0.06574074074074074, 0.01484375
1 1.055787037037037, 0.21236979166666667, 0.056018518518518516, 0.019921875
1 1.232175925925926, 0.21236979166666667, 0.06412037037037037, 0.015104166666666667
1 0.6673055555555556, 0.213671875, 0.03292592592592593, 0.028645833333333332
1 0.8391203703703703, 0.21393229166666666, 0.03796296296296296, 0.0296875
1 0.9291111111111111, 0.216796875, 0.02899074074074074, 0.0265625
1 1.6284722222222223, 0.216796875, 0.03611111111111111, 0.027604166666666666
1 1.1011574074074073, 0.21302083333333333, 0.05555555555555555, 0.029296875
1 0.44699074074074074, 0.21888020833333333, 0.046296296296296294, 0.021614583333333333
1 0.6076388888888888, 0.21940104166666666, 0.03935185185185185, 0.027604166666666666
1 0.6344490740740741, 0.219140625, 0.04098611111111111, 0.026822916666666665
1 0.7618055555555555, 0.218359375, 0.046296296296296294, 0.0171875
1 0.5377314814814815, 0.219921875, 0.03333333333333333, 0.0259921875
1 0.6923611111111111, 0.220703125, 0.030555555555555555, 0.025
1 0.5743611111111111, 0.2205078125, 0.036055555555555556, 0.0298828125
1 0.7127314814814815, 0.22096354166666668, 0.03518518518518519, 0.0328125
1 1.3025462962962964, 0.221484375, 0.031018518518518518, 0.02890625
1 1.5381944444444444, 0.22511458333333334, 0.047685185185185185, 0.026578125
1 1.6006944444444444, 0.220703125, 0.03611111111111111, 0.023958333333333335
1 1.769212962962963, 0.22408854166666667, 0.00787037037037037, 0.017447916666666667
1 0.9719907407407408, 0.22565104166666666, 0.038425925925925926, 0.02734375
1 0.7331018518518518, 0.226171875, 0.03657407407407407, 0.024739583333333332
1 0.7664351851851852, 0.22486979166666668, 0.04027777777777778, 0.027083333333333334
1 1.519212962962963, 0.22779947916666668, 0.05324074074074074, 0.030403645833333333
1 0.39210185185185187, 0.2282708333333333, 0.05581481481481482, 0.014307291666666666
1 1.2127314814814816, 0.22825520833333332, 0.03518518518518519, 0.03307291666666667
1 1.0307870370370371, 0.22955729166666666, 0.02962962962962963, 0.030729166666666665
1 1.730787037037037, 0.230078125, 0.033796296296296297, 0.029166666666666667
1 1.4775462962962962, 0.23059895833333333, 0.04537037037037037, 0.023958333333333335
1 1.3798611111111112, 0.23059895833333333, 0.02824074074074074, 0.022395833333333334
1 0.30069444444444443, 0.23190104166666667, 0.0412037037037037, 0.028645833333333332
1 0.46371296296296294, 0.232421875, 0.04346296296296296, 0.025015625
1 0.9840277777777777, 0.23502604166666666, 0.03518518518518519, 0.025520833333333333
1 1.1321759259259259, 0.23580729166666667, 0.03657407407407407, 0.028026041666666668
1 1.2483796296296297, 0.235546875, 0.038425925925925926, 0.0109375
1 0.3835648148148148, 0.237109375, 0.07175925925925926, 0.015885416666666666
1 1.2840277777777778, 0.23697916666666666, 0.018518518518518517, 0.0069010416666666664
1 0.7793981481481481, 0.23658854166666668, 0.038657407407407404, 0.026822916666666665
1 0.8150462962962963, 0.23815104166666667, 0.022685185185185187, 0.027083333333333334
1 0.8344907407407407, 0.23815104166666667, 0.032407407407407406, 0.03307291666666667
1 0.8761574074074074, 0.23763020833333334, 0.03148148148148148, 0.026822916666666665
1 0.5599537037037037, 0.23919270833333334, 0.031018518518518518, 0.022135416666666668
1 0.7460648148148148, 0.23815104166666667, 0.037037037037037035, 0.03359375
1 0.9382499999999999, 0.23893229166666666, 0.033277777777777774, 0.025260416666666667
1 0.5113425925925926, 0.23971354166666667, 0.029166666666666667, 0.0244140625
1 0.5854166666666667, 0.23997395833333332, 0.03917592592592593, 0.023958333333333335
1 1.35625, 0.240234375, 0.037037037037037035, 0.03203125
1 0.5368055555555555, 0.23997395833333332, 0.03148148148148148, 0.0328125
1 1.4153333333333333, 0.241796875, 0.06776851851851852, 0.01953125
1 0.9993055555555556, 0.24127604166666666, 0.03981481481481482, 0.03170572916666667
1 1.7585648148148147, 0.24114583333333334, 0.018518518518518517, 0.021484375
1 0.6506944444444445, 0.23697916666666666, 0.04537037037037037, 0.019140625
1 1.2428240740740741, 0.24283854166666666, 0.07546296296296297, 0.013802083333333333
1 1.4652777777777777, 0.243359375, 0.06041666666666667, 0.025520833333333333
1 1.6331018518518519, 0.24309895833333334, 0.025055555555555553, 0.026627604166666666
1 0.6030092592592593, 0.24309895833333334, 0.04027777777777778, 0.021125
1 0.6206296296296296, 0.24361979166666667, 0.03747222222222222, 0.031510416666666666
1 0.43472222222222223, 0.24596354166666667, 0.06041666666666667, 0.023697916666666666
1 0.8520833333333333, 0.24596354166666667, 0.03194444444444444, 0.025260416666666667
1 0.6868055555555556, 0.24778645833333332, 0.0375, 0.028125
1 1.5159722222222223, 0.24752604166666667, 0.0412037037037037, 0.04192708333333333
1 1.5641203703703703, 0.24674479166666666, 0.03009259259259259, 0.022395833333333334
1 1.6053240740740742, 0.24778645833333332, 0.05977777777777778, 0.03134895833333333
1 0.7094907407407407, 0.248828125, 0.04583333333333333, 0.027864583333333335
1 1.3905092592592592, 0.248828125, 0.046296296296296294, 0.01796875
1 0.3951388888888889, 0.24908854166666666, 0.050462962962962966, 0.015364583333333333
1 0.7956018518518518, 0.2501302083333333, 0.02824074074074074, 0.023697916666666666
1 1.3053240740740741, 0.24986979166666667, 0.04823611111111111, 0.018489583333333334
1 1.054861111111111, 0.24856770833333333, 0.03935185185185185, 0.03463541666666667
1 1.1002314814814815, 0.24959375, 0.03350925925925926, 0.029442708333333335
1 0.968287037037037, 0.25169270833333335, 0.03009259259259259, 0.030208333333333334
1 0.28912037037037036, 0.252734375, 0.032407407407407406, 0.0359375
1 1.1766203703703704, 0.255078125, 0.05138888888888889, 0.021614583333333333
1 1.267824074074074, 0.25481770833333334, 0.07453703703703704, 0.020572916666666666
1 0.38078703703703703, 0.25558333333333333, 0.04259259259259259, 0.018114583333333333
1 1.3432870370370371, 0.25481770833333334, 0.02824074074074074, 0.029427083333333333
1 1.4099537037037038, 0.2540364583333333, 0.0699074074074074, 0.014583333333333334
1 1.245601851851852, 0.25533854166666664, 0.055092592592592596, 0.027864583333333335
1 0.23217592592592592, 0.2545572916666667, 0.041435185185185186, 0.03203125
1 0.7155092592592592, 0.25533854166666664, 0.04722222222222222, 0.027604166666666666
1 1.1094907407407408, 0.25638020833333336, 0.038425925925925926, 0.032552083333333336
1 1.0886574074074074, 0.25908333333333333, 0.01990740740740741, 0.024119791666666668
1 1.4747685185185184, 0.25638020833333336, 0.032407407407407406, 0.028385416666666666
1 1.544212962962963, 0.256640625, 0.04259259259259259, 0.03733854166666666
1 0.5469907407407407, 0.2576822916666667, 0.04398148148148148, 0.0296875
1 0.5727407407407407, 0.25872395833333334, 0.04647222222222222, 0.02890625
1 0.7594907407407407, 0.2579427083333333, 0.04537037037037037, 0.032552083333333336
1 0.9474537037037037, 0.2579427083333333, 0.02638888888888889, 0.03177083333333333
1 0.3039351851851852, 0.26028645833333336, 0.03981481481481482, 0.02734375
1 0.36689814814814814, 0.259765625, 0.02638888888888889, 0.015885416666666666
1 0.8826388888888889, 0.25950520833333335, 0.03148148148148148, 0.032552083333333336
1 0.9872685185185185, 0.25950520833333335, 0.032407407407407406, 0.031510416666666666
1 0.4113425925925926, 0.25950520833333335, 0.03287037037037037, 0.03411458333333333
1 1.2210648148148149, 0.26002604166666665, 0.0712962962962963, 0.03203125
1 1.7489305555555557, 0.2623697916666667, 0.028874999999999998, 0.00859375
1 0.781712962962963, 0.2610677083333333, 0.0625, 0.0265625
1 1.5743055555555556, 0.262109375, 0.041666666666666664, 0.021875
1 0.43125, 0.26315104166666664, 0.040740740740740744, 0.030729166666666665
1 0.4840277777777778, 0.262109375, 0.052083333333333336, 0.029166666666666667
1 0.5229166666666667, 0.26315104166666664, 0.03287037037037037, 0.03229166666666667
1 0.34594907407407405, 0.26315104166666664, 0.02696759259259259, 0.031510416666666666
1 0.8664351851851851, 0.262890625, 0.029166666666666667, 0.029427083333333333
1 0.15300925925925926, 0.264453125, 0.04887037037037037, 0.02734375
1 0.6006944444444444, 0.261328125, 0.03935185185185185, 0.03463541666666667
1 1.4118055555555555, 0.2649739583333333, 0.06435185185185185, 0.01484375
1 0.3266203703703704, 0.26471354166666666, 0.027777777777777776, 0.0328125
1 0.18217592592592594, 0.26653645833333334, 0.0375, 0.02578125
1 0.38819444444444445, 0.26731770833333335, 0.026851851851851852, 0.03046875
1 0.6665509259259259, 0.26705729166666664, 0.033680555555555554, 0.03203125
1 1.6141203703703704, 0.266796875, 0.060648148148148145, 0.024739583333333332
1 0.13171296296296298, 0.26809895833333336, 0.041490740740740745, 0.025325520833333334
1 1.50625, 0.266015625, 0.04259259259259259, 0.031510416666666666
1 1.4918981481481481, 0.27044270833333334, 0.03935185185185185, 0.030729166666666665
1 0.8446759259259259, 0.2688802083333333, 0.026851851851851852, 0.023958333333333335
1 1.3502314814814815, 0.27044270833333334, 0.04722222222222222, 0.026822916666666665
1 0.9201388888888888, 0.27174479166666665, 0.03009259259259259, 0.0296875
1 1.1655092592592593, 0.272265625, 0.029166666666666667, 0.030729166666666665
1 1.1877314814814814, 0.27200520833333336, 0.03796296296296296, 0.037760416666666664
1 1.2122685185185185, 0.27252604166666666, 0.04537037037037037, 0.04140625
1 1.2881944444444444, 0.27122395833333335, 0.046296296296296294, 0.025520833333333333
1 0.20712037037037037, 0.273046875, 0.04473148148148148, 0.023697916666666666
1 1.0090277777777779, 0.2733072916666667, 0.04398148148148148, 0.030989583333333334
1 1.3085648148148148, 0.2728177083333333, 0.04537037037037037, 0.026791666666666665
1 0.36550925925925926, 0.2735677083333333, 0.03009259259259259, 0.02578125
1 1.607175925925926, 0.2740885416666667, 0.058333333333333334, 0.01875
1 1.3872685185185185, 0.27565104166666665, 0.08055555555555556, 0.019791666666666666
1 1.2340277777777777, 0.276171875, 0.06481481481481481, 0.034375
1 0.7965277777777777, 0.2766927083333333, 0.052314814814814814, 0.03229166666666667
1 0.9655092592592592, 0.2772135416666667, 0.03518518518518519, 0.021614583333333333
1 0.7747685185185185, 0.280859375, 0.04490740740740741, 0.020052083333333335
1 0.30949074074074073, 0.2813802083333333, 0.02638888888888889, 0.01953125
1 0.9317129629629629, 0.2811197916666667, 0.026851851851851852, 0.024479166666666666
1 1.4761574074074073, 0.2811197916666667, 0.02962962962962963, 0.023697916666666666
1 1.4502314814814814, 0.27955729166666665, 0.03148148148148148, 0.03203125
1 1.5710648148148147, 0.28346354166666665, 0.0375, 0.037760416666666664
1 0.9567129629629629, 0.28216145833333334, 0.024537037037037038, 0.030208333333333334
1 0.24097222222222223, 0.2845052083333333, 0.06018518518518518, 0.013541666666666667
1 1.6988425925925925, 0.2850260416666667, 0.03801851851851852, 0.020572916666666666
1 1.0715277777777779, 0.28606770833333334, 0.03333333333333333, 0.040625
1 1.36875, 0.28684895833333335, 0.05462962962962963, 0.018229166666666668
1 1.0469907407407408, 0.28763020833333336, 0.02824074074074074, 0.0359375
1 0.6215277777777778, 0.289453125, 0.044444444444444446, 0.023177083333333334
1 1.416435185185185, 0.2889322916666667, 0.03657407407407407, 0.029427083333333333
1 1.0032407407407407, 0.2889322916666667, 0.028935185185185185, 0.034375
1 0.7266203703703704, 0.29049479166666664, 0.03333333333333333, 0.0328125
1 1.6402777777777777, 0.291015625, 0.07847222222222222, 0.021354166666666667
1 0.1650462962962963, 0.29205729166666666, 0.06574074074074074, 0.015104166666666667
1 0.9770833333333333, 0.29205729166666666, 0.033796296296296297, 0.034895833333333334
1 1.179861111111111, 0.2923177083333333, 0.031018518518518518, 0.028125
1 1.757638888888889, 0.2924791666666666, 0.019851851851851853, 0.0162265625
1 1.6219907407407408, 0.29518229166666665, 0.07037037037037037, 0.033854166666666664
1 1.3474537037037038, 0.29921875, 0.06944444444444445, 0.017057291666666665
1 1.5011574074074074, 0.29339062499999996, 0.07222222222222222, 0.020541666666666666
1 1.4604166666666667, 0.30026041666666664, 0.03935185185185185, 0.033463541666666666
1 1.7108796296296296, 0.30325520833333336, 0.06620370370370371, 0.016455729166666665
1 1.0233796296296296, 0.30768229166666666, 0.04398148148148148, 0.04401041666666667
1 1.3215277777777779, 0.3084635416666667, 0.04351851851851852, 0.026302083333333334
1 1.5918425925925928, 0.3081041666666666, 0.03662962962962963, 0.030046874999999997
1 1.620601851851852, 0.3087239583333333, 0.05552777777777778, 0.027604166666666666
1 1.4964722222222222, 0.3154635416666667, 0.04403703703703704, 0.0320625
1 1.5253472222222222, 0.311328125, 0.0369212962962963, 0.030729166666666665
1 1.4131944444444444, 0.3165364583333333, 0.031018518518518518, 0.03046875
1 0.9988425925925926, 0.31861979166666665, 0.04722222222222222, 0.030729166666666665
1 1.558101851851852, 0.318359375, 0.049074074074074076, 0.025260416666666667
1 1.7215277777777778, 0.31861979166666665, 0.05555555555555555, 0.03984375
1 1.7483796296296297, 0.31888020833333336, 0.029282407407407406, 0.03170572916666667
1 1.2006944444444445, 0.320703125, 0.062037037037037036, 0.035416666666666666
1 1.3863425925925925, 0.321484375, 0.029166666666666667, 0.029947916666666668
1 0.8701388888888889, 0.32174479166666664, 0.0412037037037037, 0.03229166666666667
1 1.6909722222222223, 0.322265625, 0.06591666666666667, 0.041177083333333336
1 1.3150462962962963, 0.324609375, 0.05277777777777778, 0.038802083333333334
1 0.9701388888888889, 0.32513020833333334, 0.04861111111111111, 0.032552083333333336
1 1.355787037037037, 0.32591145833333335, 0.044444444444444446, 0.03567708333333333
1 1.0770833333333334, 0.326953125, 0.06898148148148148, 0.029166666666666667
1 1.1844907407407408, 0.32643229166666665, 0.047685185185185185, 0.030989583333333334
1 0.6145833333333334, 0.32669270833333336, 0.03796296296296296, 0.03046875
1 1.4793981481481482, 0.3330416666666667, 0.038425925925925926, 0.036458333333333336
1 1.455787037037037, 0.334765625, 0.03493981481481481, 0.029947916666666668
1 1.5270833333333333, 0.344921875, 0.04814814814814815, 0.03125
1 1.5108796296296296, 0.346484375, 0.026851851851851852, 0.029947916666666668
1 0.18680555555555556, 0.4029947916666667, 0.03888888888888889, 0.03515625
1 1.683101851851852, 0.4029947916666667, 0.03888888888888889, 0.04114583333333333
1 0.47962962962962963, 0.42434895833333336, 0.02939814814814815, 0.03359375
1 0.24998611111111113, 0.27298177083333336, 0.05088425925925926, 0.013875
1 0.4800370370370371, 0.2478515625, 0.04224074074074074, 0.0330390625
1 0.4613425925925926, 0.2565104166666667, 0.03477777777777778, 0.034666666666666665
1 0.644962962962963, 0.26048177083333335, 0.04178703703703704, 0.027083333333333334
1 0.6328148148148148, 0.2529635416666667, 0.04663888888888889, 0.034210937500000003
1 0.9223657407407407, 0.16220833333333334, 0.0625324074074074, 0.017317708333333334
1 0.9054398148148148, 0.1515625, 0.053009259259259256, 0.021062499999999998
1 1.413337962962963, 0.14736458333333333, 0.042041666666666665, 0.027765625000000002
1 1.3923333333333334, 0.13661979166666666, 0.04562962962962963, 0.015723958333333333
1 1.732, 0.15179166666666666, 0.03888888888888889, 0.03284375
1 1.6775462962962964, 0.15634895833333334, 0.06301851851851852, 0.0140625
1 1.6517083333333333, 0.14186197916666668, 0.03754166666666667, 0.021127604166666664
1 1.6717592592592592, 0.343375, 0.04375, 0.027263020833333332
1 1.660648148148148, 0.32727083333333334, 0.04033333333333333, 0.0373125
1 1.663888888888889, 0.23265104166666667, 0.058912037037037034, 0.0252265625
1 1.7265046296296296, 0.26145833333333335, 0.03657407407407407, 0.028645833333333332
1 1.7475092592592592, 0.26437239583333333, 0.03009259259259259, 0.0247890625
1 1.7088518518518518, 0.23434375, 0.04236111111111111, 0.030890625
1 1.6990740740740742, 0.25153125, 0.033449074074074076, 0.029817708333333335
1 1.6655092592592593, 0.2501953125, 0.04212962962962963, 0.03313802083333333
1 1.653212962962963, 0.244890625, 0.0343425925925926, 0.035578125
1 1.1152777777777778, 0.2693359375, 0.05555555555555555, 0.033854166666666664
1 1.1421851851851852, 0.25266927083333335, 0.05110185185185185, 0.02275260416666667
1 0.9053240740740741, 0.235578125, 0.03356481481481482, 0.026890625
1 0.9098379629629629, 0.25621875, 0.04490740740740741, 0.03138020833333333
1 0.9005185185185185, 0.24911979166666667, 0.03096296296296296, 0.028671875
1 0.8622685185185185, 0.22473958333333333, 0.06985185185185185, 0.022104166666666664
1 1.057060185185185, 0.2271484375, 0.04681944444444444, 0.024739583333333332
1 1.0706574074074073, 0.24095052083333332, 0.06244444444444444, 0.015950520833333332
1 1.0450833333333334, 0.2544765625, 0.02824074074074074, 0.0349765625
1 1.0211805555555555, 0.2575208333333333, 0.03373611111111111, 0.029036458333333334
