1 0.5268565088757396, 0.4720394736842105, 0.017763157894736842, 0.016227810650887575
1 0.5404955621301775, 0.4727763157894737, 0.024263157894736844, 0.01312869822485207
1 0.5149778106508875, 0.47286184210526316, 0.015625, 0.011464497041420118
1 0.5538091715976331, 0.4733552631578947, 0.034868421052631576, 0.016272189349112426
1 0.4380547337278107, 0.47796052631578945, 0.019736842105263157, 0.020340236686390532
1 0.49611686390532544, 0.47467105263157894, 0.01644736842105263, 0.018213757396449703
1 0.45282544378698225, 0.4805921052631579, 0.019078947368421053, 0.018143491124260357
1 0.48677884615384615, 0.4799342105263158, 0.020394736842105264, 0.019693047337278106
1 0.4654215976331361, 0.48125, 0.02236842105263158, 0.014792899408284023
1 0.48039940828402367, 0.48125, 0.02894736842105263, 0.015717455621301776
1 0.5159023668639053, 0.48848684210526316, 0.015539473684210527, 0.020525147928994084
1 0.5342085798816568, 0.49086842105263156, 0.023276315789473687, 0.028846153846153848
1 0.32267011834319526, 0.4990131578947368, 0.021710526315789475, 0.03476331360946745
1 0.4942677514792899, 0.4976973684210526, 0.02763157894736842, 0.01849112426035503
1 0.3995931952662722, 0.5083026315789474, 0.02886842105263158, 0.031849112426035504
1 0.615569526627219, 0.53125, 0.034460526315789476, 0.035225591715976334
1 0.42663461538461533, 0.5476973684210527, 0.04342105263157895, 0.016967455621301777
1 0.44101331360946744, 0.5444078947368421, 0.028289473684210528, 0.026997041420118342
1 0.39922337278106507, 0.5503289473684211, 0.02755263157894737, 0.028476331360946745
1 0.5004622781065089, 0.5512368421052631, 0.020144736842105264, 0.03374630177514793
1 0.5327292899408284, 0.5542763157894737, 0.030263157894736843, 0.04031065088757396
1 0.4717085798816568, 0.562828947368421, 0.03881578947368421, 0.017011834319526627
1 0.44101331360946744, 0.5654605263157895, 0.026973684210526316, 0.03254437869822485
1 0.3692677514792899, 0.5713815789473684, 0.026973684210526316, 0.035133136094674555
1 0.6873150887573964, 0.5779605263157894, 0.02894736842105263, 0.03920118343195266
1 0.43139792899408286, 0.5799342105263158, 0.017842105263157895, 0.03883136094674556
1 0.5931952662721893, 0.5868421052631579, 0.05032894736842105, 0.04271449704142012
1 0.48724112426035504, 0.5851973684210526, 0.04013157894736842, 0.02470784023668639
1 0.5525147928994083, 0.5884868421052631, 0.028289473684210528, 0.022004437869822487
1 0.457655325443787, 0.5898026315789474, 0.030263157894736843, 0.03661242603550296
1 0.36113165680473375, 0.5911184210526316, 0.030263157894736843, 0.03661242603550296
1 0.5171967455621301, 0.600328947368421, 0.02894736842105263, 0.022189349112426034
1 0.3977440828402367, 0.6036184210526315, 0.03355263157894737, 0.026997041420118342
1 0.6662352071005917, 0.6042763157894737, 0.034210526315789476, 0.03143491124260355
1 0.3881286982248521, 0.6154605263157895, 0.02993421052631579, 0.03217455621301775
1 0.44360207100591714, 0.6220394736842105, 0.025, 0.032914201183431954
1 0.3348742603550296, 0.6279605263157895, 0.04671052631578947, 0.026627218934911243
1 0.4280695266272189, 0.6259868421052631, 0.03355263157894737, 0.04215976331360947
1 0.5377218934911243, 0.625328947368421, 0.045394736842105265, 0.024223372781065088
1 0.5560281065088757, 0.6292763157894737, 0.026973684210526316, 0.046227810650887574
1 0.6910133136094675, 0.6305921052631579, 0.028289473684210528, 0.04696745562130177
1 0.2671967455621302, 0.6292763157894737, 0.05921052631578947, 0.02514792899408284
1 0.4905695266272189, 0.6319078947368421, 0.030263157894736843, 0.021079881656804734
1 0.44545118343195267, 0.64375, 0.03289473684210526, 0.0319896449704142
1 0.32045118343195267, 0.6463815789473685, 0.07039473684210526, 0.052884615384615384
1 0.4003328402366864, 0.649671052631579, 0.03881578947368421, 0.01849112426035503
1 0.7357618343195266, 0.6529605263157895, 0.030921052631578946, 0.04474852071005917
1 0.46745562130177515, 0.6536184210526316, 0.03881578947368421, 0.05011094674556213
1 0.37333579881656803, 0.6601973684210526, 0.03289473684210526, 0.03143491124260355
1 0.6331360946745562, 0.6654605263157894, 0.05592105263157895, 0.07156065088757396
1 0.4620931952662722, 0.6674342105263158, 0.017763157894736842, 0.021079881656804734
1 0.36261094674556216, 0.6700657894736842, 0.04342105263157895, 0.029585798816568046
1 0.4657914201183432, 0.6740131578947368, 0.05592105263157895, 0.031804733727810654
1 0.7394600591715976, 0.6799342105263158, 0.034868421052631576, 0.045118343195266274
1 0.6192677514792899, 0.6792763157894737, 0.03684210526315789, 0.04659763313609468
1 0.2801405325443787, 0.6817434210526315, 0.04358552631578947, 0.047337278106508875
1 0.5689718934911243, 0.6825657894736842, 0.034210526315789476, 0.04474852071005917
1 0.4750369822485207, 0.6838815789473685, 0.05526315789473684, 0.03661242603550296
1 0.3807322485207101, 0.6865131578947369, 0.04868421052631579, 0.03125
1 0.4968565088757396, 0.6917763157894737, 0.04342105263157895, 0.03920118343195266
1 0.41068786982248523, 0.6944078947368421, 0.060526315789473685, 0.04974112426035503
1 0.2727440828402367, 0.6957236842105263, 0.04078947368421053, 0.04363905325443787
1 0.5101701183431953, 0.6970394736842105, 0.04736842105263158, 0.034023668639053255
1 0.6802884615384616, 0.7154605263157895, 0.05789473684210526, 0.042899408284023666
1 0.5353180473372781, 0.7141447368421052, 0.046052631578947366, 0.021079881656804734
1 0.6388683431952663, 0.7207236842105263, 0.04342105263157895, 0.03069526627218935
1 0.26386834319526625, 0.71875, 0.042105263157894736, 0.04105029585798817
1 0.2871671597633136, 0.7220394736842105, 0.07631578947368421, 0.04105029585798817
1 0.5024038461538461, 0.7463815789473685, 0.05263157894736842, 0.025887573964497042
1 0.6373890532544378, 0.7483552631578947, 0.04802631578947368, 0.04437869822485207
1 0.34375, 0.7588815789473684, 0.039473684210526314, 0.04955621301775148
1 0.7146819526627219, 0.7641447368421053, 0.049342105263157895, 0.022928994082840236
1 0.3337647928994083, 0.7753289473684211, 0.05394736842105263, 0.04770710059171598
1 0.4129068047337278, 0.7865131578947369, 0.06447368421052632, 0.02625739644970414
1 0.5234837278106509, 0.7871710526315789, 0.06907894736842106, 0.045488165680473376
1 0.45654585798816566, 0.7921052631578948, 0.0700657894736842, 0.026997041420118342
1 0.49981508875739644, 0.7944078947368421, 0.07631578947368421, 0.05584319526627219
1 0.3844304733727811, 0.8141447368421053, 0.07828947368421052, 0.032914201183431954
1 0.5035133136094675, 0.8167763157894737, 0.06710526315789474, 0.04252958579881657
1 0.4010724852071006, 0.8335526315789473, 0.06611842105263158, 0.053994082840236685
1 0.36335059171597633, 0.8253289473684211, 0.07631578947368421, 0.02440828402366864
1 0.4598742603550296, 0.8700657894736842, 0.05460526315789474, 0.0625
1 0.34375, 0.8884868421052632, 0.05789473684210526, 0.06582840236686391
1 0.6421967455621301, 0.5684210526315789, 0.03519736842105263, 0.04243713017751479
1 0.6227366863905326, 0.5991776315789473, 0.03166447368421053, 0.03485207100591716
1 0.6166789940828402, 0.5891447368421052, 0.02368421052631579, 0.039430473372781064
1 0.41577292899408286, 0.8542763157894737, 0.0680921052631579, 0.05103550295857988
1 0.43981139053254437, 0.8791118421052632, 0.07845394736842105, 0.028709319526627218
1 0.6044748520710059, 0.7108552631578947, 0.06875, 0.03245192307692308
1 0.5701738165680473, 0.7532894736842105, 0.08289473684210526, 0.04807692307692308
1 0.5573224852071006, 0.7396381578947369, 0.043914473684210524, 0.057230029585798814
1 0.5273224852071007, 0.7684210526315789, 0.08322368421052631, 0.05061760355029586
1 0.5978624260355029, 0.6547697368421053, 0.045394736842105265, 0.03855769230769231
1 0.6156619822485208, 0.6399671052631579, 0.03075657894736842, 0.04308431952662722
1 0.6035502958579881, 0.571875, 0.022697368421052633, 0.03568786982248521
1 0.32387204142011833, 0.7324013157894737, 0.040625, 0.05353180473372781
1 0.30806213017751477, 0.6707236842105263, 0.04819078947368421, 0.039663461538461536
1 0.36168639053254437, 0.7172697368421053, 0.05394736842105263, 0.03716715976331361
1 0.3484652366863905, 0.6149671052631579, 0.024342105263157894, 0.040680473372781065
1 0.35562869822485205, 0.6311710526315789, 0.027131578947368423, 0.05787721893491124
1 0.43583579881656803, 0.7279605263157894, 0.03190789473684211, 0.042067307692307696
1 0.39922337278106507, 0.746875, 0.06726973684210526, 0.02015532544378698
1 0.3781878698224852, 0.7707236842105263, 0.08174342105263158, 0.028387573964497044
1 0.43981139053254437, 0.7524671052631579, 0.05838815789473684, 0.035133136094674555
1 0.4211353550295858, 0.7518092105263158, 0.0722828947368421, 0.04095784023668639
1 0.4628328402366864, 0.7580592105263158, 0.038651315789473686, 0.047429733727810654
1 0.47993713017751477, 0.8013157894736842, 0.07631578947368421, 0.03106508875739645
1 0.46172337278106507, 0.7856907894736842, 0.09465131578947368, 0.041974852071005916
1 0.5516826923076923, 0.7217105263157895, 0.031578947368421054, 0.05131286982248521
1 0.5494637573964497, 0.7465460526315789, 0.07615131578947368, 0.03504068047337278
1 0.5020784023668639, 0.7380789473684212, 0.044407894736842105, 0.05672337278106509
1 0.5539940828402367, 0.70625, 0.04029605263157895, 0.05473372781065089
1 0.557137573964497, 0.6575657894736842, 0.031085526315789473, 0.041605029585798814
1 0.5466900887573964, 0.6712171052631579, 0.050493421052631576, 0.022744082840236688
1 0.5031434911242604, 0.6388157894736842, 0.02401315789473684, 0.038646449704142015
1 0.39561760355029585, 0.5706447368421053, 0.0245, 0.03674926035502959
1 0.38438609467455626, 0.5865131578947368, 0.02450657894736842, 0.04137204142011835
1 0.40791420118343197, 0.6590460526315789, 0.07730263157894737, 0.022559171597633137
1 0.46815088757396456, 0.7320723684210526, 0.03898026315789474, 0.04164940828402367
1 0.5220044378698225, 0.4620921052631579, 0.016361842105263157, 0.031390532544378694
1 0.5594008875739644, 0.6454736842105263, 0.024842105263157895, 0.04049556213017751
1 0.42044378698224855, 0.4828157894736842, 0.0245, 0.026116863905325447
1 0.43653106508875744, 0.5208026315789474, 0.03734210526315789, 0.0296301775147929
1 0.5449778106508876, 0.5357763157894737, 0.02458552631578947, 0.04082100591715976
1 0.5079511834319527, 0.6768092105263158, 0.03429605263157895, 0.03934171597633136
1 0.5002071005917159, 0.6598289473684211, 0.03432894736842105, 0.05073594674556213
1 0.5014349112426036, 0.6216315789473684, 0.02088157894736842, 0.03674926035502959
1 0.5477514792899408, 0.509046052631579, 0.021467105263157895, 0.0354585798816568
1 0.5570229289940829, 0.5588026315789474, 0.021296052631578945, 0.029005177514792903
1 0.539430473372781, 0.5278815789473684, 0.016605263157894738, 0.03356508875739645
1 0.5335613905325444, 0.5422697368421052, 0.01982236842105263, 0.023761094674556213
1 0.5740569526627219, 0.6001644736842106, 0.047697368421052634, 0.03541050295857988
1 0.5826109467455621, 0.5913684210526315, 0.05386184210526316, 0.03804363905325444
1 0.5809467455621302, 0.5653815789473684, 0.02820394736842105, 0.030462278106508877
1 0.5338387573964497, 0.5164473684210527, 0.01611842105263158, 0.03790680473372781
1 0.5481471893491124, 0.6134868421052632, 0.026605263157894736, 0.04532544378698225
1 0.5456286982248522, 0.5745065789473685, 0.015296052631578948, 0.03933801775147929
1 0.5388313609467456, 0.5973684210526315, 0.029605263157894735, 0.020754437869822485
1 0.5034208579881657, 0.6032105263157894, 0.024421052631578944, 0.02103180473372781
1 0.5208505917159764, 0.5833881578947369, 0.02458552631578947, 0.03871301775147929
1 0.5067492603550295, 0.5773026315789473, 0.027796052631578947, 0.02583949704142012
1 0.42880917159763315, 0.5078157894736842, 0.028532894736842104, 0.024548816568047336
1 0.4079585798816568, 0.5286184210526316, 0.046546052631578946, 0.02598372781065089
1 0.5134985207100592, 0.5101184210526316, 0.017434210526315788, 0.03448594674556213
1 0.5263979289940829, 0.5291973684210526, 0.02968421052631579, 0.013727810650887573
1 0.506146449704142, 0.47927631578947366, 0.027960526315789474, 0.018909023668639054
1 0.5089201183431952, 0.5008223684210527, 0.02088815789473684, 0.030096153846153845
1 0.4389349112426036, 0.6818289473684211, 0.06118421052631579, 0.03795118343195267
1 0.43352440828402367, 0.6723684210526316, 0.03223684210526316, 0.03430103550295858
1 0.44591346153846156, 0.5103618421052631, 0.025243421052631578, 0.02801405325443787
1 0.476146449704142, 0.4971184210526316, 0.020973684210526315, 0.017843934911242604
1 0.4397633136094674, 0.4954144736842105, 0.02457236842105263, 0.04003698224852071
1 0.4838202662721893, 0.5197368421052632, 0.01694078947368421, 0.031157544378698224
1 0.4684245562130177, 0.5100328947368421, 0.030098684210526316, 0.02168269230769231
1 0.47443786982248526, 0.5362631578947369, 0.01892105263157895, 0.03568786982248521
1 0.4523372781065088, 0.5320723684210527, 0.03544078947368421, 0.028106508875739646
1 0.4809097633136095, 0.5591315789473684, 0.015046052631578948, 0.024637573964497044
1 0.48025887573964493, 0.5345394736842105, 0.02730263157894737, 0.03874260355029586
1 0.4816937869822485, 0.5657894736842105, 0.039473684210526314, 0.02602810650887574
1 0.5130843195266273, 0.5213026315789474, 0.03379605263157895, 0.02103180473372781
1 0.5694119822485207, 0.5892236842105263, 0.018263157894736842, 0.01791050295857988
1 0.42908653846153844, 0.6511513157894737, 0.05813815789473684, 0.022052514792899408
1 0.4108136094674556, 0.628, 0.05057894736842105, 0.02631656804733728
1 0.4177144970414201, 0.6013157894736842, 0.028782894736842105, 0.03365384615384615
1 0.41091715976331356, 0.5927631578947369, 0.020848684210526318, 0.03934171597633136
1 0.44623520710059167, 0.5981907894736842, 0.02993421052631579, 0.021960059171597632
1 0.49417529585798814, 0.5613486842105263, 0.025822368421052632, 0.044101331360946745
1 0.4666235207100592, 0.6210526315789474, 0.03667763157894737, 0.028661242603550297
1 0.46713017751479285, 0.6076447368421053, 0.028723684210526314, 0.03439349112426036
1 0.9221523668639053, 0.7490131578947369, 0.040460526315789475, 0.02015532544378698
1 0.8842455621301775, 0.687171052631579, 0.030921052631578946, 0.03920118343195266
1 0.35438239644970415, 0.6455592105263158, 0.03125, 0.04927884615384615
