1 1.2326388888888888, 0.0015625, 0.04398148148148148, 0.013151041666666667
1 0.7734953703703704, 0.153515625, 0.025810185185185186, 0.018520833333333334
1 0.9673611111111111, 0.20533854166666668, 0.058333333333333334, 0.01875
1 1.0173611111111112, 0.20924479166666668, 0.03888888888888889, 0.019010416666666665
1 0.24791666666666667, 0.21002604166666666, 0.0495925925925926, 0.022395833333333334
1 0.9909722222222223, 0.21158854166666666, 0.0375, 0.020833333333333332
1 0.09097222222222222, 0.221484375, 0.03860185185185185, 0.020052083333333335
1 0.9979166666666667, 0.22408854166666667, 0.04537037037037037, 0.023177083333333334
1 0.06782407407407408, 0.227734375, 0.03333333333333333, 0.016666666666666666
1 0.7358796296296296, 0.22799479166666667, 0.02546296296296296, 0.017447916666666667
1 1.020138888888889, 0.227734375, 0.05185185185185185, 0.013541666666666667
1 0.732175925925926, 0.23216145833333332, 0.03935185185185185, 0.026041666666666668
1 0.8094907407407408, 0.232421875, 0.031018518518518518, 0.019986979166666665
1 0.5657407407407408, 0.23580729166666667, 0.030324074074074073, 0.027864583333333335
1 0.9543981481481482, 0.235546875, 0.034722222222222224, 0.022916666666666665
1 1.0585648148148148, 0.23580729166666667, 0.028703703703703703, 0.02578125
1 0.08958333333333333, 0.237109375, 0.02824074074074074, 0.013020833333333334
1 0.0002314814814814815, 0.23645833333333333, 0.019444444444444445, 0.021744791666666666
1 0.9076388888888889, 0.23893229166666666, 0.04722222222222222, 0.01484375
1 1.080324074074074, 0.238671875, 0.033796296296296297, 0.02265625
1 0.4321759259259259, 0.24075520833333333, 0.03981481481481482, 0.0296875
1 1.0377314814814815, 0.24049479166666668, 0.026851851851851852, 0.02421875
1 0.8803240740740741, 0.24205729166666667, 0.031018518518518518, 0.022135416666666668
1 0.04421296296296296, 0.24205729166666667, 0.04814814814814815, 0.022916666666666665
1 0.7840277777777778, 0.242578125, 0.04282407407407408, 0.02890625
1 0.9942129629629629, 0.242578125, 0.030555555555555555, 0.02734375
1 0.9655092592592592, 0.24361979166666667, 0.033796296296296297, 0.0205078125
1 0.7604166666666666, 0.24361979166666667, 0.024537037037037038, 0.027083333333333334
1 0.8145833333333333, 0.244140625, 0.04490740740740741, 0.02265625
1 0.16689814814814816, 0.24466145833333333, 0.029166666666666667, 0.016666666666666666
1 1.0206018518518518, 0.24466145833333333, 0.022222222222222223, 0.019010416666666665
1 0.7780092592592592, 0.24674479166666666, 0.025694444444444443, 0.022395833333333334
1 0.8451388888888889, 0.248046875, 0.03981481481481482, 0.0265625
1 0.580324074074074, 0.24830729166666668, 0.07233796296296297, 0.016666666666666666
1 0.44328703703703703, 0.24973958333333332, 0.040046296296296295, 0.023046875
1 0.9298611111111111, 0.25143229166666664, 0.02824074074074074, 0.0234375
1 0.8099537037037037, 0.25169270833333335, 0.047685185185185185, 0.020052083333333335
1 1.1321759259259259, 0.25533854166666664, 0.05462962962962963, 0.016666666666666666
1 0.0002314814814814815, 0.255859375, 0.033796296296296297, 0.01484375
1 0.8701388888888889, 0.25690104166666666, 0.033796296296296297, 0.023697916666666666
1 0.8997685185185185, 0.257421875, 0.031018518518518518, 0.02109375
1 1.0465277777777777, 0.25924479166666664, 0.03148148148148148, 0.02734375
1 1.0020833333333334, 0.262109375, 0.05185185185185185, 0.016145833333333335
1 1.072337962962963, 0.261328125, 0.023726851851851853, 0.021354166666666667
1 0.0002314814814814815, 0.2662760416666667, 0.01712962962962963, 0.015104166666666667
1 1.092824074074074, 0.268359375, 0.07175925925925926, 0.015104166666666667
1 0.955787037037037, 0.267578125, 0.05, 0.03515625
1 0.3074074074074074, 0.27825520833333334, 0.043287037037037034, 0.017252604166666668
1 0.8724537037037037, 0.2779947916666667, 0.0625, 0.01328125
1 1.1011574074074073, 0.283984375, 0.025925925925925925, 0.025520833333333333
1 1.0002314814814814, 0.2845052083333333, 0.04537037037037037, 0.018489583333333334
1 1.0293981481481482, 0.2891927083333333, 0.04027777777777778, 0.016145833333333335
1 0.8389444444444444, 0.29055989583333336, 0.03617129629629629, 0.019205729166666668
1 1.1168981481481481, 0.293359375, 0.043055555555555555, 0.02109375
1 1.4636574074074074, 0.29466145833333335, 0.05185185185185185, 0.032552083333333336
1 0.5534722222222223, 0.295703125, 0.03477777777777778, 0.023177083333333334
1 1.0016203703703703, 0.29440104166666664, 0.03518518518518519, 0.03854166666666667
1 0.8798611111111111, 0.2962239583333333, 0.03194444444444444, 0.020833333333333332
1 0.6844907407407408, 0.29778645833333334, 0.027777777777777776, 0.02890625
1 0.7071759259259259, 0.29778645833333334, 0.03287037037037037, 0.03203125
1 1.4965277777777777, 0.29856770833333335, 0.047685185185185185, 0.03177083333333333
1 0.26145833333333335, 0.298828125, 0.039699074074074074, 0.0265625
1 1.03125, 0.298046875, 0.03333333333333333, 0.041666666666666664
1 0.8877314814814815, 0.29934895833333336, 0.043055555555555555, 0.03229166666666667
1 0.6548611111111111, 0.3001302083333333, 0.03194444444444444, 0.025
1 0.33310185185185187, 0.301171875, 0.03194444444444444, 0.028125
1 1.530324074074074, 0.3014322916666667, 0.04212962962962963, 0.034375
1 0.9321759259259259, 0.30377604166666666, 0.041810185185185186, 0.03567708333333333
1 0.9725416666666666, 0.30299479166666665, 0.037412037037037035, 0.03046875
1 1.0585648148148148, 0.30325520833333336, 0.032407407407407406, 0.02890625
1 0.36180555555555555, 0.3045572916666667, 0.03148148148148148, 0.020833333333333332
1 0.3923611111111111, 0.3040364583333333, 0.03935185185185185, 0.026041666666666668
1 0.3104166666666667, 0.305078125, 0.029166666666666667, 0.029947916666666668
1 1.2284722222222222, 0.3053385416666667, 0.040740740740740744, 0.027864583333333335
1 1.5622685185185186, 0.30638020833333335, 0.05092592592592592, 0.03125
1 0.29050925925925924, 0.30865885416666666, 0.023726851851851853, 0.022721354166666666
1 1.2006944444444445, 0.306640625, 0.03657407407407407, 0.03307291666666667
1 0.19930555555555557, 0.3079427083333333, 0.04398148148148148, 0.03046875
1 0.7381944444444445, 0.308203125, 0.058333333333333334, 0.020833333333333332
1 0.905787037037037, 0.3087239583333333, 0.03657407407407407, 0.026302083333333334
1 1.1025462962962962, 0.3084635416666667, 0.04537037037037037, 0.034375
1 1.169675925925926, 0.3092447916666667, 0.03333333333333333, 0.029947916666666668
1 1.2627314814814814, 0.30950520833333334, 0.037037037037037035, 0.032552083333333336
1 1.5868055555555556, 0.311328125, 0.04351851851851852, 0.023177083333333334
1 1.080324074074074, 0.3138020833333333, 0.04675925925925926, 0.03216145833333333
1 0.794212962962963, 0.316015625, 0.029166666666666667, 0.023958333333333335
1 0.9668981481481481, 0.316796875, 0.03935185185185185, 0.037760416666666664
1 1.141898148148148, 0.31861979166666665, 0.031018518518518518, 0.023697916666666666
1 1.7488425925925926, 0.32174479166666664, 0.009722222222222222, 0.00859375
1 1.39375, 0.32122395833333334, 0.04814814814814815, 0.040364583333333336
1 0.9506944444444444, 0.32278645833333336, 0.03657407407407407, 0.028645833333333332
1 1.0034722222222223, 0.32278645833333336, 0.028703703703703703, 0.027864583333333335
1 1.3099537037037037, 0.32252604166666665, 0.033796296296296297, 0.03307291666666667
1 1.2909722222222222, 0.3240885416666667, 0.027314814814814816, 0.028385416666666666
1 1.4335648148148148, 0.32513020833333334, 0.0375, 0.042708333333333334
1 1.4655092592592593, 0.327734375, 0.05092592592592592, 0.034375
1 1.5497685185185186, 0.331640625, 0.053703703703703705, 0.02578125
1 1.6256944444444446, 0.33248697916666664, 0.04675925925925926, 0.028841145833333335
1 1.5942129629629629, 0.333203125, 0.043287037037037034, 0.025520833333333333
1 1.329398148148148, 0.33424479166666665, 0.03935185185185185, 0.034375
1 1.4631944444444445, 0.33424479166666665, 0.031018518518518518, 0.02734375
1 1.3780092592592592, 0.335546875, 0.03657407407407407, 0.03697916666666667
1 0.21319444444444444, 0.341015625, 0.03333333333333333, 0.01875
1 1.354861111111111, 0.3438802083333333, 0.03287037037037037, 0.027083333333333334
1 1.6520833333333333, 0.3470052083333333, 0.040740740740740744, 0.03697916666666667
1 1.7039351851851852, 0.351171875, 0.03564814814814815, 0.03125
1 0.4048611111111111, 0.35247395833333334, 0.03125, 0.020703125
1 0.23171296296296295, 0.357421875, 0.022222222222222223, 0.01953125
1 1.7340277777777777, 0.358984375, 0.032407407407407406, 0.0265625
1 0.34791666666666665, 0.3751302083333333, 0.037037037037037035, 0.0265625
1 1.119212962962963, 0.376953125, 0.037037037037037035, 0.016666666666666666
1 0.3400462962962963, 0.3944010416666667, 0.052314814814814814, 0.028125
1 0.7511574074074074, 0.397265625, 0.041666666666666664, 0.016927083333333332
1 0.44884259259259257, 0.40481770833333336, 0.022222222222222223, 0.018489583333333334
1 1.107175925925926, 0.4108072916666667, 0.06018518518518518, 0.014322916666666666
1 0.14050925925925925, 0.3818359375, 0.03414351851851852, 0.021549479166666666
1 0.2765648148148148, 0.3055338541666667, 0.04068055555555556, 0.021028645833333335
1 0.5677083333333334, 0.29934895833333336, 0.05347222222222222, 0.022786458333333332
1 1.6851851851851851, 0.34563802083333334, 0.027199074074074073, 0.029166666666666667
1 1.6485555555555556, 0.32200520833333335, 0.04577314814814815, 0.030013020833333334
1 0.7574074074074074, 0.1431640625, 0.04485185185185185, 0.016145833333333335
1 0.7563055555555555, 0.158953125, 0.019736111111111114, 0.014549479166666665
1 0.6488425925925926, 0.16022135416666666, 0.044328703703703703, 0.008984375
1 0.6622129629629631, 0.15423177083333334, 0.04501851851851851, 0.014322916666666666
1 1.4363425925925926, 0.30026041666666664, 0.05648148148148148, 0.026302083333333334
1 1.4326388888888888, 0.30911458333333336, 0.06840277777777778, 0.0232421875
1 1.4743055555555555, 0.44296875, 0.08958333333333333, 0.019010416666666665
1 1.1130787037037038, 0.2576171875, 0.06550925925925925, 0.0193359375
1 1.0866898148148147, 0.24127604166666666, 0.050462962962962966, 0.021484375
1 1.1145277777777778, 0.2506510416666667, 0.03634259259259259, 0.010677083333333334
1 1.0965277777777778, 0.2594401041666667, 0.017361111111111112, 0.011848958333333333
1 0.8483240740740742, 0.29075520833333335, 0.05219444444444444, 0.025489583333333333
1 0.7828148148148149, 0.22483854166666667, 0.02760185185185185, 0.021645833333333333
1 0.7714120370370371, 0.23154166666666667, 0.017532407407407406, 0.01796875
1 0.8211805555555556, 0.30690104166666665, 0.027430555555555555, 0.0259765625
1 0.7979166666666667, 0.28798958333333335, 0.044097222222222225, 0.0359375
1 0.94925, 0.2594401041666667, 0.03784259259259259, 0.028091145833333334
1 0.5954861111111112, 0.2560546875, 0.06643518518518518, 0.013671875
1 0.7253472222222223, 0.27337239583333334, 0.025231481481481483, 0.027278645833333334
1 0.7307870370370371, 0.250390625, 0.03113425925925926, 0.025260416666666667
1 0.678125, 0.25452604166666665, 0.061050925925925925, 0.014875
1 0.7030648148148148, 0.23307291666666666, 0.03640277777777778, 0.0197265625
1 0.6849537037037037, 0.22884114583333334, 0.036861111111111115, 0.022882812500000002
1 0.6734953703703703, 0.2498046875, 0.05966203703703704, 0.0111484375
1 0.6108796296296296, 0.2224609375, 0.038657407407407404, 0.0234375
1 0.6530648148148147, 0.22141927083333332, 0.03061574074074074, 0.021744791666666666
1 0.6491481481481481, 0.23547916666666666, 0.04583333333333333, 0.025455729166666666
1 0.6112268518518519, 0.23385416666666667, 0.05439814814814815, 0.019921875
1 0.5025462962962963, 0.22897135416666667, 0.020833333333333332, 0.0146484375
1 0.48009259259259257, 0.24609375, 0.027314814814814816, 0.020768229166666666
1 0.475, 0.22786458333333334, 0.03287037037037037, 0.022135416666666668
1 0.4547453703703704, 0.22415364583333333, 0.030324074074074073, 0.026236979166666667
1 0.5511574074074074, 0.15481770833333333, 0.034027777777777775, 0.016666666666666666
1 0.5342592592592592, 0.1556640625, 0.032060185185185185, 0.016471354166666667
1 0.4965277777777778, 0.15611979166666667, 0.047685185185185185, 0.016471354166666667
1 0.4061342592592593, 0.1595703125, 0.03888888888888889, 0.015104166666666667
1 0.39699074074074076, 0.1552734375, 0.050462962962962966, 0.016341145833333334
1 0.3842037037037037, 0.1587890625, 0.027314814814814816, 0.015364583333333333
1 0.35341666666666666, 0.16145833333333334, 0.041777777777777775, 0.014127604166666667
1 0.3537037037037037, 0.155828125, 0.04936111111111111, 0.012010416666666666
1 0.30648148148148147, 0.1638671875, 0.05439814814814815, 0.0150390625
1 0.2167824074074074, 0.16783854166666667, 0.05277777777777778, 0.010807291666666666
1 0.3037037037037037, 0.14993489583333333, 0.04826388888888889, 0.0072265625
1 0.2851851851851852, 0.1654296875, 0.046412037037037036, 0.014192708333333333
1 0.2813657407407407, 0.15533854166666666, 0.07939814814814815, 0.019075520833333335
1 0.25266203703703705, 0.14915364583333332, 0.0568287037037037, 0.011067708333333334
1 0.21377314814814816, 0.16184895833333332, 0.04131944444444444, 0.012369791666666666
1 0.25289351851851855, 0.15950520833333334, 0.033680555555555554, 0.0125
1 0.2709490740740741, 0.15833333333333333, 0.03819444444444445, 0.0077473958333333336
1 0.3080462962962963, 0.15439583333333334, 0.04322685185185186, 0.0063124999999999995
1 0.38460648148148147, 0.262109375, 0.046875, 0.0134765625
1 0.34629629629629627, 0.2654947916666667, 0.056365740740740744, 0.016341145833333334
1 0.42604166666666665, 0.22884114583333334, 0.02696759259259259, 0.024544270833333333
1 0.4013888888888889, 0.20572916666666666, 0.043055555555555555, 0.017838541666666666
1 0.3900462962962963, 0.23151041666666666, 0.03611111111111111, 0.027083333333333334
1 0.37581018518518516, 0.2357421875, 0.034837962962962966, 0.0173828125
1 0.35300925925925924, 0.216015625, 0.04548611111111111, 0.022721354166666666
1 0.3738425925925926, 0.21871875, 0.04426851851851852, 0.021614583333333333
1 0.3509259259259259, 0.23587239583333333, 0.031828703703703706, 0.0244140625
1 0.3013888888888889, 0.25833333333333336, 0.03298611111111111, 0.028580729166666666
1 0.33900462962962963, 0.23053385416666666, 0.030439814814814815, 0.03203125
1 0.31689814814814815, 0.23938802083333333, 0.028819444444444446, 0.026497395833333333
1 0.2674768518518518, 0.2580078125, 0.03611111111111111, 0.021614583333333333
1 0.3050925925925926, 0.2353515625, 0.025, 0.0240234375
1 0.256712962962963, 0.2166015625, 0.0505787037037037, 0.0189140625
1 0.2863981481481481, 0.22601041666666666, 0.02876388888888889, 0.022231770833333334
1 0.25324074074074077, 0.24752604166666667, 0.0625, 0.031510416666666666
1 0.23958333333333334, 0.2431640625, 0.059375, 0.026171875
1 0.16898148148148148, 0.2587890625, 0.05023148148148148, 0.017447916666666667
1 0.12303240740740741, 0.26569010416666666, 0.0369212962962963, 0.026041666666666668
1 0.05787037037037037, 0.25729166666666664, 0.054282407407407404, 0.021809895833333332
1 0.025694444444444443, 0.21875, 0.037037037037037035, 0.023763020833333332
1 0.014930555555555556, 0.23704427083333332, 0.03154166666666666, 0.019434895833333334
1 0.039870370370370375, 0.25735677083333336, 0.059722222222222225, 0.017708333333333333
1 0.04097222222222222, 0.23196614583333333, 0.02789351851851852, 0.014388020833333333
1 0.04652777777777778, 0.23619791666666667, 0.03611111111111111, 0.017708333333333333
1 0.008333333333333333, 0.24970833333333334, 0.047310185185185184, 0.0377265625
1 0.1527777777777778, 0.21256510416666666, 0.03657407407407407, 0.020638020833333333
1 0.17111574074074073, 0.21976822916666666, 0.04201388888888889, 0.0248046875
1 0.18999537037037037, 0.24095052083333332, 0.03587962962962963, 0.024164062500000003
1 0.19612037037037036, 0.22561979166666665, 0.030212962962962966, 0.021484375
1 0.20983796296296298, 0.23430989583333334, 0.034837962962962966, 0.0291015625
1 0.21099537037037036, 0.24811197916666666, 0.052083333333333336, 0.019856770833333332
1 0.26238425925925923, 0.23489583333333333, 0.023842592592592592, 0.015885416666666666
1 0.2300925925925926, 0.231640625, 0.05138888888888889, 0.025390625
1 0.15648148148148147, 0.23180208333333333, 0.02864814814814815, 0.030598958333333332
1 0.07398611111111111, 0.24599479166666666, 0.03938425925925926, 0.013250000000000001
1 0.11030092592592593, 0.24515104166666665, 0.03113425925925926, 0.025552083333333333
1 0.13402777777777777, 0.24560416666666668, 0.029685185185185186, 0.022559895833333333
1 0.13449074074074074, 0.22864583333333333, 0.028009259259259258, 0.021940104166666665
1 0.11516203703703703, 0.22568229166666667, 0.031078703703703702, 0.024578125
1 1.0078703703703704, 0.27379687500000005, 0.04056481481481482, 0.014322916666666666
1 0.9795138888888889, 0.2780260416666666, 0.05665277777777778, 0.02421875
