1 1.2921296296296296, 0.2591145833333333, 0.04537037037037037, 0.05364583333333333
1 1.3277777777777777, 0.26015625, 0.0412037037037037, 0.042708333333333334
1 1.3625, 0.27005208333333336, 0.03888888888888889, 0.043229166666666666
1 1.4217592592592592, 0.33828125, 0.05, 0.042708333333333334
1 1.0412037037037036, 0.34348958333333335, 0.049074074074074076, 0.0421875
1 1.1041666666666667, 0.34661458333333334, 0.07222222222222222, 0.0296875
1 1.2282407407407407, 0.3502604166666667, 0.05555555555555555, 0.0421875
1 1.2726851851851853, 0.34817708333333336, 0.03981481481481482, 0.030729166666666665
1 0.7032407407407407, 0.3533854166666667, 0.04351851851851852, 0.036458333333333336
1 0.48564814814814816, 0.3533854166666667, 0.05, 0.040625
1 0.8208333333333333, 0.3533854166666667, 0.05185185185185185, 0.04114583333333333
1 1.1643518518518519, 0.3528645833333333, 0.04537037037037037, 0.042708333333333334
1 0.5689814814814815, 0.35598958333333336, 0.04259259259259259, 0.03958333333333333
1 1.2097222222222221, 0.35651041666666666, 0.046296296296296294, 0.0375
1 1.5282407407407408, 0.35494791666666664, 0.040740740740740744, 0.04479166666666667
1 1.6226851851851851, 0.35703125, 0.03611111111111111, 0.0421875
1 0.9814814814814815, 0.35859375, 0.06342592592592593, 0.0359375
1 1.6726851851851852, 0.3606770833333333, 0.032407407407407406, 0.0390625
1 0.21435185185185185, 0.3606770833333333, 0.046296296296296294, 0.03177083333333333
1 0.3680555555555556, 0.36223958333333334, 0.04259259259259259, 0.03854166666666667
1 1.5578703703703705, 0.35963541666666665, 0.041666666666666664, 0.0515625
1 1.726388888888889, 0.3606770833333333, 0.03796296296296296, 0.051041666666666666
1 1.3754629629629629, 0.36223958333333334, 0.040740740740740744, 0.04375
1 1.6939814814814815, 0.36276041666666664, 0.040740740740740744, 0.049479166666666664
1 0.5236111111111111, 0.36276041666666664, 0.06944444444444445, 0.03958333333333333
1 1.0578703703703705, 0.3611979166666667, 0.05, 0.03697916666666667
1 1.3291666666666666, 0.36380208333333336, 0.05185185185185185, 0.028645833333333332
1 1.486574074074074, 0.36328125, 0.05, 0.04010416666666667
1 1.5865740740740741, 0.3658854166666667, 0.041666666666666664, 0.04375
1 1.1263888888888889, 0.36276041666666664, 0.05, 0.04583333333333333
1 1.447685185185185, 0.36171875, 0.03981481481481482, 0.04635416666666667
1 1.7504629629629629, 0.367125, 0.027083333333333334, 0.040427083333333336
1 1.4143518518518519, 0.3690104166666667, 0.037037037037037035, 0.040625
1 0.03009259259259259, 0.3684895833333333, 0.037037037037037035, 0.046875
1 0.29768518518518516, 0.37057291666666664, 0.044444444444444446, 0.03854166666666667
1 0.6587962962962963, 0.37057291666666664, 0.03333333333333333, 0.043229166666666666
1 0.059722222222222225, 0.37057291666666664, 0.037037037037037035, 0.0390625
1 0.46620370370370373, 0.3684895833333333, 0.03425925925925926, 0.026041666666666668
1 0.7587962962962963, 0.37057291666666664, 0.040740740740740744, 0.03958333333333333
1 1.6449074074074075, 0.37057291666666664, 0.040740740740740744, 0.04375
1 0.14212962962962963, 0.37161458333333336, 0.04537037037037037, 0.0375
1 0.17175925925925925, 0.37213541666666666, 0.04814814814814815, 0.035416666666666666
1 0.6273148148148148, 0.37421875, 0.03981481481481482, 0.044270833333333336
1 0.6810185185185185, 0.37526041666666665, 0.03796296296296296, 0.049479166666666664
1 0.2726851851851852, 0.37578125, 0.03796296296296296, 0.04375
1 1.1041666666666667, 0.37421875, 0.04259259259259259, 0.042708333333333334
1 0.3347222222222222, 0.37786458333333334, 0.049074074074074076, 0.041666666666666664
1 1.0763888888888888, 0.37526041666666665, 0.04583333333333333, 0.030729166666666665
1 1.2523148148148149, 0.3768229166666667, 0.04351851851851852, 0.03333333333333333
1 0.23564814814814813, 0.37213541666666666, 0.041666666666666664, 0.0484375
1 0.44212962962962965, 0.37734375, 0.06481481481481481, 0.03802083333333333
1 1.4800925925925925, 0.37421875, 0.03981481481481482, 0.034375
1 0.425462962962963, 0.38255208333333335, 0.046296296296296294, 0.0453125
1 0.7347222222222223, 0.37994791666666666, 0.03981481481481482, 0.04479166666666667
1 1.349537037037037, 0.38046875, 0.044444444444444446, 0.0359375
1 0.004166666666666667, 0.38359375, 0.03981481481481482, 0.0390625
1 0.7819444444444444, 0.38255208333333335, 0.041666666666666664, 0.04739583333333333
1 0.9893518518518518, 0.3828125, 0.07118518518518518, 0.027864583333333335
1 0.6032407407407407, 0.3893229166666667, 0.04259259259259259, 0.0453125
1 1.6097222222222223, 0.38515625, 0.04259259259259259, 0.033854166666666664
1 0.5013888888888889, 0.39036458333333335, 0.03981481481481482, 0.0421875
1 0.5300925925925926, 0.38515625, 0.044444444444444446, 0.04375
1 0.7032407407407407, 0.3893229166666667, 0.03981481481481482, 0.03854166666666667
1 0.2162037037037037, 0.39140625, 0.037037037037037035, 0.04114583333333333
1 1.3152777777777778, 0.39036458333333335, 0.04351851851851852, 0.036458333333333336
1 0.18287037037037038, 0.39296875, 0.04259259259259259, 0.041666666666666664
1 0.3773148148148148, 0.3966145833333333, 0.03518518518518519, 0.03125
1 0.8152777777777778, 0.39407291666666666, 0.046296296296296294, 0.042124999999999996
1 0.15231481481481482, 0.39453125, 0.03611111111111111, 0.03177083333333333
1 1.1643518518518519, 0.39505208333333336, 0.03425925925925926, 0.044270833333333336
1 0.5671296296296297, 0.40234375, 0.05740740740740741, 0.0421875
1 0.40046296296296297, 0.40546875, 0.058333333333333334, 0.028645833333333332
1 1.6652777777777779, 0.40390625, 0.08703703703703704, 0.0265625
1 0.6578703703703703, 0.4080729166666667, 0.046296296296296294, 0.035416666666666666
1 0.33935185185185185, 0.41302083333333334, 0.05185185185185185, 0.029427083333333333
1 0.4625, 0.4075520833333333, 0.041666666666666664, 0.0375
1 0.24953703703703703, 0.41328125, 0.04351851851851852, 0.035416666666666666
1 1.2949074074074074, 0.41484375, 0.06759259259259259, 0.04010416666666667
1 0.14212962962962963, 0.4200520833333333, 0.05925925925925926, 0.03125
1 1.3365740740740741, 0.42265625, 0.062037037037037036, 0.03229166666666667
1 1.2680555555555555, 0.42630208333333336, 0.050462962962962966, 0.03229166666666667
1 1.2189814814814814, 0.43046875, 0.044444444444444446, 0.03802083333333333
1 0.7282407407407407, 0.49244791666666665, 0.030555555555555555, 0.027604166666666666
1 0.3439814814814815, 0.5096354166666667, 0.03611111111111111, 0.025520833333333333
1 1.288888888888889, 0.36106770833333335, 0.07222222222222222, 0.03268229166666667
1 1.2800925925925926, 0.3868489583333333, 0.049185185185185186, 0.04153645833333333
1 1.1305555555555555, 0.5115885416666667, 0.03981481481481482, 0.021744791666666666
1 0.881712962962963, 0.35885416666666664, 0.05023148148148148, 0.042708333333333334
1 0.8668981481481481, 0.3704427083333333, 0.02939814814814815, 0.03802083333333333
1 0.8506944444444444, 0.3874375, 0.026509259259259257, 0.027796875
1 0.38449074074074074, 0.429296875, 0.04549074074074074, 0.029234375
1 0.3074074074074074, 0.433203125, 0.08402777777777778, 0.0234375
1 0.3070555555555556, 0.4046875, 0.04086111111111111, 0.03359375
1 0.2869259259259259, 0.40911458333333334, 0.040157407407407406, 0.043619791666666664
1 0.0, 0.37454166666666666, 0.022685185185185187, 0.046875
1 0.11538888888888889, 0.37330729166666665, 0.03981481481481482, 0.04303645833333333
1 0.08900000000000001, 0.3709635416666667, 0.039935185185185185, 0.054427083333333334
