1 0.8084635416666667, 0.22106481481481483, 0.024074074074074074, 0.027083333333333334
1 0.9095052083333334, 0.22569444444444445, 0.034722222222222224, 0.0203125
1 0.858203125, 0.22939814814814816, 0.01712962962962963, 0.024479166666666666
1 0.851953125, 0.23449074074074075, 0.0412037037037037, 0.018489583333333334
1 0.8126302083333333, 0.2349537037037037, 0.024537037037037038, 0.02578125
1 0.9009114583333333, 0.23680555555555555, 0.03194444444444444, 0.025
1 0.648046875, 0.24328703703703702, 0.026851851851851852, 0.024479166666666666
1 0.8920572916666667, 0.24189814814814814, 0.04675925925925926, 0.018489583333333334
1 0.923046875, 0.24328703703703702, 0.031018518518518518, 0.020833333333333332
1 0.6694010416666667, 0.2465277777777778, 0.04351851851851852, 0.0171875
1 0.7811197916666667, 0.2511574074074074, 0.0375, 0.015625
1 0.571484375, 0.2534722222222222, 0.03009259259259259, 0.035416666666666666
1 0.8092447916666666, 0.2516203703703704, 0.024074074074074074, 0.031510416666666666
1 0.860546875, 0.2520833333333333, 0.03888888888888889, 0.020052083333333335
1 0.7665364583333333, 0.25439814814814815, 0.03148148148148148, 0.016927083333333332
1 0.7915364583333333, 0.2553240740740741, 0.03287037037037037, 0.022395833333333334
1 0.8790364583333333, 0.25578703703703703, 0.043055555555555555, 0.021875
1 0.9490885416666667, 0.2585648148148148, 0.03194444444444444, 0.023958333333333335
1 0.3665364583333333, 0.26180555555555557, 0.03888888888888889, 0.019010416666666665
1 0.658203125, 0.26319444444444445, 0.04212962962962963, 0.0171875
1 0.43971354166666665, 0.26643518518518516, 0.04583333333333333, 0.020833333333333332
1 0.716796875, 0.26689814814814816, 0.034722222222222224, 0.0328125
1 0.9209635416666667, 0.26782407407407405, 0.052314814814814814, 0.025
1 0.458203125, 0.26967592592592593, 0.03611111111111111, 0.027083333333333334
1 0.49518229166666666, 0.26782407407407405, 0.024074074074074074, 0.03307291666666667
1 0.8048177083333333, 0.26875, 0.031018518518518518, 0.034375
1 0.8376302083333333, 0.2673611111111111, 0.05138888888888889, 0.018489583333333334
1 0.548046875, 0.27337962962962964, 0.020833333333333332, 0.022395833333333334
1 0.5147135416666667, 0.2747685185185185, 0.037037037037037035, 0.027083333333333334
1 0.28372395833333336, 0.27800925925925923, 0.03518518518518519, 0.023177083333333334
1 0.969140625, 0.2743055555555556, 0.03009259259259259, 0.030338541666666666
1 0.35013020833333336, 0.28125, 0.04212962962962963, 0.019010416666666665
1 0.5501302083333334, 0.28171296296296294, 0.026851851851851852, 0.038802083333333334
1 0.4290364583333333, 0.28171296296296294, 0.04027777777777778, 0.025520833333333333
1 0.759765625, 0.28171296296296294, 0.02546296296296296, 0.031510416666666666
1 0.329296875, 0.2877314814814815, 0.03981481481481482, 0.0203125
1 0.788671875, 0.2863425925925926, 0.022222222222222223, 0.032552083333333336
1 0.46393229166666666, 0.2877314814814815, 0.027314814814814816, 0.023697916666666666
1 0.672265625, 0.2886574074074074, 0.02175925925925926, 0.029947916666666668
1 0.3126302083333333, 0.29375, 0.03935185185185185, 0.020833333333333332
1 0.419140625, 0.29560185185185184, 0.034722222222222224, 0.025520833333333333
1 0.296484375, 0.2983796296296296, 0.038425925925925926, 0.02421875
1 0.5283854166666667, 0.29791666666666666, 0.02638888888888889, 0.026432291666666666
1 0.262890625, 0.3002314814814815, 0.03657407407407407, 0.020052083333333335
1 0.27955729166666665, 0.30115740740740743, 0.05277777777777778, 0.02265625
1 0.369140625, 0.3034722222222222, 0.022685185185185187, 0.03463541666666667
1 0.480859375, 0.30300925925925926, 0.037037037037037035, 0.026822916666666665
1 0.24752604166666667, 0.30810185185185185, 0.02824074074074074, 0.026041666666666668
1 0.5790364583333333, 0.30995370370370373, 0.021296296296296296, 0.03463541666666667
1 0.09388020833333334, 0.32384259259259257, 0.041666666666666664, 0.0328125
1 0.698046875, 0.3423611111111111, 0.043055555555555555, 0.015364583333333333
1 0.7188802083333333, 0.3451388888888889, 0.031018518518518518, 0.034895833333333334
1 0.752734375, 0.3502314814814815, 0.04675925925925926, 0.016927083333333332
1 0.619140625, 0.35810185185185184, 0.05277777777777778, 0.0171875
1 0.803515625, 0.36319444444444443, 0.052314814814814814, 0.022916666666666665
1 0.635546875, 0.36412037037037037, 0.04675925925925926, 0.01484375
1 0.5037760416666667, 0.3659722222222222, 0.04814814814814815, 0.027604166666666666
1 0.748828125, 0.3590277777777778, 0.018518518518518517, 0.005989583333333334
1 0.5201822916666666, 0.36689814814814814, 0.05277777777777778, 0.028385416666666666
1 0.295703125, 0.368287037037037, 0.03796296296296296, 0.03463541666666667
1 0.49049479166666665, 0.3678240740740741, 0.044444444444444446, 0.01875
1 0.6006510416666667, 0.3678240740740741, 0.05277777777777778, 0.025260416666666667
1 0.780078125, 0.3701388888888889, 0.04722222222222222, 0.02109375
1 0.8858072916666667, 0.3710648148148148, 0.05, 0.020052083333333335
1 0.3865885416666667, 0.3729166666666667, 0.05, 0.01953125
1 0.698046875, 0.37430555555555556, 0.025, 0.0375
1 0.984765625, 0.3738425925925926, 0.0587962962962963, 0.01484375
1 0.5459635416666667, 0.3747685185185185, 0.02962962962962963, 0.0375
1 0.7358072916666667, 0.3752314814814815, 0.05416666666666667, 0.019791666666666666
1 0.446484375, 0.3784722222222222, 0.03564814814814815, 0.0328125
1 0.9673177083333333, 0.37939814814814815, 0.07407407407407407, 0.03229166666666667
1 0.3240885416666667, 0.3835648148148148, 0.052314814814814814, 0.022135416666666668
1 0.9428385416666667, 0.3840277777777778, 0.05253703703703704, 0.027864583333333335
1 0.230078125, 0.38310185185185186, 0.05277777777777778, 0.016927083333333332
1 0.7688802083333334, 0.3835648148148148, 0.04699074074074074, 0.018229166666666668
1 0.913671875, 0.3849537037037037, 0.05138888888888889, 0.02109375
1 0.8779947916666667, 0.38587962962962963, 0.04027777777777778, 0.017447916666666667
1 0.3704427083333333, 0.3891203703703704, 0.05462962962962963, 0.019010416666666665
1 0.2805989583333333, 0.3909722222222222, 0.03009259259259259, 0.02734375
1 0.748828125, 0.3905092592592593, 0.047685185185185185, 0.022395833333333334
1 0.847265625, 0.3923611111111111, 0.058333333333333334, 0.019270833333333334
1 0.105078125, 0.394212962962963, 0.038425925925925926, 0.02734375
1 0.19518229166666667, 0.394212962962963, 0.05, 0.02109375
1 0.21106770833333333, 0.39328703703703705, 0.04722222222222222, 0.021875
1 0.23919270833333334, 0.39467592592592593, 0.046296296296296294, 0.0203125
1 0.15533854166666666, 0.39560185185185187, 0.04583333333333333, 0.020052083333333335
1 0.584765625, 0.39467592592592593, 0.05092592592592592, 0.015364583333333333
1 0.248828125, 0.39699074074074076, 0.05740740740740741, 0.025520833333333333
1 0.17434895833333333, 0.3988425925925926, 0.05138888888888889, 0.021354166666666667
1 0.717578125, 0.40023148148148147, 0.046296296296296294, 0.023958333333333335
1 0.39544270833333334, 0.3980416666666667, 0.05404166666666667, 0.026432291666666666
1 0.26263020833333334, 0.4043981481481482, 0.043055555555555555, 0.021354166666666667
1 0.44388020833333336, 0.40532407407407406, 0.03981481481481482, 0.029166666666666667
1 0.28033854166666666, 0.40625, 0.04537037037037037, 0.025130208333333334
1 0.531640625, 0.40625, 0.06241203703703704, 0.01875
1 0.7063802083333334, 0.40717592592592594, 0.05092592592592592, 0.024739583333333332
1 0.826171875, 0.40717592592592594, 0.050462962962962966, 0.016145833333333335
1 0.8631510416666667, 0.40578703703703706, 0.05092592592592592, 0.01953125
1 0.42799479166666665, 0.40949074074074077, 0.05462962962962963, 0.018489583333333334
1 0.626171875, 0.41041666666666665, 0.03888888888888889, 0.014322916666666666
1 0.682421875, 0.40949074074074077, 0.04259259259259259, 0.023177083333333334
1 0.944140625, 0.40949074074074077, 0.06018518518518518, 0.0265625
1 0.07486979166666667, 0.41226851851851853, 0.023148148148148147, 0.030729166666666665
1 0.9071614583333333, 0.41550925925925924, 0.052314814814814814, 0.027083333333333334
1 0.020442708333333334, 0.4173611111111111, 0.0587962962962963, 0.0234375
1 0.11315104166666666, 0.41875, 0.04398148148148148, 0.0234375
1 0.5516927083333333, 0.41921296296296295, 0.01898148148148148, 0.03125
1 0.4016927083333333, 0.41967592592592595, 0.046296296296296294, 0.020572916666666666
1 0.4837239583333333, 0.42060185185185184, 0.05, 0.023958333333333335
1 0.889453125, 0.4201388888888889, 0.05416666666666667, 0.027604166666666666
1 0.341015625, 0.42476851851851855, 0.04953703703703704, 0.01796875
1 0.28658854166666664, 0.42569444444444443, 0.04351851851851852, 0.023697916666666666
1 0.317578125, 0.42615740740740743, 0.0587962962962963, 0.01875
1 0.9287760416666667, 0.42569444444444443, 0.05277777777777778, 0.021875
1 0.610546875, 0.4270833333333333, 0.055092592592592596, 0.020052083333333335
1 0.837890625, 0.42615740740740743, 0.038425925925925926, 0.0203125
1 0.17747395833333332, 0.42662037037037037, 0.046296296296296294, 0.0234375
1 0.307421875, 0.42615740740740743, 0.04861111111111111, 0.011979166666666667
1 0.06888020833333333, 0.4275462962962963, 0.027777777777777776, 0.038802083333333334
1 0.26861979166666666, 0.42615740740740743, 0.062037037037037036, 0.02109375
1 0.6467447916666667, 0.42939814814814814, 0.0375, 0.034375
1 0.3717447916666667, 0.4289351851851852, 0.03888888888888889, 0.02109375
1 0.13893229166666668, 0.4303240740740741, 0.044444444444444446, 0.014583333333333334
1 0.45065104166666664, 0.4303240740740741, 0.028703703703703703, 0.035416666666666666
1 0.41184895833333335, 0.43171296296296297, 0.05555555555555555, 0.018489583333333334
1 0.5462239583333334, 0.4321759259259259, 0.025, 0.04296875
1 0.21575520833333334, 0.4340277777777778, 0.025, 0.028645833333333332
1 0.6727864583333333, 0.4340277777777778, 0.04398148148148148, 0.031119791666666667
1 0.149609375, 0.43495370370370373, 0.05648148148148148, 0.016927083333333332
1 0.7283854166666667, 0.4372685185185185, 0.0375, 0.015234375
1 0.7006510416666667, 0.4391203703703704, 0.07083333333333333, 0.021614583333333333
1 0.23294270833333333, 0.4439814814814815, 0.055324074074074074, 0.022135416666666668
1 0.19674479166666667, 0.44050925925925927, 0.050462962962962966, 0.021614583333333333
1 0.9475260416666667, 0.4423611111111111, 0.04351851851851852, 0.0203125
1 0.6279947916666667, 0.4428240740740741, 0.02962962962962963, 0.028125
1 0.09270833333333334, 0.44189814814814815, 0.04212962962962963, 0.03502604166666667
1 0.5779947916666667, 0.4446759259259259, 0.033796296296296297, 0.029427083333333333
1 0.9696614583333333, 0.44375, 0.05138888888888889, 0.02421875
1 0.29205729166666666, 0.44699074074074074, 0.04259259259259259, 0.017447916666666667
1 0.445703125, 0.45046296296296295, 0.053009259259259256, 0.013020833333333334
1 0.4641927083333333, 0.44375, 0.052314814814814814, 0.020703125
1 0.786328125, 0.44375, 0.058333333333333334, 0.018489583333333334
1 0.07200520833333333, 0.44884259259259257, 0.025925925925925925, 0.02890625
1 0.387890625, 0.4511574074074074, 0.052314814814814814, 0.016145833333333335
1 0.798046875, 0.45069444444444445, 0.046296296296296294, 0.020833333333333332
1 0.5063802083333333, 0.4534722222222222, 0.0375, 0.036328125
1 0.5975260416666667, 0.4534722222222222, 0.052314814814814814, 0.022526041666666666
1 0.4290364583333333, 0.4548611111111111, 0.059722222222222225, 0.017447916666666667
1 0.419140625, 0.45810185185185187, 0.05277777777777778, 0.015625
1 0.46653645833333335, 0.45578703703703705, 0.05787037037037037, 0.023958333333333335
1 0.915234375, 0.45578703703703705, 0.05787037037037037, 0.029427083333333333
1 0.455859375, 0.4618055555555556, 0.043055555555555555, 0.010416666666666666
1 0.6727864583333333, 0.45532407407407405, 0.03935185185185185, 0.020572916666666666
1 0.5475260416666666, 0.4570092592592592, 0.04461111111111111, 0.03567708333333333
1 0.34153645833333335, 0.46319444444444446, 0.05925925925925926, 0.014583333333333334
1 0.835546875, 0.4636574074074074, 0.05, 0.04244791666666667
1 0.017317708333333334, 0.4664351851851852, 0.05, 0.028645833333333332
1 0.5305989583333334, 0.4664351851851852, 0.05185185185185185, 0.036458333333333336
1 0.7282552083333333, 0.46550925925925923, 0.03796296296296296, 0.025
1 0.270703125, 0.46550925925925923, 0.05277777777777778, 0.025911458333333335
1 0.07434895833333334, 0.4664351851851852, 0.06018518518518518, 0.023177083333333334
1 0.28216145833333334, 0.4673611111111111, 0.047685185185185185, 0.03802083333333333
1 0.8290364583333333, 0.46828703703703706, 0.05787037037037037, 0.032552083333333336
1 0.3321614583333333, 0.46967592592592594, 0.053703703703703705, 0.013541666666666667
1 0.9665364583333333, 0.4710648148148148, 0.05925925925925926, 0.027604166666666666
1 0.085546875, 0.4724537037037037, 0.05462962962962963, 0.02734375
1 0.11627604166666666, 0.4706018518518518, 0.05138888888888889, 0.03333333333333333
1 0.13736979166666666, 0.47152777777777777, 0.058333333333333334, 0.021354166666666667
1 0.75234375, 0.47314814814814815, 0.04282407407407408, 0.031901041666666664
1 0.874609375, 0.47152777777777777, 0.060648148148148145, 0.020052083333333335
1 0.040234375, 0.47337962962962965, 0.056018518518518516, 0.01640625
1 0.18190104166666668, 0.4701388888888889, 0.06111111111111111, 0.021614583333333333
1 0.216015625, 0.47708333333333336, 0.05694444444444444, 0.0234375
1 0.028515625, 0.47662037037037036, 0.058333333333333334, 0.018489583333333334
1 0.6795572916666667, 0.4777777777777778, 0.05578703703703704, 0.022395833333333334
1 0.988671875, 0.48310185185185184, 0.044444444444444446, 0.0109375
1 0.523828125, 0.4849537037037037, 0.07222222222222222, 0.02109375
1 0.5095052083333333, 0.4844907407407407, 0.06666666666666667, 0.01796875
1 0.5662760416666667, 0.4858796296296296, 0.03981481481481482, 0.027083333333333334
1 0.495703125, 0.4849537037037037, 0.055092592592592596, 0.016927083333333332
1 0.7485677083333333, 0.4849537037037037, 0.034722222222222224, 0.028385416666666666
1 0.4108072916666667, 0.48726851851851855, 0.056018518518518516, 0.020572916666666666
1 0.6220052083333333, 0.4900462962962963, 0.03287037037037037, 0.044270833333333336
1 0.04986979166666667, 0.49189814814814814, 0.044444444444444446, 0.016145833333333335
1 0.536328125, 0.4909722222222222, 0.062037037037037036, 0.031510416666666666
1 0.2884114583333333, 0.49375, 0.059722222222222225, 0.031510416666666666
1 0.38528645833333336, 0.49421296296296297, 0.03935185185185185, 0.016927083333333332
1 0.670703125, 0.4951388888888889, 0.043055555555555555, 0.015364583333333333
1 0.7220052083333334, 0.5006944444444444, 0.06620370370370371, 0.0234375
1 0.27486979166666664, 0.5011574074074074, 0.037037037037037035, 0.027864583333333335
1 0.6532552083333333, 0.5034722222222222, 0.05, 0.01953125
1 0.37721354166666665, 0.5030092592592592, 0.05462962962962963, 0.013020833333333334
1 0.798046875, 0.5053240740740741, 0.03888888888888889, 0.018489583333333334
1 0.017317708333333334, 0.50625, 0.03333333333333333, 0.013802083333333333
1 0.43971354166666665, 0.5081018518518519, 0.07175925925925926, 0.021354166666666667
1 0.894140625, 0.506712962962963, 0.062037037037037036, 0.029427083333333333
1 0.9204427083333333, 0.5076388888888889, 0.04027777777777778, 0.04453125
1 0.6076822916666667, 0.5108796296296296, 0.03148148148148148, 0.035807291666666664
1 0.42486979166666666, 0.5136574074074074, 0.06296296296296296, 0.01875
1 0.634765625, 0.5136574074074074, 0.052314814814814814, 0.020833333333333332
1 0.837109375, 0.5122685185185185, 0.03564814814814815, 0.040364583333333336
1 0.4024739583333333, 0.5145833333333333, 0.05740740740740741, 0.015885416666666666
1 0.7625, 0.5155092592592593, 0.04398148148148148, 0.04049479166666667
1 0.18893229166666667, 0.5155092592592593, 0.0412037037037037, 0.02890625
1 0.24752604166666667, 0.5201388888888889, 0.05787037037037037, 0.019270833333333334
1 0.3868489583333333, 0.5215277777777778, 0.06111111111111111, 0.019791666666666666
1 0.5009114583333333, 0.5201388888888889, 0.050462962962962966, 0.01796875
1 0.7522135416666667, 0.5229166666666667, 0.060648148148148145, 0.03411458333333333
1 0.8319010416666667, 0.5247685185185185, 0.049074074074074076, 0.03372395833333333
1 0.9787760416666667, 0.5215277777777778, 0.056018518518518516, 0.020833333333333332
1 0.990234375, 0.5233796296296296, 0.03796296296296296, 0.009375
1 0.683203125, 0.5256944444444445, 0.03194444444444444, 0.0390625
1 0.915234375, 0.532574074074074, 0.023675925925925927, 0.0328125
1 0.5954427083333333, 0.5326388888888889, 0.029166666666666667, 0.03958333333333333
1 0.6553385416666667, 0.5321759259259259, 0.06018518518518518, 0.025260416666666667
1 0.8014322916666666, 0.5400462962962963, 0.031018518518518518, 0.0359375
1 0.855078125, 0.5451388888888888, 0.020370370370370372, 0.027604166666666666
1 0.7319010416666667, 0.5456018518518518, 0.05462962962962963, 0.019010416666666665
1 0.7493489583333334, 0.5483796296296296, 0.049074074074074076, 0.028645833333333332
1 0.5803385416666667, 0.5474537037037037, 0.04814814814814815, 0.023177083333333334
1 0.41106770833333334, 0.5488425925925926, 0.07824074074074074, 0.02109375
1 0.896484375, 0.5576388888888889, 0.04675925925925926, 0.025520833333333333
1 0.676171875, 0.5590277777777778, 0.058333333333333334, 0.025
1 0.6264322916666667, 0.5627314814814814, 0.053703703703703705, 0.020052083333333335
1 0.888671875, 0.5659722222222222, 0.040740740740740744, 0.019270833333333334
1 0.8170572916666666, 0.5659722222222222, 0.06574074074074074, 0.028125
1 0.39622395833333335, 0.5682870370370371, 0.05462962962962963, 0.02421875
1 0.7852864583333333, 0.5706018518518519, 0.06666666666666667, 0.028645833333333332
1 0.8045572916666667, 0.569212962962963, 0.07268518518518519, 0.024739583333333332
1 0.6141927083333333, 0.5710648148148149, 0.05416666666666667, 0.015364583333333333
1 0.8358072916666667, 0.5710648148148149, 0.03981481481481482, 0.03229166666666667
1 0.5102864583333333, 0.5710648148148149, 0.06342592592592593, 0.031510416666666666
1 0.323828125, 0.5747685185185185, 0.05694444444444444, 0.020833333333333332
1 0.5727864583333333, 0.5775462962962963, 0.0699074074074074, 0.026302083333333334
1 0.8704427083333334, 0.5780092592592593, 0.06574074074074074, 0.03229166666666667
1 0.5954427083333333, 0.5793981481481482, 0.06342592592592593, 0.021354166666666667
1 0.3795572916666667, 0.580787037037037, 0.05740740740740741, 0.025
1 0.499609375, 0.58125, 0.055092592592592596, 0.0234375
1 0.43997395833333336, 0.5826388888888889, 0.05185185185185185, 0.0359375
1 0.18111979166666667, 0.5854166666666667, 0.05277777777777778, 0.018229166666666668
1 0.8438802083333333, 0.5886574074074075, 0.05, 0.027083333333333334
1 0.983203125, 0.5895833333333333, 0.07268518518518519, 0.01640625
1 0.9141927083333333, 0.5891203703703703, 0.06296296296296296, 0.027083333333333334
1 0.6608072916666666, 0.5918981481481481, 0.06574074074074074, 0.028125
1 0.6509114583333333, 0.5951388888888889, 0.05324074074074074, 0.01796875
1 0.6872395833333333, 0.6127314814814815, 0.056018518518518516, 0.029036458333333334
1 0.8561197916666666, 0.6127314814814815, 0.06157407407407407, 0.01953125
1 0.678515625, 0.6164351851851851, 0.053703703703703705, 0.017708333333333333
1 0.93984375, 0.6150462962962963, 0.03796296296296296, 0.03216145833333333
1 0.7709635416666667, 0.7354166666666667, 0.07037037037037037, 0.0203125
1 0.33619791666666665, 0.40196759259259257, 0.03958333333333333, 0.03958333333333333
1 6.510416666666667e-05, 0.45810185185185187, 0.03216666666666667, 0.008268229166666667
1 0.01171875, 0.45925925925925926, 0.06074537037037037, 0.017708333333333333
1 0.0001953125, 0.5099490740740741, 0.021518518518518517, 0.014778645833333333
1 9.895833333333333e-05, 0.4905694444444445, 0.0223287037037037, 0.0152890625
1 0.062859375, 0.459837962962963, 0.024185185185185185, 0.020703125
1 0.06199479166666667, 0.4745972222222223, 0.05935648148148148, 0.023713541666666667
1 0.05475260416666667, 0.4675092592592593, 0.031703703703703706, 0.016080729166666665
1 0.10403645833333333, 0.4617962962962963, 0.05959259259259259, 0.023502604166666666
1 0.11901041666666666, 0.44502314814814814, 0.06057407407407408, 0.021744791666666666
1 0.07486979166666667, 0.7625, 0.044430555555555556, 0.02421875
1 0.15071614583333334, 0.4621851851851852, 0.051370370370370365, 0.028450520833333333
1 0.16614583333333333, 0.42796296296296293, 0.04363425925925926, 0.0140625
1 0.16614583333333333, 0.4621527777777778, 0.05229629629629629, 0.027408854166666666
1 0.1888671875, 0.4376157407407407, 0.035638888888888894, 0.0224609375
1 0.2046875, 0.4671296296296296, 0.04662962962962963, 0.027799479166666665
1 0.19992447916666667, 0.4533287037037037, 0.06236574074074074, 0.03056510416666667
1 0.24658333333333332, 0.455212962962963, 0.0507962962962963, 0.027440104166666666
1 0.246125, 0.44502314814814814, 0.050041666666666665, 0.025067708333333334
1 0.31598437500000004, 0.47697685185185185, 0.04627314814814815, 0.016111979166666665
1 0.3250078125, 0.440537037037037, 0.04214351851851852, 0.019247395833333333
1 0.3595052083333333, 0.5075138888888889, 0.036444444444444446, 0.0193359375
1 0.3580729166666667, 0.48443518518518525, 0.051541666666666666, 0.024380208333333334
1 0.35865885416666665, 0.4202638888888889, 0.046162037037037036, 0.015268229166666668
1 0.399609375, 0.46499074074074076, 0.05501388888888889, 0.014682291666666668
1 0.37591145833333334, 0.4603611111111111, 0.052425925925925924, 0.014552083333333334
1 0.3531901041666667, 0.4603564814814815, 0.051680555555555556, 0.028481770833333333
1 0.3522447916666666, 0.4448287037037037, 0.05099537037037037, 0.018229166666666668
1 0.48541666666666666, 0.4508101851851852, 0.042583333333333334, 0.03235677083333333
1 0.4671223958333333, 0.48900925925925925, 0.05310648148148148, 0.031966145833333334
1 0.4693697916666667, 0.38472222222222224, 0.046282407407407404, 0.023533854166666666
1 0.4803072916666667, 0.36647222222222225, 0.049490740740740745, 0.02197135416666667
1 0.574578125, 0.4853611111111112, 0.046282407407407404, 0.028776041666666665
1 0.643390625, 0.46979166666666666, 0.025800925925925925, 0.03183854166666667
1 0.7121744791666667, 0.5672361111111112, 0.03841666666666667, 0.024934895833333335
1 0.6930989583333333, 0.5538194444444444, 0.05183796296296296, 0.025619791666666666
1 0.7704739583333333, 0.6080972222222222, 0.04900462962962963, 0.025619791666666666
1 0.7674479166666667, 0.5798657407407407, 0.05889351851851852, 0.02346875
1 0.815625, 0.4620462962962963, 0.05264351851851851, 0.018489583333333334
1 0.8077135416666666, 0.4141898148148148, 0.05594444444444445, 0.024416666666666666
1 0.7833645833333333, 0.4138935185185185, 0.04715277777777777, 0.03818489583333333
1 0.7104817708333333, 0.4548611111111111, 0.06468055555555556, 0.025294270833333334
1 0.5528489583333334, 0.4528935185185185, 0.035236111111111114, 0.046760416666666665
1 0.9604166666666667, 0.5712824074074074, 0.027976851851851853, 0.0376953125
1 0.9643541666666666, 0.5366851851851852, 0.0425787037037037, 0.02025
1 0.9416015625, 0.47674537037037035, 0.05669444444444444, 0.030078125
1 0.9450208333333333, 0.47252314814814816, 0.05380555555555556, 0.03678125
1 0.6296875, 0.24818055555555557, 0.04188425925925926, 0.022005208333333335
1 0.6423489583333333, 0.24596296296296294, 0.051550925925925924, 0.016666666666666666
1 0.6915052083333334, 0.47147222222222224, 0.05484722222222222, 0.017609375
1 0.5969401041666667, 0.48050000000000004, 0.05455555555555556, 0.02734375
1 0.6323567708333333, 0.4532361111111111, 0.027537037037037037, 0.046388020833333335
1 0.7510416666666667, 0.4384166666666667, 0.055078703703703706, 0.029036458333333334
1 0.7743177083333334, 0.44062962962962965, 0.058722222222222224, 0.014614583333333332
1 0.766375, 0.4269722222222222, 0.05119907407407408, 0.018651041666666666
1 0.8978515625, 0.4717546296296296, 0.036097222222222225, 0.04095052083333333
1 0.9003255208333333, 0.48246759259259264, 0.05837962962962963, 0.026205729166666667
1 0.8801432291666667, 0.43183796296296295, 0.04477777777777778, 0.022721354166666666
1 0.8684244791666667, 0.45441203703703703, 0.05385648148148148, 0.03839583333333333
1 0.8494479166666667, 0.45052314814814814, 0.04206018518518518, 0.035609375000000006
1 0.37994791666666666, 0.28935185185185186, 0.03252314814814815, 0.0326171875
1 0.36861979166666664, 0.27118055555555554, 0.038134259259259264, 0.03463541666666667
