1 0.5, 0.5, 79.5, 36.0
1 399.5, 0.5, 84.0, 96.0
1 1663.5, 0.5, 113.0, 99.0
1 1718.5, 0.5, 123.5, 105.0
1 1838.5, 0.5, 92.0, 43.0
1 1947.0, 1.0, 77.5, 19.5
1 2404.5, 0.5, 96.0, 118.0
1 2702.5, 1.0, 113.0, 38.5
1 2759.5, 0.5, 109.0, 118.0
1 1514.5, 0.5, 124.0, 140.0
1 2873.5, 20.5, 114.0, 137.0
1 1951.5, 19.5, 93.0, 117.0
1 2789.5, 22.5, 130.0, 133.0
1 242.5, 30.5, 128.0, 146.0
1 874.5, 36.5, 81.0, 132.0
1 93.5, 40.5, 84.0, 132.0
1 2194.5, 43.5, 117.0, 85.0
1 31.5, 51.5, 97.5, 121.0
1 2921.5, 61.5, 98.0, 153.0
1 156.5, 63.5, 117.0, 151.49
1 1283.5, 73.5, 94.5, 113.0
1 1342.5, 73.5, 87.0, 166.0
1 1889.5, 81.5, 101.0, 174.0
1 409.5, 83.5, 165.0, 90.0
1 1509.5, 93.5, 85.0, 104.0
1 2172.5, 95.5, 70.0, 141.0
1 2039.5, 100.5, 108.0, 144.0
1 2944.5, 116.5, 130.5, 159.0
1 0.5, 117.5, 36.0, 82.0
1 594.5, 119.5, 117.0, 161.0
1 551.5, 130.5, 89.0, 149.0
1 1383.5, 134.5, 117.0, 161.0
1 331.5, 142.5, 104.5, 152.0
1 697.5, 142.5, 90.0, 155.0
1 773.5, 144.5, 102.0, 147.0
1 1124.5, 143.5, 133.0, 109.0
1 2234.5, 144.99, 85.75, 164.51
1 224.5, 157.5, 113.0, 166.0
1 1684.5, 153.5, 81.0, 151.0
1 1628.5, 167.5, 58.0, 131.0
1 1200.5, 177.5, 169.0, 147.0
1 862.5, 187.5, 85.0, 174.0
1 2140.5, 185.5, 105.0, 163.0
1 2574.5, 187.5, 91.0, 154.0
1 0.5, 192.5, 96.0, 156.0
1 430.5, 206.5, 91.0, 154.0
1 2997.5, 206.5, 108.0, 141.0
1 663.5, 210.5, 99.0, 121.0
1 1879.5, 219.5, 116.0, 134.0
1 2674.5, 218.5, 133.0, 66.0
1 1118.5, 221.5, 126.0, 78.0
1 2076.5, 241.5, 139.0, 162.0
1 759.5, 242.5, 127.0, 164.0
1 1382.5, 255.5, 138.0, 144.0
1 1705.5, 259.5, 107.0, 185.0
1 2046.5, 261.5, 97.0, 126.0
1 624.5, 266.5, 97.0, 160.0
1 2196.5, 274.5, 97.0, 208.0
1 1621.5, 280.5, 111.0, 188.0
1 2284.5, 286.5, 126.0, 135.0
1 3044.5, 297.5, 80.0, 179.0
1 2690.5, 303.5, 162.0, 95.0
1 704.5, 298.5, 86.0, 173.0
1 1245.5, 303.5, 87.0, 119.0
1 2944.5, 306.5, 113.0, 215.0
1 500.5, 317.5, 101.0, 138.0
1 2883.5, 316.5, 102.0, 151.0
1 1.0, 319.5, 30.5, 109.0
1 2524.5, 320.5, 110.0, 129.0
1 544.5, 323.5, 126.0, 123.0
1 1769.5, 321.5, 62.0, 140.0
1 435.5, 333.5, 93.0, 166.0
1 3310.5, 334.5, 95.0, 164.0
1 3228.5, 337.5, 90.0, 187.0
1 1061.5, 336.5, 148.0, 94.0
1 3116.5, 339.5, 29.0, 51.0
1 17.5, 343.5, 90.0, 201.0
1 3638.5, 345.5, 152.0, 158.0
1 1525.5, 353.5, 142.0, 122.0
1 340.5, 353.5, 101.0, 117.0
1 2440.5, 366.5, 91.0, 199.0
1 2702.5, 368.5, 115.0, 186.0
1 3133.5, 383.5, 94.0, 181.0
1 143.5, 392.5, 83.0, 98.0
1 2224.5, 391.5, 116.0, 162.0
1 1072.5, 395.5, 121.0, 101.0
1 2376.5, 397.5, 89.0, 170.0
1 1249.5, 404.5, 90.0, 132.0
1 939.5, 406.5, 75.0, 123.0
1 1358.5, 406.5, 96.0, 197.0
1 1453.5, 411.5, 115.0, 141.0
1 1002.5, 401.22, 105.0, 180.28
1 1780.5, 411.5, 77.0, 205.0
1 1070.5, 423.5, 89.0, 146.0
1 1655.5, 426.5, 128.0, 200.0
1 707.5, 440.5, 81.0, 175.0
1 1419.5, 447.5, 123.0, 109.0
1 3097.5, 450.5, 62.0, 131.0
1 479.5, 452.5, 105.0, 169.0
1 880.5, 448.5, 71.0, 167.0
1 2511.5, 448.5, 92.0, 214.0
1 2255.5, 455.5, 128.0, 178.0
1 1853.5, 458.5, 120.0, 149.0
1 225.5, 466.5, 89.0, 173.0
1 1694.5, 485.5, 108.0, 196.0
1 1150.5, 490.5, 72.0, 144.0
1 1308.5, 505.5, 137.0, 172.0
1 0.5, 519.5, 25.0, 108.0
1 2633.5, 517.5, 101.0, 123.0
1 36.5, 528.5, 107.0, 99.0
1 753.5, 527.5, 102.0, 167.0
1 2070.5, 544.5, 132.0, 73.0
1 2323.5, 547.5, 112.0, 211.0
1 2789.5, 544.5, 105.0, 152.0
1 1150.5, 560.5, 130.0, 151.0
1 105.5, 568.5, 88.0, 191.0
1 289.5, 572.5, 84.0, 107.0
1 1444.5, 567.5, 88.0, 189.0
1 2287.5, 574.5, 64.0, 103.0
1 1933.5, 584.5, 84.0, 151.0
1 168.5, 584.5, 108.0, 150.0
1 932.5, 596.5, 98.0, 164.0
1 1813.5, 595.5, 108.0, 163.0
1 1273.5, 603.5, 96.0, 158.0
1 401.5, 616.5, 115.0, 162.0
1 1704.5, 615.5, 109.0, 178.0
1 0.5, 626.5, 28.0, 44.0
1 480.5, 630.5, 104.0, 129.0
1 2426.5, 667.5, 99.0, 186.0
1 212.5, 659.5, 69.0, 178.0
1 535.5, 704.5, 122.0, 153.0
1 1168.5, 717.5, 144.0, 72.0
1 1059.5, 722.5, 102.0, 165.0
1 682.5, 722.5, 120.0, 191.0
1 453.5, 747.5, 101.0, 181.0
1 1756.5, 749.5, 105.0, 165.0
1 1484.5, 755.5, 101.0, 178.0
1 1885.5, 756.5, 112.0, 220.0
1 2996.5, 760.5, 162.0, 185.0
1 1363.5, 761.5, 91.0, 196.0
1 1231.5, 773.5, 86.0, 163.0
1 1304.5, 777.5, 70.0, 145.0
1 641.5, 798.0, 102.0, 148.5
1 0.5, 804.5, 67.0, 81.0
1 1474.5, 817.5, 193.25, 164.0
1 2251.5, 830.5, 110.0, 210.0
1 1159.5, 837.5, 73.0, 161.0
1 2020.5, 1017.5, 102.0, 141.0
1 66.5, 1077.5, 100.0, 138.0
1 2576.5, 1121.5, 87.0, 152.0
1 2764.5, 1123.5, 92.0, 97.0
1 2163.5, 1128.5, 170.0, 89.0
1 2786.5, 1194.5, 85.0, 134.0
1 403.5, 1209.5, 96.0, 82.0
1 0.5, 1221.5, 75.0, 132.0
1 213.5, 1270.5, 129.0, 64.0
1 711.5, 1287.5, 123.0, 112.0
1 1408.5, 1346.5, 104.0, 69.0
1 946.0, 1399.73, 154.0, 117.96
1 193.0, 1006.03, 128.0, 170.95
1 14.0, 976.02, 180.0, 103.47
1 2852.0, 458.02, 105.0, 188.45
1 2814.5, 367.48, 92.5, 151.45
1 2610.0, 390.25, 121.25, 105.71
1 2623.75, 282.26, 83.75, 149.95
1 2504.5, 214.88, 85.75, 173.33
1 2437.0, 117.52, 108.75, 187.93
1 2351.0, 56.99, 85.0, 190.49
1 2293.25, 123.25, 88.25, 160.45
1 1852.0, 379.94, 124.5, 164.95
1 1925.5, 330.37, 170.62, 103.57
1 1867.25, 259.47, 184.13, 140.23
1 1812.5, 213.54, 79.75, 188.19
1 1514.0, 669.75, 130.0, 146.17
1 1646.5, 646.0, 85.0, 158.98
1 1572.12, 638.03, 81.63, 169.93
1 1572.25, 194.51, 84.5, 141.21
1 1455.0, 293.88, 166.38, 127.85
1 1095.12, 256.03, 144.88, 142.96
1 829.0, 618.37, 107.0, 166.95
1 639.5, 581.45, 103.25, 160.2
1 1422.0, 836.51, 81.25, 151.45
1 1408.75, 686.28, 98.5, 179.2
1 1345.5, 639.63, 97.12, 170.11
1 565.12, 549.04, 115.38, 201.93
1 23.5, 818.98, 109.5, 192.69
1 56.25, 651.26, 64.0, 160.96
1 0.25, 630.52, 71.5, 206.46
1 83.5, 354.0, 86.25, 145.95
1 138.25, 288.5, 76.0, 119.96
1 296.5, 424.0, 121.0, 172.91
1 171.0, 150.75, 106.5, 153.46
1 2375.25, 254.5, 122.25, 140.2
1 1628.0, 722.0, 145.0, 179.91
1 971.0, 82.52, 155.75, 143.96
1 991.25, 176.98, 119.75, 122.72
1 785.25, 357.0, 184.25, 159.98
1 803.5, 581.37, 95.75, 217.81
1 78.38, 757.98, 142.62, 180.49
1 257.25, 649.99, 107.25, 161.23
1 336.25, 622.74, 73.0, 160.96
1 379.06, 466.77, 106.69, 161.7
1 297.25, 256.74, 99.0, 162.2
1 197.25, 352.99, 138.5, 181.2
1 812.25, 441.26, 80.75, 143.2
1 1996.0, 410.5, 154.5, 157.75
1 1981.38, 385.75, 159.74, 125.37
