1 799.5, 10.5, 36.0, 57.0
1 817.5, 33.5, 43.0, 72.0
1 839.5, 45.5, 44.0, 73.0
1 857.5, 60.5, 54.0, 65.0
1 874.5, 79.5, 63.0, 51.0
1 873.5, 113.5, 67.0, 47.0
1 898.5, 123.5, 49.0, 58.0
1 913.5, 140.5, 55.0, 64.0
1 935.5, 166.5, 54.0, 48.69
1 950.5, 179.5, 55.0, 53.0
1 994.5, 193.5, 31.0, 59.0
1 1042.5, 209.5, 50.0, 42.0
1 1021.5, 205.5, 27.0, 48.0
1 1049.5, 231.5, 60.0, 47.0
1 1024.5, 244.5, 32.0, 51.81
1 990.5, 252.5, 36.0, 67.0
1 1075.5, 267.5, 40.0, 68.0
1 1023.5, 276.5, 60.0, 44.0
1 1091.12, 286.0, 39.38, 50.5
1 1113.5, 290.5, 45.0, 52.0
1 1029.5, 298.0, 46.25, 49.5
1 1115.0, 312.5, 54.5, 51.0
1 1148.5, 322.5, 45.0, 41.0
1 1194.5, 324.5, 48.0, 48.0
1 1035.5, 326.5, 52.0, 45.0
1 1069.5, 329.5, 53.0, 51.0
1 1225.5, 336.5, 36.0, 65.0
1 1148.5, 334.5, 56.0, 57.0
1 1109.5, 359.5, 47.0, 54.0
1 1077.5, 356.5, 54.0, 56.0
1 1169.5, 367.5, 57.5, 32.22
1 1229.5, 369.5, 40.0, 46.0
1 1187.5, 381.5, 44.0, 60.0
1 1258.5, 383.5, 58.0, 33.0
1 1248.5, 403.5, 66.0, 45.0
1 1144.5, 410.5, 52.0, 56.0
1 1215.5, 411.5, 40.0, 61.0
1 1248.5, 427.5, 62.0, 46.0
1 1309.5, 439.5, 43.0, 48.0
1 1160.5, 432.5, 60.0, 53.0
1 1280.25, 445.5, 39.75, 57.56
1 1583.5, 453.5, 29.0, 64.0
1 1329.5, 451.5, 53.0, 36.0
1 1341.5, 462.5, 70.0, 52.0
1 1179.5, 453.5, 74.5, 59.0
1 1244.5, 467.5, 40.0, 60.0
1 1212.5, 472.5, 57.5, 51.0
1 1389.25, 476.5, 60.25, 43.19
1 1276.5, 482.5, 57.5, 59.0
1 1306.5, 488.5, 45.0, 54.0
1 1330.5, 497.5, 38.0, 60.25
1 1391.5, 502.0, 56.0, 39.5
1 1343.5, 500.5, 54.0, 66.62
1 1240.5, 511.5, 40.0, 63.0
1 1275.5, 529.5, 41.0, 62.0
1 1379.5, 535.5, 60.0, 35.0
1 1305.5, 527.5, 35.0, 81.0
1 1430.5, 553.5, 43.0, 66.0
1 1438.5, 580.5, 40.0, 56.0
1 1336.5, 605.5, 66.0, 45.0
1 1363.5, 644.25, 43.88, 60.25
1 1477.5, 651.5, 41.0, 56.0
1 1577.5, 678.5, 66.0, 36.0
1 1285.5, 714.5, 41.5, 59.0
1 1295.44, 717.5, 54.06, 59.75
1 1386.89, 758.17, 54.17, 43.0
1 1327.5, 767.5, 46.0, 68.0
1 1287.0, 776.5, 61.5, 35.0
1 1704.5, 777.5, 59.0, 40.0
1 1384.5, 774.5, 65.0, 50.0
1 1533.5, 778.5, 47.0, 36.0
1 1735.5, 783.5, 55.0, 43.0
1 1495.5, 789.5, 39.0, 59.0
1 1848.5, 791.5, 49.0, 57.0
1 1269.5, 795.5, 62.0, 37.0
1 1833.5, 799.5, 47.0, 52.0
1 1542.5, 803.5, 46.0, 51.0
1 1378.5, 810.5, 82.0, 37.0
1 1520.5, 814.5, 28.0, 49.0
1 1689.5, 811.5, 64.0, 42.0
1 1551.5, 818.5, 47.0, 63.0
1 1719.5, 822.5, 54.0, 71.0
1 1313.5, 827.5, 67.0, 32.0
1 1926.5, 831.5, 39.0, 56.75
1 1961.5, 836.5, 27.0, 55.0
1 1374.5, 833.5, 67.0, 49.0
1 1563.5, 837.5, 56.0, 70.0
1 1644.5, 845.5, 56.0, 65.0
1 1785.5, 838.5, 27.0, 75.0
1 1808.5, 844.5, 23.0, 65.0
1 1843.5, 845.5, 24.0, 44.0
1 1826.5, 847.5, 27.0, 68.0
1 1674.5, 848.5, 55.0, 67.0
1 1581.5, 854.5, 52.0, 52.0
1 1848.5, 845.5, 36.0, 67.0
1 1382.5, 844.0, 69.5, 47.5
1 1527.5, 847.5, 39.0, 54.0
1 1414.5, 859.5, 63.0, 43.0
1 1504.5, 873.5, 34.0, 58.0
1 1909.0, 863.5, 35.62, 69.0
1 1595.5, 874.5, 57.0, 52.0
1 1439.5, 884.5, 38.0, 63.0
1 1530.5, 886.5, 43.0, 53.0
1 1469.5, 889.5, 29.0, 68.0
1 1360.5, 889.5, 59.5, 31.0
1 1490.5, 890.5, 29.0, 70.0
1 1723.5, 892.5, 43.0, 67.0
1 1658.5, 899.5, 77.0, 40.0
1 1842.5, 903.5, 50.0, 33.0
1 1762.5, 909.5, 49.0, 40.0
1 1792.5, 904.5, 53.0, 50.0
1 1950.5, 917.5, 37.0, 60.0
1 1600.0, 918.5, 31.5, 22.0
1 1606.5, 919.5, 46.5, 58.0
1 1827.0, 925.5, 63.0, 39.0
1 1664.5, 928.5, 52.0, 52.0
1 1896.5, 930.5, 35.0, 53.0
1 1679.5, 939.5, 51.0, 62.0
1 1515.5, 927.5, 58.0, 51.0
1 1645.5, 919.5, 34.0, 77.0
1 1709.5, 937.5, 39.0, 73.0
1 1555.5, 941.5, 52.0, 35.0
1 1448.5, 949.0, 33.0, 56.5
1 1789.5, 946.5, 42.0, 30.0
1 1505.5, 952.5, 57.5, 50.91
1 1377.5, 955.5, 65.0, 43.0
1 1615.5, 952.5, 40.0, 73.0
1 1574.5, 951.5, 57.0, 42.0
1 1772.5, 965.5, 56.0, 39.0
1 1815.5, 961.5, 26.0, 70.0
1 1835.5, 963.5, 31.0, 65.0
1 1904.5, 962.5, 53.0, 47.0
1 1933.5, 967.5, 67.0, 40.0
1 1983.5, 976.5, 47.0, 62.0
1 1848.5, 975.5, 54.0, 64.0
1 1551.5, 973.5, 34.0, 69.0
1 1687.5, 993.5, 27.0, 23.0
1 1771.94, 988.5, 22.56, 71.0
1 1938.5, 989.5, 48.0, 46.0
1 1649.5, 994.5, 47.0, 24.0
1 1788.06, 995.5, 31.44, 67.0
1 1755.62, 992.5, 22.88, 71.0
1 1683.5, 1006.5, 38.0, 72.0
1 1433.5, 1002.5, 39.0, 64.0
1 1658.5, 1015.5, 40.0, 79.0
1 1590.5, 1016.5, 82.0, 54.0
1 1799.5, 1020.5, 50.0, 70.0
1 2004.5, 1027.5, 56.0, 80.0
1 1490.5, 1032.5, 69.0, 28.0
1 1447.5, 1034.5, 45.0, 55.0
1 1538.5, 1034.5, 52.0, 52.0
1 1826.5, 1037.5, 43.5, 44.0
1 1612.5, 1049.0, 51.5, 38.5
1 1876.5, 1048.5, 57.0, 39.0
1 2114.5, 1057.5, 44.0, 58.0
1 1481.5, 1058.5, 65.0, 36.0
1 1575.5, 1056.5, 47.0, 54.0
1 1714.62, 1056.25, 52.88, 50.75
1 1611.5, 1067.5, 51.0, 51.0
1 2036.0, 1060.5, 29.5, 72.0
1 2059.5, 1066.5, 32.0, 59.0
1 1748.5, 1057.5, 53.0, 76.0
1 2074.5, 1071.5, 38.0, 69.0
1 1498.5, 1077.5, 41.0, 48.0
1 1559.5, 1065.5, 51.0, 67.0
1 1644.5, 1071.5, 59.0, 36.5
1 1515.5, 1073.5, 45.0, 60.0
1 2010.5, 1080.5, 30.0, 71.0
1 1683.5, 1073.5, 40.0, 76.0
1 1795.5, 1086.5, 31.0, 56.0
1 1712.5, 1089.5, 52.5, 54.0
1 2126.5, 1091.5, 36.0, 56.0
1 2185.5, 1098.5, 30.0, 61.0
1 2090.5, 1096.5, 37.0, 64.0
1 1848.62, 1096.5, 30.88, 69.0
1 1549.5, 1104.5, 58.0, 54.0
1 1646.5, 1106.5, 45.0, 69.0
1 1955.5, 1111.5, 31.0, 66.0
1 1761.38, 1111.5, 34.12, 71.0
1 1720.5, 1129.75, 65.62, 47.5
1 2124.5, 1125.5, 47.0, 57.0
1 2203.5, 1133.5, 27.0, 53.0
1 2102.5, 1125.5, 37.0, 61.0
1 1927.38, 1136.5, 32.12, 64.0
1 1692.5, 1133.5, 31.38, 69.0
1 1652.5, 1144.5, 51.0, 53.88
1 1978.0, 1145.5, 53.0, 38.88
1 1769.5, 1148.5, 30.0, 62.0
1 1816.5, 1150.84, 34.0, 60.66
1 1617.5, 1144.5, 37.0, 62.0
1 1900.25, 1154.5, 37.44, 42.88
1 2180.5, 1157.5, 23.0, 67.0
1 1784.5, 1165.5, 42.0, 69.0
1 2040.5, 1161.25, 43.0, 56.25
1 1670.5, 1171.69, 36.0, 57.81
1 1542.5, 1172.5, 70.0, 59.0
1 2137.5, 1167.5, 28.0, 66.0
1 2196.5, 1165.5, 36.0, 61.0
1 1920.5, 1172.5, 57.5, 48.0
1 1979.12, 1178.5, 42.38, 58.12
1 2114.5, 1176.5, 36.0, 71.0
1 1744.5, 1175.5, 47.0, 61.0
1 2266.0, 1183.5, 28.5, 62.0
1 1641.5, 1177.5, 37.0, 61.0
1 1945.5, 1184.5, 51.0, 61.0
1 1539.5, 1196.5, 49.0, 58.0
1 1878.5, 1193.5, 50.0, 31.0
1 1608.5, 1201.5, 34.0, 60.0
1 2083.5, 1186.5, 35.0, 68.0
1 1870.5, 1212.5, 52.0, 49.0
1 2001.5, 1213.5, 56.0, 30.0
1 1670.5, 1216.5, 38.0, 59.0
1 2146.5, 1210.5, 52.0, 70.0
1 2212.5, 1215.5, 28.0, 65.0
1 1589.5, 1222.5, 38.0, 65.0
1 2183.5, 1215.5, 37.5, 74.0
1 2393.5, 1237.5, 42.0, 54.0
1 1654.5, 1238.5, 35.0, 66.0
1 1889.5, 1241.5, 62.0, 69.0
1 1115.19, 390.31, 55.87, 44.81
1 1121.25, 394.75, 68.41, 59.5
1 1434.31, 653.38, 57.5, 53.87
1 1392.75, 647.5, 38.37, 68.5
1 1417.81, 653.69, 44.88, 49.31
1 1397.62, 737.38, 57.0, 28.12
1 1373.19, 715.44, 79.31, 35.31
1 1407.81, 700.12, 73.0, 33.69
1 1345.75, 760.5, 48.94, 77.06
1 1755.75, 831.88, 38.0, 66.12
1 1738.12, 884.0, 26.26, 36.12
1 1755.91, 870.62, 35.9, 67.07
1 1703.5, 1187.75, 29.38, 64.0
1 1337.0, 928.88, 61.0, 47.24
1 1347.28, 919.75, 64.34, 42.37
1 1406.25, 987.25, 55.5, 50.0
1 1840.38, 1208.62, 44.5, 57.0
1 1958.0, 1243.62, 60.12, 40.13
1 1971.5, 1233.94, 57.75, 38.75
1 2240.0, 1243.5, 38.62, 66.0
1 2201.5, 1254.25, 52.62, 66.25
1 2242.0, 1180.0, 33.75, 79.75
1 2225.56, 1155.25, 32.06, 77.63
1 2151.75, 1162.75, 31.5, 82.87
1 2164.12, 1094.88, 31.63, 76.62
1 2055.38, 1166.62, 41.74, 74.26
1 2081.19, 1159.56, 32.53, 61.78
1 2014.31, 1171.12, 34.94, 53.0
1 2026.38, 1140.38, 68.68, 35.5
1 2024.88, 1118.44, 58.0, 34.75
1 1901.44, 1247.5, 65.56, 36.88
1 1900.88, 1211.25, 40.5, 48.75
1 1976.12, 1053.75, 39.26, 73.37
1 1907.25, 1059.12, 71.0, 43.38
1 1950.62, 1048.88, 32.26, 68.62
1 1984.06, 1103.06, 30.69, 74.44
1 1831.25, 1186.0, 50.0, 35.25
1 1861.38, 1145.69, 34.0, 45.93
1 1879.62, 835.12, 35.0, 67.19
1 1886.38, 848.12, 39.37, 61.76
1 1930.0, 887.88, 30.12, 50.5
1 1925.0, 909.0, 49.75, 65.09
1 1871.38, 1020.5, 69.0, 28.88
1 1886.88, 983.19, 58.68, 43.37
1 1874.94, 935.44, 26.5, 45.62
1 1888.19, 902.19, 26.75, 46.34
1 1904.25, 1113.75, 49.87, 52.75
1 1881.12, 1097.75, 39.5, 70.37
1 1630.88, 1198.88, 34.12, 60.5
1 1727.75, 1151.62, 36.37, 72.76
1 1381.5, 895.44, 70.12, 34.25
1 1576.81, 990.12, 32.63, 47.38
1 1584.94, 991.56, 45.56, 63.25
1 1742.12, 945.06, 57.07, 45.44
1 1710.25, 1043.0, 50.63, 48.88
1 1725.38, 984.38, 46.37, 49.37
1 1709.0, 1021.5, 47.25, 52.12
1 1539.12, 1159.38, 78.0, 23.62
1 1511.12, 1126.38, 75.63, 41.37
1 1610.06, 1104.44, 68.5, 51.68
1 1599.12, 1110.12, 44.5, 39.07
1 1869.75, 1167.88, 37.75, 31.74
1 1798.12, 1112.75, 57.13, 50.5
1 1799.62, 1132.12, 52.13, 37.69
1 1865.0, 1054.25, 47.09, 74.25
1 1825.38, 1041.81, 49.12, 74.94
1 1489.88, 1004.59, 69.5, 43.29
1 1475.88, 988.19, 64.5, 48.62
1 1479.25, 942.12, 30.63, 45.38
1 1470.12, 979.62, 46.13, 51.13
1 1380.12, 982.38, 72.94, 39.74
1 1437.75, 934.19, 33.37, 45.43
1 1392.19, 923.12, 54.37, 38.32
1 1342.5, 558.5, 64.38, 40.62
1 1343.56, 567.81, 93.44, 42.44
1 1376.0, 604.69, 59.19, 28.5
1 1379.44, 581.38, 53.81, 29.18
1 1544.5, 905.38, 51.5, 41.62
1 1580.38, 915.5, 33.62, 31.88
