1 0.8707236842105263, 0.35706360946745563, 0.0125, 0.005177514792899409
1 1.0134868421052632, 0.42696005917159763, 0.024342105263157894, 0.01257396449704142
1 1.0108552631578946, 0.461353550295858, 0.028289473684210528, 0.01257396449704142
1 0.9541118421052631, 0.5446560650887574, 0.022203947368421052, 0.0052699704142011835
1 0.9556710526315789, 0.5323594674556213, 0.02130263157894737, 0.009386094674556212
1 0.9472039473684211, 0.5200147928994082, 0.015789473684210527, 0.006519970414201183
1 0.9512368421052633, 0.5090162721893492, 0.018092105263157895, 0.007855029585798815
1 0.9110197368421052, 0.4185465976331361, 0.018256578947368422, 0.007581360946745562
1 0.8777960526315789, 0.368853550295858, 0.012414473684210527, 0.009430473372781065
1 0.8626644736842105, 0.3478180473372781, 0.022039473684210525, 0.00628698224852071
1 0.8799342105263158, 0.3259060650887574, 0.023519736842105263, 0.00628698224852071
1 0.8486842105263158, 0.29086538461538464, 0.01924342105263158, 0.009892751479289941
1 0.8051842105263158, 0.21445266272189348, 0.021710526315789475, 0.007625739644970414
1 0.7963815789473684, 0.20085798816568048, 0.015539473684210527, 0.00827662721893491
1 0.8123355263157894, 0.19508136094674555, 0.025164473684210525, 0.006656804733727811
1 0.5731907894736842, 0.1595784023668639, 0.013322368421052631, 0.009615384615384616
1 0.6942434210526316, 0.06971153846153846, 0.017763157894736842, 0.010355029585798817
1 0.8085526315789474, 0.16466346153846154, 0.021052631578947368, 0.013683431952662722
1 0.7685855263157895, 0.1697041420118343, 0.015460526315789473, 0.012292899408284024
1 0.7920263157894738, 0.18250739644970415, 0.023513157894736843, 0.01224852071005917
1 0.7732763157894738, 0.18010355029585798, 0.02318421052631579, 0.013823964497041421
1 0.8464605263157894, 0.15301405325443787, 0.02846052631578947, 0.007629437869822485
1 0.8635657894736841, 0.15763683431952663, 0.03544736842105263, 0.010447485207100591
1 0.8931710526315789, 0.17141272189349113, 0.030105263157894736, 0.009800295857988165
1 0.9120065789473685, 0.19147559171597633, 0.03215131578947368, 0.008413461538461538
1 0.8940789473684211, 0.18079881656804733, 0.03042763157894737, 0.009060650887573964
1 0.8309210526315789, 0.16868343195266272, 0.016776315789473684, 0.014423076923076924
1 0.8411184210526316, 0.1575, 0.021960526315789475, 0.011693786982248522
1 0.8714605263157894, 0.17511094674556213, 0.027592105263157893, 0.009659763313609468
1 0.8634078947368422, 0.17099852071005917, 0.02763157894736842, 0.008180473372781065
1 0.8502500000000001, 0.1752958579881657, 0.02088157894736842, 0.015207100591715976
1 0.8759868421052631, 0.1829215976331361, 0.017598684210526315, 0.013546597633136096
1 0.8677631578947368, 0.18241494082840237, 0.01930263157894737, 0.012736686390532544
1 0.8421447368421052, 0.16838387573964497, 0.023151315789473683, 0.014933431952662723
1 0.8357763157894738, 0.1836612426035503, 0.021625, 0.014423076923076924
1 0.8539868421052631, 0.16390162721893492, 0.035526315789473684, 0.009012573964497042
1 0.8983157894736843, 0.1871301775147929, 0.02557236842105263, 0.01257396449704142
1 0.8370065789473684, 0.1976257396449704, 0.014230263157894735, 0.013450443786982248
1 0.8508223684210526, 0.19066568047337276, 0.02956578947368421, 0.011279585798816568
1 0.9442434210526316, 0.20474112426035504, 0.028375, 0.010909763313609468
1 0.9271381578947369, 0.19961168639053253, 0.026072368421052632, 0.010491863905325444
1 0.8792368421052632, 0.1890717455621302, 0.021585526315789475, 0.013846153846153845
1 0.850328947368421, 0.2077958579881657, 0.020802631578947368, 0.014238165680473373
1 0.9964605263157894, 0.21847263313609466, 0.01768421052631579, 0.017518491124260353
1 0.9898026315789473, 0.47092455621301776, 0.020973684210526315, 0.011094674556213017
1 0.9846184210526315, 0.46306213017751474, 0.029690789473684212, 0.01077292899408284
1 0.9791973684210526, 0.454741124260355, 0.014960526315789473, 0.010081360946745563
1 1.0086315789473683, 0.44309171597633135, 0.021052631578947368, 0.01955621301775148
1 1.0094605263157896, 0.44240014792899407, 0.0245, 0.012067307692307693
1 1.0039473684210527, 0.43329142011834315, 0.026973684210526316, 0.010081360946745563
1 0.9738881578947368, 0.44149778106508875, 0.02886842105263158, 0.010935650887573964
1 0.9725328947368421, 0.4332026627218935, 0.027138157894736843, 0.01099852071005917
1 0.9685855263157894, 0.4266605029585799, 0.027098684210526313, 0.011349852071005917
1 1.0524671052631578, 0.39644970414201186, 0.036019736842105264, 0.011279585798816568
1 1.0609342105263158, 0.3755103550295858, 0.03190789473684211, 0.01044378698224852
1 1.0569473684210526, 0.3890754437869822, 0.030921052631578946, 0.010610207100591717
1 1.0216315789473684, 0.3730103550295858, 0.03264473684210526, 0.009245562130177515
1 1.0138947368421052, 0.3876664201183432, 0.03175, 0.011372041420118344
1 1.0203157894736843, 0.3999186390532545, 0.024421052631578944, 0.014423076923076924
1 1.0117565789473684, 0.4209097633136095, 0.03202631578947369, 0.00952292899408284
1 0.9965065789473685, 0.41757396449704137, 0.032072368421052634, 0.01114275147928994
1 0.9943289473684211, 0.4143639053254438, 0.02939473684210526, 0.008413461538461538
1 0.9577302631578948, 0.40856139053254437, 0.03355263157894737, 0.009382396449704143
1 1.06225, 0.35355029585798814, 0.021223684210526315, 0.01816568047337278
1 1.078125, 0.3204068047337278, 0.03075657894736842, 0.013265532544378697
1 1.030592105263158, 0.35303994082840234, 0.0315, 0.009711538461538462
1 1.0518092105263157, 0.3428698224852071, 0.024177631578947367, 0.01632026627218935
1 1.0412828947368422, 0.3296523668639053, 0.035526315789473684, 0.009012573964497042
1 1.0276315789473685, 0.34259615384615383, 0.02088815789473684, 0.015484467455621301
1 1.040625, 0.3342751479289941, 0.03404605263157895, 0.009985207100591717
1 0.9902565789473684, 0.40791420118343197, 0.028657894736842108, 0.011372041420118344
1 0.9900526315789474, 0.40162721893491127, 0.030592105263157896, 0.012829142011834318
1 0.9912828947368421, 0.39497041420118345, 0.02631578947368421, 0.010865384615384615
1 0.9690000000000001, 0.39686390532544374, 0.025736842105263155, 0.009341715976331362
1 0.9654999999999999, 0.40312869822485203, 0.02767105263157895, 0.008321005917159764
1 0.9413684210526316, 0.3813794378698225, 0.021296052631578945, 0.01544008875739645
1 0.9510657894736841, 0.39302884615384615, 0.03388157894736842, 0.009637573964497041
1 0.993828947368421, 0.38595414201183426, 0.02064473684210526, 0.011882396449704144
1 0.9900526315789474, 0.3761094674556213, 0.029105263157894738, 0.015207100591715976
1 0.9594144736842105, 0.38775887573964496, 0.034625, 0.00864644970414201
1 0.9583881578947369, 0.38290680473372785, 0.03536184210526316, 0.006701183431952663
1 0.9764802631578947, 0.3715310650887574, 0.02425657894736842, 0.014607988165680473
1 0.9582236842105263, 0.3753698224852071, 0.03231578947368421, 0.00945266272189349
1 1.0041973684210528, 0.36071745562130175, 0.036921052631578945, 0.010122041420118343
1 0.999263157894737, 0.36963757396449703, 0.028861842105263154, 0.008461538461538461
1 0.9418552631578947, 0.3714275147928994, 0.026914473684210523, 0.011153846153846153
1 0.9119210526315789, 0.3641826923076923, 0.03125, 0.009615384615384616
1 0.9039473684210526, 0.35493713017751477, 0.02507894736842105, 0.008923816568047338
1 0.9154605263157894, 0.3348298816568047, 0.024592105263157898, 0.009197485207100592
1 0.9782894736842105, 0.2123224852071006, 0.025578947368421055, 0.012714497041420119
1 0.9854013157894737, 0.2169008875739645, 0.01957236842105263, 0.019785502958579882
1 0.9921842105263157, 0.23335798816568049, 0.036026315789473684, 0.007766272189349112
1 0.9694078947368421, 0.22499260355029585, 0.01669736842105263, 0.01816568047337278
1 1.0360197368421054, 0.2507396449704142, 0.022532894736842106, 0.016412721893491126
1 0.9919407894736842, 0.24010724852071005, 0.040625, 0.0064718934911242604
1 0.9293552631578946, 0.36399778106508873, 0.025085526315789475, 0.012296597633136095
1 0.9460526315789474, 0.36534023668639054, 0.026894736842105266, 0.007951183431952663
1 0.9211315789473683, 0.35761834319526625, 0.033223684210526315, 0.007995562130177516
1 0.9139802631578947, 0.34171597633136097, 0.029690789473684212, 0.007995562130177516
1 0.9046842105263158, 0.34490384615384617, 0.03503947368421052, 0.007629437869822485
1 0.9084276315789473, 0.3520266272189349, 0.03199342105263158, 0.006815828402366864
1 0.969078947368421, 0.36279585798816566, 0.012907894736842106, 0.011926775147928994
1 0.9821578947368422, 0.36325813609467456, 0.02146052631578947, 0.011002218934911243
1 0.9891447368421052, 0.3623335798816568, 0.030263157894736843, 0.008369082840236686
1 0.9989342105263158, 0.34666420118343194, 0.030263157894736843, 0.011464497041420118
1 0.987421052631579, 0.35655325443786984, 0.03593421052631579, 0.006568047337278107
1 0.9597894736842106, 0.34971153846153846, 0.03403947368421053, 0.007814349112426035
1 0.9555921052631579, 0.3569230769230769, 0.03240131578947368, 0.00915680473372781
1 0.9407894736842105, 0.35480029585798817, 0.032815789473684215, 0.0064718934911242604
1 0.9467828947368421, 0.3351442307692308, 0.0315, 0.00798076923076923
1 0.9413684210526316, 0.3406508875739645, 0.02146052631578947, 0.015488165680473374
1 0.9556710526315789, 0.3420636094674556, 0.028335526315789474, 0.009105029585798816
1 0.9997499999999999, 0.3416715976331361, 0.02401315789473684, 0.01039940828402367
1 1.0202302631578948, 0.3363091715976331, 0.027546052631578947, 0.01062869822485207
1 0.9836315789473683, 0.3366309171597633, 0.02919736842105263, 0.008043639053254437
1 1.0336315789473685, 0.26534763313609466, 0.03043421052631579, 0.009615384615384616
1 1.0422697368421052, 0.27422337278106507, 0.021217105263157895, 0.017892011834319526
1 1.0540263157894736, 0.2774112426035503, 0.018835526315789473, 0.009711538461538462
1 1.0538684210526317, 0.2831915680473373, 0.02376315789473684, 0.010724852071005916
1 1.0529605263157895, 0.28772189349112426, 0.027467105263157893, 0.013036242603550297
1 1.0520526315789474, 0.3119896449704142, 0.036763157894736845, 0.009201183431952663
1 1.0443289473684212, 0.30080621301775146, 0.021789473684210525, 0.013912721893491123
1 1.0432565789473685, 0.30713757396449703, 0.03223684210526316, 0.010310650887573963
1 1.0417368421052633, 0.32488905325443784, 0.036427631578947364, 0.005502958579881657
1 1.0421842105263157, 0.31971153846153844, 0.036026315789473684, 0.006194526627218935
1 1.0110197368421052, 0.32937130177514795, 0.02993421052631579, 0.012943786982248521
1 0.9233552631578947, 0.32687869822485205, 0.0315, 0.008642751479289942
1 0.9274671052631579, 0.3312684911242604, 0.033717105263157895, 0.008553994082840237
1 0.9141447368421053, 0.32313239644970415, 0.02450657894736842, 0.012340976331360946
1 0.9043552631578947, 0.31698224852071005, 0.030263157894736843, 0.009896449704142012
1 0.9009078947368422, 0.31314718934911245, 0.031078947368421053, 0.009060650887573964
1 0.8987631578947368, 0.3005251479289941, 0.02623684210526316, 0.009386094674556212
1 0.9251644736842105, 0.3101405325443787, 0.026401315789473686, 0.0073076923076923084
1 0.9978618421052632, 0.3255362426035503, 0.034625, 0.011741863905325443
1 1.0077302631578948, 0.32091346153846156, 0.03594078947368421, 0.008738905325443786
1 0.9991776315789473, 0.31490384615384615, 0.029276315789473685, 0.007119082840236686
1 0.968421052631579, 0.3251183431952663, 0.02993421052631579, 0.011094674556213017
1 0.9640657894736843, 0.3151331360946746, 0.03140789473684211, 0.008321005917159764
1 0.9411973684210525, 0.3219748520710059, 0.03495394736842106, 0.009526627218934911
1 0.9041973684210527, 0.30482618343195267, 0.030177631578947366, 0.00845784023668639
1 0.8939144736842105, 0.2869822485207101, 0.027217105263157893, 0.010262573964497042
1 0.9004934210526315, 0.2928069526627219, 0.028703947368421055, 0.008553994082840237
1 0.8853618421052631, 0.2840680473372781, 0.027960526315789474, 0.013039940828402366
1 0.8777960526315789, 0.2668269230769231, 0.028782894736842105, 0.011094674556213017
1 0.8416973684210527, 0.24759615384615385, 0.030177631578947366, 0.00772189349112426
1 0.8523815789473683, 0.2599852071005917, 0.02368421052631579, 0.011235207100591716
1 0.887578947368421, 0.2766715976331361, 0.02804605263157895, 0.009430473372781065
1 0.8523815789473683, 0.2020636094674556, 0.030592105263157896, 0.009567307692307693
1 0.8523815789473683, 0.23127958579881658, 0.03215789473684211, 0.01007396449704142
1 0.8466315789473685, 0.25443786982248523, 0.033223684210526315, 0.007211538461538462
1 0.8724473684210525, 0.2603994082840237, 0.028210526315789474, 0.011279585798816568
1 0.9363486842105263, 0.3151812130177515, 0.03042763157894737, 0.007858727810650888
1 1.0200657894736842, 0.30847633136094676, 0.03117105263157895, 0.014101331360946746
1 1.031328947368421, 0.30269970414201186, 0.018342105263157896, 0.014238165680473373
1 1.0286973684210525, 0.29622781065088755, 0.03199342105263158, 0.008321005917159764
1 0.993421052631579, 0.3002034023668639, 0.029111842105263158, 0.009060650887573964
1 0.9865921052631578, 0.30408653846153844, 0.03314473684210526, 0.011279585798816568
1 0.9580592105263158, 0.30857248520710057, 0.03355263157894737, 0.0078106508875739646
1 0.8497499999999999, 0.23997041420118342, 0.03199342105263158, 0.009245562130177515
1 0.8524671052631579, 0.23002958579881658, 0.025164473684210525, 0.006057692307692307
1 0.85, 0.22166420118343194, 0.02902631578947368, 0.009105029585798816
1 0.8614342105263159, 0.2193491124260355, 0.019736842105263157, 0.007677514792899409
1 0.8743421052631579, 0.19855029585798817, 0.026644736842105263, 0.013313609467455622
1 0.8819868421052631, 0.19993343195266272, 0.03166447368421053, 0.01275887573964497
1 0.8798552631578949, 0.22721153846153846, 0.020552631578947368, 0.018394970414201184
1 0.9544407894736842, 0.21241863905325445, 0.027717105263157897, 0.010769230769230769
1 1.005513157894737, 0.2517085798816568, 0.0316578947368421, 0.010821005917159765
1 1.0219605263157896, 0.28083579881656806, 0.021789473684210525, 0.017888313609467455
1 0.98775, 0.24551775147928995, 0.03889473684210526, 0.007766272189349112
1 0.9972039473684211, 0.25143491124260353, 0.029032894736842108, 0.007211538461538462
1 0.98125, 0.254530325443787, 0.025822368421052632, 0.012481508875739645
1 0.9253289473684211, 0.20872041420118342, 0.030098684210526316, 0.01058431952662722
1 0.9253289473684211, 0.22365014792899407, 0.023848684210526317, 0.011834319526627219
1 0.9120065789473685, 0.2257766272189349, 0.012664473684210526, 0.014652366863905324
1 0.9253289473684211, 0.2354363905325444, 0.032815789473684215, 0.01363905325443787
1 0.875328947368421, 0.2422337278106509, 0.019657894736842103, 0.00915310650887574
1 0.8651315789473685, 0.2469008875739645, 0.027881578947368424, 0.00915680473372781
1 0.9037828947368421, 0.26701183431952663, 0.03519736842105263, 0.009571005917159764
1 0.8791973684210527, 0.25550295857988164, 0.0347828947368421, 0.008224852071005916
1 0.8711315789473684, 0.21292529585798817, 0.028618421052631578, 0.012806952662721895
1 0.8759078947368422, 0.21070636094674555, 0.02738157894736842, 0.008043639053254437
1 0.9014802631578948, 0.20557692307692307, 0.025743421052631582, 0.008272928994082841
1 0.9103618421052632, 0.19965976331360946, 0.01792763157894737, 0.006930473372781064
1 0.9086315789473683, 0.21514423076923078, 0.023026315789473683, 0.015347633136094675
1 0.8980263157894737, 0.21084319526627218, 0.025907894736842105, 0.019326923076923075
1 0.9494210526315788, 0.22304733727810652, 0.029447368421052632, 0.011605029585798817
1 0.9324013157894737, 0.21694526627218935, 0.03190789473684211, 0.011005917159763314
1 0.9480263157894737, 0.2299371301775148, 0.027052631578947366, 0.010033284023668638
1 0.8953157894736843, 0.238073224852071, 0.0185, 0.013546597633136096
1 0.9109342105263157, 0.23876479289940827, 0.023440789473684213, 0.009060650887573964
1 0.9315789473684211, 0.2599852071005917, 0.02450657894736842, 0.010632396449704143
1 0.9425986842105263, 0.24264792899408283, 0.03223684210526316, 0.01164940828402367
1 0.9048552631578948, 0.2608173076923077, 0.034868421052631576, 0.00771819526627219
1 0.9400526315789475, 0.25083210059171596, 0.028368421052631577, 0.012806952662721895
1 0.9140657894736843, 0.25392751479289943, 0.03363157894736842, 0.007629437869822485
1 0.9214605263157895, 0.2492603550295858, 0.021467105263157895, 0.007119082840236686
1 0.89375, 0.24787352071005916, 0.03248684210526316, 0.009430473372781065
1 0.9616776315789474, 0.29622781065088755, 0.02631578947368421, 0.01257396449704142
1 0.9722894736842106, 0.2946560650887574, 0.03798684210526316, 0.014607988165680473
1 0.9639802631578948, 0.2811094674556213, 0.031578947368421054, 0.00804733727810651
1 0.9488486842105263, 0.29710798816568046, 0.015625, 0.017888313609467455
1 0.9413684210526316, 0.29571745562130175, 0.01875, 0.016368343195266272
1 0.9336315789473684, 0.2942862426035503, 0.017763157894736842, 0.017474112426035502
1 0.9159539473684211, 0.2756102071005917, 0.02631578947368421, 0.013820266272189349
1 0.9131578947368421, 0.28157544378698224, 0.021789473684210525, 0.01132396449704142
1 0.9925131578947368, 0.28615014792899407, 0.03215789473684211, 0.009892751479289941
1 0.962171052631579, 0.28892381656804733, 0.03289473684210526, 0.008827662721893491
1 0.9220394736842106, 0.2912795857988166, 0.024421052631578944, 0.01400887573964497
1 0.9463026315789475, 0.2833284023668639, 0.03330263157894737, 0.012344674556213018
1 0.9355263157894737, 0.27944526627218935, 0.029605263157894735, 0.012806952662721895
1 0.9981907894736842, 0.2821301775147929, 0.03182236842105263, 0.008594674556213017
1 1.0083026315789474, 0.26904585798816566, 0.04030263157894737, 0.009892751479289941
1 1.015625, 0.2756102071005917, 0.03166447368421053, 0.008690828402366863
1 0.9754078947368421, 0.269741124260355, 0.03215789473684211, 0.007300295857988165
1 0.9601973684210526, 0.2739940828402367, 0.03494736842105263, 0.00845784023668639
1 0.931657894736842, 0.2734837278106509, 0.029032894736842108, 0.01007766272189349
1 0.9470394736842105, 0.2659948224852071, 0.036921052631578945, 0.007629437869822485
1 0.9565789473684211, 0.25499260355029585, 0.018914473684210526, 0.010447485207100591
1 0.9733552631578948, 0.25647189349112426, 0.026894736842105266, 0.014792899408284023
1 1.0003289473684212, 0.25920118343195264, 0.03174342105263158, 0.014097633136094674
1 1.0096184210526316, 0.2598927514792899, 0.03265131578947369, 0.01238905325443787
1 0.7361842105263158, 0.2993713017751479, 0.02680921052631579, 0.011002218934911243
