1 0.6365740740740741, 0.28984375, 0.018518518518518517, 0.013604166666666667
1 1.050462962962963, 0.30494791666666665, 0.016666666666666666, 0.016145833333333335
1 1.1328703703703704, 0.31640625, 0.022222222222222223, 0.009375
1 0.8643518518518518, 0.31588541666666664, 0.025925925925925925, 0.016666666666666666
1 0.9412592592592592, 0.3325833333333333, 0.04549074074074074, 0.011229166666666667
1 0.8921296296296296, 0.3362604166666667, 0.022222222222222223, 0.01634375
1 0.9106481481481481, 0.33619791666666665, 0.019444444444444445, 0.0203125
1 1.0106481481481482, 0.34296875, 0.016953703703703703, 0.012630208333333334
1 0.9671296296296297, 0.3450520833333333, 0.025925925925925925, 0.016145833333333335
1 1.023611111111111, 0.3455729166666667, 0.016666666666666666, 0.017708333333333333
1 1.226388888888889, 0.34765625, 0.026851851851851852, 0.016666666666666666
1 0.8180555555555555, 0.3502604166666667, 0.030555555555555555, 0.01796875
1 0.7988425925925926, 0.3520364583333333, 0.023842592592592592, 0.018598958333333335
1 0.8939814814814815, 0.35546875, 0.023435185185185184, 0.016145833333333335
1 0.919212962962963, 0.35572916666666665, 0.02939814814814815, 0.013932291666666667
1 1.014351851851852, 0.36015625, 0.037675925925925925, 0.021354166666666667
1 0.7615740740740741, 0.36168750000000005, 0.040388888888888884, 0.01721875
1 0.8375, 0.36223958333333334, 0.026851851851851852, 0.019270833333333334
1 0.8546296296296296, 0.3645520833333334, 0.02361111111111111, 0.020083333333333335
1 0.9418425925925926, 0.3658854166666667, 0.03475, 0.014192708333333333
1 1.0373240740740741, 0.3658854166666667, 0.025175925925925928, 0.015625
1 0.7847222222222222, 0.36640625, 0.03981481481481482, 0.017708333333333333
1 0.8634259259259259, 0.37005208333333334, 0.034083333333333334, 0.016666666666666666
1 0.8009259259259259, 0.3700833333333333, 0.0375, 0.01559375
1 0.9985555555555556, 0.371875, 0.01672222222222222, 0.01484375
1 1.0125, 0.37747395833333336, 0.032407407407407406, 0.016015625
1 0.8074074074074075, 0.37578125, 0.043287037037037034, 0.017708333333333333
1 1.1402777777777777, 0.37734375, 0.021296296296296296, 0.01875
1 0.7439814814814815, 0.37890625, 0.0375, 0.017708333333333333
1 1.0671296296296295, 0.38307291666666665, 0.040740740740740744, 0.016208333333333335
1 1.0465277777777777, 0.3841145833333333, 0.027083333333333334, 0.019791666666666666
1 0.7606481481481482, 0.38495833333333335, 0.03425925925925926, 0.01478125
1 0.825462962962963, 0.38307291666666665, 0.041666666666666664, 0.015625
1 0.9171296296296296, 0.3919270833333333, 0.025925925925925925, 0.011979166666666667
1 0.6765, 0.3919270833333333, 0.029518518518518517, 0.019791666666666666
1 0.7152777777777778, 0.3924479166666667, 0.028703703703703703, 0.022395833333333334
1 0.8125, 0.3919270833333333, 0.020370370370370372, 0.020442708333333334
1 0.6532407407407408, 0.39401041666666664, 0.025925925925925925, 0.01875
1 0.7226851851851852, 0.39629166666666665, 0.03333333333333333, 0.02584375
1 1.075462962962963, 0.40065104166666665, 0.03425925925925926, 0.014192708333333333
1 0.6347222222222222, 0.3997395833333333, 0.025925925925925925, 0.022916666666666665
1 1.1921296296296295, 0.40078125, 0.021296296296296296, 0.016145833333333335
1 0.6939814814814815, 0.40078125, 0.025925925925925925, 0.021354166666666667
1 0.9402777777777778, 0.40286458333333336, 0.023148148148148147, 0.0203125
1 0.9107037037037037, 0.40234375, 0.03235185185185185, 0.017578125
1 0.8875, 0.40396875, 0.029916666666666668, 0.020770833333333336
1 0.7736111111111111, 0.40859375, 0.025925925925925925, 0.01946875
1 0.6800925925925926, 0.41067708333333336, 0.027777777777777776, 0.024479166666666666
1 0.6539351851851852, 0.4158854166666667, 0.029861111111111113, 0.023697916666666666
1 0.9449074074074074, 0.4122395833333333, 0.032407407407407406, 0.025
1 0.7579814814814815, 0.4158854166666667, 0.020259259259259258, 0.021552083333333336
1 0.8097222222222222, 0.4173854166666667, 0.03148148148148148, 0.017249999999999998
1 0.888425925925926, 0.41953125, 0.02824074074074074, 0.016666666666666666
1 0.8587962962962963, 0.41848958333333336, 0.03425925925925926, 0.021354166666666667
1 0.9118055555555555, 0.4200520833333333, 0.02939814814814815, 0.014583333333333334
1 0.7291666666666666, 0.42096354166666666, 0.031018518518518518, 0.024609375
1 0.6773148148148148, 0.42421875, 0.024074074074074074, 0.027083333333333334
1 0.9143518518518519, 0.42473958333333334, 0.03148148148148148, 0.027604166666666666
1 0.6458333333333334, 0.42890625, 0.034722222222222224, 0.022395833333333334
1 0.8680555555555556, 0.43411458333333336, 0.029166666666666667, 0.016145833333333335
1 0.7434074074074074, 0.43697916666666664, 0.029277777777777778, 0.022135416666666668
1 0.8912037037037037, 0.43255208333333334, 0.026851851851851852, 0.025520833333333333
1 0.8074074074074075, 0.43723958333333335, 0.028351851851851854, 0.020833333333333332
1 0.8539351851851852, 0.43671875, 0.016898148148148148, 0.018229166666666668
1 0.8337962962962963, 0.43671875, 0.026851851851851852, 0.023958333333333335
1 0.9365740740740741, 0.43903125000000004, 0.03796296296296296, 0.019625
1 0.750462962962963, 0.43776041666666665, 0.044444444444444446, 0.026041666666666668
1 0.6393518518518518, 0.44088541666666664, 0.044333333333333336, 0.0265625
1 0.7810185185185186, 0.440234375, 0.026851851851851852, 0.020963541666666665
1 0.8571203703703704, 0.44453125, 0.04334259259259259, 0.015104166666666667
1 0.9541666666666667, 0.44869791666666664, 0.030555555555555555, 0.022395833333333334
1 0.8004629629629629, 0.4471354166666667, 0.030555555555555555, 0.02503125
1 0.7550925925925925, 0.45234375, 0.032407407407407406, 0.024479166666666666
1 0.7263888888888889, 0.45755208333333336, 0.03518518518518519, 0.017708333333333333
1 0.8030092592592593, 0.4622395833333333, 0.02337962962962963, 0.027765625000000002
1 0.8317129629629629, 0.4622395833333333, 0.04375, 0.022395833333333334
1 0.7125, 0.46848958333333335, 0.044444444444444446, 0.018291666666666664
1 0.7513888888888889, 0.4752604166666667, 0.024074074074074074, 0.0328125
1 0.7162037037037037, 0.48203125, 0.04259259259259259, 0.020833333333333332
1 0.763425925925926, 0.4819322916666666, 0.0412037037037037, 0.03134895833333333
1 0.7208333333333333, 0.49505208333333334, 0.044444444444444446, 0.029166666666666667
1 0.47847222222222224, 0.14830729166666667, 0.028009259259259258, 0.009505208333333333
1 0.6226851851851852, 0.18391666666666667, 0.030324074074074073, 0.006838541666666667
1 1.0185185185185186, 0.29635416666666664, 0.032407407407407406, 0.010807291666666666
1 1.1058425925925925, 0.3840833333333334, 0.029916666666666668, 0.019401041666666667
1 1.1113425925925926, 0.3794895833333333, 0.037731481481481484, 0.024479166666666666
1 1.0618055555555554, 0.36861979166666664, 0.03587962962962963, 0.009765625
1 1.063537037037037, 0.376984375, 0.04225, 0.016796875
1 0.9461851851851851, 0.2732395833333333, 0.02140740740740741, 0.007489583333333333
1 0.95625, 0.3795572916666667, 0.04247222222222222, 0.014713541666666666
1 0.9960648148148148, 0.3444010416666667, 0.014351851851851852, 0.013213541666666667
1 1.0151018518518518, 0.35644791666666664, 0.013027777777777779, 0.019984375
1 0.9984351851851851, 0.35448958333333336, 0.019796296296296294, 0.02086979166666667
1 0.975, 0.3600572916666666, 0.028703703703703703, 0.01796875
1 0.9839722222222222, 0.35192187500000005, 0.01862962962962963, 0.01646875
1 0.9612870370370371, 0.37402083333333336, 0.041435185185185186, 0.011296875000000001
1 0.906712962962963, 0.38111979166666665, 0.02939814814814815, 0.014192708333333333
1 1.1688703703703704, 0.3375, 0.023953703703703706, 0.012109375
1 0.7791666666666667, 0.25254166666666666, 0.027546296296296298, 0.0067708333333333336
1 0.8069444444444445, 0.23717708333333334, 0.011805555555555555, 0.008916666666666666
1 0.5929444444444444, 0.23828125, 0.02846296296296296, 0.014973958333333334
1 0.6039351851851852, 0.24114583333333334, 0.027546296296296298, 0.01334375
1 0.6216481481481482, 0.24036458333333333, 0.03657407407407407, 0.015104166666666667
1 0.6289351851851852, 0.24609375, 0.033101851851851855, 0.01640625
1 0.651962962962963, 0.2567083333333333, 0.02812962962962963, 0.015364583333333333
1 0.6622685185185185, 0.2574895833333333, 0.02487962962962963, 0.016859375
1 0.701962962962963, 0.26047916666666665, 0.018518518518518517, 0.00546875
1 0.6759259259259259, 0.2606145833333333, 0.029805555555555554, 0.015786458333333333
1 0.6883148148148148, 0.26608333333333334, 0.03599074074074074, 0.005302083333333333
1 0.6815925925925926, 0.26998958333333334, 0.04259259259259259, 0.009927083333333333
1 0.7255185185185185, 0.2744479166666667, 0.02049074074074074, 0.014078125
1 0.6849814814814814, 0.29246354166666666, 0.023268518518518518, 0.007942708333333333
1 0.7049814814814814, 0.286328125, 0.024074074074074074, 0.011947916666666667
1 0.6936296296296296, 0.2782864583333333, 0.03200925925925926, 0.011234375
1 0.7204259259259259, 0.27171354166666667, 0.01933333333333333, 0.007161458333333333
1 0.6799814814814815, 0.27519791666666665, 0.0412037037037037, 0.01328125
1 0.7667777777777778, 0.28020833333333334, 0.02638888888888889, 0.01334375
1 0.7336851851851852, 0.275390625, 0.03668518518518518, 0.0140625
1 0.7193333333333334, 0.35859375, 0.04455555555555556, 0.01021875
1 0.6806666666666666, 0.34160416666666665, 0.039009259259259264, 0.01796875
1 0.6969907407407407, 0.34674479166666666, 0.040046296296296295, 0.015557291666666667
1 0.6637777777777778, 0.2981770833333333, 0.032518518518518516, 0.015885416666666666
1 0.6754629629629629, 0.3002916666666666, 0.029453703703703704, 0.013708333333333333
1 0.5953703703703703, 0.2890625, 0.026962962962962963, 0.018552083333333334
1 0.6011574074074074, 0.294140625, 0.03449074074074074, 0.019338541666666667
1 0.61325, 0.2993802083333333, 0.03397222222222222, 0.016182291666666668
1 0.6194999999999999, 0.31634375, 0.02946296296296296, 0.019395833333333334
1 0.618925925925926, 0.30344791666666665, 0.043287037037037034, 0.018588541666666666
1 0.625638888888889, 0.3089166666666667, 0.03917592592592593, 0.012567708333333334
1 0.6529537037037038, 0.31813020833333333, 0.028009259259259258, 0.014223958333333333
1 0.6378148148148148, 0.3143854166666667, 0.030814814814814816, 0.020671875
1 0.9104166666666667, 0.440625, 0.034722222222222224, 0.026239583333333334
1 0.6440925925925925, 0.40908333333333335, 0.03692592592592593, 0.021322916666666667
1 0.6990740740740741, 0.4322916666666667, 0.035759259259259255, 0.021812500000000002
1 0.7001944444444445, 0.41565624999999995, 0.027425925925925927, 0.029166666666666667
1 0.725, 0.4151666666666667, 0.03217592592592593, 0.017708333333333333
1 0.6305555555555555, 0.42311458333333335, 0.022685185185185187, 0.027666666666666666
1 0.5949074074074074, 0.42890625, 0.05185185185185185, 0.020703125
1 0.6535925925925926, 0.46067708333333335, 0.05502777777777778, 0.018619791666666666
1 0.8256944444444444, 0.4656875, 0.03935185185185185, 0.022333333333333334
1 0.8607592592592592, 0.48483333333333334, 0.050462962962962966, 0.015229166666666665
1 0.7903888888888889, 0.49511458333333336, 0.03403703703703703, 0.030145833333333334
1 0.8011574074074074, 0.484765625, 0.03113888888888889, 0.03177083333333333
1 0.8636574074074074, 0.46822916666666664, 0.056018518518518516, 0.016536458333333334
1 0.6571759259259259, 0.464125, 0.06493518518518518, 0.022723958333333336
1 0.6638888888888889, 0.4768072916666667, 0.06232407407407407, 0.018604166666666665
1 0.6672407407407407, 0.4884427083333333, 0.05376851851851852, 0.015786458333333333
1 0.6826388888888889, 0.5059895833333333, 0.059083333333333335, 0.021291666666666667
1 0.6775462962962963, 0.49908854166666666, 0.05115740740740741, 0.02177604166666667
1 0.7892777777777777, 0.455890625, 0.017425925925925925, 0.029833333333333333
1 0.7746481481481482, 0.4629583333333333, 0.017249999999999998, 0.032192708333333334
1 0.8188055555555555, 0.47558333333333336, 0.029916666666666668, 0.03261979166666667
1 0.8285925925925925, 0.47893749999999996, 0.036333333333333336, 0.026270833333333334
1 0.8481481481481481, 0.45859375, 0.06406481481481481, 0.012010416666666666
1 0.7693333333333333, 0.42844791666666665, 0.050222222222222224, 0.01321875
1 0.7866851851851852, 0.4116197916666666, 0.0415, 0.017807291666666666
1 0.6891203703703703, 0.3746770833333333, 0.049074074074074076, 0.011322916666666665
1 0.6906296296296296, 0.38275, 0.054046296296296294, 0.01484375
1 0.7469907407407408, 0.3591770833333333, 0.03506481481481481, 0.015500000000000002
1 0.7761574074074075, 0.3526666666666667, 0.01586111111111111, 0.009833333333333333
1 0.7891203703703704, 0.345703125, 0.02546296296296296, 0.016078125000000002
1 0.6526666666666666, 0.45146354166666663, 0.06932407407407408, 0.022234374999999997
1 0.7172407407407407, 0.44221875, 0.02987037037037037, 0.02685416666666667
1 0.7819444444444444, 0.3984375, 0.039462962962962964, 0.020052083333333335
1 0.7887777777777778, 0.3913072916666666, 0.024703703703703703, 0.018229166666666668
1 0.7484999999999999, 0.3953125, 0.019444444444444445, 0.023958333333333335
1 0.8212407407407408, 0.431640625, 0.021064814814814814, 0.022265625
1 0.8694351851851851, 0.39777083333333335, 0.040740740740740744, 0.011328125
1 0.8544537037037037, 0.4068697916666667, 0.04513888888888889, 0.015625
1 0.8405092592592592, 0.392578125, 0.028935185185185185, 0.016697916666666666
1 0.8592592592592593, 0.38825000000000004, 0.03437037037037037, 0.02265625
1 0.826037037037037, 0.39629166666666665, 0.025064814814814814, 0.022588541666666666
1 0.8886574074074074, 0.38040625, 0.03917592592592593, 0.022427083333333334
1 0.8691574074074074, 0.37330729166666665, 0.04849074074074074, 0.019140625
1 0.7655185185185185, 0.392125, 0.02274074074074074, 0.02490104166666667
1 0.9605925925925927, 0.3585625, 0.013999999999999999, 0.011427083333333334
1 0.9388888888888889, 0.35455729166666666, 0.032, 0.018557291666666666
1 0.9465277777777777, 0.34137500000000004, 0.031074074074074077, 0.015786458333333333
1 0.9369259259259259, 0.3408541666666667, 0.03333333333333333, 0.014677083333333334
1 0.9163796296296297, 0.34322916666666664, 0.022046296296296296, 0.01946875
1 0.9572962962962964, 0.3678697916666666, 0.03187962962962963, 0.011197916666666667
1 0.8290555555555555, 0.3585625, 0.023777777777777776, 0.011343750000000001
1 0.8393518518518519, 0.34286979166666665, 0.018805555555555555, 0.01559375
1 0.9238425925925926, 0.331640625, 0.033851851851851855, 0.011588541666666667
1 0.750175925925926, 0.3120104166666666, 0.01996296296296296, 0.011458333333333333
1 0.7761574074074075, 0.3268229166666667, 0.01990740740740741, 0.01875
1 0.7947962962962963, 0.31845833333333334, 0.03697222222222222, 0.010187499999999999
1 0.8147037037037037, 0.3383802083333334, 0.025805555555555557, 0.018098958333333335
1 0.8290555555555555, 0.31908333333333333, 0.03878703703703704, 0.00946875
1 0.7093148148148147, 0.32041145833333334, 0.021064814814814814, 0.014583333333333334
1 0.7280648148148148, 0.3162447916666667, 0.021879629629629627, 0.01708854166666667
1 0.7104722222222222, 0.2909479166666667, 0.024194444444444442, 0.013447916666666667
1 0.7343703703703703, 0.281640625, 0.03235185185185185, 0.012270833333333333
1 0.7579259259259259, 0.2887395833333333, 0.01990740740740741, 0.014776041666666666
1 0.7335092592592594, 0.29371875000000003, 0.02626851851851852, 0.015817708333333333
1 0.7673611111111112, 0.2989583333333333, 0.03657407407407407, 0.019369791666666667
1 0.7945, 0.29322916666666665, 0.016962962962962964, 0.011197916666666667
1 0.8044537037037036, 0.29502083333333334, 0.022861111111111113, 0.018322916666666668
1 0.830962962962963, 0.29830729166666664, 0.02238888888888889, 0.010515625
1 0.8832222222222222, 0.31035416666666665, 0.020074074074074074, 0.014546874999999999
1 0.8739629629629629, 0.3098645833333334, 0.011277777777777777, 0.008822916666666668
1 0.851037037037037, 0.3103854166666667, 0.022462962962962966, 0.014354166666666666
1 0.8447314814814815, 0.30556770833333335, 0.03275925925925926, 0.012078125
1 0.8292222222222222, 0.30088020833333334, 0.028537037037037038, 0.019057291666666667
1 0.8147592592592593, 0.3001979166666667, 0.02238888888888889, 0.018130208333333335
1 0.7894074074074073, 0.312890625, 0.026101851851851852, 0.009182291666666667
1 0.7754629629629629, 0.3045572916666667, 0.03344444444444444, 0.015364583333333333
1 0.7431111111111111, 0.30088020833333334, 0.038685185185185184, 0.011817708333333335
1 0.7182037037037037, 0.30864583333333334, 0.027203703703703702, 0.0140625
1 0.6960092592592593, 0.30263541666666666, 0.02673148148148148, 0.011036458333333334
1 0.7230925925925926, 0.29267708333333337, 0.027138888888888886, 0.0156875
1 0.6950185185185185, 0.30628124999999995, 0.03489814814814814, 0.015432291666666665
1 0.6770833333333334, 0.3333333333333333, 0.025694444444444443, 0.017906250000000002
1 0.6594351851851853, 0.32578125, 0.03362037037037037, 0.021385416666666667
1 0.6512777777777777, 0.32464062499999996, 0.03234259259259259, 0.019307291666666667
1 0.6793981481481481, 0.31490625, 0.023787037037037037, 0.018625
1 0.6995925925925925, 0.32034375, 0.014472222222222223, 0.015953125
1 0.7457222222222222, 0.32252604166666665, 0.022796296296296297, 0.015854166666666666
1 0.7581018518518519, 0.325375, 0.02162962962962963, 0.016765625
1 0.7917222222222222, 0.3275416666666667, 0.01898148148148148, 0.021026041666666665
1 0.8018240740740741, 0.32447916666666665, 0.027916666666666666, 0.021385416666666667
1 0.7395833333333334, 0.33167187499999995, 0.018518518518518517, 0.012598958333333334
1 0.6933425925925926, 0.332421875, 0.03935185185185185, 0.011526041666666665
1 0.7161574074074074, 0.3317760416666667, 0.026787037037037036, 0.018848958333333332
1 0.7336851851851852, 0.35153125, 0.04351851851851852, 0.008463541666666666
1 0.7366851851851852, 0.34286979166666665, 0.048212962962962964, 0.0125
1 0.7514722222222222, 0.34184375, 0.04598148148148148, 0.010697916666666666
1 0.8249444444444445, 0.3274427083333334, 0.02112037037037037, 0.011000000000000001
1 0.8364259259259259, 0.32676041666666666, 0.02115740740740741, 0.016338541666666668
1 0.8520833333333333, 0.3274739583333333, 0.022805555555555555, 0.014453125
1 0.874537037037037, 0.33990625, 0.03668518518518518, 0.018328124999999997
1 0.8586851851851852, 0.35299479166666664, 0.03448148148148148, 0.013901041666666667
1 0.8582222222222222, 0.34560416666666666, 0.04299074074074074, 0.015822916666666666
1 0.9134814814814814, 0.31468229166666667, 0.014814814814814815, 0.010901041666666667
1 0.8981481481481481, 0.31594791666666666, 0.021527777777777778, 0.012958333333333332
1 0.9072314814814815, 0.3248020833333333, 0.03657407407407407, 0.012859375000000001
1 0.8976851851851851, 0.3256822916666666, 0.024537037037037038, 0.010744791666666666
1 0.8527777777777777, 0.33180208333333333, 0.029342592592592594, 0.01972916666666667
1 0.881712962962963, 0.32431770833333334, 0.022453703703703705, 0.017057291666666665
1 0.8384814814814814, 0.4217447916666667, 0.03744444444444444, 0.017119791666666665
1 0.8430555555555556, 0.40911458333333334, 0.020370370370370372, 0.019890625
