1 0.411641081871345, 0.00027412280701754384, 0.019599780701754384, 0.03326023391812866
1 0.4439875730994152, 0.0, 0.008634868421052632, 0.023574561403508772
1 0.5276864035087719, 0.0, 0.009457236842105263, 0.01918859649122807
1 0.5624086257309941, 0.00013706140350877192, 0.032072368421052634, 0.041849415204678365
1 0.595577485380117, 0.00013706140350877192, 0.05098684210526316, 0.03280336257309942
1 0.6263706140350878, 0.00013706140350877192, 0.05043859649122807, 0.028965643274853802
1 0.6512244152046783, 0.00013706140350877192, 0.05866228070175439, 0.01663011695906433
1 0.7185672514619883, -0.00013706140350877192, 0.030975877192982455, 0.023483187134502925
1 0.7086074561403509, 0.007264254385964912, 0.04029605263157895, 0.03271198830409357
1 0.7400402046783626, 0.00027412280701754384, 0.015213815789473685, 0.02850877192982456
1 0.7535635964912281, 0.00013706140350877192, 0.04084429824561404, 0.025127923976608187
1 0.7795138888888888, 0.00027412280701754384, 0.010827850877192983, 0.01663011695906433
1 0.790296052631579, 0.00013706140350877192, 0.061677631578947366, 0.025219298245614034
1 0.8085709064327485, 0.0, 0.008634868421052632, 0.03618421052631579
1 0.8378106725146199, -0.00013706140350877192, 0.05317982456140351, 0.030975877192982455
1 0.8699744152046783, 0.04509320175438596, 0.05893640350877193, 0.03545321637426901
1 0.9425255847953217, 0.005893640350877193, 0.05071271929824561, 0.02320906432748538
1 0.9528508771929824, 0.0, 0.04536732456140351, 0.034082602339181284
1 0.5377375730994152, 0.00013706140350877192, 0.020833333333333332, 0.023574561403508772
1 0.9786184210526315, 0.00013706140350877192, 0.032072368421052634, 0.019279970760233918
1 0.47286184210526316, 0.008360745614035088, 0.054276315789473686, 0.02138157894736842
1 0.9026864035087719, 0.015762061403508772, 0.04550438596491228, 0.022478070175438597
1 0.894828216374269, 0.056606359649122806, 0.05290570175438596, 0.03837719298245614
1 0.9640899122807017, 0.015762061403508772, 0.05180921052631579, 0.013157894736842105
1 0.551078216374269, 0.02206688596491228, 0.04413377192982456, 0.014985380116959063
1 0.3760051169590643, 0.024533991228070175, 0.04742324561403509, 0.01827485380116959
1 0.2902960526315789, 0.02480811403508772, 0.05619517543859649, 0.020650584795321638
1 0.3184393274853801, 0.029742324561403508, 0.0556469298245614, 0.02138157894736842
1 0.3016264619883041, 0.04701206140350877, 0.05043859649122807, 0.01864035087719298
1 0.4171235380116959, 0.025356359649122806, 0.05043859649122807, 0.031615497076023395
1 0.3356176900584795, 0.025356359649122806, 0.05975877192982456, 0.02540204678362573
1 0.35736476608187134, 0.028097587719298246, 0.036458333333333336, 0.021198830409356724
1 0.5625913742690059, 0.028645833333333332, 0.044956140350877194, 0.015899122807017545
1 0.7979714912280702, 0.029468201754385966, 0.059484649122807015, 0.024305555555555556
1 0.9770650584795322, 0.03138706140350877, 0.0356359649122807, 0.02266081871345029
1 0.20751096491228072, 0.03330592105263158, 0.047149122807017545, 0.027960526315789474
1 0.6055372807017544, 0.0346765350877193, 0.04523026315789474, 0.020833333333333332
1 0.7502741228070176, 0.036595394736842105, 0.06277412280701754, 0.020650584795321638
1 0.825749269005848, 0.039336622807017545, 0.05756578947368421, 0.031615497076023395
1 0.8484100877192983, 0.057154605263157895, 0.05646929824561404, 0.03435672514619883
1 0.8633954678362573, 0.0590734649122807, 0.05235745614035088, 0.030153508771929825
1 0.578125, 0.039884868421052634, 0.04276315789473684, 0.03673245614035088
1 0.48547149122807015, 0.041529605263157895, 0.04468201754385965, 0.026498538011695907
1 0.48620248538011696, 0.059895833333333336, 0.038651315789473686, 0.031067251461988302
1 0.7018457602339181, 0.04125548245614035, 0.04961622807017544, 0.023940058479532164
1 0.26434576023391815, 0.0459155701754386, 0.05619517543859649, 0.017178362573099414
1 0.280062134502924, 0.052768640350877194, 0.03673245614035088, 0.011513157894736841
1 0.25063961988304095, 0.07606907894736842, 0.06359649122807018, 0.027503654970760235
1 0.6793676900584795, 0.04701206140350877, 0.04824561403508772, 0.023940058479532164
1 0.6583516081871345, 0.08429276315789473, 0.05263157894736842, 0.03070175438596491
1 0.7279788011695907, 0.05112390350877193, 0.07264254385964912, 0.023757309941520467
1 0.35407529239766083, 0.052768640350877194, 0.061677631578947366, 0.020285087719298246
1 0.9306469298245614, 0.055509868421052634, 0.04577850877192982, 0.02266081871345029
1 0.7769554093567251, 0.05825109649122807, 0.047697368421052634, 0.03508771929824561
1 0.8127741228070176, 0.06866776315789473, 0.04797149122807018, 0.027046783625730993
1 0.7731176900584795, 0.0790844298245614, 0.07099780701754387, 0.022112573099415205
1 0.7885599415204678, 0.09841008771929824, 0.03138706140350877, 0.03463084795321637
1 0.7886513157894737, 0.11746162280701754, 0.035910087719298246, 0.044956140350877194
1 0.6183296783625731, 0.06071820175438596, 0.047149122807017545, 0.017726608187134504
1 0.6377010233918129, 0.06071820175438596, 0.02823464912280702, 0.04349415204678363
1 0.9571454678362573, 0.06811951754385964, 0.021655701754385966, 0.04258040935672515
1 0.2203033625730994, 0.0634594298245614, 0.049890350877192985, 0.034173976608187134
1 0.3721673976608187, 0.06400767543859649, 0.057839912280701754, 0.01864035087719298
1 0.38934576023391815, 0.07360197368421052, 0.05455043859649123, 0.025219298245614034
1 0.35773026315789475, 0.11581688596491228, 0.02055921052631579, 0.039473684210526314
1 0.5421235380116959, 0.06510416666666667, 0.03399122807017544, 0.044042397660818716
1 0.5481542397660819, 0.08374451754385964, 0.026041666666666668, 0.03344298245614035
1 0.55765716374269, 0.10183662280701754, 0.05043859649122807, 0.021198830409356724
1 0.5752010233918129, 0.10457785087719298, 0.04797149122807018, 0.019919590643274854
1 0.5205592105263158, 0.06537828947368421, 0.04742324561403509, 0.031067251461988302
1 0.4706688596491228, 0.08237390350877193, 0.06524122807017543, 0.02540204678362573
1 0.5203764619883041, 0.0834703947368421, 0.04057017543859649, 0.021564327485380116
1 0.48620248538011696, 0.10320723684210527, 0.049890350877192985, 0.031980994152046784
1 0.5176352339181286, 0.11197916666666667, 0.051535087719298246, 0.039473684210526314
1 0.4533077485380117, 0.06647478070175439, 0.06551535087719298, 0.021198830409356724
1 0.16529605263157895, 0.06757127192982457, 0.05071271929824561, 0.026133040935672515
1 0.15743786549707603, 0.09745065789473684, 0.046875, 0.02284356725146199
1 0.1768092105263158, 0.10567434210526316, 0.04331140350877193, 0.022478070175438597
1 0.1768092105263158, 0.1435032894736842, 0.021655701754385966, 0.04678362573099415
1 0.18795687134502925, 0.07771381578947369, 0.04742324561403509, 0.030153508771929825
1 0.33653143274853803, 0.07853618421052631, 0.0581140350877193, 0.02284356725146199
1 0.7120796783625731, 0.07990679824561403, 0.06716008771929824, 0.024305555555555556
1 0.41949926900584794, 0.08100328947368421, 0.0634594298245614, 0.02887426900584795
1 0.4290021929824561, 0.1015625, 0.054276315789473686, 0.02631578947368421
1 0.5982273391812866, 0.08072916666666667, 0.06524122807017543, 0.021747076023391813
1 0.5870796783625731, 0.14131030701754385, 0.04851973684210526, 0.029605263157894735
1 0.5790387426900585, 0.1445997807017544, 0.024396929824561403, 0.02540204678362573
1 0.5483369883040936, 0.16707785087719298, 0.034265350877192985, 0.04057017543859649
1 0.301078216374269, 0.08730811403508772, 0.06030701754385965, 0.02320906432748538
1 0.2795138888888889, 0.0884046052631579, 0.05482456140350877, 0.024671052631578948
1 0.746984649122807, 0.09251644736842106, 0.0512609649122807, 0.017726608187134504
1 0.7601425438596491, 0.10567434210526316, 0.044956140350877194, 0.0222953216374269
1 0.6302083333333334, 0.0927905701754386, 0.08086622807017543, 0.0356359649122807
1 0.6439144736842105, 0.0947094298245614, 0.035910087719298246, 0.03508771929824561
1 0.8297697368421053, 0.0971765350877193, 0.05345394736842105, 0.03344298245614035
1 0.8579130116959064, 0.10622258771929824, 0.05098684210526316, 0.018092105263157895
1 0.8209978070175439, 0.13226425438596492, 0.048793859649122806, 0.03874269005847953
1 0.7893823099415205, 0.14405153508771928, 0.029605263157894735, 0.04111842105263158
1 0.7623355263157895, 0.15748355263157895, 0.029605263157894735, 0.0403874269005848
1 0.834703947368421, 0.15775767543859648, 0.03755482456140351, 0.04513888888888889
1 0.8153326023391813, 0.1689967105263158, 0.057839912280701754, 0.022249634502923978
1 0.7988852339181286, 0.16927083333333334, 0.02823464912280702, 0.019554093567251463
1 0.8469480994152047, 0.1846217105263158, 0.0537280701754386, 0.02266081871345029
1 0.8016264619883041, 0.19311951754385964, 0.04303728070175439, 0.02540204678362573
1 0.8078399122807017, 0.23286732456140352, 0.04797149122807018, 0.034173976608187134
1 0.9394188596491229, 0.1103344298245614, 0.05345394736842105, 0.02887426900584795
1 0.9308296783625731, 0.11855811403508772, 0.04961622807017544, 0.016812865497076022
1 0.9370431286549707, 0.15666118421052633, 0.04331140350877193, 0.017543859649122806
1 0.9761513157894737, 0.1503563596491228, 0.046600877192982455, 0.023574561403508772
1 0.946546052631579, 0.16680372807017543, 0.05180921052631579, 0.025767543859649123
1 0.9727704678362573, 0.18325109649122806, 0.042214912280701754, 0.02722953216374269
1 0.9584247076023392, 0.2020970394736842, 0.06585800438596491, 0.024853801169590642
1 0.9798062865497076, 0.23094846491228072, 0.01768092105263158, 0.019919590643274854
1 0.9724963450292398, 0.25287828947368424, 0.03289473684210526, 0.02722953216374269
1 0.6890533625730995, 0.10512609649122807, 0.049890350877192985, 0.013706140350877192
1 0.6143092105263158, 0.10786732456140351, 0.047697368421052634, 0.019371345029239765
1 0.9101790935672515, 0.10814144736842106, 0.062225877192982455, 0.021564327485380116
1 0.8752741228070176, 0.11006030701754387, 0.05263157894736842, 0.0266812865497076
1 0.6311220760233918, 0.11554276315789473, 0.060581140350877194, 0.019005847953216373
1 0.7270650584795322, 0.11828399122807018, 0.048793859649122806, 0.03070175438596491
1 0.7206688596491229, 0.16817434210526316, 0.04303728070175439, 0.028326023391812866
1 0.7641630116959064, 0.18270285087719298, 0.05674342105263158, 0.02540204678362573
1 0.7541118421052632, 0.19613486842105263, 0.04084429824561404, 0.02101608187134503
1 0.7435124269005848, 0.19798519736842105, 0.07545230263157894, 0.02942251461988304
1 0.7221308479532164, 0.20106907894736842, 0.047697368421052634, 0.0266812865497076
1 0.772203947368421, 0.2334155701754386, 0.04550438596491228, 0.033808479532163746
1 0.763249269005848, 0.24191337719298245, 0.05098684210526316, 0.0402046783625731
1 0.14190423976608188, 0.11938048245614036, 0.028782894736842105, 0.02540204678362573
1 0.31642909356725146, 0.12102521929824561, 0.05290570175438596, 0.023574561403508772
1 0.12070540935672515, 0.12129934210526316, 0.036458333333333336, 0.04075292397660819
1 0.5234831871345029, 0.12705592105263158, 0.046600877192982455, 0.03983918128654971
1 0.3527960526315789, 0.13144188596491227, 0.0356359649122807, 0.04239766081871345
1 0.6846673976608187, 0.18489583333333334, 0.05838815789473684, 0.02850877192982456
1 0.6358735380116959, 0.2070997807017544, 0.05180921052631579, 0.03545321637426901
1 0.7075109649122807, 0.2158717105263158, 0.04961622807017544, 0.017726608187134504
1 0.7204861111111112, 0.21998355263157895, 0.05975877192982456, 0.01864035087719298
1 0.23364400584795322, 0.1377467105263158, 0.03042763157894737, 0.04481907894736842
1 0.48729897660818716, 0.13829495614035087, 0.038651315789473686, 0.036366959064327485
1 0.6753929093567251, 0.13336074561403508, 0.048793859649122806, 0.034402412280701754
1 0.6645650584795322, 0.14131030701754385, 0.049342105263157895, 0.0447733918128655
1 0.2707876461988304, 0.14048793859649122, 0.02055921052631579, 0.04399671052631579
1 0.7420504385964912, 0.14624451754385964, 0.027138157894736843, 0.04586988304093567
1 0.3314144736842105, 0.14679276315789475, 0.04331140350877193, 0.019919590643274854
1 0.3462171052631579, 0.1484375, 0.062225877192982455, 0.02448830409356725
1 0.3511513157894737, 0.20737390350877194, 0.03974780701754386, 0.03289473684210526
1 0.46189692982456143, 0.14816337719298245, 0.03179824561403509, 0.03728070175438596
1 0.14501096491228072, 0.14871162280701755, 0.029331140350877194, 0.04093567251461988
1 0.39592470760233917, 0.14871162280701755, 0.04057017543859649, 0.025950292397660817
1 0.3601059941520468, 0.15967653508771928, 0.03892543859649123, 0.04312865497076023
1 0.36778143274853803, 0.18270285087719298, 0.014802631578947368, 0.04057017543859649
1 0.40008223684210525, 0.18544407894736842, 0.06949013157894737, 0.015579312865497076
1 0.3825840643274854, 0.19065241228070176, 0.0644188596491228, 0.02138157894736842
1 0.08561769005847954, 0.1533717105263158, 0.023026315789473683, 0.03490497076023392
1 0.11010599415204679, 0.15391995614035087, 0.06140350877192982, 0.022112573099415205
1 0.09365862573099415, 0.1747532894736842, 0.0581140350877193, 0.02320906432748538
1 0.6013340643274854, 0.15419407894736842, 0.02850877192982456, 0.029970760233918127
1 0.899031432748538, 0.15611293859649122, 0.036458333333333336, 0.017543859649122806
1 0.8696089181286549, 0.16433662280701755, 0.05482456140350877, 0.029605263157894735
1 0.8760051169590644, 0.17941337719298245, 0.04194078947368421, 0.033625730994152045
1 0.13112207602339182, 0.15885416666666666, 0.02987938596491228, 0.027046783625730993
1 0.18740862573099415, 0.15885416666666666, 0.015899122807017545, 0.03271198830409357
1 0.2689144736842105, 0.16049890350877194, 0.022203947368421052, 0.05482456140350877
1 0.9159813596491229, 0.16351425438596492, 0.04228344298245614, 0.02106176900584795
1 0.9229714912280702, 0.18407346491228072, 0.048793859649122806, 0.031615497076023395
1 0.46957236842105265, 0.16625548245614036, 0.04797149122807018, 0.01864035087719298
1 0.2340095029239766, 0.16927083333333334, 0.04577850877192982, 0.03307748538011696
1 0.25319809941520466, 0.17201206140350878, 0.027412280701754384, 0.04959429824561403
1 0.2564418859649123, 0.18016721491228072, 0.047697368421052634, 0.031843932748538015
1 0.21993786549707603, 0.20682565789473684, 0.05180921052631579, 0.031615497076023395
1 0.24058845029239767, 0.2090186403508772, 0.06140350877192982, 0.019005847953216373
1 0.18302266081871346, 0.2147752192982456, 0.02905701754385965, 0.04733187134502924
1 0.49607090643274854, 0.16927083333333334, 0.022478070175438597, 0.0266812865497076
1 0.19014985380116958, 0.17105263157894737, 0.030016447368421052, 0.03728070175438596
1 0.1806469298245614, 0.1768092105263158, 0.0434484649122807, 0.017909356725146198
1 0.15323464912280702, 0.18023574561403508, 0.0424890350877193, 0.033808479532163746
1 0.5231176900584795, 0.17009320175438597, 0.051535087719298246, 0.021198830409356724
1 0.4973501461988304, 0.18242872807017543, 0.03289473684210526, 0.03399122807017544
1 0.4533077485380117, 0.17036732456140352, 0.0356359649122807, 0.02320906432748538
1 0.4215095029239766, 0.17941337719298245, 0.033168859649122806, 0.027412280701754384
1 0.41639254385964913, 0.18599232456140352, 0.04331140350877193, 0.02503654970760234
1 0.4041940789473684, 0.19921875, 0.056126644736842105, 0.03065606725146199
1 0.43411915204678364, 0.21504934210526316, 0.05646929824561404, 0.034722222222222224
1 0.4299159356725146, 0.20925986842105262, 0.04773026315789474, 0.02663559941520468
1 0.5993238304093568, 0.17118969298245615, 0.04742324561403509, 0.03307748538011696
1 0.740953947368421, 0.17201206140350878, 0.025219298245614034, 0.05592105263157895
1 0.6260964912280702, 0.17310855263157895, 0.02549342105263158, 0.05413925438596491
1 0.6196089181286549, 0.18544407894736842, 0.04824561403508772, 0.017726608187134504
1 0.5987755847953217, 0.20874451754385964, 0.026041666666666668, 0.02887426900584795
1 0.6152229532163743, 0.22354714912280702, 0.029605263157894735, 0.021747076023391813
1 0.6038925438596491, 0.23314144736842105, 0.04468201754385965, 0.0447733918128655
1 0.29815423976608185, 0.17913925438596492, 0.04961622807017544, 0.02905701754385965
1 0.3047331871345029, 0.1992872807017544, 0.06263706140350878, 0.020650584795321638
1 0.29066154970760233, 0.22793311403508773, 0.046875, 0.022478070175438597
1 0.27439692982456143, 0.26247258771929827, 0.04632675438596491, 0.02540204678362573
1 0.29486476608187134, 0.2695997807017544, 0.055098684210526314, 0.03234649122807018
1 0.5753837719298246, 0.18078399122807018, 0.05098684210526316, 0.03070175438596491
1 0.3211805555555556, 0.18736293859649122, 0.02631578947368421, 0.02905701754385965
1 0.328125, 0.21203399122807018, 0.01918859649122807, 0.028691520467836257
1 0.07428728070175439, 0.18983004385964913, 0.055098684210526314, 0.02284356725146199
1 0.036275584795321635, 0.21258223684210525, 0.03618421052631579, 0.04641812865497076
1 0.9050621345029239, 0.18983004385964913, 0.030153508771929825, 0.02010233918128655
1 0.5395650584795322, 0.19174890350877194, 0.03289473684210526, 0.04641812865497076
1 0.5455957602339181, 0.21313048245614036, 0.024671052631578948, 0.02266081871345029
1 0.5603983918128655, 0.2197094298245614, 0.07236842105263158, 0.018457602339181287
1 0.35699926900584794, 0.19586074561403508, 0.019462719298245616, 0.031980994152046784
1 0.18832236842105263, 0.19640899122807018, 0.023848684210526317, 0.04203216374269006
1 0.5046600877192983, 0.20463267543859648, 0.0381030701754386, 0.028326023391812866
1 0.4620796783625731, 0.20929276315789475, 0.04276315789473684, 0.017909356725146198
1 0.9809027777777778, 0.21080043859649122, 0.02124451754385965, 0.01882309941520468
1 0.48729897660818716, 0.21148574561403508, 0.03728070175438596, 0.02448830409356725
1 0.5026498538011696, 0.21696820175438597, 0.05345394736842105, 0.02138157894736842
1 0.4776133040935672, 0.21258223684210525, 0.03728070175438596, 0.012244152046783625
1 0.8705226608187134, 0.21422697368421054, 0.04577850877192982, 0.02942251461988304
1 0.9094480994152047, 0.21888706140350878, 0.03179824561403509, 0.03728070175438596
1 0.8533442982456141, 0.21998355263157895, 0.035910087719298246, 0.023574561403508772
1 0.9173062865497076, 0.24575109649122806, 0.05646929824561404, 0.030153508771929825
1 0.9467288011695907, 0.2545230263157895, 0.02987938596491228, 0.023391812865497075
1 0.8571820175438597, 0.2558936403508772, 0.049890350877192985, 0.03837719298245614
1 0.8767361111111112, 0.25616776315789475, 0.055098684210526314, 0.03618421052631579
1 0.8686951754385965, 0.3091419956140351, 0.07312225877192982, 0.025584795321637425
1 0.644828216374269, 0.21833881578947367, 0.04961622807017544, 0.034173976608187134
1 0.3140533625730994, 0.22108004385964913, 0.052083333333333336, 0.01827485380116959
1 0.9452668128654971, 0.22108004385964913, 0.04194078947368421, 0.02412280701754386
1 0.5284173976608187, 0.22190241228070176, 0.06030701754385965, 0.023574561403508772
1 0.5423062865497076, 0.22738486842105263, 0.04797149122807018, 0.020833333333333332
1 0.1271016081871345, 0.22217653508771928, 0.029605263157894735, 0.05226608187134503
1 0.35718201754385964, 0.22327302631578946, 0.04961622807017544, 0.02320906432748538
1 0.33031798245614036, 0.22519188596491227, 0.07017543859649122, 0.03728070175438596
1 0.3447551169590643, 0.22930372807017543, 0.041666666666666664, 0.021564327485380116
1 0.45824195906432746, 0.23862390350877194, 0.051535087719298246, 0.02412280701754386
1 0.4847404970760234, 0.24438048245614036, 0.06907894736842106, 0.023757309941520467
1 0.47359283625730997, 0.2953673245614035, 0.04084429824561404, 0.03490497076023392
1 0.6665752923976608, 0.24547697368421054, 0.03837719298245614, 0.04276315789473684
1 0.38898026315789475, 0.2591831140350877, 0.0356359649122807, 0.048793859649122806
1 0.45568347953216376, 0.26247258771929827, 0.05180921052631579, 0.02942251461988304
1 0.9893092105263158, 0.2649396929824561, 0.03179824561403509, 0.010325292397660819
1 0.9562317251461988, 0.26795504385964913, 0.04632675438596491, 0.033808479532163746
1 0.9783442982456141, 0.2865953947368421, 0.06907894736842106, 0.021564327485380116
1 0.31606359649122806, 0.2709703947368421, 0.04084429824561404, 0.0400219298245614
1 0.15889985380116958, 0.27261513157894735, 0.06140350877192982, 0.025950292397660817
1 0.19581505847953215, 0.27371162280701755, 0.03618421052631579, 0.04678362573099415
1 0.3595577485380117, 0.2778234649122807, 0.04139254385964912, 0.01882309941520468
1 0.5742872807017544, 0.28878837719298245, 0.05098684210526316, 0.020833333333333332
1 0.5593019005847953, 0.2994791666666667, 0.049342105263157895, 0.02631578947368421
1 0.8361659356725146, 0.2896107456140351, 0.08031798245614036, 0.031067251461988302
1 0.8376279239766082, 0.34553179824561403, 0.02549342105263158, 0.008223684210526315
1 0.3988486842105263, 0.29125548245614036, 0.03262061403508772, 0.04733187134502924
1 0.6930738304093568, 0.2923519736842105, 0.027412280701754384, 0.044042397660818716
1 0.7542945906432749, 0.29783442982456143, 0.05016447368421053, 0.03654970760233918
1 0.5066703216374269, 0.30057565789473684, 0.06990131578947369, 0.03179824561403509
1 0.3767361111111111, 0.3022203947368421, 0.03782894736842105, 0.02138157894736842
1 0.38770102339181284, 0.3353892543859649, 0.055098684210526314, 0.04367690058479532
1 0.7970577485380117, 0.30167214912280704, 0.05317982456140351, 0.02101608187134503
1 0.6663925438596491, 0.3052357456140351, 0.03919956140350877, 0.0400219298245614
1 0.18320540935672514, 0.31071820175438597, 0.06524122807017543, 0.020650584795321638
1 0.33982090643274854, 0.3109923245614035, 0.059484649122807015, 0.03289473684210526
1 0.3275767543859649, 0.3296326754385965, 0.0512609649122807, 0.030519005847953216
1 0.7303545321637427, 0.31428179824561403, 0.05290570175438596, 0.02284356725146199
1 0.35791301169590645, 0.31483004385964913, 0.0668859649122807, 0.03033625730994152
1 0.3678728070175439, 0.3691063596491228, 0.01864035087719298, 0.013797514619883041
1 0.9185855263157895, 0.31866776315789475, 0.06661184210526316, 0.0360014619883041
1 0.9445358187134503, 0.32332785087719296, 0.05866228070175439, 0.025767543859649123
1 0.4174890350877193, 0.3203125, 0.05345394736842105, 0.02905701754385965
1 0.29943347953216376, 0.32497258771929827, 0.044407894736842105, 0.027412280701754384
1 0.2829861111111111, 0.3274396929824561, 0.07209429824561403, 0.02320906432748538
1 -9.137426900584795e-05, 0.3277138157894737, 0.05057565789473684, 0.028143274853801168
1 0.6207054093567251, 0.3285361842105263, 0.0424890350877193, 0.039108187134502925
1 0.8120431286549707, 0.3285361842105263, 0.027412280701754384, 0.030153508771929825
1 0.12125365497076024, 0.32908442982456143, 0.05619517543859649, 0.03728070175438596
1 0.16456505847953215, 0.32908442982456143, 0.06551535087719298, 0.025950292397660817
1 0.1980080409356725, 0.3340186403508772, 0.07839912280701754, 0.02585891812865497
1 0.4463633040935672, 0.3293585526315789, 0.0581140350877193, 0.023391812865497075
1 0.8962902046783626, 0.32908442982456143, 0.07839912280701754, 0.024853801169590642
1 0.6706871345029239, 0.33182565789473684, 0.041666666666666664, 0.04851973684210526
1 0.6466557017543859, 0.33429276315789475, 0.07675438596491228, 0.03252923976608187
1 0.6749817251461988, 0.3436129385964912, 0.04906798245614035, 0.03435672514619883
1 0.03664108187134503, 0.3364857456140351, 0.04756030701754386, 0.03983918128654971
1 0.7796966374269005, 0.33813048245614036, 0.048793859649122806, 0.02266081871345029
1 0.5916027046783626, 0.3471765350877193, 0.07401315789473684, 0.03294042397660819
1 0.7064144736842105, 0.3458059210526316, 0.049342105263157895, 0.0360014619883041
1 0.31716008771929827, 0.34662828947368424, 0.044407894736842105, 0.022478070175438597
1 0.8813048245614035, 0.34662828947368424, 0.0649671052631579, 0.0222953216374269
1 0.09804459064327485, 0.34799890350877194, 0.04851973684210526, 0.03764619883040936
1 0.9730445906432749, 0.34854714912280704, 0.05071271929824561, 0.02046783625730994
1 0.8043676900584795, 0.35046600877192985, 0.03700657894736842, 0.03125
1 0.9876644736842105, 0.3633497807017544, 0.04824561403508772, 0.01206140350877193
1 0.9196820175438597, 0.3729440789473684, 0.030975877192982455, 0.036366959064327485
1 0.7829861111111112, 0.40803179824561403, 0.0668859649122807, 0.039656432748538015
1 0.2897478070175439, 0.4220120614035088, 0.0644188596491228, 0.027503654970760235
1 0.9394188596491229, 0.4439418859649123, 0.05043859649122807, 0.03819444444444445
1 0.5262244152046783, 0.46450109649122806, 0.03837719298245614, 0.01425438596491228
1 0.5169042397660819, 0.4998629385964912, 0.04057017543859649, 0.02101608187134503
1 0.24972587719298245, 0.5242598684210527, 0.05619517543859649, 0.01827485380116959
1 0.4889437134502924, 0.5368695175438597, 0.033168859649122806, 0.02905701754385965
1 0.2617872807017544, 0.5598958333333334, 0.044270833333333336, 0.022112573099415205
1 0.2561220760233918, 0.20792214912280702, 0.0546875, 0.017315423976608187
1 0.2707949561403509, 0.1829879385964912, 0.04625822368421053, 0.03376279239766082
1 0.9278143274853801, 0.6173245614035088, 0.03782894736842105, 0.041849415204678365
1 0.783077485380117, 0.18708881578947367, 0.057839912280701754, 0.02549342105263158
1 0.8019919590643275, 0.24342105263157895, 0.057291666666666664, 0.0268640350877193
1 0.8270522660818713, 0.19359923245614036, 0.05249451754385965, 0.021198830409356724
1 0.8388157894736842, 0.2353344298245614, 0.062225877192982455, 0.024762426900584795
1 0.8917214912280702, 0.21395285087719298, 0.055098684210526314, 0.017635233918128657
1 0.9008589181286549, 0.23499177631578946, 0.04009046052631579, 0.03307748538011696
1 0.8710709064327485, 0.005345394736842105, 0.04399671052631579, 0.026133040935672515
1 0.8903508771929824, 0.0003426535087719298, 0.05365953947368421, 0.019919590643274854
1 0.9343932748538012, 0.00020559210526315788, 0.04804002192982456, 0.016812865497076022
1 0.9846948099415205, 0.24842379385964913, 0.007881030701754386, 0.015031067251461989
1 0.8636695906432749, 0.28824013157894735, 0.06304824561403509, 0.020924707602339183
1 0.9105445906432749, 0.0, 0.03892543859649123, 0.026498538011695907
1 0.7297149122807017, 0.21758497807017543, 0.05071271929824561, 0.018092105263157895
1 0.671235380116959, 0.19599780701754385, 0.04906798245614035, 0.015442251461988304
1 0.6370614035087719, 0.18976151315789475, 0.038788377192982455, 0.04468201754385965
1 0.7039473684210527, 0.13226425438596492, 0.06510416666666667, 0.022934941520467836
1 0.6945358187134503, 0.19901315789473684, 0.055098684210526314, 0.02421418128654971
1 0.575749269005848, 0.23163377192982457, 0.04851973684210526, 0.017955043859649123
1 0.5791301169590644, 0.21361019736842105, 0.06716008771929824, 0.02563048245614035
1 0.5521747076023392, 0.1493969298245614, 0.03330592105263158, 0.030610380116959063
1 0.5391538742690059, 0.14795778508771928, 0.05749725877192982, 0.024945175438596492
1 0.4382309941520468, 0.17420504385964913, 0.043791118421052634, 0.03033625730994152
1 0.2715643274853801, 0.21511787280701755, 0.05866228070175439, 0.02745796783625731
1 0.2733918128654971, 0.19558662280701755, 0.05626370614035088, 0.027320906432748537
1 0.22002923976608188, 0.15707236842105263, 0.051535087719298246, 0.024396929824561403
1 0.225968567251462, 0.32990679824561403, 0.0668859649122807, 0.029239766081871343
1 0.21573464912280702, 0.328125, 0.07154605263157894, 0.026589912280701754
1 0.11951754385964912, 0.19325657894736842, 0.03453947368421053, 0.043951023391812866
1 0.1371527777777778, 0.17639802631578946, 0.023848684210526317, 0.047057748538011694
