1 0.6322642543859649, 0.1007858187134503, 0.03508771929824561, 0.02540204678362573
1 0.7616502192982456, 0.10261330409356725, 0.023300438596491228, 0.030153508771929825
1 0.47820723684210525, 0.10699926900584796, 0.03399122807017544, 0.019005847953216373
1 0.4960252192982456, 0.10718201754385964, 0.04331140350877193, 0.014619883040935672
1 0.8005756578947368, 0.11193347953216375, 0.02631578947368421, 0.021198830409356724
1 0.5272752192982456, 0.11229897660818713, 0.03399122807017544, 0.027412280701754384
1 0.45682565789473684, 0.12929459064327486, 0.03837719298245614, 0.014985380116959063
1 0.48204495614035087, 0.13331505847953215, 0.04961622807017544, 0.013706140350877192
1 0.6399396929824561, 0.11650219298245613, 0.04303728070175439, 0.022478070175438597
1 0.8274396929824561, 0.11631944444444445, 0.046875, 0.01864035087719298
1 0.844983552631579, 0.1183296783625731, 0.05975877192982456, 0.019005847953216373
1 0.8109923245614035, 0.1272843567251462, 0.028782894736842105, 0.03179824561403509
1 0.5659265350877193, 0.11705043859649122, 0.02275219298245614, 0.027777777777777776
1 0.9779331140350878, 0.11705043859649122, 0.025219298245614034, 0.027777777777777776
1 0.6174616228070176, 0.12070540935672515, 0.021655701754385966, 0.03527046783625731
1 0.6890076754385965, 0.12746710526315788, 0.029331140350877194, 0.02578947368421053
1 0.6289747807017544, 0.1457419590643275, 0.03782894736842105, 0.0268640350877193
1 0.6637198464912281, 0.14857456140350878, 0.04290021929824561, 0.03202668128654971
1 0.6679002192982456, 0.15944809941520469, 0.04084429824561404, 0.02722953216374269
1 0.5056195175438597, 0.12125365497076024, 0.03673245614035088, 0.012975146198830409
1 1.0289199561403508, 0.12198464912280702, 0.024396929824561403, 0.03125
1 1.0478344298245614, 0.1272843567251462, 0.024396929824561403, 0.02887426900584795
1 1.0045230263157894, 0.14245248538011696, 0.03673245614035088, 0.02887426900584795
1 0.47162828947368424, 0.1227156432748538, 0.04139254385964912, 0.013523391812865496
1 1.069764254385965, 0.12600511695906433, 0.0200109649122807, 0.02503654970760234
1 0.9225603070175439, 0.12417763157894737, 0.033168859649122806, 0.024853801169590642
1 0.4206414473684211, 0.12527412280701755, 0.02823464912280702, 0.02905701754385965
1 0.38555372807017546, 0.14756944444444445, 0.04632675438596491, 0.0268640350877193
1 0.4063870614035088, 0.15122441520467836, 0.05263157894736842, 0.018092105263157895
1 0.3902138157894737, 0.12545687134502925, 0.03262061403508772, 0.023026315789473683
1 0.5845668859649122, 0.12600511695906433, 0.01836622807017544, 0.033808479532163746
1 0.9990405701754386, 0.12600511695906433, 0.02987938596491228, 0.03033625730994152
1 0.7449287280701754, 0.12618786549707603, 0.02412280701754386, 0.03508771929824561
1 0.7229989035087719, 0.12764985380116958, 0.024396929824561403, 0.03234649122807018
1 0.6473410087719298, 0.1265533625730994, 0.044407894736842105, 0.02138157894736842
1 1.155016447368421, 0.1265533625730994, 0.043859649122807015, 0.01918859649122807
1 0.5215871710526315, 0.1286549707602339, 0.038171600877192985, 0.02161001461988304
1 0.5080866228070176, 0.1453764619883041, 0.03755482456140351, 0.013523391812865496
1 0.46203399122807015, 0.1455592105263158, 0.04797149122807018, 0.021747076023391813
1 0.5006853070175439, 0.1543311403508772, 0.049890350877192985, 0.023574561403508772
1 0.4680646929824561, 0.1546966374269006, 0.05756578947368421, 0.014985380116959063
1 0.7939967105263158, 0.12874634502923976, 0.01864035087719298, 0.03252923976608187
1 0.5461896929824561, 0.12911184210526316, 0.020833333333333332, 0.028691520467836257
1 0.875, 0.12984283625730994, 0.028645833333333332, 0.01608187134502924
1 0.8649945175438597, 0.14117324561403508, 0.022203947368421052, 0.029239766081871343
1 0.848547149122807, 0.14373172514619884, 0.02412280701754386, 0.03399122807017544
1 0.8564967105263158, 0.16383406432748537, 0.03262061403508772, 0.03234649122807018
1 0.7745339912280702, 0.1314875730994152, 0.021655701754385966, 0.03307748538011696
1 0.9502467105263158, 0.13404605263157895, 0.0356359649122807, 0.019919590643274854
1 1.0881304824561404, 0.13495979532163743, 0.030153508771929825, 0.02631578947368421
1 1.1300712719298245, 0.1440972222222222, 0.044407894736842105, 0.030519005847953216
1 0.6577576754385965, 0.13495979532163743, 0.03262061403508772, 0.026498538011695907
1 0.842516447368421, 0.1353252923976608, 0.03481359649122807, 0.015899122807017545
1 0.8063322368421053, 0.14501096491228072, 0.04358552631578947, 0.0268640350877193
1 0.9039199561403509, 0.1358735380116959, 0.01864035087719298, 0.023026315789473683
1 0.8852796052631579, 0.13788377192982457, 0.022478070175438597, 0.02722953216374269
1 0.44503837719298245, 0.13623903508771928, 0.03919956140350877, 0.01644736842105263
1 0.5571546052631579, 0.13843201754385964, 0.027960526315789474, 0.024671052631578948
1 0.5401589912280702, 0.15889985380116958, 0.02138157894736842, 0.031067251461988302
1 0.5541392543859649, 0.16017909356725146, 0.026041666666666668, 0.03179824561403509
1 0.5503015350877193, 0.17973318713450293, 0.03481359649122807, 0.03033625730994152
1 1.1330866228070176, 0.13934576023391812, 0.04577850877192982, 0.01864035087719298
1 1.2158717105263157, 0.13952850877192982, 0.02631578947368421, 0.03070175438596491
1 1.197779605263158, 0.14135599415204678, 0.027960526315789474, 0.03289473684210526
1 0.9140625, 0.1402595029239766, 0.032072368421052634, 0.027960526315789474
1 0.9255756578947368, 0.1404422514619883, 0.030153508771929825, 0.039108187134502925
1 0.9494243421052632, 0.14135599415204678, 0.0381030701754386, 0.02850877192982456
1 0.7095668859649122, 0.14263523391812866, 0.03673245614035088, 0.03179824561403509
1 0.7249177631578947, 0.17059576023391812, 0.04523026315789474, 0.01918859649122807
1 0.9834155701754386, 0.14281798245614036, 0.020833333333333332, 0.026133040935672515
1 0.3573190789473684, 0.1442799707602339, 0.029605263157894735, 0.02722953216374269
1 0.7523300438596491, 0.1444627192982456, 0.02823464912280702, 0.03271198830409357
1 1.2997532894736843, 0.1446454678362573, 0.02549342105263158, 0.027412280701754384
1 1.3082510964912282, 0.16913377192982457, 0.032072368421052634, 0.03216374269005848
1 1.2457510964912282, 0.1459247076023392, 0.019736842105263157, 0.03070175438596491
1 1.253700657894737, 0.15341739766081872, 0.031524122807017545, 0.03125
1 1.230674342105263, 0.15944809941520469, 0.024396929824561403, 0.029239766081871343
1 1.2811129385964912, 0.14884868421052633, 0.02768640350877193, 0.029239766081871343
1 1.2786458333333333, 0.16931652046783627, 0.04029605263157895, 0.03234649122807018
1 1.2484923245614035, 0.18009868421052633, 0.03234649122807018, 0.031067251461988302
1 1.0470120614035088, 0.15268640350877194, 0.04824561403508772, 0.019371345029239765
1 0.9549067982456141, 0.15652412280701755, 0.02768640350877193, 0.025950292397660817
1 0.9883497807017544, 0.16767178362573099, 0.04111842105263158, 0.027960526315789474
1 0.9836896929824561, 0.17991593567251463, 0.03296326754385965, 0.0278234649122807
1 0.9442160087719298, 0.1867233187134503, 0.03700657894736842, 0.03248355263157895
1 0.9645696271929824, 0.1827485380116959, 0.04159813596491228, 0.030062134502923978
1 1.0157620614035088, 0.19014985380116958, 0.03892543859649123, 0.029788011695906433
1 0.8866502192982456, 0.15871710526315788, 0.027138157894736843, 0.0266812865497076
1 0.9025493421052632, 0.16639254385964913, 0.024396929824561403, 0.03326023391812866
1 0.7035361842105263, 0.16036184210526316, 0.022478070175438597, 0.038559941520467836
1 0.6182839912280702, 0.16109283625730994, 0.04358552631578947, 0.019736842105263157
1 0.5804550438596491, 0.16913377192982457, 0.054276315789473686, 0.016264619883040937
1 0.6245888157894737, 0.17955043859649122, 0.060032894736842105, 0.019005847953216373
1 0.5705866228070176, 0.18137792397660818, 0.03234649122807018, 0.027595029239766082
1 0.8066063596491229, 0.16127558479532164, 0.042214912280701754, 0.022478070175438597
1 0.7854989035087719, 0.16145833333333334, 0.029331140350877194, 0.028417397660818713
1 0.7759046052631579, 0.17790570175438597, 0.02850877192982456, 0.028143274853801168
1 1.0969024122807018, 0.16145833333333334, 0.03125, 0.03070175438596491
1 1.0664747807017543, 0.16456505847953215, 0.023574561403508772, 0.02905701754385965
1 1.085389254385965, 0.16547880116959066, 0.02275219298245614, 0.027960526315789474
1 1.066200657894737, 0.19106359649122806, 0.060581140350877194, 0.019736842105263157
1 1.1363760964912282, 0.16182383040935672, 0.03234649122807018, 0.03033625730994152
1 1.1456962719298245, 0.1896016081871345, 0.06606359649122807, 0.01206140350877193
1 1.0165844298245614, 0.16218932748538012, 0.029742324561403508, 0.024305555555555556
1 0.40337171052631576, 0.16639254385964913, 0.0537280701754386, 0.01023391812865497
1 1.0434484649122806, 0.16748903508771928, 0.025219298245614034, 0.030519005847953216
1 0.47738486842105265, 0.16895102339181287, 0.04742324561403509, 0.020650584795321638
1 0.9244791666666666, 0.16931652046783627, 0.03837719298245614, 0.024853801169590642
1 0.4614857456140351, 0.16968201754385964, 0.05016447368421053, 0.027046783625730993
1 0.44942434210526316, 0.17132675438596492, 0.024945175438596492, 0.027412280701754384
1 0.4836896929824561, 0.19033260233918128, 0.030975877192982455, 0.029970760233918127
1 0.3554002192982456, 0.17041301169590642, 0.036458333333333336, 0.023940058479532164
1 0.28303179824561403, 0.17315423976608188, 0.030153508771929825, 0.036366959064327485
1 1.2054550438596492, 0.17406798245614036, 0.04413377192982456, 0.02722953216374269
1 0.3847313596491228, 0.17479897660818713, 0.05482456140350877, 0.012975146198830409
1 0.3765076754385965, 0.18740862573099415, 0.049890350877192985, 0.024671052631578948
1 0.32195723684210525, 0.194718567251462, 0.02055921052631579, 0.021929824561403508
1 0.8312774122807017, 0.17443347953216373, 0.03234649122807018, 0.03289473684210526
1 0.5119243421052632, 0.17498172514619884, 0.030975877192982455, 0.03527046783625731
1 0.5171326754385965, 0.18850511695906433, 0.03481359649122807, 0.02905701754385965
1 0.19449013157894737, 0.17607821637426901, 0.043859649122807015, 0.02722953216374269
1 0.4258497807017544, 0.1764437134502924, 0.025767543859649123, 0.022112573099415205
1 1.1624177631578947, 0.1764437134502924, 0.049342105263157895, 0.01516812865497076
1 0.6848958333333334, 0.17881944444444445, 0.03481359649122807, 0.03508771929824561
1 0.2602796052631579, 0.17973318713450293, 0.02905701754385965, 0.029970760233918127
1 0.2972861842105263, 0.17973318713450293, 0.03508771929824561, 0.03179824561403509
1 0.8729440789473685, 0.180281432748538, 0.028782894736842105, 0.03033625730994152
1 1.3323739035087718, 0.18302266081871346, 0.03453947368421053, 0.02887426900584795
1 1.3614309210526316, 0.18302266081871346, 0.04057017543859649, 0.02320906432748538
1 0.8093475877192983, 0.18393640350877194, 0.03837719298245614, 0.03837719298245614
1 1.033031798245614, 0.18357090643274854, 0.028782894736842105, 0.031067251461988302
1 0.5834703947368421, 0.18649488304093567, 0.04550438596491228, 0.030519005847953216
1 1.2772752192982457, 0.18612938596491227, 0.032072368421052634, 0.02722953216374269
1 0.7372532894736842, 0.18759137426900585, 0.036458333333333336, 0.033808479532163746
1 0.7627467105263158, 0.18795687134502925, 0.02768640350877193, 0.03399122807017544
1 0.6092379385964912, 0.1908808479532164, 0.05317982456140351, 0.017726608187134504
1 0.9623081140350878, 0.19124634502923976, 0.03234649122807018, 0.027595029239766082
1 0.9285910087719298, 0.19270833333333334, 0.05235745614035088, 0.03764619883040936
1 0.9321546052631579, 0.21482090643274854, 0.04632675438596491, 0.025950292397660817
1 1.2172423245614035, 0.19270833333333334, 0.0356359649122807, 0.03508771929824561
1 0.3959703947368421, 0.19544956140350878, 0.029605263157894735, 0.03344298245614035
1 0.4702576754385965, 0.19709429824561403, 0.02275219298245614, 0.031067251461988302
1 0.43270285087719296, 0.22505482456140352, 0.04810855263157895, 0.028143274853801168
1 0.6555646929824561, 0.19618055555555555, 0.03728070175438596, 0.031615497076023395
1 0.4225603070175439, 0.19654605263157895, 0.046600877192982455, 0.016264619883040937
1 0.8474506578947368, 0.19727704678362573, 0.02823464912280702, 0.026498538011695907
1 0.6785910087719298, 0.19764254385964913, 0.03125, 0.023391812865497075
1 1.0810032894736843, 0.1981907894736842, 0.05756578947368421, 0.021564327485380116
1 1.157483552631579, 0.1994700292397661, 0.04851973684210526, 0.01425438596491228
1 1.130345394736842, 0.20221125730994152, 0.04632675438596491, 0.026133040935672515
1 1.1103344298245614, 0.21299342105263158, 0.05016447368421053, 0.017543859649122806
1 0.9107730263157895, 0.1991045321637427, 0.022478070175438597, 0.03618421052631579
1 0.9069353070175439, 0.2307200292397661, 0.04111842105263158, 0.03033625730994152
1 0.717516447368421, 0.20148026315789475, 0.03125, 0.033625730994152045
1 0.8030427631578947, 0.20148026315789475, 0.0356359649122807, 0.03326023391812866
1 1.3082510964912282, 0.20184576023391812, 0.046052631578947366, 0.02887426900584795
1 0.33511513157894735, 0.20458698830409358, 0.046052631578947366, 0.028143274853801168
1 0.2040844298245614, 0.20604897660818713, 0.04742324561403509, 0.018457602339181287
1 0.24876644736842105, 0.20568347953216373, 0.03508771929824561, 0.026498538011695907
1 0.6221217105263158, 0.20550073099415206, 0.02987938596491228, 0.03307748538011696
1 0.6064967105263158, 0.2382127192982456, 0.038651315789473686, 0.021929824561403508
1 0.7882401315789473, 0.20604897660818713, 0.030975877192982455, 0.034173976608187134
1 1.2005208333333333, 0.20641447368421054, 0.04084429824561404, 0.03874269005847953
1 0.4291392543859649, 0.20732821637426901, 0.04139254385964912, 0.027777777777777776
1 0.4066611842105263, 0.2122624269005848, 0.04317434210526316, 0.01608187134502924
1 0.38692434210526316, 0.22450657894736842, 0.0512609649122807, 0.021929824561403508
1 0.8965186403508771, 0.2080592105263158, 0.025219298245614034, 0.03837719298245614
1 0.8781524122807017, 0.21354166666666666, 0.02905701754385965, 0.03545321637426901
1 0.5418037280701754, 0.20897295321637427, 0.041666666666666664, 0.02631578947368421
1 0.5881304824561403, 0.20879020467836257, 0.04413377192982456, 0.028691520467836257
1 0.6503563596491229, 0.20988669590643275, 0.03782894736842105, 0.024305555555555556
1 0.2857730263157895, 0.21061769005847952, 0.0512609649122807, 0.018092105263157895
1 0.3696546052631579, 0.2117141812865497, 0.03399122807017544, 0.031067251461988302
1 1.2657620614035088, 0.2120796783625731, 0.04851973684210526, 0.0268640350877193
1 1.2399945175438596, 0.21372441520467836, 0.04057017543859649, 0.02722953216374269
1 1.0121984649122806, 0.21335891812865498, 0.0581140350877193, 0.023391812865497075
1 1.0656524122807018, 0.21354166666666666, 0.028782894736842105, 0.028326023391812866
1 1.0867598684210527, 0.21737938596491227, 0.032072368421052634, 0.042214912280701754
1 1.1753015350877194, 0.21372441520467836, 0.04029605263157895, 0.019919590643274854
1 0.6942160087719298, 0.2164656432748538, 0.023848684210526317, 0.03252923976608187
1 0.6651589912280702, 0.2290752923976608, 0.03782894736842105, 0.017361111111111112
1 0.5037006578947368, 0.2170138888888889, 0.04057017543859649, 0.0133406432748538
1 0.739172149122807, 0.22012061403508773, 0.04550438596491228, 0.013157894736842105
1 0.4760142543859649, 0.2206688596491228, 0.030153508771929825, 0.033808479532163746
1 0.9834155701754386, 0.22121710526315788, 0.024396929824561403, 0.0402046783625731
1 0.19942434210526316, 0.22450657894736842, 0.027412280701754384, 0.01918859649122807
1 1.0267269736842106, 0.27421418128654973, 0.03042763157894737, 0.03271198830409357
1 0.35265899122807015, 0.2252375730994152, 0.025767543859649123, 0.024671052631578948
1 0.3301809210526316, 0.24735014619883042, 0.060581140350877194, 0.025219298245614034
1 0.8573190789473685, 0.2256030701754386, 0.025767543859649123, 0.03289473684210526
1 0.8359375, 0.22651681286549707, 0.023574561403508772, 0.03782894736842105
1 1.0267269736842106, 0.22761330409356725, 0.03344298245614035, 0.03271198830409357
1 1.144325657894737, 0.22761330409356725, 0.05400219298245614, 0.014802631578947368
1 1.1185581140350878, 0.22834429824561403, 0.027412280701754384, 0.03033625730994152
1 0.3071546052631579, 0.2303545321637427, 0.02412280701754386, 0.0268640350877193
1 1.2780975877192982, 0.2303545321637427, 0.05619517543859649, 0.03728070175438596
1 1.2567160087719298, 0.24607090643274854, 0.02850877192982456, 0.031615497076023395
1 1.2350603070175439, 0.25082236842105265, 0.023300438596491228, 0.0400219298245614
1 1.2742598684210527, 0.2625182748538012, 0.05482456140350877, 0.017726608187134504
1 1.2180646929824561, 0.2661732456140351, 0.03125, 0.03874269005847953
1 0.4472313596491228, 0.2309027777777778, 0.03344298245614035, 0.03070175438596491
1 0.7188870614035088, 0.23108552631578946, 0.07072368421052631, 0.02101608187134503
1 0.5892269736842105, 0.23145102339181287, 0.033168859649122806, 0.02905701754385965
1 1.2054550438596492, 0.23254751461988304, 0.033717105263157895, 0.03125
1 1.1961348684210527, 0.24753289473684212, 0.03262061403508772, 0.04057017543859649
1 0.6424067982456141, 0.23492324561403508, 0.03399122807017544, 0.029788011695906433
1 0.6465186403508771, 0.2617872807017544, 0.02823464912280702, 0.039108187134502925
1 0.8145559210526315, 0.23510599415204678, 0.027138157894736843, 0.03929093567251462
1 1.1720120614035088, 0.2380299707602339, 0.026589912280701754, 0.03326023391812866
1 1.1278782894736843, 0.24004020467836257, 0.03837719298245614, 0.029788011695906433
1 0.7934484649122807, 0.24077119883040934, 0.026589912280701754, 0.03307748538011696
1 0.4993146929824561, 0.24168494152046785, 0.041666666666666664, 0.034722222222222224
1 0.9272203947368421, 0.24205043859649122, 0.05043859649122807, 0.027412280701754384
1 1.0615405701754386, 0.24186769005847952, 0.033717105263157895, 0.03070175438596491
1 1.0453673245614035, 0.26069078947368424, 0.03892543859649123, 0.03929093567251462
1 1.1517269736842106, 0.24168494152046785, 0.0268640350877193, 0.03289473684210526
1 1.1879111842105263, 0.24643640350877194, 0.02138157894736842, 0.029788011695906433
1 0.7583607456140351, 0.24533991228070176, 0.03508771929824561, 0.038011695906432746
1 0.7838541666666666, 0.2586805555555556, 0.025219298245614034, 0.03289473684210526
1 0.3770559210526316, 0.2480811403508772, 0.03892543859649123, 0.01699561403508772
1 0.7397203947368421, 0.25082236842105265, 0.027960526315789474, 0.033808479532163746
1 0.7251918859649122, 0.2689144736842105, 0.04139254385964912, 0.026498538011695907
1 0.8575932017543859, 0.25356359649122806, 0.05235745614035088, 0.017361111111111112
1 0.5763432017543859, 0.2575840643274854, 0.04029605263157895, 0.036915204678362575
1 0.5319353070175439, 0.26050804093567254, 0.0537280701754386, 0.021929824561403508
1 0.6149945175438597, 0.2612390350877193, 0.04029605263157895, 0.033808479532163746
1 1.0779879385964912, 0.2588633040935672, 0.02275219298245614, 0.03289473684210526
1 1.0993695175438596, 0.25922880116959063, 0.04961622807017544, 0.030519005847953216
1 0.8277138157894737, 0.26379751461988304, 0.03536184210526316, 0.041849415204678365
1 1.1380208333333333, 0.26416301169590645, 0.027412280701754384, 0.031980994152046784
1 0.9529879385964912, 0.2650767543859649, 0.034265350877192985, 0.03892543859649123
1 0.9296875, 0.2658077485380117, 0.03399122807017544, 0.035818713450292396
1 0.9302357456140351, 0.29815423976608185, 0.046600877192982455, 0.03709795321637427
1 0.4102247807017544, 0.2658077485380117, 0.029331140350877194, 0.03545321637426901
1 0.895422149122807, 0.2659904970760234, 0.02987938596491228, 0.03673245614035088
1 0.5163103070175439, 0.27147295321637427, 0.022478070175438597, 0.030519005847953216
1 1.2695997807017543, 0.2723866959064328, 0.05838815789473684, 0.025219298245614034
1 0.20271381578947367, 0.2784173976608187, 0.03070175438596491, 0.036366959064327485
1 0.17667214912280702, 0.31661184210526316, 0.03892543859649123, 0.04623538011695907
1 0.13500548245614036, 0.3548062865497076, 0.05455043859649123, 0.012975146198830409
1 0.2813870614035088, 0.275858918128655, 0.02412280701754386, 0.030884502923976608
1 0.22765899122807018, 0.2762244152046784, 0.033168859649122806, 0.03490497076023392
1 1.2578125, 0.2762244152046784, 0.05455043859649123, 0.03234649122807018
1 1.2460252192982457, 0.296875, 0.04550438596491228, 0.019554093567251463
1 0.33758223684210525, 0.27677266081871343, 0.03919956140350877, 0.03307748538011696
1 0.25699013157894735, 0.27786915204678364, 0.025767543859649123, 0.023757309941520467
1 0.24849232456140352, 0.29413377192982454, 0.03042763157894737, 0.04093567251461988
1 0.9768366228070176, 0.2793311403508772, 0.026589912280701754, 0.03289473684210526
1 1.1613212719298245, 0.2798793859649123, 0.024945175438596492, 0.02722953216374269
1 0.05523574561403509, 0.28042763157894735, 0.033717105263157895, 0.031615497076023395
1 0.5286458333333334, 0.28115862573099415, 0.022203947368421052, 0.03234649122807018
1 0.5009594298245614, 0.3040021929824561, 0.055098684210526314, 0.023391812865497075
1 0.8436129385964912, 0.2822551169590643, 0.02768640350877193, 0.0402046783625731
1 1.054139254385965, 0.2837171052631579, 0.016721491228070175, 0.031067251461988302
1 0.13171600877192982, 0.2864583333333333, 0.023300438596491228, 0.03929093567251462
1 0.10731907894736842, 0.30930190058479534, 0.03536184210526316, 0.041666666666666664
1 0.7734375, 0.2870065789473684, 0.029331140350877194, 0.04203216374269006
1 0.5500274122807017, 0.2873720760233918, 0.046052631578947366, 0.02887426900584795
1 0.5834703947368421, 0.2875548245614035, 0.029331140350877194, 0.026498538011695907
1 0.42557565789473684, 0.2877375730994152, 0.0356359649122807, 0.02905701754385965
1 0.7098410087719298, 0.29120979532163743, 0.03344298245614035, 0.03216374269005848
1 1.0694901315789473, 0.29120979532163743, 0.0381030701754386, 0.023757309941520467
1 1.097450657894737, 0.292671783625731, 0.03782894736842105, 0.0400219298245614
1 0.15021929824561403, 0.2932200292397661, 0.016036184210526317, 0.025584795321637425
1 0.6221217105263158, 0.2934027777777778, 0.025219298245614034, 0.03179824561403509
1 0.641858552631579, 0.2932200292397661, 0.05317982456140351, 0.02905701754385965
1 0.8756853070175439, 0.2932200292397661, 0.029331140350877194, 0.03728070175438596
1 0.8729440789473685, 0.3290387426900585, 0.03837719298245614, 0.03929093567251462
1 0.6744791666666666, 0.29486476608187134, 0.03892543859649123, 0.02942251461988304
1 1.1898300438596492, 0.2970577485380117, 0.03673245614035088, 0.03453947368421053
1 1.1484375, 0.3065606725146199, 0.0625, 0.02266081871345029
1 0.06894188596491228, 0.29961622807017546, 0.048793859649122806, 0.03289473684210526
1 0.745202850877193, 0.29943347953216376, 0.027960526315789474, 0.046052631578947366
1 0.4348958333333333, 0.2999817251461988, 0.030153508771929825, 0.02320906432748538
1 0.48341557017543857, 0.3003472222222222, 0.025767543859649123, 0.035818713450292396
1 0.5982730263157895, 0.30217470760233917, 0.02275219298245614, 0.03252923976608187
1 0.27234100877192985, 0.30235745614035087, 0.024054276315789474, 0.03435672514619883
1 0.2504111842105263, 0.33689692982456143, 0.049890350877192985, 0.013523391812865496
1 -0.00013706140350877192, 0.3036366959064328, 0.02987938596491228, 0.033625730994152045
1 0.00013706140350877192, 0.3288559941520468, 0.04303728070175439, 0.02722953216374269
1 0.9195449561403509, 0.3036366959064328, 0.034265350877192985, 0.03819444444444445
1 0.901452850877193, 0.3060124269005848, 0.04057017543859649, 0.036915204678362575
1 0.38445723684210525, 0.3065606725146199, 0.027960526315789474, 0.036915204678362575
1 1.0064418859649122, 0.3069261695906433, 0.0356359649122807, 0.029239766081871343
1 0.9612116228070176, 0.3074744152046784, 0.04797149122807018, 0.03508771929824561
1 0.027549342105263157, 0.30802266081871343, 0.04057017543859649, 0.03234649122807018
1 0.29399671052631576, 0.30911915204678364, 0.033168859649122806, 0.0360014619883041
1 0.22382127192982457, 0.31167763157894735, 0.02987938596491228, 0.039473684210526314
1 1.0429002192982457, 0.31259137426900585, 0.05866228070175439, 0.016264619883040937
1 0.3340186403508772, 0.3140533625730994, 0.04084429824561404, 0.0403874269005848
1 0.34279057017543857, 0.3277595029239766, 0.03837719298245614, 0.035818713450292396
1 1.2430098684210527, 0.3140533625730994, 0.059484649122807015, 0.017543859649122806
1 0.4083059210526316, 0.3151498538011696, 0.02768640350877193, 0.04239766081871345
1 0.4302357456140351, 0.317891081871345, 0.0268640350877193, 0.0400219298245614
1 0.5039747807017544, 0.31588084795321636, 0.039473684210526314, 0.017726608187134504
1 0.5387883771929824, 0.3244700292397661, 0.024945175438596492, 0.039108187134502925
1 0.7948190789473685, 0.31588084795321636, 0.026589912280701754, 0.03874269005847953
1 0.7660361842105263, 0.32538377192982454, 0.03508771929824561, 0.029605263157894735
1 0.5694901315789473, 0.31642909356725146, 0.029331140350877194, 0.04258040935672515
1 0.5379660087719298, 0.3586440058479532, 0.03728070175438596, 0.01827485380116959
1 0.4858826754385965, 0.36175073099415206, 0.034265350877192985, 0.03399122807017544
1 0.49246162280701755, 0.376187865497076, 0.05646929824561404, 0.022112573099415205
1 0.14679276315789475, 0.31697733918128657, 0.033168859649122806, 0.039108187134502925
1 0.4672423245614035, 0.3177083333333333, 0.023848684210526317, 0.02540204678362573
1 0.45792214912280704, 0.3356176900584795, 0.057839912280701754, 0.027960526315789474
1 0.4713541666666667, 0.34676535087719296, 0.04851973684210526, 0.029239766081871343
1 0.7219024122807017, 0.317891081871345, 0.02850877192982456, 0.04294590643274854
1 1.1160910087719298, 0.31971856725146197, 0.026041666666666668, 0.038011695906432746
1 0.614172149122807, 0.32319078947368424, 0.03508771929824561, 0.03033625730994152
1 0.6056743421052632, 0.34000365497076024, 0.029605263157894735, 0.039473684210526314
1 0.6632401315789473, 0.323921783625731, 0.032072368421052634, 0.03070175438596491
1 1.1555646929824561, 0.3242872807017544, 0.0381030701754386, 0.029605263157894735
1 0.8189418859649122, 0.3283077485380117, 0.02631578947368421, 0.030519005847953216
1 0.5157620614035088, 0.33086622807017546, 0.024945175438596492, 0.03453947368421053
1 -0.00013706140350877192, 0.3315972222222222, 0.012335526315789474, 0.01918859649122807
1 0.6947642543859649, 0.33305921052631576, 0.030975877192982455, 0.02905701754385965
1 1.0445449561403508, 0.33342470760233917, 0.030153508771929825, 0.04824561403508772
1 0.5873081140350878, 0.3348866959064328, 0.026041666666666668, 0.03837719298245614
1 1.0856633771929824, 0.3352521929824561, 0.03234649122807018, 0.027412280701754384
1 0.9055646929824561, 0.33689692982456143, 0.021929824561403508, 0.038011695906432746
1 0.8526589912280702, 0.3659539473684211, 0.059484649122807015, 0.021564327485380116
1 0.8691063596491229, 0.3771016081871345, 0.052083333333333336, 0.022112573099415205
1 0.8411458333333334, 0.3836805555555556, 0.03070175438596491, 0.036366959064327485
1 0.8800712719298246, 0.39300073099415206, 0.035910087719298246, 0.033625730994152045
1 0.8507401315789473, 0.3988486842105263, 0.0356359649122807, 0.031067251461988302
1 0.864172149122807, 0.42351973684210525, 0.03453947368421053, 0.0447733918128655
1 0.8241502192982456, 0.4262609649122807, 0.04111842105263158, 0.02850877192982456
1 0.19065241228070176, 0.33982090643274854, 0.03536184210526316, 0.0360014619883041
1 0.9269462719298246, 0.3411001461988304, 0.039473684210526314, 0.033808479532163746
1 0.9749177631578947, 0.3414656432748538, 0.029605263157894735, 0.03929093567251462
1 1.0165844298245614, 0.3416483918128655, 0.03042763157894737, 0.03545321637426901
1 0.8181195175438597, 0.34329312865497075, 0.0537280701754386, 0.02412280701754386
1 0.8115405701754386, 0.3628472222222222, 0.05893640350877193, 0.019736842105263157
1 0.7325932017543859, 0.34402412280701755, 0.04057017543859649, 0.03453947368421053
1 0.24109100877192982, 0.34749634502923976, 0.055098684210526314, 0.02448830409356725
1 0.00027412280701754384, 0.34841008771929827, 0.04509320175438596, 0.02284356725146199
1 0.9990405701754386, 0.3515168128654971, 0.026589912280701754, 0.027960526315789474
1 0.9957510964912281, 0.3767361111111111, 0.03125, 0.02722953216374269
1 0.6284265350877193, 0.3526133040935672, 0.02631578947368421, 0.028143274853801168
1 0.704358552631579, 0.3527960526315789, 0.028782894736842105, 0.039473684210526314
1 0.07853618421052631, 0.35334429824561403, 0.055098684210526314, 0.017361111111111112
1 0.7520559210526315, 0.35425804093567254, 0.0537280701754386, 0.025584795321637425
1 1.1256853070175439, 0.3546235380116959, 0.030975877192982455, 0.049707602339181284
1 1.1128015350877194, 0.3725328947368421, 0.02768640350877193, 0.036366959064327485
1 0.002055921052631579, 0.3555372807017544, 0.0668859649122807, 0.01882309941520468
1 0.020148026315789474, 0.3674159356725146, 0.04331140350877193, 0.010416666666666666
1 1.192297149122807, 0.3555372807017544, 0.026041666666666668, 0.039108187134502925
1 0.2090186403508772, 0.35773026315789475, 0.029331140350877194, 0.030153508771929825
1 0.545641447368421, 0.35754751461988304, 0.04276315789473684, 0.03216374269005848
1 0.4329769736842105, 0.3584612573099415, 0.03700657894736842, 0.022478070175438597
1 0.2972861842105263, 0.3599232456140351, 0.033717105263157895, 0.027595029239766082
1 0.38390899122807015, 0.3591922514619883, 0.05098684210526316, 0.020833333333333332
1 1.166529605263158, 0.359375, 0.034265350877192985, 0.0445906432748538
1 0.2284813596491228, 0.3597404970760234, 0.03453947368421053, 0.0402046783625731
1 1.0979989035087718, 0.363578216374269, 0.025767543859649123, 0.03234649122807018
1 1.0560581140350878, 0.36796418128654973, 0.039473684210526314, 0.03216374269005848
1 0.9661458333333334, 0.3772843567251462, 0.03728070175438596, 0.02722953216374269
1 1.0823739035087718, 0.3802083333333333, 0.03042763157894737, 0.03033625730994152
1 1.0445449561403508, 0.39245248538011696, 0.038651315789473686, 0.0266812865497076
1 1.0253563596491229, 0.39300073099415206, 0.025767543859649123, 0.029605263157894735
1 0.9823190789473685, 0.39939692982456143, 0.04523026315789474, 0.02722953216374269
1 1.0475603070175439, 0.40597587719298245, 0.07785087719298246, 0.03527046783625731
1 1.1158168859649122, 0.40634137426900585, 0.0356359649122807, 0.03271198830409357
1 1.0215186403508771, 0.41602704678362573, 0.04057017543859649, 0.031980994152046784
1 1.0056195175438596, 0.42041301169590645, 0.02905701754385965, 0.03216374269005848
1 1.0788103070175439, 0.42297149122807015, 0.04851973684210526, 0.014071637426900584
1 1.090049342105263, 0.4291849415204678, 0.04303728070175439, 0.04312865497076023
1 1.117735745614035, 0.43338815789473684, 0.0356359649122807, 0.03929093567251462
1 1.0503015350877194, 0.43411915204678364, 0.0556469298245614, 0.013706140350877192
1 0.9979440789473685, 0.44088084795321636, 0.02631578947368421, 0.0222953216374269
1 1.0212445175438596, 0.44453581871345027, 0.04906798245614035, 0.015716374269005847
1 1.010279605263158, 0.45586622807017546, 0.046052631578947366, 0.02266081871345029
1 1.0700383771929824, 0.4569627192982456, 0.03618421052631579, 0.0266812865497076
1 0.06099232456140351, 0.3637609649122807, 0.0341968201754386, 0.03508771929824561
1 0.00013706140350877192, 0.3740862573099415, 0.012609649122807017, 0.011239035087719298
1 0.0190515350877193, 0.37527412280701755, 0.048793859649122806, 0.02010233918128655
1 0.00424890350877193, 0.37819809941520466, 0.025767543859649123, 0.02887426900584795
1 0.00013706140350877192, 0.3824013157894737, 0.013980263157894737, 0.02320906432748538
1 0.7838541666666666, 0.36467470760233917, 0.04194078947368421, 0.0266812865497076
1 0.13363486842105263, 0.3661366959064328, 0.06551535087719298, 0.01644736842105263
1 0.9414747807017544, 0.3661366959064328, 0.03234649122807018, 0.03654970760233918
1 0.9535361842105263, 0.3997624269005848, 0.03344298245614035, 0.01827485380116959
1 0.2441063596491228, 0.3683296783625731, 0.06140350877192982, 0.026498538011695907
1 0.25315241228070173, 0.3827668128654971, 0.05619517543859649, 0.01206140350877193
1 0.5648300438596491, 0.37033991228070173, 0.038651315789473686, 0.017361111111111112
1 0.3852796052631579, 0.3730811403508772, 0.027138157894736843, 0.03216374269005848
1 0.3691063596491228, 0.37563961988304095, 0.024671052631578948, 0.02540204678362573
1 0.3559484649122807, 0.37819809941520466, 0.028782894736842105, 0.033625730994152045
1 0.07415021929824561, 0.3732638888888889, 0.049890350877192985, 0.03234649122807018
1 0.10320723684210527, 0.37582236842105265, 0.05674342105263158, 0.01882309941520468
1 0.15775767543859648, 0.3800255847953216, 0.04550438596491228, 0.029788011695906433
1 0.13555372807017543, 0.3802083333333333, 0.03728070175438596, 0.0222953216374269
1 0.10540021929824561, 0.3825840643274854, 0.04331140350877193, 0.02722953216374269
1 0.17064144736842105, 0.3875182748538012, 0.05838815789473684, 0.017909356725146198
1 0.1621436403508772, 0.4003106725146199, 0.032072368421052634, 0.03271198830409357
1 0.054413377192982455, 0.39610745614035087, 0.05071271929824561, 0.03837719298245614
1 0.22820723684210525, 0.4010416666666667, 0.04084429824561404, 0.02722953216374269
1 0.09498355263157894, 0.4012244152046784, 0.03125, 0.03435672514619883
1 0.07881030701754387, 0.40158991228070173, 0.02850877192982456, 0.03983918128654971
1 0.20243969298245615, 0.40323464912280704, 0.03234649122807018, 0.014619883040935672
1 0.004797149122807018, 0.40542763157894735, 0.059484649122807015, 0.01864035087719298
1 0.14377741228070176, 0.41036184210526316, 0.02172423245614035, 0.02987938596491228
1 0.12075109649122807, 0.42479897660818716, 0.02412280701754386, 0.03983918128654971
1 0.4231085526315789, 0.37436038011695905, 0.03700657894736842, 0.017909356725146198
1 0.46367872807017546, 0.37582236842105265, 0.027960526315789474, 0.036915204678362575
1 0.4244791666666667, 0.38422880116959063, 0.04358552631578947, 0.022112573099415205
1 0.4836896929824561, 0.3939144736842105, 0.0556469298245614, 0.01827485380116959
1 0.48615679824561403, 0.4048793859649123, 0.03919956140350877, 0.018092105263157895
1 0.5330317982456141, 0.41072733918128657, 0.024945175438596492, 0.03673245614035088
1 0.5223410087719298, 0.4173062865497076, 0.0200109649122807, 0.03490497076023392
1 0.7216282894736842, 0.37801535087719296, 0.03536184210526316, 0.03125
1 0.7756304824561403, 0.38806652046783624, 0.025767543859649123, 0.04312865497076023
1 0.7583607456140351, 0.3977521929824561, 0.024396929824561403, 0.029239766081871343
1 0.717516447368421, 0.40213815789473684, 0.030153508771929825, 0.047149122807017545
1 0.7419133771929824, 0.40688961988304095, 0.05016447368421053, 0.0447733918128655
1 0.7849506578947368, 0.4262609649122807, 0.03344298245614035, 0.028326023391812866
1 0.7646655701754386, 0.43028143274853803, 0.04961622807017544, 0.033808479532163746
1 0.8227796052631579, 0.37838084795321636, 0.02987938596491228, 0.021929824561403508
1 0.5563322368421053, 0.37929459064327486, 0.049342105263157895, 0.03271198830409357
1 0.3970668859649123, 0.3800255847953216, 0.029331140350877194, 0.03216374269005848
1 0.39953399122807015, 0.41109283625730997, 0.017543859649122806, 0.025950292397660817
1 1.0094572368421053, 0.3800255847953216, 0.03508771929824561, 0.031980994152046784
1 0.33429276315789475, 0.3805738304093567, 0.02631578947368421, 0.024305555555555556
1 0.6687225877192983, 0.38843201754385964, 0.0381030701754386, 0.03673245614035088
1 0.6049890350877193, 0.3923611111111111, 0.06099232456140351, 0.025082236842105265
1 0.6509046052631579, 0.39245248538011696, 0.02055921052631579, 0.03673245614035088
1 0.5969024122807017, 0.4046966374269006, 0.05482456140350877, 0.03399122807017544
1 0.576891447368421, 0.4152960526315789, 0.02412280701754386, 0.02046783625730994
1 0.7473958333333334, 0.3805738304093567, 0.06633771929824561, 0.01699561403508772
1 0.7983826754385965, 0.38952850877192985, 0.02549342105263158, 0.04075292397660819
1 0.3183936403508772, 0.3840460526315789, 0.029331140350877194, 0.03216374269005848
1 0.5248081140350878, 0.38532529239766083, 0.0424890350877193, 0.03234649122807018
1 0.28885690789473684, 0.3862390350877193, 0.02871436403508772, 0.03993055555555555
1 0.26987390350877194, 0.3900767543859649, 0.033717105263157895, 0.04239766081871345
1 1.144325657894737, 0.3875182748538012, 0.03700657894736842, 0.03252923976608187
1 1.1898300438596492, 0.38806652046783624, 0.05756578947368421, 0.02138157894736842
1 0.01274671052631579, 0.39226973684210525, 0.05921052631578947, 0.015716374269005847
1 0.23944627192982457, 0.3940972222222222, 0.04139254385964912, 0.012975146198830409
1 0.3060581140350877, 0.3975694444444444, 0.03070175438596491, 0.03618421052631579
1 0.3282620614035088, 0.4034173976608187, 0.03618421052631579, 0.03216374269005848
1 0.33429276315789475, 0.41072733918128657, 0.049342105263157895, 0.03435672514619883
1 0.8200383771929824, 0.39903143274853803, 0.033717105263157895, 0.029970760233918127
1 0.9253015350877193, 0.3988486842105263, 0.033168859649122806, 0.015533625730994151
1 0.3715734649122807, 0.40195540935672514, 0.02905701754385965, 0.03490497076023392
1 0.4302357456140351, 0.40213815789473684, 0.03234649122807018, 0.02850877192982456
1 0.6761239035087719, 0.40213815789473684, 0.03782894736842105, 0.03837719298245614
1 0.41296600877192985, 0.40579312865497075, 0.0356359649122807, 0.03545321637426901
1 0.5541392543859649, 0.40542763157894735, 0.03974780701754386, 0.017726608187134504
1 0.6931195175438597, 0.40670687134502925, 0.02850877192982456, 0.046600877192982455
1 1.1711896929824561, 0.4090826023391813, 0.023300438596491228, 0.044956140350877194
1 1.151452850877193, 0.4123720760233918, 0.02412280701754386, 0.04258040935672515
1 1.1939418859649122, 0.42406798245614036, 0.034265350877192985, 0.03837719298245614
1 1.223547149122807, 0.44142909356725146, 0.04468201754385965, 0.04239766081871345
1 1.1585800438596492, 0.4463633040935672, 0.025767543859649123, 0.04513888888888889
1 1.136924342105263, 0.4496527777777778, 0.02905701754385965, 0.03764619883040936
1 1.1813322368421053, 0.4534904970760234, 0.06195175438596491, 0.02722953216374269
1 0.17338267543859648, 0.40999634502923976, 0.03070175438596491, 0.030884502923976608
1 0.9581962719298246, 0.41036184210526316, 0.046600877192982455, 0.028691520467836257
1 0.9047423245614035, 0.4118238304093567, 0.04303728070175439, 0.030884502923976608
1 0.9073464912280702, 0.44069809941520466, 0.0478344298245614, 0.036366959064327485
1 0.23478618421052633, 0.4120065789473684, 0.02850877192982456, 0.03307748538011696
1 0.45682565789473684, 0.4127375730994152, 0.026041666666666668, 0.04075292397660819
1 0.47930372807017546, 0.41547880116959063, 0.02138157894736842, 0.03527046783625731
1 0.6122532894736842, 0.41310307017543857, 0.044407894736842105, 0.031615497076023395
1 0.19777960526315788, 0.4141995614035088, 0.04468201754385965, 0.0445906432748538
1 0.2177905701754386, 0.4171235380116959, 0.02631578947368421, 0.0266812865497076
1 0.9340734649122807, 0.4152960526315789, 0.04851973684210526, 0.04239766081871345
1 0.9661458333333334, 0.43704312865497075, 0.03536184210526316, 0.03399122807017544
1 0.49492872807017546, 0.42059576023391815, 0.02768640350877193, 0.04093567251461988
1 1.2575383771929824, 0.4209612573099415, 0.04358552631578947, 0.03216374269005848
1 1.2942708333333333, 0.4251644736842105, 0.027960526315789474, 0.03709795321637427
1 1.2342379385964912, 0.43046418128654973, 0.042214912280701754, 0.038559941520467836
1 0.5549616228070176, 0.42388523391812866, 0.05701754385964912, 0.025767543859649123
1 0.8151041666666666, 0.4264437134502924, 0.03399122807017544, 0.04258040935672515
1 0.3638980263157895, 0.42754020467836257, 0.03755482456140351, 0.029239766081871343
1 0.6369243421052632, 0.43046418128654973, 0.054276315789473686, 0.027960526315789474
1 0.39816337719298245, 0.4319261695906433, 0.03179824561403509, 0.044407894736842105
1 0.2728892543859649, 0.43722587719298245, 0.06469298245614036, 0.023026315789473683
1 0.15446820175438597, 0.4392361111111111, 0.03728070175438596, 0.039108187134502925
1 0.17804276315789475, 0.44088084795321636, 0.04961622807017544, 0.029605263157894735
1 0.889391447368421, 0.44069809941520466, 0.039473684210526314, 0.031432748538011694
1 0.3647203947368421, 0.44106359649122806, 0.0356359649122807, 0.03874269005847953
1 0.016858552631578948, 0.4441703216374269, 0.060581140350877194, 0.024305555555555556
1 0.1278782894736842, 0.4454495614035088, 0.026726973684210526, 0.033625730994152045
1 1.0519462719298245, 0.44672880116959063, 0.04577850877192982, 0.025584795321637425
1 0.5990953947368421, 0.44782529239766083, 0.05701754385964912, 0.020285087719298246
1 0.23122258771929824, 0.4491045321637427, 0.029331140350877194, 0.027777777777777776
1 1.2953673245614035, 0.453125, 0.03892543859649123, 0.03234649122807018
1 0.2827576754385965, 0.45860745614035087, 0.06414473684210527, 0.020833333333333332
1 0.5138432017543859, 0.45897295321637427, 0.024396929824561403, 0.03344298245614035
1 0.5327576754385965, 0.4637244152046784, 0.03262061403508772, 0.034722222222222224
1 0.8540296052631579, 0.4637244152046784, 0.0381030701754386, 0.05171783625730994
1 0.8874725877192983, 0.46408991228070173, 0.02850877192982456, 0.03983918128654971
1 0.25370065789473684, 0.46536915204678364, 0.026041666666666668, 0.031980994152046784
1 0.30578399122807015, 0.47852704678362573, 0.03728070175438596, 0.03326023391812866
1 0.2695997807017544, 0.4849232456140351, 0.051535087719298246, 0.03709795321637427
1 0.49383223684210525, 0.46536915204678364, 0.03179824561403509, 0.03216374269005848
1 1.1843475877192982, 0.4661001461988304, 0.05235745614035088, 0.03234649122807018
1 0.8022203947368421, 0.46811038011695905, 0.027960526315789474, 0.0356359649122807
1 0.4222861842105263, 0.46865862573099415, 0.04276315789473684, 0.04294590643274854
1 0.3751370614035088, 0.46884137426900585, 0.04797149122807018, 0.02010233918128655
1 0.20353618421052633, 0.4703033625730994, 0.038651315789473686, 0.038559941520467836
1 0.2265625, 0.4748720760233918, 0.03837719298245614, 0.04276315789473684
1 -0.00013706140350877192, 0.4704861111111111, 0.03042763157894737, 0.04111842105263158
1 0.6322642543859649, 0.47249634502923976, 0.04906798245614035, 0.022112573099415205
1 0.7605537280701754, 0.47304459064327486, 0.030153508771929825, 0.027412280701754384
1 0.8904879385964912, 0.4770650584795322, 0.03755482456140351, 0.04623538011695907
1 0.7161458333333334, 0.4777960526315789, 0.02631578947368421, 0.033625730994152045
1 0.1465186403508772, 0.47907529239766083, 0.04413377192982456, 0.029605263157894735
1 0.12513706140350878, 0.48236476608187134, 0.03344298245614035, 0.03819444444444445
1 0.18763706140350878, 0.48236476608187134, 0.03892543859649123, 0.03508771929824561
1 0.9524396929824561, 0.4834612573099415, 0.04523026315789474, 0.04294590643274854
1 0.9905427631578947, 0.48656798245614036, 0.03042763157894737, 0.03782894736842105
1 0.03275767543859649, 0.4836440058479532, 0.03262061403508772, 0.04258040935672515
1 0.054413377192982455, 0.4838267543859649, 0.034265350877192985, 0.04312865497076023
1 0.5694901315789473, 0.48693347953216376, 0.05893640350877193, 0.0268640350877193
1 0.8197642543859649, 0.4876644736842105, 0.03837719298245614, 0.016812865497076022
1 0.807702850877193, 0.49936038011695905, 0.038651315789473686, 0.0268640350877193
1 0.9283168859649122, 0.49022295321637427, 0.02905701754385965, 0.0489766081871345
1 0.6023848684210527, 0.4922331871345029, 0.052083333333333336, 0.04276315789473684
1 0.6489857456140351, 0.49515716374269003, 0.04851973684210526, 0.019005847953216373
1 0.7728892543859649, 0.4920504385964912, 0.027960526315789474, 0.03271198830409357
1 0.16735197368421054, 0.4924159356725146, 0.03125, 0.02942251461988304
1 1.1328125, 0.4949744152046784, 0.0424890350877193, 0.04258040935672515
1 0.5315241228070176, 0.49625365497076024, 0.040981359649122806, 0.04842836257309942
1 0.6788651315789473, 0.4986293859649123, 0.04824561403508772, 0.030884502923976608
1 0.01411732456140351, 0.5004568713450293, 0.03728070175438596, 0.049890350877192985
1 0.9028234649122807, 0.5022843567251462, 0.03234649122807018, 0.04111842105263158
1 1.0272752192982457, 0.5057565789473685, 0.03070175438596491, 0.030884502923976608
1 1.2822094298245614, 0.5077668128654971, 0.03070175438596491, 0.04331140350877193
1 0.6506304824561403, 0.5081323099415205, 0.030153508771929825, 0.020650584795321638
1 1.0409813596491229, 0.5127010233918129, 0.03481359649122807, 0.03070175438596491
1 1.0544133771929824, 0.5139802631578947, 0.049890350877192985, 0.03216374269005848
1 0.9527138157894737, 0.5189144736842105, 0.04742324561403509, 0.019371345029239765
1 0.7728892543859649, 0.5391995614035088, 0.05290570175438596, 0.044042397660818716
1 0.13253837719298245, 0.5508954678362573, 0.02905701754385965, 0.041301169590643276
1 0.42502741228070173, 0.5927448830409356, 0.02138157894736842, 0.027412280701754384
1 0.8359375, 0.6165021929824561, 0.0556469298245614, 0.02138157894736842
1 0.4077576754385965, 0.6261878654970761, 0.030975877192982455, 0.02412280701754386
1 1.237733004385965, 0.6245431286549707, 0.04159813596491228, 0.041666666666666664
1 0.36115679824561403, 0.6311220760233918, 0.042214912280701754, 0.021198830409356724
1 1.2369791666666667, 0.42539290935672514, 0.05825109649122807, 0.04331140350877193
1 1.1082785087719298, 0.15328033625730994, 0.03618421052631579, 0.033945540935672515
1 1.1035498903508771, 0.14048793859649122, 0.029503837719298244, 0.021335891812865496
1 1.0071271929824561, 0.22487207602339182, 0.03248355263157895, 0.0379203216374269
1 0.9902001096491229, 0.2578125, 0.033854166666666664, 0.04267178362573099
1 1.0164473684210527, 0.2621527777777778, 0.025904605263157895, 0.038331505847953216
1 0.8461074561403509, 0.31184758771929827, 0.040364583333333336, 0.03289473684210526
1 0.8096902412280702, 0.30235745614035087, 0.048862390350877194, 0.036275584795321635
1 0.8841145833333334, 0.4100877192982456, 0.04872532894736842, 0.034082602339181284
1 0.9123492324561403, 0.3814418859649123, 0.03186677631578947, 0.031432748538011694
1 0.6519325657894737, 0.3590551900584795, 0.05688048245614035, 0.03193530701754386
1 0.6681058114035088, 0.35201937134502925, 0.03721217105263158, 0.030153508771929825
1 0.5918996710526315, 0.3802083333333333, 0.07627467105263158, 0.017955043859649123
1 0.5865542763157895, 0.3902595029239766, 0.021929824561403508, 0.03367141812865497
1 0.5289199561403509, 0.23181652046783627, 0.06099232456140351, 0.020924707602339183
1 0.5228207236842105, 0.21884137426900585, 0.0341968201754386, 0.022478070175438597
1 0.6005345394736842, 0.13016264619883042, 0.021107456140350877, 0.029376827485380116
1 0.5805235745614035, 0.15579312865497075, 0.047149122807017545, 0.01964546783625731
1 0.49451754385964913, 0.22793311403508773, 0.03056469298245614, 0.02288925438596491
1 0.48540296052631576, 0.24684758771929824, 0.024876644736842105, 0.02069627192982456
1 0.5019188596491229, 0.362984283625731, 0.0478344298245614, 0.023528874269005847
1 0.3592379385964912, 0.18530701754385964, 0.056126644736842105, 0.01964546783625731
1 0.3394325657894737, 0.18421052631578946, 0.02398574561403509, 0.03070175438596491
1 0.12643914473684212, 0.3932291666666667, 0.03460800438596491, 0.025447733918128657
1 0.17948190789473684, 0.28604714912280704, 0.027412280701754384, 0.03700657894736842
1 0.16515899122807018, 0.2743512426900585, 0.03919956140350877, 0.038788377192982455
1 0.10382401315789473, 0.4118457602339181, 0.04019462719298245, 0.039862938596491225
1 1.1946271929824561, 0.40670687134502925, 0.0434484649122807, 0.013614766081871345
1 1.1939418859649122, 0.41378837719298245, 0.042077850877192985, 0.03019919590643275
