1 0.6341666666666667, 0.215625, 0.06133333333333333, 0.025
1 0.6355, 0.230875, 0.06333333333333334, 0.028
1 0.6708333333333333, 0.255625, 0.07166666666666667, 0.02975
1 0.6261666666666666, 0.255375, 0.03233333333333333, 0.03125
1 0.6535, 0.260625, 0.023333333333333334, 0.0325
1 0.6558333333333334, 0.291875, 0.033666666666666664, 0.031
1 0.6305, 0.287875, 0.031, 0.04075
1 0.6911666666666667, 0.297875, 0.032, 0.028
1 0.4545, 0.312375, 0.019, 0.01575
1 0.6721666666666667, 0.316875, 0.04066666666666666, 0.04175
1 0.6321666666666667, 0.321625, 0.052333333333333336, 0.02125
1 0.4691666666666667, 0.328125, 0.026333333333333334, 0.019
1 0.6265, 0.337625, 0.052, 0.0305
1 0.6218333333333333, 0.366375, 0.052333333333333336, 0.0275
1 0.6308333333333334, 0.378625, 0.06, 0.029
1 0.6925, 0.399625, 0.031, 0.04575
1 0.6318333333333334, 0.400875, 0.04566666666666667, 0.04125
1 0.6295, 0.436375, 0.03333333333333333, 0.03675
1 0.6598333333333334, 0.439625, 0.04566666666666667, 0.022
1 0.7165, 0.419375, 0.056666666666666664, 0.031
1 0.7028333333333333, 0.443125, 0.04833333333333333, 0.038
1 0.7531666666666667, 0.446875, 0.029666666666666668, 0.048
1 0.7131666666666666, 0.472375, 0.056666666666666664, 0.029
1 0.6471666666666667, 0.458625, 0.06066666666666667, 0.028
1 0.6718333333333333, 0.472125, 0.04633333333333333, 0.02825
1 0.7748333333333334, 0.476125, 0.028, 0.064
1 0.8015, 0.486375, 0.032, 0.04525
1 0.66627, 0.400125, 0.027496666666666666, 0.04225
1 0.68455, 0.430625, 0.014916666666666667, 0.0120625
1 0.60661, 0.35, 0.060790000000000004, 0.02525
