1 0.22, 0.15, 0.05, 0.02
1 0.31, 0.18, 0.03, 0.02
1 0.37, 0.18, 0.04, 0.02
1 0.41, 0.18, 0.04, 0.02
1 0.60, 0.18, 0.03, 0.04
1 0.59, 0.18, 0.02, 0.03
1 0.55, 0.18, 0.02, 0.03
1 0.57, 0.18, 0.02, 0.04
1 0.19, 0.18, 0.03, 0.03
1 0.14, 0.19, 0.05, 0.02
1 0.63, 0.19, 0.04, 0.02
1 0.35, 0.19, 0.02, 0.03
1 0.31, 0.19, 0.04, 0.02
1 0.43, 0.19, 0.06, 0.02
1 0.21, 0.19, 0.03, 0.03
1 0.12, 0.19, 0.04, 0.02
1 0.51, 0.19, 0.05, 0.02
1 0.49, 0.20, 0.05, 0.02
1 0.23, 0.20, 0.06, 0.01
1 0.46, 0.22, 0.03, 0.03
1 0.51, 0.23, 0.04, 0.02
1 0.25, 0.23, 0.03, 0.03
1 0.71, 0.24, 0.03, 0.03
1 0.55, 0.24, 0.04, 0.02
1 0.39, 0.24, 0.03, 0.02
1 0.41, 0.26, 0.03, 0.03
1 0.42, 0.24, 0.04, 0.03
1 0.44, 0.26, 0.02, 0.03
1 0.65, 0.24, 0.04, 0.02
1 0.35, 0.24, 0.03, 0.03
1 0.50, 0.24, 0.02, 0.03
1 0.59, 0.24, 0.03, 0.03
1 0.77, 0.24, 0.03, 0.03
1 0.16, 0.24, 0.05, 0.01
1 0.62, 0.24, 0.03, 0.03
1 0.74, 0.25, 0.03, 0.03
1 0.46, 0.25, 0.03, 0.03
1 0.49, 0.25, 0.02, 0.03
1 0.48, 0.27, 0.03, 0.03
1 0.59, 0.26, 0.09, 0.05
1 0.72, 0.26, 0.02, 0.03
1 0.15, 0.26, 0.04, 0.03
1 0.26, 0.26, 0.04, 0.02
1 0.80, 0.26, 0.03, 0.03
1 0.18, 0.26, 0.04, 0.03
1 0.22, 0.26, 0.04, 0.03
1 0.38, 0.26, 0.03, 0.02
1 0.52, 0.26, 0.05, 0.02
1 0.31, 0.26, 0.03, 0.04
1 0.29, 0.30, 0.04, 0.03
1 0.59, 0.26, 0.03, 0.03
1 1.37, 0.26, 0.03, 0.02
1 1.23, 0.26, 0.04, 0.03
1 0.34, 0.26, 0.03, 0.03
1 0.47, 0.26, 0.02, 0.03
1 1.29, 0.26, 0.03, 0.03
1 1.28, 0.28, 0.02, 0.01
1 0.63, 0.26, 0.06, 0.02
1 0.36, 0.27, 0.03, 0.03
1 0.37, 0.28, 0.03, 0.02
1 0.69, 0.27, 0.03, 0.04
1 0.67, 0.27, 0.02, 0.04
1 0.28, 0.27, 0.03, 0.03
1 0.74, 0.27, 0.05, 0.02
1 0.27, 0.27, 0.02, 0.03
1 0.08, 0.27, 0.06, 0.01
1 0.56, 0.27, 0.04, 0.03
1 0.78, 0.27, 0.03, 0.03
1 0.23, 0.27, 0.04, 0.03
1 0.53, 0.27, 0.03, 0.04
1 0.12, 0.28, 0.03, 0.04
1 0.15, 0.28, 0.03, 0.03
1 0.14, 0.30, 0.03, 0.02
1 0.65, 0.28, 0.03, 0.03
1 1.19, 0.28, 0.06, 0.02
1 0.05, 0.28, 0.06, 0.01
1 0.06, 0.29, 0.04, 0.02
1 0.02, 0.29, 0.05, 0.02
1 0.40, 0.29, 0.04, 0.03
1 0.43, 0.29, 0.02, 0.03
1 0.80, 0.29, 0.04, 0.04
1 1.37, 0.29, 0.05, 0.03
1 1.42, 0.29, 0.03, 0.03
1 1.41, 0.30, 0.03, 0.04
1 1.42, 0.32, 0.04, 0.04
1 0.18, 0.29, 0.06, 0.02
1 0.59, 0.29, 0.04, 0.03
1 0.77, 0.29, 0.03, 0.03
1 0.61, 0.29, 0.04, 0.03
1 1.24, 0.29, 0.06, 0.02
1 1.25, 0.30, 0.05, 0.03
1 0.10, 0.29, 0.02, 0.03
1 0.35, 0.30, 0.03, 0.03
1 0.37, 0.30, 0.03, 0.02
1 1.29, 0.30, 0.04, 0.03
1 0.22, 0.30, 0.03, 0.04
1 1.21, 0.30, 0.04, 0.03
1 1.20, 0.33, 0.06, 0.02
1 0.69, 0.30, 0.03, 0.04
1 0.51, 0.30, 0.02, 0.03
1 0.76, 0.30, 0.02, 0.03
1 0.06, 0.30, 0.04, 0.02
1 0.64, 0.31, 0.05, 0.01
1 0.39, 0.31, 0.04, 0.04
1 0.49, 0.31, 0.02, 0.03
1 0.71, 0.31, 0.04, 0.02
1 1.29, 0.31, 0.04, 0.04
1 0.55, 0.31, 0.03, 0.04
1 0.53, 0.31, 0.03, 0.03
1 0.43, 0.31, 0.03, 0.04
1 1.33, 0.31, 0.02, 0.03
1 0.15, 0.31, 0.05, 0.02
1 0.45, 0.32, 0.03, 0.02
1 0.46, 0.32, 0.03, 0.03
1 0.64, 0.32, 0.04, 0.03
1 0.10, 0.32, 0.05, 0.02
1 0.23, 0.32, 0.03, 0.04
1 0.19, 0.33, 0.05, 0.02
1 0.50, 0.33, 0.03, 0.03
1 0.27, 0.33, 0.03, 0.03
1 0.25, 0.34, 0.04, 0.03
1 0.22, 0.37, 0.04, 0.02
1 0.71, 0.33, 0.04, 0.01
1 1.37, 0.33, 0.03, 0.03
1 0.58, 0.33, 0.03, 0.03
1 0.60, 0.33, 0.05, 0.03
1 0.79, 0.33, 0.04, 0.02
1 0.38, 0.34, 0.03, 0.03
1 0.39, 0.34, 0.03, 0.03
1 0.39, 0.37, 0.04, 0.03
1 0.41, 0.38, 0.04, 0.04
1 0.43, 0.40, 0.04, 0.02
1 0.69, 0.34, 0.03, 0.04
1 0.29, 0.38, 0.03, 0.03
1 0.35, 0.38, 0.06, 0.03
1 0.28, 0.40, 0.04, 0.03
1 0.16, 0.34, 0.03, 0.02
1 0.08, 0.34, 0.03, 0.03
1 0.03, 0.34, 0.02, 0.03
1 0.42, 0.34, 0.03, 0.02
1 0.45, 0.35, 0.05, 0.03
1 1.37, 0.34, 0.03, 0.04
1 1.20, 0.35, 0.03, 0.04
1 0.53, 0.35, 0.06, 0.02
1 0.15, 0.35, 0.03, 0.03
1 0.62, 0.35, 0.06, 0.02
1 0.80, 0.35, 0.03, 0.03
1 0.59, 0.36, 0.05, 0.02
1 1.26, 0.36, 0.05, 0.03
1 0.32, 0.36, 0.03, 0.04
1 0.26, 0.36, 0.04, 0.02
1 0.26, 0.38, 0.04, 0.02
1 0.25, 0.39, 0.03, 0.03
1 0.24, 0.36, 0.03, 0.02
1 0.21, 0.38, 0.03, 0.04
1 0.24, 0.39, 0.02, 0.03
1 0.49, 0.37, 0.03, 0.04
1 0.47, 0.38, 0.03, 0.03
1 1.22, 0.37, 0.04, 0.04
1 0.73, 0.37, 0.03, 0.04
1 0.56, 0.37, 0.03, 0.03
1 0.64, 0.37, 0.05, 0.03
1 0.59, 0.38, 0.05, 0.04
1 0.60, 0.38, 0.06, 0.03
1 0.36, 0.37, 0.04, 0.02
1 0.01, 0.38, 0.06, 0.02
1 0.20, 0.38, 0.02, 0.04
1 0.44, 0.38, 0.03, 0.02
1 0.58, 0.38, 0.01, 0.02
1 1.15, 0.38, 0.03, 0.05
1 1.13, 0.40, 0.03, 0.04
1 1.18, 0.39, 0.03, 0.03
1 0.51, 0.39, 0.03, 0.04
1 0.53, 0.40, 0.05, 0.02
1 0.53, 0.40, 0.04, 0.02
1 1.39, 0.39, 0.06, 0.01
1 1.10, 0.39, 0.03, 0.04
1 0.09, 0.39, 0.05, 0.03
1 0.13, 0.39, 0.03, 0.03
1 1.25, 0.39, 0.03, 0.04
1 0.81, 0.40, 0.04, 0.03
1 0.17, 0.40, 0.02, 0.03
1 1.28, 0.40, 0.05, 0.03
1 1.19, 0.40, 0.03, 0.03
1 1.17, 0.42, 0.05, 0.03
1 1.22, 0.40, 0.04, 0.04
1 1.28, 0.40, 0.05, 0.04
1 1.21, 0.41, 0.03, 0.03
1 1.27, 0.42, 0.05, 0.03
1 0.59, 0.46, 0.03, 0.03
1 1.32, 0.27, 0.04, 0.03
1 1.34, 0.30, 0.04, 0.04
1 1.45, 0.32, 0.05, 0.02
1 0.51, 0.26, 0.02, 0.03
1 0.72, 0.30, 0.05, 0.02
1 0.08, 0.39, 0.04, 0.03
1 0.10, 0.36, 0.04, 0.04
1 0.12, 0.34, 0.03, 0.04
1 0.15, 0.38, 0.03, 0.05
1 0.16, 0.37, 0.05, 0.03
1 0.32, 0.40, 0.04, 0.03
1 0.34, 0.35, 0.03, 0.03
1 0.35, 0.34, 0.03, 0.04
1 0.01, 0.27, 0.07, 0.02
1 0.06, 0.26, 0.06, 0.02
1 0.30, 0.31, 0.04, 0.04
1 0.30, 0.34, 0.04, 0.04
