1 1.1577576754385965, 0.13989400584795322, 0.036458333333333336, 0.02284356725146199
1 1.1407620614035088, 0.14994517543859648, 0.017543859649122806, 0.02101608187134503
1 1.1569353070175439, 0.15177266081871346, 0.015899122807017545, 0.01882309941520468
1 1.1933936403508771, 0.15031067251461988, 0.018388157894736842, 0.02232456140350877
1 1.245202850877193, 0.15049342105263158, 0.028782894736842105, 0.01644736842105263
1 1.2070997807017543, 0.15195540935672514, 0.018092105263157895, 0.021198830409356724
1 1.0944353070175439, 0.1528691520467836, 0.03618421052631579, 0.012244152046783625
1 1.2687774122807018, 0.15341739766081872, 0.033168859649122806, 0.012426900584795321
1 0.8123629385964912, 0.15579312865497075, 0.02823464912280702, 0.019371345029239765
1 0.8342927631578947, 0.16200657894736842, 0.03618421052631579, 0.016264619883040937
1 0.7180646929824561, 0.15615862573099415, 0.02823464912280702, 0.012609649122807017
1 1.2216282894736843, 0.15652412280701755, 0.01699561403508772, 0.024195906432748538
1 0.7402686403508771, 0.15688961988304093, 0.022203947368421052, 0.011695906432748537
1 1.099095394736842, 0.1578033625730994, 0.0556469298245614, 0.023940058479532164
1 1.1637883771929824, 0.1578033625730994, 0.025767543859649123, 0.01699561403508772
1 1.2569901315789473, 0.16072733918128654, 0.029331140350877194, 0.019371345029239765
1 1.1885964912280702, 0.1629203216374269, 0.026726973684210526, 0.021929824561403508
1 1.2272012061403508, 0.16438230994152048, 0.028418311403508773, 0.023417397660818712
1 1.0752467105263157, 0.16639254385964913, 0.01699561403508772, 0.020285087719298246
1 0.7161458333333334, 0.16767178362573099, 0.04111842105263158, 0.017408625730994155
1 0.7350603070175439, 0.17242324561403508, 0.04276315789473684, 0.012975146198830409
1 1.0596217105263157, 0.1682200292397661, 0.026041666666666668, 0.021564327485380116
1 0.7567160087719298, 0.16858552631578946, 0.03892543859649123, 0.010599415204678362
1 1.0895010964912282, 0.16986476608187134, 0.019462719298245616, 0.021747076023391813
1 0.8019462719298246, 0.17004751461988304, 0.03634320175438597, 0.008589181286549707
1 0.5892269736842105, 0.17443347953216373, 0.021929824561403508, 0.01918859649122807
1 1.2605537280701755, 0.1755299707602339, 0.029605263157894735, 0.014985380116959063
1 0.5700383771929824, 0.17626096491228072, 0.022203947368421052, 0.021929824561403508
1 0.8109923245614035, 0.1769919590643275, 0.04358552631578947, 0.01206140350877193
1 0.455751096491228, 0.17754020467836257, 0.02549342105263158, 0.02751827485380117
1 0.2813870614035088, 0.18192616959064328, 0.023574561403508772, 0.023026315789473683
1 0.3027686403508772, 0.18466739766081872, 0.025767543859649123, 0.021198830409356724
1 1.1954961622807019, 0.19179459064327486, 0.02640625, 0.02503654970760234
1 0.2983826754385965, 0.19599780701754385, 0.04303728070175439, 0.020833333333333332
1 0.2572642543859649, 0.19709429824561403, 0.04111842105263158, 0.020650584795321638
1 1.0881304824561404, 0.20184576023391812, 0.01699561403508772, 0.0266812865497076
1 0.7580866228070176, 0.20641447368421054, 0.022478070175438597, 0.03179824561403509
1 0.8555372807017544, 0.2093146929824561, 0.019599780701754384, 0.027436038011695904
1 0.828125, 0.2089035087719298, 0.02881578947368421, 0.040445906432748535
1 0.9428453947368421, 0.21080043859649122, 0.027412280701754384, 0.019005847953216373
1 0.9618969298245614, 0.21098318713450293, 0.02617872807017544, 0.02738669590643275
1 1.052220394736842, 0.21134868421052633, 0.01864035087719298, 0.02963998538011696
1 1.0703125, 0.21134868421052633, 0.02275219298245614, 0.030221125730994152
1 1.1207510964912282, 0.2117141812865497, 0.020833333333333332, 0.02412280701754386
1 1.1051260964912282, 0.2122624269005848, 0.027412280701754384, 0.027777777777777776
1 1.229029605263158, 0.2122624269005848, 0.019736842105263157, 0.022478070175438597
1 1.2177905701754386, 0.2208516081871345, 0.03262061403508772, 0.023574561403508772
1 0.9894462719298246, 0.21408991228070176, 0.017543859649122806, 0.022112573099415205
1 1.0363212719298245, 0.21463815789473684, 0.025767543859649123, 0.021929824561403508
1 0.5765844298245615, 0.21628289473684212, 0.029089912280701756, 0.024206871345029243
1 1.1964089912280702, 0.2160434941520468, 0.03070175438596491, 0.024179459064327485
1 0.5171326754385965, 0.2164656432748538, 0.02823464912280702, 0.02266081871345029
1 0.7934484649122807, 0.21756213450292397, 0.021929824561403508, 0.023574561403508772
1 1.4691611842105263, 0.21737938596491227, 0.02055921052631579, 0.023757309941520467
1 1.2846765350877194, 0.21774488304093567, 0.031524122807017545, 0.023757309941520467
1 0.7981304824561404, 0.217781432748538, 0.03533991228070175, 0.02909539473684211
1 0.32140899122807015, 0.21993786549707603, 0.019736842105263157, 0.024853801169590642
1 0.5609923245614035, 0.22121710526315788, 0.026348684210526316, 0.022220394736842106
1 0.7676589912280702, 0.22121710526315788, 0.030016447368421052, 0.0201937134502924
1 0.3397752192982456, 0.22139985380116958, 0.021107456140350877, 0.02722953216374269
1 0.9269462719298246, 0.22121710526315788, 0.02275219298245614, 0.02887426900584795
1 1.0132949561403508, 0.22139985380116958, 0.029331140350877194, 0.02631578947368421
1 0.651110197368421, 0.2221308479532164, 0.028303179824561403, 0.027775950292397662
1 1.2490405701754386, 0.22194809941520469, 0.02850877192982456, 0.02448830409356725
1 1.1785910087719298, 0.22267909356725146, 0.02138157894736842, 0.0268640350877193
1 0.3600603070175439, 0.22322733918128654, 0.02412280701754386, 0.027595029239766082
1 0.5993695175438597, 0.22341008771929824, 0.02987938596491228, 0.02540204678362573
1 1.4017269736842106, 0.22359283625730994, 0.024945175438596492, 0.025219298245614034
1 1.311266447368421, 0.22377558479532164, 0.033168859649122806, 0.027777777777777776
1 0.8708881578947368, 0.22432383040935672, 0.02309484649122807, 0.024597953216374268
1 1.1410361842105263, 0.22487207602339182, 0.021929824561403508, 0.024853801169590642
1 0.8257949561403509, 0.2254203216374269, 0.024739583333333332, 0.029998172514619885
1 0.49300986842105265, 0.2256030701754386, 0.019736842105263157, 0.0268640350877193
1 1.4899945175438596, 0.22615131578947367, 0.009868421052631578, 0.04148391812865497
1 1.1621436403508771, 0.22633406432748537, 0.01918859649122807, 0.028326023391812866
1 1.0799972587719298, 0.22797880116959066, 0.034174890350877195, 0.02442799707602339
1 1.2737116228070176, 0.22889254385964913, 0.022478070175438597, 0.02320906432748538
1 0.9743695175438597, 0.2296235380116959, 0.023574561403508772, 0.02905701754385965
1 1.1914747807017543, 0.22998903508771928, 0.02631578947368421, 0.027777777777777776
1 0.7468475877192983, 0.2307200292397661, 0.023209978070175438, 0.022611476608187134
1 0.9102247807017544, 0.23181652046783627, 0.016721491228070175, 0.02046783625730994
1 0.8940515350877193, 0.23254751461988304, 0.029605263157894735, 0.023940058479532164
1 0.42475328947368424, 0.23181652046783627, 0.023300438596491228, 0.02138157894736842
1 0.25753837719298245, 0.23273026315789475, 0.025219298245614034, 0.021747076023391813
1 0.25315241228070173, 0.2515533625730994, 0.016721491228070175, 0.019005847953216373
1 0.3003015350877193, 0.23291301169590642, 0.0200109649122807, 0.020285087719298246
1 0.5050712719298246, 0.23309576023391812, 0.017269736842105265, 0.02010233918128655
1 0.5250822368421053, 0.23656798245614036, 0.01864035087719298, 0.021929824561403508
1 0.5123355263157895, 0.24022295321637427, 0.014665570175438597, 0.012609649122807017
1 0.5026041666666666, 0.24954312865497075, 0.027412280701754384, 0.0222953216374269
1 0.48862390350877194, 0.2521016081871345, 0.028645833333333332, 0.021198830409356724
1 0.6892817982456141, 0.23291301169590642, 0.02172423245614035, 0.026133040935672515
1 1.3617050438596492, 0.23291301169590642, 0.02823464912280702, 0.022478070175438597
1 0.38363486842105265, 0.2345577485380117, 0.022203947368421052, 0.02010233918128655
1 0.5445449561403509, 0.234375, 0.021107456140350877, 0.021564327485380116
1 0.6130756578947368, 0.23565423976608188, 0.03227796052631579, 0.025219298245614034
1 0.6213678728070176, 0.24716739766081872, 0.027617872807017545, 0.02338450292397661
1 0.7060032894736842, 0.23601973684210525, 0.014528508771929825, 0.026736111111111113
1 1.0086348684210527, 0.23601973684210525, 0.02768640350877193, 0.027960526315789474
1 0.6709155701754386, 0.23516812865497075, 0.03289473684210526, 0.028081140350877193
1 1.4570997807017543, 0.23638523391812866, 0.03755482456140351, 0.036366959064327485
1 0.4041940789473684, 0.2378472222222222, 0.022478070175438597, 0.023757309941520467
1 0.36800986842105265, 0.24607090643274854, 0.03700657894736842, 0.019554093567251463
1 0.4409265350877193, 0.24917763157894737, 0.023300438596491228, 0.025219298245614034
1 0.40391995614035087, 0.25484283625730997, 0.021655701754385966, 0.014071637426900584
1 0.4321546052631579, 0.2564875730994152, 0.012609649122807017, 0.017909356725146198
1 0.4217379385964912, 0.2612390350877193, 0.017543859649122806, 0.021564327485380116
1 1.1185581140350878, 0.2378472222222222, 0.02549342105263158, 0.02266081871345029
1 1.378700657894737, 0.2380299707602339, 0.027960526315789474, 0.01918859649122807
1 1.3704769736842106, 0.2574013157894737, 0.027138157894736843, 0.02448830409356725
1 0.47820723684210525, 0.2380299707602339, 0.02275219298245614, 0.024853801169590642
1 0.44558662280701755, 0.24150219298245615, 0.0381030701754386, 0.017726608187134504
1 0.46203399122807015, 0.25703581871345027, 0.028782894736842105, 0.01864035087719298
1 0.9910910087719298, 0.2380299707602339, 0.01918859649122807, 0.019919590643274854
1 1.0497532894736843, 0.2382127192982456, 0.03042763157894737, 0.02138157894736842
1 0.7128563596491229, 0.2391264619883041, 0.023026315789473683, 0.02320358187134503
1 0.23423793859649122, 0.2396747076023392, 0.019736842105263157, 0.023757309941520467
1 0.26850328947368424, 0.24040570175438597, 0.025219298245614034, 0.023391812865497075
1 0.26247258771929827, 0.255391081871345, 0.030975877192982455, 0.0403874269005848
1 0.2885142543859649, 0.2579495614035088, 0.036458333333333336, 0.015533625730994151
1 1.4346217105263157, 0.24040570175438597, 0.03700657894736842, 0.03527046783625731
1 0.7328673245614035, 0.24077119883040934, 0.02055921052631579, 0.025584795321637425
1 0.7857730263157895, 0.24131944444444445, 0.023026315789473683, 0.025767543859649123
1 1.4143366228070176, 0.24150219298245615, 0.024396929824561403, 0.027412280701754384
1 1.248766447368421, 0.24205043859649122, 0.02768640350877193, 0.030884502923976608
1 1.3038651315789473, 0.24223318713450293, 0.03481359649122807, 0.014437134502923976
1 0.32113486842105265, 0.24424342105263158, 0.024671052631578948, 0.027046783625730993
1 0.9587445175438597, 0.24497441520467836, 0.025219298245614034, 0.023940058479532164
1 0.10567434210526316, 0.24533991228070176, 0.026589912280701754, 0.02046783625730994
1 0.21751644736842105, 0.24588815789473684, 0.01836622807017544, 0.021198830409356724
1 0.19366776315789475, 0.2521016081871345, 0.02275219298245614, 0.021198830409356724
1 0.2383497807017544, 0.2566703216374269, 0.014528508771929825, 0.01114766081871345
1 0.20659813596491228, 0.26264254385964914, 0.030381030701754387, 0.012302631578947367
1 0.23615679824561403, 0.26745248538011696, 0.012335526315789474, 0.009502923976608187
1 0.24657346491228072, 0.26781798245614036, 0.014802631578947368, 0.021747076023391813
1 1.0390625, 0.24588815789473684, 0.01781798245614035, 0.025219298245614034
1 1.0291940789473684, 0.2563048245614035, 0.026589912280701754, 0.02631578947368421
1 0.1522752192982456, 0.2466191520467836, 0.03179824561403509, 0.01864035087719298
1 0.5354989035087719, 0.24716739766081872, 0.021107456140350877, 0.027046783625730993
1 0.5505756578947368, 0.2566703216374269, 0.03618421052631579, 0.012609649122807017
1 0.5845668859649122, 0.265625, 0.021107456140350877, 0.02540204678362573
1 0.5538651315789473, 0.2692799707602339, 0.0200109649122807, 0.031067251461988302
1 1.2997532894736843, 0.24716739766081872, 0.03042763157894737, 0.027960526315789474
1 1.3296326754385965, 0.2515533625730994, 0.01781798245614035, 0.023026315789473683
1 0.2915296052631579, 0.2482638888888889, 0.02850877192982456, 0.012792397660818713
1 0.6547423245614035, 0.24899488304093567, 0.01864035087719298, 0.027129020467836256
1 1.2350603070175439, 0.24954312865497075, 0.02055921052631579, 0.023026315789473683
1 0.7674067982456141, 0.24990862573099415, 0.027138157894736843, 0.022478070175438597
1 0.8189418859649122, 0.24990862573099415, 0.027960526315789474, 0.03070175438596491
1 0.9217379385964912, 0.24972587719298245, 0.023848684210526317, 0.02540204678362573
1 1.1426809210526316, 0.24990862573099415, 0.032072368421052634, 0.02266081871345029
1 1.158031798245614, 0.24990862573099415, 0.03673245614035088, 0.02010233918128655
1 0.745797697368421, 0.25009137426900585, 0.02551535087719298, 0.033888888888888885
1 0.9458607456140351, 0.25063961988304095, 0.018914473684210526, 0.0222953216374269
1 0.9333415570175438, 0.2665387426900585, 0.03801260964912281, 0.024671052631578948
1 1.0891118421052632, 0.25045687134502925, 0.04013706140350877, 0.013888888888888888
1 0.5815515350877193, 0.2517361111111111, 0.04632675438596491, 0.01379203216374269
1 1.273985745614035, 0.2515533625730994, 0.024396929824561403, 0.029239766081871343
1 1.3967927631578947, 0.2515533625730994, 0.023300438596491228, 0.027595029239766082
1 1.0566063596491229, 0.2526498538011696, 0.020285087719298246, 0.02850877192982456
1 0.42612390350877194, 0.25301535087719296, 0.012883771929824562, 0.00804093567251462
1 0.6720120614035088, 0.25287463450292397, 0.015625, 0.01603983918128655
1 0.13226425438596492, 0.25411184210526316, 0.04111842105263158, 0.014802631578947368
1 0.8649945175438597, 0.25447733918128657, 0.02138157894736842, 0.02503654970760234
1 0.9009046052631579, 0.25411184210526316, 0.023848684210526317, 0.028143274853801168
1 1.0089994517543859, 0.2669590643274854, 0.018824013157894736, 0.02589546783625731
1 0.3567708333333333, 0.255391081871345, 0.02850877192982456, 0.017178362573099414
1 0.1777686403508772, 0.2555738304093567, 0.01781798245614035, 0.01918859649122807
1 0.10786732456140351, 0.2696454678362573, 0.021655701754385966, 0.01882309941520468
1 0.19120065789473684, 0.27439692982456143, 0.025219298245614034, 0.024305555555555556
1 0.20847039473684212, 0.2745796783625731, 0.01836622807017544, 0.0222953216374269
1 0.11252741228070176, 0.2754934210526316, 0.031524122807017545, 0.0266812865497076
1 0.33127741228070173, 0.25721856725146197, 0.0200109649122807, 0.028326023391812866
1 0.34799890350877194, 0.26069078947368424, 0.01918859649122807, 0.025950292397660817
1 0.6382949561403509, 0.25566154970760235, 0.019462719298245616, 0.028055555555555556
1 1.298656798245614, 0.2575840643274854, 0.030153508771929825, 0.029239766081871343
1 0.5248081140350878, 0.2590460526315789, 0.021929824561403508, 0.028691520467836257
1 0.5193256578947368, 0.2727521929824561, 0.020833333333333332, 0.019554093567251463
1 1.0749725877192982, 0.25941154970760233, 0.01918859649122807, 0.03070175438596491
1 0.11362390350877193, 0.25959429824561403, 0.024945175438596492, 0.01827485380116959
1 1.1939418859649122, 0.25959429824561403, 0.04084429824561404, 0.011513157894736841
1 1.2002467105263157, 0.26452850877192985, 0.03974780701754386, 0.014071637426900584
1 0.5911458333333334, 0.25995979532163743, 0.04276315789473684, 0.02010233918128655
1 1.1382949561403508, 0.26032529239766083, 0.03125, 0.023574561403508772
1 0.13199013157894737, 0.26069078947368424, 0.03179824561403509, 0.01425438596491228
1 0.15364583333333334, 0.26745248538011696, 0.023300438596491228, 0.025950292397660817
1 1.0911458333333333, 0.2612390350877193, 0.015899122807017545, 0.01644736842105263
1 1.1185581140350878, 0.261421783625731, 0.021107456140350877, 0.03277046783625731
1 1.1048519736842106, 0.2621527777777778, 0.015899122807017545, 0.021198830409356724
1 0.37787828947368424, 0.2619700292397661, 0.027960526315789474, 0.014437134502923976
1 0.37678179824561403, 0.27110745614035087, 0.02823464912280702, 0.0222953216374269
1 0.3633497807017544, 0.2731176900584795, 0.022203947368421052, 0.02320906432748538
1 0.37595942982456143, 0.2747624269005848, 0.014665570175438597, 0.013706140350877192
1 0.6871573464912281, 0.26102156432748536, 0.05226699561403508, 0.023126827485380117
1 1.0154879385964912, 0.2623355263157895, 0.03728070175438596, 0.025767543859649123
1 0.7293037280701754, 0.26270102339181284, 0.02549342105263158, 0.025266812865497073
1 0.7559155701754385, 0.26288377192982454, 0.028760964912280702, 0.03315423976608187
1 0.08182565789473684, 0.26343201754385964, 0.02768640350877193, 0.02046783625730994
1 0.8414199561403509, 0.26343201754385964, 0.0268640350877193, 0.028143274853801168
1 0.8096217105263158, 0.26434576023391815, 0.023026315789473683, 0.027960526315789474
1 0.567297149122807, 0.265625, 0.02138157894736842, 0.02284356725146199
1 0.40063048245614036, 0.2658077485380117, 0.021107456140350877, 0.02503654970760234
1 0.6558388157894737, 0.2663559941520468, 0.039383223684210523, 0.018092105263157895
1 0.6380208333333334, 0.28061038011695905, 0.019736842105263157, 0.023391812865497075
1 1.4359923245614035, 0.2663559941520468, 0.0424890350877193, 0.026133040935672515
1 1.2460252192982457, 0.2665387426900585, 0.02768640350877193, 0.027595029239766082
1 1.2671326754385965, 0.27439692982456143, 0.01836622807017544, 0.02284356725146199
1 0.4927357456140351, 0.26800073099415206, 0.03234649122807018, 0.025584795321637425
1 0.47875548245614036, 0.2725694444444444, 0.0278234649122807, 0.023026315789473683
1 0.4354440789473684, 0.26781798245614036, 0.02138157894736842, 0.03033625730994152
1 0.27891995614035087, 0.26818347953216376, 0.03070175438596491, 0.0266812865497076
1 1.4708059210526316, 0.26854897660818716, 0.028782894736842105, 0.017178362573099414
1 0.7819353070175439, 0.2687317251461988, 0.02412280701754386, 0.024853801169590642
1 0.8008497807017544, 0.2727521929824561, 0.019736842105263157, 0.02138157894736842
1 0.8776041666666666, 0.2687317251461988, 0.02823464912280702, 0.02722953216374269
1 1.1840734649122806, 0.269828216374269, 0.022478070175438597, 0.02905701754385965
1 1.1695449561403508, 0.2703764619883041, 0.02275219298245614, 0.02448830409356725
1 1.332922149122807, 0.27110745614035087, 0.023848684210526317, 0.029605263157894735
1 0.4653234649122807, 0.27202119883040937, 0.018914473684210526, 0.024305555555555556
1 0.14185855263157895, 0.2725694444444444, 0.014665570175438597, 0.02101608187134503
1 0.6043037280701754, 0.2725694444444444, 0.02138157894736842, 0.020285087719298246
1 0.2983826754385965, 0.2733004385964912, 0.03070175438596491, 0.024305555555555556
1 0.09059758771929824, 0.27403143274853803, 0.021107456140350877, 0.03271198830409357
1 0.22108004385964913, 0.2747624269005848, 0.031524122807017545, 0.017178362573099414
1 1.0574287280701755, 0.27713815789473684, 0.023791118421052634, 0.026964546783625733
1 1.3951480263157894, 0.27750365497076024, 0.04906798245614035, 0.018457602339181287
1 1.3904879385964912, 0.29486476608187134, 0.021929824561403508, 0.027777777777777776
1 0.8601069078947369, 0.2784173976608187, 0.03056469298245614, 0.030566520467836256
1 1.2054550438596492, 0.27823464912280704, 0.04303728070175439, 0.01516812865497076
1 1.4787554824561404, 0.2787828947368421, 0.020833333333333332, 0.012244152046783625
1 0.7660361842105263, 0.2789656432748538, 0.0200109649122807, 0.03399122807017544
1 0.9025959429824562, 0.2793311403508772, 0.030106907894736842, 0.019005847953216373
1 0.1796875, 0.28152412280701755, 0.025677083333333333, 0.025584795321637425
1 0.07360197368421052, 0.28188961988304095, 0.01864035087719298, 0.02046783625730994
1 1.0936129385964912, 0.28207236842105265, 0.024945175438596492, 0.014985380116959063
1 1.069923245614035, 0.29331140350877194, 0.04616776315789473, 0.018739035087719298
1 0.6635142543859649, 0.2828033625730994, 0.035910087719298246, 0.02905701754385965
1 0.4458607456140351, 0.2831688596491228, 0.023574561403508772, 0.030519005847953216
1 0.6174616228070176, 0.2829861111111111, 0.024671052631578948, 0.0268640350877193
1 0.6986019736842105, 0.2833516081871345, 0.02355263157894737, 0.029707602339181287
1 0.7174259868421052, 0.28426535087719296, 0.018114035087719298, 0.02710343567251462
1 1.4442160087719298, 0.2838998538011696, 0.03070175438596491, 0.02540204678362573
1 1.4688870614035088, 0.29157529239766083, 0.03070175438596491, 0.014802631578947368
1 0.6517269736842105, 0.28517909356725146, 0.013980263157894737, 0.023026315789473683
1 0.9776589912280702, 0.28536184210526316, 0.02631578947368421, 0.021747076023391813
1 0.7256496710526316, 0.28572733918128657, 0.027502741228070175, 0.03240131578947369
1 1.358141447368421, 0.28572733918128657, 0.03234649122807018, 0.03033625730994152
1 0.9393283991228071, 0.2877375730994152, 0.03970120614035088, 0.015533625730994151
1 0.22793311403508773, 0.2888340643274854, 0.03755482456140351, 0.013157894736842105
1 1.4239309210526316, 0.2893823099415205, 0.024396929824561403, 0.02284356725146199
1 1.2813870614035088, 0.29139254385964913, 0.04797149122807018, 0.020285087719298246
1 0.3079769736842105, 0.2923062865497076, 0.0556469298245614, 0.013888888888888888
1 0.4214638157894737, 0.2965095029239766, 0.023026315789473683, 0.020972222222222222
1 1.2671326754385965, 0.2966922514619883, 0.04194078947368421, 0.021929824561403508
1 0.8688788377192983, 0.2976059941520468, 0.029010416666666667, 0.03122624269005848
1 0.8956058114035088, 0.29646747076023394, 0.05135142543859649, 0.01612390350877193
1 0.5154879385964912, 0.3000822368421053, 0.020833333333333332, 0.020873538011695905
1 0.48917214912280704, 0.3012609649122807, 0.032072368421052634, 0.023029970760233918
1 1.3205866228070176, 0.30180921052631576, 0.02275219298245614, 0.03094298245614035
1 1.3430646929824561, 0.30217470760233917, 0.02631578947368421, 0.03508771929824561
1 1.1215734649122806, 0.30308845029239767, 0.028782894736842105, 0.029788011695906433
1 0.7937225877192983, 0.3043676900584795, 0.04742324561403509, 0.012792397660818713
1 1.4088541666666667, 0.3058296783625731, 0.0200109649122807, 0.026133040935672515
1 0.9017269736842105, 0.3063779239766082, 0.03892543859649123, 0.015716374269005847
1 1.230674342105263, 0.30765716374269003, 0.031524122807017545, 0.019005847953216373
1 0.7290296052631579, 0.30502010233918125, 0.03355811403508772, 0.02913559941520468
1 1.0897752192982457, 0.30875365497076024, 0.018914473684210526, 0.021198830409356724
1 0.3907620614035088, 0.30930190058479534, 0.039336622807017545, 0.0248812134502924
1 1.4809484649122806, 0.3096673976608187, 0.01850328947368421, 0.010782163742690058
1 1.0566063596491229, 0.3107638888888889, 0.03700657894736842, 0.019919590643274854
1 0.8880674342105264, 0.311312134502924, 0.046554276315789477, 0.01663011695906433
1 0.9908168859649122, 0.31240862573099415, 0.023300438596491228, 0.026498538011695907
1 0.9401041666666666, 0.31313961988304095, 0.04070723684210526, 0.014437134502923976
1 0.9669682017543859, 0.3149671052631579, 0.027138157894736843, 0.02850877192982456
1 1.1816063596491229, 0.3142361111111111, 0.02423793859649123, 0.03605080409356725
1 1.4285910087719298, 0.3146016081871345, 0.025219298245614034, 0.03234649122807018
1 1.4461348684210527, 0.3250182748538012, 0.031524122807017545, 0.020285087719298246
1 1.1558388157894737, 0.31551535087719296, 0.025767543859649123, 0.03125
1 1.1714638157894737, 0.34197916666666667, 0.023574561403508772, 0.032015716374269004
1 0.4291392543859649, 0.31569809941520466, 0.022478070175438597, 0.026133040935672515
1 0.4244791666666667, 0.33441154970760234, 0.028760964912280702, 0.030815058479532163
1 1.364720394736842, 0.31588084795321636, 0.03179824561403509, 0.02887426900584795
1 0.7770010964912281, 0.31716008771929827, 0.04029605263157895, 0.011878654970760233
1 0.5755208333333334, 0.3175255847953216, 0.02412280701754386, 0.023026315789473683
1 1.3863760964912282, 0.3182565789473684, 0.02549342105263158, 0.027412280701754384
1 0.89546875, 0.3184393274853801, 0.03229989035087719, 0.031067251461988302
1 0.4935581140350877, 0.31953581871345027, 0.0268640350877193, 0.011330409356725146
1 1.2051809210526316, 0.31935307017543857, 0.02768640350877193, 0.03458881578947368
1 0.5127467105263158, 0.31899122807017544, 0.01850328947368421, 0.019504751461988306
1 0.5174067982456141, 0.3200840643274854, 0.029947916666666668, 0.029875730994152045
1 1.2879660087719298, 0.3199013157894737, 0.02275219298245614, 0.022112573099415205
1 1.1117050438596492, 0.32172880116959063, 0.03897203947368421, 0.02722953216374269
1 0.4477796052631579, 0.32245979532163743, 0.02768640350877193, 0.027046783625730993
1 0.7616502192982456, 0.32264254385964913, 0.035910087719298246, 0.024305555555555556
1 0.5562637061403509, 0.32319078947368424, 0.028577302631578948, 0.021198830409356724
1 0.8751370614035088, 0.3235562865497076, 0.030153508771929825, 0.022478070175438597
1 0.5453673245614035, 0.3240204678362573, 0.023116776315789473, 0.0260343567251462
1 0.807702850877193, 0.3241045321637427, 0.024671052631578948, 0.0356359649122807
1 0.932702850877193, 0.3241045321637427, 0.034265350877192985, 0.016812865497076022
1 0.7035361842105263, 0.3250182748538012, 0.021107456140350877, 0.029239766081871343
1 0.06277412280701754, 0.3247861842105263, 0.026726973684210526, 0.030328947368421053
1 0.4755564692982456, 0.3248391812865497, 0.02540296052631579, 0.0280281432748538
1 0.488234649122807, 0.3361202485380117, 0.02158717105263158, 0.0325968567251462
1 0.7309484649122807, 0.32593201754385964, 0.028782894736842105, 0.03125
1 1.2490405701754386, 0.32611476608187134, 0.04057017543859649, 0.0133406432748538
1 0.3847313596491228, 0.32590095029239763, 0.031203399122807018, 0.02679641812865497
1 0.4081907894736842, 0.328125, 0.021861293859649123, 0.02868238304093567
1 0.7819353070175439, 0.32648026315789475, 0.024945175438596492, 0.021929824561403508
1 1.141858552631579, 0.32666301169590645, 0.019462719298245616, 0.02101608187134503
1 0.27837171052631576, 0.32702850877192985, 0.023026315789473683, 0.02905701754385965
1 0.30770285087719296, 0.32684576023391815, 0.024487390350877193, 0.030519005847953216
1 1.0659265350877194, 0.3277595029239766, 0.02055921052631579, 0.023026315789473683
1 1.2165570175438596, 0.3277595029239766, 0.031112938596491228, 0.02455957602339181
1 1.3241502192982457, 0.3279422514619883, 0.021107456140350877, 0.019554093567251463
1 0.5940021929824562, 0.32940423976608185, 0.027023026315789473, 0.02503654970760234
1 0.6339089912280702, 0.33068347953216376, 0.02412280701754386, 0.023940058479532164
1 0.2583607456140351, 0.33023574561403507, 0.02403234649122807, 0.028773757309941517
1 0.5354303728070176, 0.32976973684210525, 0.021107456140350877, 0.02658808479532164
1 1.298656798245614, 0.332328216374269, 0.025219298245614034, 0.021747076023391813
1 0.3260690789473684, 0.3326937134502924, 0.035910087719298246, 0.014619883040935672
1 0.35265899122807015, 0.33216374269005844, 0.027091557017543857, 0.035833333333333335
1 0.2197094298245614, 0.33397295321637427, 0.028782894736842105, 0.027960526315789474
1 0.7539747807017544, 0.33397295321637427, 0.03536184210526316, 0.02905701754385965
1 1.4151589912280702, 0.33397295321637427, 0.02412280701754386, 0.030519005847953216
1 0.6189912280701754, 0.3334301900584795, 0.02149671052631579, 0.03234100877192982
1 1.2410910087719298, 0.33415570175438597, 0.022478070175438597, 0.0222953216374269
1 0.2953673245614035, 0.3356176900584795, 0.02421326754385965, 0.022478070175438597
1 0.9839638157894737, 0.3354349415204678, 0.029331140350877194, 0.030884502923976608
1 1.2646655701754386, 0.3358004385964912, 0.021929824561403508, 0.01608187134502924
1 1.461485745614035, 0.33689692982456143, 0.024396929824561403, 0.015899122807017545
1 0.6520010964912281, 0.3333991228070175, 0.04303728070175439, 0.026706871345029238
1 1.349095394736842, 0.3381761695906433, 0.02055921052631579, 0.02850877192982456
1 1.329358552631579, 0.33963815789473684, 0.033168859649122806, 0.034722222222222224
1 0.3658168859649123, 0.3377741228070175, 0.029125548245614034, 0.0342671783625731
1 0.3729440789473684, 0.3518823099415205, 0.028462171052631578, 0.03216374269005848
1 0.20161732456140352, 0.33927266081871343, 0.021929824561403508, 0.03179824561403509
1 0.5598958333333334, 0.3385910087719298, 0.019942434210526317, 0.026449195906432747
1 0.6805098684210527, 0.34036915204678364, 0.02768640350877193, 0.03788377192982456
1 0.6637883771929824, 0.3499798976608187, 0.023026315789473683, 0.028729897660818716
1 0.8422423245614035, 0.3423793859649123, 0.026589912280701754, 0.03125
1 0.5629111842105263, 0.3404788011695906, 0.032072368421052634, 0.027485380116959064
1 0.0771655701754386, 0.34167763157894737, 0.05459703947368421, 0.014042397660818714
1 1.373218201754386, 0.3421966374269006, 0.04468201754385965, 0.023026315789473683
1 0.5085882675438597, 0.34214912280701754, 0.033237390350877194, 0.012012061403508772
1 0.5053453947368421, 0.34676535087719296, 0.026041666666666668, 0.03184758771929825
1 0.5185032894736842, 0.35060307017543857, 0.025424890350877194, 0.02134137426900585
1 0.9664199561403509, 0.342562134502924, 0.0200109649122807, 0.028691520467836257
1 1.4809484649122806, 0.342562134502924, 0.01864035087719298, 0.024853801169590642
1 0.8696546052631579, 0.34457236842105265, 0.034265350877192985, 0.01608187134502924
1 0.8671875, 0.3487755847953216, 0.02768640350877193, 0.02010233918128655
1 0.917077850877193, 0.34457236842105265, 0.03234649122807018, 0.01663011695906433
1 0.588952850877193, 0.34480263157894736, 0.016721491228070175, 0.020237573099415204
1 0.5855482456140351, 0.3489583333333333, 0.03575109649122807, 0.02633954678362573
1 0.4576480263157895, 0.3462171052631579, 0.025219298245614034, 0.03419042397660819
1 1.014391447368421, 0.34694809941520466, 0.029331140350877194, 0.021747076023391813
1 1.0393366228070176, 0.349141081871345, 0.02850877192982456, 0.0133406432748538
1 1.1906524122807018, 0.3493238304093567, 0.034265350877192985, 0.017361111111111112
1 1.2422779605263157, 0.3496893274853801, 0.04733278508771929, 0.02412280701754386
1 1.2362472587719298, 0.35444078947368424, 0.029788925438596493, 0.015277777777777777
1 1.1037554824561404, 0.3500548245614035, 0.02768640350877193, 0.025219298245614034
1 0.39473684210526316, 0.35078581871345027, 0.03481359649122807, 0.015716374269005847
1 0.5379660087719298, 0.35096856725146197, 0.022478070175438597, 0.02010233918128655
1 1.0927905701754386, 0.35060307017543857, 0.020833333333333332, 0.02284356725146199
1 0.43845942982456143, 0.3518823099415205, 0.02665844298245614, 0.03313779239766082
1 1.4516173245614035, 0.3522478070175439, 0.04797149122807018, 0.023574561403508772
1 1.4346217105263157, 0.35407529239766083, 0.025767543859649123, 0.03819444444444445
1 0.4809484649122807, 0.3531578947368421, 0.02055921052631579, 0.019192251461988302
1 1.1200657894736843, 0.3553545321637427, 0.03056469298245614, 0.022277046783625732
1 0.9858826754385965, 0.35444078947368424, 0.031524122807017545, 0.019371345029239765
1 1.3633497807017543, 0.35425804093567254, 0.02138157894736842, 0.02101608187134503
1 1.286047149122807, 0.3546235380116959, 0.027138157894736843, 0.015533625730994151
1 1.0341282894736843, 0.3525091374269006, 0.0424890350877193, 0.022582236842105263
1 0.09224232456140351, 0.35645102339181284, 0.030611293859649124, 0.027412280701754384
1 1.2833963815789473, 0.35663377192982454, 0.046510416666666665, 0.018017178362573102
1 0.23067434210526316, 0.35681652046783624, 0.019462719298245616, 0.02284356725146199
1 0.20353618421052633, 0.36211622807017546, 0.02987938596491228, 0.029234283625730995
1 1.3967927631578947, 0.36467470760233917, 0.039473684210526314, 0.024305555555555556
1 1.2966913377192981, 0.36485745614035087, 0.04226151315789473, 0.023940058479532164
1 0.19229714912280702, 0.3672331871345029, 0.01699561403508772, 0.02128654970760234
1 0.9357182017543859, 0.3672331871345029, 0.0381030701754386, 0.01663011695906433
1 0.4727247807017544, 0.36780336257309937, 0.044407894736842105, 0.018801169590643273
1 1.3636239035087718, 0.3725328947368421, 0.04797149122807018, 0.017543859649122806
1 1.451343201754386, 0.37582236842105265, 0.04824561403508772, 0.021392543859649123
1 1.4864309210526316, 0.3833150584795322, 0.01343201754385965, 0.01918859649122807
1 1.4024588815789474, 0.3824013157894737, 0.03408168859649123, 0.03070175438596491
1 1.1001918859649122, 0.4284539473684211, 0.01918859649122807, 0.01864035087719298
1 1.0950520833333333, 0.4361293859649123, 0.01816063596491228, 0.013382675438596493
1 0.37518366228070177, 0.42962171052631576, 0.025995065789473682, 0.017509137426900585
1 0.004021381578947368, 0.4317434210526316, 0.030929276315789473, 0.0308406432748538
1 0.7808388157894737, 0.4317434210526316, 0.028007127192982456, 0.017412280701754386
1 0.8647669956140351, 0.4324396929824561, 0.03330592105263158, 0.025436769005847952
1 0.24684758771929824, 0.43795687134502925, 0.02503563596491228, 0.02284356725146199
1 0.3424945175438597, 0.4432565789473684, 0.03044956140350877, 0.016812865497076022
1 1.0524479166666667, 0.4498355263157895, 0.033489583333333336, 0.01743969298245614
1 1.4466831140350878, 0.4500182748538012, 0.03577302631578947, 0.028212719298245613
1 0.9700520833333334, 0.4708735380116959, 0.031181469298245616, 0.023735380116959064
1 0.15821546052631577, 0.2752704678362573, 0.03632127192982456, 0.02777046783625731
1 0.12682839912280702, 0.28285270467836254, 0.0390625, 0.022107090643274853
1 0.8490268640350878, 0.239968932748538, 0.0234375, 0.026218932748538013
1 0.8649150219298246, 0.24743969298245613, 0.031524122807017545, 0.013611111111111112
1 1.0244764254385965, 0.2957766812865497, 0.04219024122807018, 0.01710343567251462
1 1.0239912280701755, 0.3088267543859649, 0.02927905701754386, 0.03165387426900585
1 0.9746902412280702, 0.2666922514619883, 0.0278234649122807, 0.029100877192982457
1 0.975718201754386, 0.25501279239766084, 0.0464391447368421, 0.01569809941520468
1 0.9938788377192983, 0.2657328216374269, 0.02009046052631579, 0.02877558479532164
1 1.3452576754385965, 0.2491812865497076, 0.029331140350877194, 0.029073464912280703
1 1.367735745614035, 0.2539345760233918, 0.01864035087719298, 0.01755482456140351
