1 0.8438870614035088, 0.2972404970760234, 0.026589912280701754, 0.022478070175438597
1 0.7594572368421053, 0.29797149122807015, 0.02768640350877193, 0.023757309941520467
1 0.7879660087719298, 0.3007127192982456, 0.023300438596491228, 0.029788011695906433
1 0.8090734649122807, 0.3036366959064328, 0.02631578947368421, 0.026133040935672515
1 0.7161458333333334, 0.3102156432748538, 0.04550438596491228, 0.015533625730994151
1 0.8216831140350878, 0.3237390350877193, 0.02275219298245614, 0.02284356725146199
1 0.6917489035087719, 0.32520102339181284, 0.033717105263157895, 0.02905701754385965
1 0.8575932017543859, 0.3286732456140351, 0.020285087719298246, 0.03033625730994152
1 0.8288103070175439, 0.3328764619883041, 0.027138157894736843, 0.020650584795321638
1 0.6086896929824561, 0.33379020467836257, 0.02549342105263158, 0.027412280701754384
1 0.7490405701754386, 0.33452119883040937, 0.03974780701754386, 0.02138157894736842
1 0.5845668859649122, 0.3363486842105263, 0.030975877192982455, 0.029239766081871343
1 0.876233552631579, 0.3363486842105263, 0.02549342105263158, 0.021747076023391813
1 0.9214638157894737, 0.33890716374269003, 0.03618421052631579, 0.02266081871345029
1 0.9688870614035088, 0.34311038011695905, 0.024396929824561403, 0.036366959064327485
1 0.5546875, 0.34402412280701755, 0.04358552631578947, 0.021929824561403508
1 0.6289747807017544, 0.3460343567251462, 0.023300438596491228, 0.031432748538011694
1 0.9475054824561403, 0.3462171052631579, 0.02412280701754386, 0.028691520467836257
1 0.7430098684210527, 0.3500548245614035, 0.008908991228070175, 0.006578947368421052
1 0.9324287280701754, 0.35078581871345027, 0.024671052631578948, 0.02503654970760234
1 0.5445449561403509, 0.3518823099415205, 0.038651315789473686, 0.0222953216374269
1 0.9028234649122807, 0.3526133040935672, 0.021655701754385966, 0.029788011695906433
1 0.844983552631579, 0.35334429824561403, 0.03042763157894737, 0.021929824561403508
1 0.9924616228070176, 0.35352704678362573, 0.030153508771929825, 0.02850877192982456
1 0.7857730263157895, 0.35370979532163743, 0.024945175438596492, 0.03326023391812866
1 0.8118146929824561, 0.355171783625731, 0.023574561403508772, 0.021929824561403508
1 0.8688322368421053, 0.3553545321637427, 0.04057017543859649, 0.02412280701754386
1 0.5072642543859649, 0.35699926900584794, 0.02905701754385965, 0.025584795321637425
1 0.7432839912280702, 0.35663377192982454, 0.01836622807017544, 0.025950292397660817
1 0.6986019736842105, 0.3591922514619883, 0.035910087719298246, 0.025767543859649123
1 0.7594572368421053, 0.3633954678362573, 0.029331140350877194, 0.014619883040935672
1 0.5979989035087719, 0.3659539473684211, 0.023574561403508772, 0.03654970760233918
1 0.8362116228070176, 0.3675986842105263, 0.026041666666666668, 0.02138157894736842
1 0.8803453947368421, 0.3670504385964912, 0.0268640350877193, 0.03490497076023392
1 0.7602796052631579, 0.3697916666666667, 0.032072368421052634, 0.029239766081871343
1 0.5615405701754386, 0.37088815789473684, 0.03919956140350877, 0.017543859649122806
1 0.8115405701754386, 0.37161915204678364, 0.03042763157894737, 0.027595029239766082
1 0.5253563596491229, 0.3721673976608187, 0.04194078947368421, 0.01425438596491228
1 0.9321546052631579, 0.3730811403508772, 0.028645833333333332, 0.031432748538011694
1 0.9845120614035088, 0.37838084795321636, 0.039473684210526314, 0.025950292397660817
1 0.6303453947368421, 0.37984283625730997, 0.024396929824561403, 0.03216374269005848
1 0.9033717105263158, 0.38185307017543857, 0.03344298245614035, 0.024671052631578948
1 0.5763432017543859, 0.3825840643274854, 0.02055921052631579, 0.023940058479532164
1 0.8373081140350878, 0.38569078947368424, 0.019462719298245616, 0.01516812865497076
1 0.8743146929824561, 0.38916301169590645, 0.03234649122807018, 0.030153508771929825
1 0.8554002192982456, 0.38898026315789475, 0.030153508771929825, 0.03673245614035088
1 0.9524396929824561, 0.38952850877192985, 0.039473684210526314, 0.02101608187134503
1 0.7441063596491229, 0.3940972222222222, 0.018914473684210526, 0.02266081871345029
1 0.7791940789473685, 0.39683845029239767, 0.04276315789473684, 0.016812865497076022
1 0.561266447368421, 0.40213815789473684, 0.02987938596491228, 0.030153508771929825
1 0.7304002192982456, 0.40250365497076024, 0.021107456140350877, 0.025584795321637425
1 0.9538103070175439, 0.40213815789473684, 0.03399122807017544, 0.026498538011695907
1 0.9104989035087719, 0.40268640350877194, 0.0424890350877193, 0.015899122807017545
1 0.5810032894736842, 0.4048793859649123, 0.0381030701754386, 0.024671052631578948
1 0.6613212719298246, 0.40579312865497075, 0.020833333333333332, 0.03289473684210526
1 0.5234375, 0.4081688596491228, 0.032072368421052634, 0.02887426900584795
1 0.5445449561403509, 0.40926535087719296, 0.030153508771929825, 0.029970760233918127
1 0.7879660087719298, 0.40807748538011696, 0.028782894736842105, 0.02640716374269006
1 0.8334703947368421, 0.41109283625730997, 0.023026315789473683, 0.031980994152046784
1 0.8118146929824561, 0.4123720760233918, 0.023574561403508772, 0.029239766081871343
1 0.786047149122807, 0.4151133040935672, 0.023848684210526317, 0.019919590643274854
1 0.8532072368421053, 0.41602704678362573, 0.02987938596491228, 0.027960526315789474
1 0.6624177631578947, 0.4187682748538012, 0.033168859649122806, 0.05080409356725146
1 0.6859923245614035, 0.42059576023391815, 0.02138157894736842, 0.023026315789473683
1 0.7158717105263158, 0.42004751461988304, 0.01836622807017544, 0.02540204678362573
1 0.6996984649122807, 0.4220577485380117, 0.02055921052631579, 0.03819444444444445
1 0.7698739035087719, 0.42406798245614036, 0.04194078947368421, 0.017726608187134504
1 0.6317160087719298, 0.42388523391812866, 0.02275219298245614, 0.03654970760233918
1 0.9020010964912281, 0.42772295321637427, 0.04303728070175439, 0.017726608187134504
1 0.5993695175438597, 0.4286366959064328, 0.01836622807017544, 0.02412280701754386
1 0.7287554824561403, 0.4288194444444444, 0.027412280701754384, 0.031067251461988302
1 0.9669682017543859, 0.4293676900584795, 0.02631578947368421, 0.028691520467836257
1 0.5788103070175439, 0.43064692982456143, 0.026041666666666668, 0.048793859649122806
1 0.942297149122807, 0.4346673976608187, 0.01836622807017544, 0.024305555555555556
1 0.9316063596491229, 0.43722587719298245, 0.01343201754385965, 0.027960526315789474
1 0.5607182017543859, 0.4388706140350877, 0.021655701754385966, 0.03490497076023392
1 0.8378563596491229, 0.4388706140350877, 0.021655701754385966, 0.02887426900584795
1 0.8518366228070176, 0.4396016081871345, 0.02631578947368421, 0.03125
1 0.6780427631578947, 0.43722587719298245, 0.01918859649122807, 0.030519005847953216
1 0.8008497807017544, 0.44051535087719296, 0.02412280701754386, 0.0266812865497076
1 0.719983552631579, 0.44161184210526316, 0.01836622807017544, 0.02905701754385965
1 0.6917489035087719, 0.4430738304093567, 0.016721491228070175, 0.021198830409356724
1 0.9157072368421053, 0.4432565789473684, 0.01699561403508772, 0.027595029239766082
1 0.8670504385964912, 0.4427083333333333, 0.018229166666666668, 0.024305555555555556
1 0.7685032894736842, 0.4439875730994152, 0.0268640350877193, 0.03216374269005848
1 0.8793859649122807, 0.44435307017543857, 0.028645833333333332, 0.01608187134502924
1 0.8214089912280702, 0.4461805555555556, 0.024671052631578948, 0.038559941520467836
1 1.0006853070175439, 0.4459978070175439, 0.022203947368421052, 0.02540204678362573
1 0.7852247807017544, 0.44727704678362573, 0.03399122807017544, 0.02412280701754386
1 0.9502467105263158, 0.4459978070175439, 0.021929824561403508, 0.03654970760233918
1 0.8945997807017544, 0.44709429824561403, 0.020833333333333332, 0.03289473684210526
1 0.5050712719298246, 0.4485562865497076, 0.0268640350877193, 0.0268640350877193
1 0.707922149122807, 0.4485562865497076, 0.019462719298245616, 0.02503654970760234
1 0.8795230263157895, 0.4522112573099415, 0.02055921052631579, 0.0268640350877193
1 0.9738212719298246, 0.45824195906432746, 0.026589912280701754, 0.027595029239766082
1 0.6736567982456141, 0.45915570175438597, 0.025219298245614034, 0.03234649122807018
1 0.6980537280701754, 0.46153143274853803, 0.02850877192982456, 0.017909356725146198
1 0.7312225877192983, 0.46811038011695905, 0.023300438596491228, 0.0268640350877193
1 0.8995339912280702, 0.469937865497076, 0.035910087719298246, 0.01864035087719298
1 0.9858826754385965, 0.5147112573099415, 0.017543859649122806, 0.023026315789473683
1 0.9447642543859649, 0.5225694444444444, 0.015899122807017545, 0.021929824561403508
1 0.9624424342105262, 0.5320047514619883, 0.020693530701754385, 0.028143274853801168
1 0.657483552631579, 0.3276005116959064, 0.029605263157894735, 0.029331140350877194
1 0.6429577850877194, 0.3509009502923977, 0.02302357456140351, 0.029148391812865496
1 0.6674890350877193, 0.3502046783625731, 0.05215186403508772, 0.013980263157894737
1 0.6585635964912281, 0.3629623538011696, 0.052768640350877194, 0.015990497076023392
1 0.6520010964912281, 0.3741319444444444, 0.03721217105263158, 0.010051169590643274
1 0.6947642543859649, 0.3821271929824561, 0.04433936403508772, 0.01516812865497076
1 0.7335526315789473, 0.3805281432748538, 0.04317434210526316, 0.01644736842105263
1 0.7050164473684211, 0.369343932748538, 0.040356359649122805, 0.0178125
1 0.746858552631579, 0.42999817251461986, 0.02642543859649123, 0.035639619883040936
1 0.7370696271929824, 0.4543603801169591, 0.020142543859649125, 0.024161184210526317
1 0.7521052631578947, 0.45928910818713453, 0.019459978070175438, 0.02837171052631579
1 0.6041365131578947, 0.44075840643274855, 0.026241776315789476, 0.03553362573099415
1 0.6186842105263158, 0.45459978070175444, 0.036894188596491226, 0.02192799707602339
1 0.6204605263157895, 0.4338852339181286, 0.025641447368421055, 0.03531432748538012
1 0.6479824561403509, 0.4178764619883041, 0.021650219298245614, 0.03626279239766082
1 0.6480208333333334, 0.4487774122807018, 0.016853070175438595, 0.025303362573099418
