1 4255.5, -0.5, 130.0, 31.0
1 4615.5, 0.5, 113.0, 186.0
1 5100.5, -0.5, 244.0, 72.0
1 5307.5, -0.5, 163.0, 105.0
1 5359.5, 56.5, 112.0, 191.0
1 5060.5, 34.5, 84.0, 163.0
1 3590.5, 48.5, 120.0, 216.0
1 4075.5, 50.5, 112.0, 169.0
1 4293.0, 50.5, 203.5, 184.0
1 3878.5, 53.5, 118.0, 197.0
1 5143.5, 57.5, 79.0, 166.0
1 3965.5, 62.5, 139.0, 134.0
1 3765.5, 69.5, 116.0, 205.0
1 3688.5, 136.5, 95.0, 188.0
1 3127.5, 88.5, 175.0, 174.0
1 5222.5, 102.5, 215.0, 156.0
1 5029.5, 191.5, 255.0, 127.0
1 5367.5, 251.5, 104.0, 232.0
1 5251.5, 333.5, 139.0, 179.0
1 5384.5, 481.5, 86.0, 167.0
1 4712.5, 108.5, 108.0, 166.0
1 3419.5, 240.5, 170.25, 235.0
1 3972.5, 154.5, 137.0, 227.0
1 4731.5, 178.5, 164.0, 138.0
1 4081.5, 192.5, 123.0, 185.0
1 4903.5, 194.5, 212.0, 172.0
1 5097.5, 273.5, 150.0, 87.0
1 5152.5, 334.5, 140.0, 176.0
1 5104.5, 499.5, 118.0, 174.0
1 5189.5, 499.5, 146.0, 122.0
1 3234.5, 196.5, 178.0, 179.0
1 4539.5, 203.5, 122.0, 241.0
1 2914.5, 223.5, 168.0, 185.0
1 2894.5, 321.5, 160.0, 180.0
1 4185.5, 229.5, 157.0, 201.0
1 3888.5, 247.5, 138.0, 214.0
1 3049.5, 250.5, 188.0, 173.0
1 4365.5, 253.5, 142.0, 232.0
1 4656.5, 253.5, 134.0, 236.0
1 4772.5, 453.5, 224.0, 136.0
1 4924.5, 259.5, 134.0, 153.0
1 3730.5, 276.5, 100.0, 222.0
1 3573.5, 284.5, 159.0, 201.0
1 4447.5, 327.5, 128.0, 200.0
1 3048.5, 353.5, 89.0, 161.0
1 4026.5, 384.5, 216.0, 76.0
1 2728.5, 399.5, 216.0, 142.0
1 2814.5, 402.5, 173.0, 111.0
1 3828.5, 404.5, 111.0, 186.0
1 4995.5, 416.5, 208.0, 175.0
1 4018.5, 443.5, 256.0, 133.0
1 3355.5, 471.5, 223.0, 111.0
1 3305.5, 521.5, 152.0, 195.0
1 3552.25, 458.75, 266.25, 92.75
1 5310.5, 485.5, 128.0, 92.0
1 5166.5, 571.5, 222.0, 121.0
1 3045.5, 492.5, 251.0, 75.0
1 3931.5, 500.5, 98.0, 156.0
1 4026.5, 504.5, 120.0, 234.0
1 3849.0, 649.0, 223.0, 105.0
1 3954.5, 738.5, 192.0, 75.0
1 4084.5, 799.5, 140.0, 156.0
1 4275.5, 505.5, 159.0, 145.0
1 4117.5, 546.5, 208.0, 141.0
1 4164.5, 630.5, 205.0, 54.0
1 4356.0, 640.5, 97.25, 251.0
1 4270.5, 658.5, 119.0, 235.0
1 4644.5, 512.5, 236.0, 102.0
1 2875.5, 516.5, 248.0, 99.0
1 2801.5, 546.5, 198.0, 121.0
1 3135.5, 548.5, 158.0, 52.0
1 2550.5, 527.5, 195.0, 101.0
1 2722.5, 546.5, 105.0, 212.0
1 2879.5, 613.5, 237.0, 91.0
1 3125.5, 614.5, 92.0, 164.0
1 2784.5, 676.5, 224.0, 124.0
1 3571.5, 540.25, 317.0, 93.25
1 3422.5, 586.5, 163.75, 168.0
1 3525.5, 593.5, 264.25, 102.0
1 3680.5, 678.5, 131.0, 209.0
1 3177.5, 685.5, 264.25, 92.75
1 3390.5, 708.5, 146.0, 204.0
1 3505.5, 727.5, 104.0, 228.0
1 3158.5, 751.5, 272.0, 105.0
1 3686.5, 757.5, 132.0, 208.0
1 4725.5, 566.5, 127.0, 177.0
1 5028.5, 577.5, 135.0, 186.0
1 4884.5, 619.5, 207.0, 144.0
1 5009.0, 686.5, 139.5, 160.0
1 4622.5, 581.5, 184.0, 126.0
1 4847.5, 581.5, 158.0, 92.0
1 4551.5, 600.5, 187.0, 160.0
1 4445.5, 613.5, 193.0, 126.0
1 4426.5, 639.5, 182.0, 156.0
1 4570.5, 726.5, 113.0, 174.0
1 4608.5, 752.5, 172.0, 199.0
1 2637.5, 611.5, 134.0, 218.0
1 3796.5, 617.5, 119.0, 189.0
1 3837.5, 689.0, 116.0, 157.5
1 3924.5, 775.5, 84.0, 224.0
1 3795.5, 814.5, 139.0, 132.0
1 3965.0, 951.5, 222.5, 153.0
1 5372.5, 618.5, 99.0, 160.0
1 5413.5, 738.5, 58.0, 101.0
1 5155.5, 655.5, 236.0, 117.0
1 2526.5, 665.5, 147.0, 224.0
1 4103.5, 677.5, 192.0, 61.0
1 4413.5, 691.5, 171.0, 203.0
1 4932.5, 697.5, 166.0, 171.0
1 4823.0, 725.5, 129.5, 116.0
1 4912.5, 809.5, 208.0, 146.0
1 4902.5, 846.5, 138.0, 260.0
1 4086.0, 720.5, 221.5, 137.0
1 4145.5, 774.5, 151.0, 185.0
1 4742.5, 736.5, 117.0, 154.0
1 2348.5, 750.5, 256.0, 133.0
1 5116.5, 768.5, 152.0, 221.0
1 5186.5, 787.5, 178.0, 174.0
1 2868.5, 777.5, 269.0, 113.0
1 4004.5, 789.5, 236.0, 254.0
1 5413.5, 816.5, 58.0, 146.0
1 4746.5, 831.5, 139.0, 190.0
1 4738.5, 928.5, 170.0, 223.0
1 4364.5, 909.5, 264.0, 132.0
1 3727.5, 923.5, 134.0, 172.0
1 3839.5, 950.5, 201.0, 202.0
1 3093.5, 964.5, 139.0, 227.0
1 3286.5, 969.5, 256.0, 132.0
1 2057.5, 977.5, 149.0, 279.5
1 4204.5, 981.5, 129.0, 144.0
1 5417.5, 1015.0, 53.0, 114.5
1 4428.5, 1029.5, 268.0, 116.0
1 5339.5, 1052.5, 132.0, 179.0
1 4861.5, 1058.5, 211.0, 135.0
1 4314.5, 1067.5, 134.0, 140.0
1 4412.5, 1189.5, 255.0, 205.0
1 5048.5, 1081.5, 213.0, 232.0
1 4110.5, 1102.5, 230.0, 230.0
1 4056.5, 1169.5, 194.0, 190.0
1 3240.5, 1102.0, 137.5, 243.5
1 4223.5, 1117.5, 192.0, 255.0
1 4557.5, 1133.5, 183.0, 194.0
1 3920.5, 1152.5, 125.0, 165.0
1 3819.5, 1162.5, 117.0, 256.0
1 2157.5, 1171.5, 207.0, 211.0
1 3170.5, 1171.5, 149.0, 242.0
1 2932.5, 1174.5, 175.0, 207.0
1 4744.5, 1176.5, 122.0, 239.0
1 3444.5, 1180.5, 148.0, 242.0
1 3514.5, 1180.5, 160.0, 244.0
1 3357.5, 1190.5, 146.0, 280.0
1 2442.0, 1203.5, 205.5, 184.5
1 4016.5, 1233.5, 139.0, 162.0
1 2802.5, 1244.5, 184.0, 185.5
1 3897.0, 1476.5, 187.5, 265.0
1 5279.5, 1670.5, 95.0, 141.0
1 5281.5, 1778.0, 128.5, 161.5
1 3764.0, 1831.5, 126.0, 267.0
1 1778.5, 1868.5, 180.0, 188.0
1 5152.5, 1924.5, 169.0, 130.0
1 3912.5, 2020.5, 109.0, 163.0
1 627.5, 2225.5, 126.5, 226.5
1 3543.77, 622.5, 177.25, 173.05
1 3598.25, 721.75, 83.75, 204.0
1 3645.62, 632.12, 149.26, 178.38
1 2993.5, 607.5, 174.0, 175.0
1 3099.75, 591.5, 277.75, 112.0
1 3439.25, 115.75, 127.0, 224.5
1 3556.25, 153.0, 72.25, 173.5
1 4955.5, 364.0, 203.5, 163.5
1 4754.5, 329.0, 201.5, 197.0
1 4964.5, 2.0, 106.0, 54.0
1 5193.5, 733.5, 143.0, 94.5
1 5307.25, 746.25, 134.75, 292.75
