1 4127.5, 1744.5, 65.0, 50.0
1 4169.5, 1747.5, 23.0, 25.0
1 4071.5, 1749.5, 47.0, 34.0
1 4324.5, 1748.5, 46.0, 44.0
1 4333.5, 1765.5, 55.0, 35.0
1 3942.5, 1758.5, 54.0, 43.0
1 3984.5, 1767.5, 54.0, 42.0
1 4020.5, 1758.5, 39.0, 43.0
1 4115.5, 1762.5, 34.0, 52.0
1 4188.5, 1763.5, 43.0, 25.0
1 3822.5, 1766.5, 49.0, 47.0
1 3800.5, 1773.5, 49.0, 44.0
1 3862.5, 1773.5, 39.0, 49.0
1 4137.5, 1775.5, 32.0, 50.0
1 3936.5, 1780.5, 36.0, 51.0
1 4222.5, 1783.5, 57.0, 35.0
1 4208.5, 1811.5, 37.0, 38.0
1 4060.5, 1784.5, 55.0, 26.0
1 4172.5, 1788.5, 57.0, 27.0
1 3900.5, 1791.5, 39.0, 41.0
1 4289.5, 1790.5, 45.0, 32.0
1 4328.5, 1802.5, 41.0, 34.0
1 4454.5, 1799.5, 33.0, 43.0
1 4446.5, 1832.5, 51.0, 35.0
1 4240.5, 1800.5, 52.0, 34.0
1 4249.5, 1828.5, 25.0, 48.0
1 3799.5, 1802.5, 43.0, 47.0
1 4036.5, 1804.5, 55.0, 45.0
1 4489.5, 1805.5, 42.0, 56.0
1 3978.5, 1806.5, 47.0, 54.0
1 3243.5, 1809.5, 45.0, 53.0
1 4072.5, 1809.5, 66.0, 30.0
1 3750.5, 1810.5, 61.0, 30.0
1 4170.5, 1816.5, 51.0, 50.0
1 4295.5, 1815.5, 32.0, 47.0
1 3326.5, 1817.5, 39.0, 36.0
1 3296.5, 1818.5, 27.0, 53.0
1 4408.5, 1819.5, 44.0, 48.0
1 4019.5, 1822.5, 62.0, 40.0
1 3893.5, 1824.5, 49.0, 36.0
1 4274.5, 1827.5, 28.0, 43.0
1 4356.5, 1826.5, 59.0, 29.0
1 4123.5, 1828.5, 47.0, 32.0
1 3260.5, 1831.5, 36.0, 51.0
1 3862.5, 1833.5, 38.5, 35.0
1 3844.5, 1840.5, 60.0, 49.0
1 3945.5, 1838.5, 32.0, 37.0
1 4332.5, 1839.5, 61.0, 25.0
1 3774.5, 1844.5, 68.0, 28.0
1 3902.5, 1848.5, 54.0, 41.0
1 4210.5, 1852.5, 38.0, 41.0
1 4087.5, 1853.5, 82.0, 33.0
1 3301.5, 1855.5, 54.0, 36.0
1 3997.5, 1884.5, 80.0, 43.0
1 4333.5, 1863.5, 75.0, 25.0
1 4296.5, 1870.5, 45.0, 48.0
1 4322.5, 1874.5, 55.0, 48.0
1 3759.5, 1867.5, 46.0, 48.0
1 2000.5, 1871.5, 36.0, 37.0
1 3826.5, 1871.5, 66.0, 29.0
1 4074.5, 1872.5, 43.0, 59.0
1 4260.5, 1874.5, 42.0, 39.0
1 4257.5, 1889.5, 52.0, 49.0
1 4134.5, 1882.5, 73.0, 39.0
1 4363.5, 1885.5, 50.0, 28.0
1 2132.5, 1886.5, 50.0, 38.0
1 2169.5, 1891.5, 60.0, 32.0
1 4415.5, 1888.5, 58.0, 25.0
1 2068.5, 1894.5, 38.0, 54.0
1 1955.5, 1896.5, 36.0, 54.0
1 1982.5, 1897.5, 32.0, 53.0
1 4188.5, 1896.5, 60.0, 31.0
1 4160.5, 1913.5, 31.0, 39.0
1 4127.5, 1928.5, 54.0, 58.0
1 2042.5, 1899.5, 27.5, 47.49
1 2032.5, 1923.5, 34.0, 56.0
1 3965.5, 1898.5, 28.0, 38.0
1 2091.5, 1900.5, 37.0, 53.0
1 2092.5, 1924.5, 49.0, 50.0
1 2984.5, 1902.5, 37.0, 55.0
1 4438.5, 1905.5, 54.0, 40.0
1 1884.5, 1906.5, 54.0, 29.0
1 2951.5, 1911.5, 33.0, 40.0
1 3859.5, 1912.5, 75.0, 38.0
1 3945.5, 1915.5, 34.0, 36.0
1 4472.5, 1914.5, 53.0, 39.0
1 2147.5, 1918.5, 43.0, 44.0
1 2147.5, 1950.5, 41.0, 34.0
1 4396.5, 1916.5, 40.0, 43.0
1 4314.5, 1918.5, 81.0, 36.0
1 1935.5, 1923.5, 35.0, 54.0
1 4182.5, 1925.5, 43.0, 49.0
1 4497.5, 1929.5, 75.0, 35.0
1 1876.5, 1938.5, 59.0, 33.0
1 1860.5, 1950.5, 28.0, 52.0
1 3984.5, 1938.5, 65.0, 50.0
1 1371.5, 1945.5, 59.0, 49.0
1 1837.5, 1945.5, 23.0, 47.0
1 1810.5, 1950.5, 38.0, 54.0
1 4096.5, 1946.5, 46.0, 31.0
1 4428.5, 1947.5, 49.0, 15.0
1 4268.5, 1948.5, 76.0, 31.0
1 1268.5, 1951.5, 32.0, 26.0
1 4057.5, 1950.5, 35.0, 53.0
1 1226.5, 1953.5, 39.0, 27.0
1 4494.5, 1976.5, 70.0, 27.0
1 1429.5, 1954.5, 55.0, 41.0
1 3944.5, 1961.5, 58.0, 27.0
1 4333.5, 1963.5, 41.0, 57.0
1 4358.5, 1964.5, 49.0, 36.0
1 4398.5, 1964.5, 54.0, 52.0
1 4439.5, 1962.5, 68.0, 27.0
1 4085.5, 1967.5, 29.0, 46.0
1 4186.5, 1975.5, 67.0, 27.0
1 4262.5, 1977.5, 62.0, 33.0
1 1215.5, 1978.5, 71.0, 40.0
1 1289.5, 1978.5, 64.0, 25.0
1 4109.5, 1980.5, 36.0, 60.0
1 4138.5, 1999.5, 59.0, 55.0
1 4004.5, 1982.5, 59.0, 62.0
1 4158.5, 1989.5, 51.0, 50.0
1 4469.5, 1988.5, 60.5, 49.0
1 4452.5, 1996.5, 38.0, 59.0
1 4293.5, 1990.5, 46.0, 54.0
1 4047.5, 1993.5, 52.0, 44.0
1 1378.5, 1995.5, 74.0, 29.0
1 2036.5, 1994.5, 32.0, 61.0
1 1247.5, 1996.5, 73.0, 26.0
1 2628.5, 1998.5, 48.0, 52.0
1 4519.5, 2000.5, 56.0, 60.0
1 4388.5, 2001.5, 68.0, 42.0
1 4560.5, 2001.5, 39.0, 58.0
1 982.5, 2010.5, 46.0, 48.0
1 949.5, 2017.5, 40.0, 54.0
1 4490.5, 2021.5, 58.0, 49.0
1 4228.5, 2028.5, 54.0, 56.0
1 1848.5, 2033.5, 35.0, 57.0
1 747.5, 2035.5, 45.0, 58.0
1 2469.5, 2035.5, 35.0, 53.0
1 2897.5, 2036.5, 32.0, 49.0
1 2590.5, 2039.5, 36.0, 56.0
1 2078.5, 2043.5, 29.0, 50.0
1 2854.5, 2045.5, 24.0, 53.0
1 4103.5, 2045.5, 32.0, 41.0
1 2569.5, 2046.5, 24.0, 46.0
1 4359.5, 2047.5, 37.0, 64.0
1 4377.5, 2091.5, 50.0, 36.0
1 4407.5, 2046.5, 81.0, 32.0
1 1896.5, 2050.5, 33.0, 55.0
1 2169.5, 2051.5, 39.0, 54.0
1 2734.5, 2050.5, 41.0, 62.0
1 2357.5, 2052.5, 38.0, 56.0
1 4283.5, 2052.5, 41.0, 50.0
1 1803.5, 2055.5, 40.0, 64.0
1 1870.5, 2054.5, 36.0, 61.0
1 1781.5, 2056.5, 28.0, 57.0
1 2022.5, 2056.5, 38.0, 52.0
1 2881.5, 2058.5, 25.0, 49.0
1 430.5, 2061.5, 41.0, 50.0
1 460.5, 2064.5, 57.0, 55.0
1 2206.5, 2062.5, 42.0, 61.0
1 1626.5, 2064.5, 45.0, 63.0
1 2056.5, 2066.5, 46.0, 53.0
1 2105.5, 2065.5, 38.0, 55.0
1 2530.5, 2065.5, 39.0, 50.0
1 1753.5, 2066.5, 34.0, 52.0
1 4505.5, 2066.5, 84.0, 30.0
1 1437.5, 2071.5, 40.0, 66.0
1 1666.5, 2070.5, 36.0, 49.0
1 1639.5, 2110.5, 37.0, 65.0
1 2674.5, 2071.5, 43.0, 41.0
1 1406.5, 2073.5, 39.0, 73.0
1 1382.5, 2118.5, 38.0, 57.0
1 1984.5, 2072.5, 36.0, 64.0
1 2489.5, 2072.5, 36.0, 67.0
1 2281.5, 2078.5, 53.0, 50.0
1 3779.5, 2077.5, 63.0, 60.0
1 1276.5, 2079.5, 49.0, 60.0
1 2440.5, 2078.5, 43.0, 63.0
1 2434.5, 2106.5, 36.0, 49.0
1 2627.5, 2078.5, 34.0, 59.0
1 2145.5, 2081.5, 31.0, 50.0
1 3115.5, 2081.5, 70.0, 37.0
1 1564.5, 2082.5, 68.0, 27.0
1 1710.5, 2085.5, 42.0, 61.0
1 1921.5, 2084.5, 32.0, 56.0
1 1954.5, 2084.5, 34.0, 62.0
1 459.5, 2089.5, 77.0, 54.0
1 2278.5, 2089.5, 75.0, 78.0
1 4588.5, 2089.5, 42.0, 51.0
1 2003.5, 2090.5, 42.0, 63.0
1 2394.5, 2090.5, 35.0, 60.0
1 4415.5, 2090.5, 42.0, 50.0
1 1828.5, 2094.5, 50.0, 54.0
1 3299.5, 2095.5, 29.0, 56.0
1 4455.5, 2095.5, 74.0, 43.0
1 2361.5, 2096.5, 33.0, 61.0
1 4510.5, 2097.5, 70.0, 41.0
1 4565.5, 2106.5, 34.0, 27.0
1 4532.5, 2131.43, 75.0, 30.07
1 1328.5, 2099.5, 41.0, 53.0
1 2803.5, 2098.5, 43.0, 58.0
1 2832.5, 2126.5, 41.0, 19.0
1 3268.5, 2099.5, 35.0, 51.0
1 1341.5, 2100.5, 61.0, 66.0
1 1468.5, 2103.5, 39.0, 60.0
1 385.5, 2105.5, 41.0, 37.0
1 428.5, 2104.5, 28.0, 46.0
1 2589.5, 2104.5, 31.0, 50.0
1 1292.5, 2107.5, 44.0, 48.0
1 2194.5, 2108.5, 39.0, 30.0
1 2537.5, 2106.5, 46.0, 34.0
1 2512.5, 2123.5, 32.0, 58.0
1 2761.5, 2107.5, 42.0, 58.0
1 2929.5, 2106.5, 34.0, 44.0
1 3691.5, 2107.5, 25.0, 49.0
1 3217.5, 2111.5, 62.0, 57.0
1 2645.5, 2113.5, 60.0, 41.0
1 2979.5, 2112.5, 32.0, 47.0
1 3660.5, 2112.5, 42.0, 58.0
1 1885.5, 2114.5, 34.0, 52.0
1 2098.5, 2114.5, 39.0, 61.0
1 2900.5, 2114.5, 31.0, 48.0
1 3579.5, 2114.5, 36.0, 65.0
1 2871.5, 2117.5, 35.0, 38.0
1 958.5, 2118.5, 43.0, 57.0
1 3617.5, 2119.5, 58.0, 54.0
1 1546.5, 2121.5, 48.0, 60.0
1 2248.5, 2120.5, 30.0, 65.0
1 2276.5, 2139.5, 44.0, 54.0
1 2171.5, 2122.5, 45.0, 64.0
1 2215.5, 2131.5, 31.0, 44.0
1 2163.5, 2148.5, 40.0, 59.0
1 2325.5, 2123.5, 32.0, 58.0
1 2417.5, 2122.5, 24.0, 44.0
1 3310.5, 2124.5, 45.0, 50.0
1 4000.5, 2123.5, 37.0, 59.0
1 848.5, 2126.5, 43.0, 48.0
1 1665.5, 2124.5, 27.0, 46.0
1 1694.5, 2124.5, 39.0, 53.0
1 1767.5, 2126.5, 39.0, 42.0
1 3531.5, 2126.5, 46.0, 55.0
1 3110.5, 2127.5, 33.0, 62.0
1 1085.5, 2129.5, 48.0, 58.0
1 3461.5, 2129.5, 47.0, 56.0
1 924.5, 2131.5, 35.0, 50.0
1 990.5, 2130.5, 55.0, 63.0
1 2544.5, 2130.5, 42.0, 25.0
1 2548.5, 2147.5, 64.0, 33.0
1 2948.5, 2130.5, 42.0, 55.0
1 2065.5, 2132.5, 31.0, 49.0
1 2128.5, 2134.5, 37.0, 65.0
1 3046.5, 2134.5, 55.0, 52.0
1 3775.5, 2133.5, 61.0, 58.0
1 3004.5, 2134.5, 47.0, 64.0
1 3863.5, 2134.5, 35.0, 55.0
1 1253.5, 2136.5, 31.0, 50.0
1 3397.5, 2137.5, 35.0, 61.0
1 3834.5, 2139.5, 40.0, 54.0
1 1740.5, 2143.5, 30.0, 53.0
1 1911.5, 2142.5, 43.0, 49.0
1 1941.5, 2142.5, 44.0, 41.0
1 1144.5, 2147.5, 28.0, 61.0
1 2831.5, 2146.5, 27.0, 57.0
1 3071.5, 2147.5, 42.0, 56.0
1 1606.5, 2149.5, 35.0, 54.0
1 2451.5, 2149.5, 36.0, 20.0
1 2436.5, 2160.5, 56.0, 39.0
1 3338.5, 2149.5, 59.0, 40.0
1 3616.5, 2149.5, 45.0, 46.0
1 802.5, 2150.5, 36.0, 61.0
1 771.5, 2182.5, 39.0, 58.0
1 740.5, 2230.5, 44.0, 39.0
1 737.5, 2267.5, 33.0, 54.0
1 1405.5, 2150.5, 38.0, 53.0
1 1827.5, 2150.5, 53.0, 28.0
1 2636.5, 2151.5, 62.0, 29.0
1 2697.5, 2151.5, 31.0, 31.0
1 2851.5, 2151.5, 32.0, 68.0
1 2388.5, 2154.5, 45.0, 51.0
1 2495.5, 2152.5, 30.0, 58.0
1 3161.5, 2152.5, 37.0, 62.0
1 4973.5, 2154.5, 67.0, 52.0
1 492.5, 2154.5, 36.0, 59.0
1 1992.5, 2154.5, 63.0, 29.0
1 2914.5, 2154.5, 61.0, 36.0
1 3227.5, 2154.5, 37.0, 50.0
1 3690.5, 2154.5, 59.0, 46.0
1 3942.5, 2154.5, 35.0, 67.0
1 526.5, 2157.5, 33.0, 57.0
1 559.5, 2157.5, 48.0, 65.0
1 1006.5, 2158.5, 60.0, 60.0
1 1110.5, 2159.5, 47.0, 59.0
1 1310.5, 2158.5, 35.0, 58.0
1 1758.5, 2158.5, 34.0, 62.0
1 2884.5, 2158.5, 26.0, 48.0
1 3765.5, 2161.5, 45.0, 31.0
1 3883.5, 2162.5, 57.0, 46.0
1 3877.5, 2194.5, 71.0, 38.0
1 1212.5, 2162.5, 38.0, 56.0
1 2996.0, 2162.5, 40.5, 49.0
1 889.5, 2165.5, 33.0, 51.0
1 1442.5, 2165.5, 51.0, 24.0
1 1432.5, 2179.5, 45.0, 60.0
1 1556.5, 2165.5, 57.0, 94.0
1 3338.5, 2214.5, 46.0, 60.0
1 3345.5, 2242.5, 48.0, 46.0
1 1539.5, 2167.5, 49.0, 63.0
1 828.5, 2169.5, 26.0, 39.0
1 853.5, 2173.5, 31.0, 47.0
1 1652.5, 2197.5, 23.0, 56.0
1 1717.5, 2169.5, 35.0, 58.0
1 2711.5, 2168.5, 40.0, 60.0
1 1788.5, 2171.5, 29.0, 68.0
1 1896.5, 2171.5, 42.0, 48.0
1 2067.5, 2170.5, 50.0, 65.0
1 2612.5, 2171.5, 54.0, 40.0
1 675.5, 2172.5, 49.0, 51.0
1 1365.5, 2173.5, 40.0, 63.0
1 1862.5, 2172.5, 32.0, 66.0
1 1994.5, 2173.5, 70.0, 29.0
1 3201.5, 2173.5, 34.0, 56.0
1 2210.5, 2175.5, 39.0, 63.0
1 2315.5, 2175.5, 72.0, 49.0
1 3534.5, 2175.5, 49.0, 40.0
1 3517.5, 2180.0, 53.0, 46.5
1 3649.5, 2175.5, 39.0, 37.0
1 1817.5, 2177.5, 18.0, 40.0
1 1836.5, 2176.5, 23.0, 50.0
1 3293.5, 2177.5, 39.0, 65.0
1 3705.5, 2176.5, 54.0, 36.0
1 3580.5, 2180.5, 45.0, 53.0
1 1275.5, 2180.5, 42.0, 52.0
1 1245.5, 2212.5, 51.0, 57.0
1 1498.5, 2180.5, 40.0, 58.0
1 2578.5, 2180.5, 35.0, 64.0
1 2749.5, 2181.5, 32.0, 61.0
1 2916.5, 2180.5, 64.0, 34.0
1 2513.5, 2182.5, 41.0, 54.0
1 3142.5, 2182.5, 42.0, 56.0
1 4016.5, 2182.5, 75.0, 39.0
1 600.5, 2184.5, 41.0, 53.0
1 626.5, 2189.5, 50.0, 70.0
1 2663.5, 2184.5, 33.0, 59.0
1 3329.5, 2184.5, 63.5, 51.0
1 450.5, 2187.5, 35.0, 48.0
1 1021.5, 2187.5, 48.0, 55.0
1 1967.5, 2187.5, 27.0, 63.0
1 2696.5, 2186.5, 18.0, 41.0
1 2983.5, 2186.5, 32.0, 65.0
1 3482.5, 2187.5, 29.0, 56.0
1 3730.5, 2186.5, 49.0, 38.0
1 1690.5, 2189.5, 51.0, 57.0
1 1939.5, 2189.5, 31.0, 57.0
1 4690.5, 2188.5, 58.0, 54.0
1 4747.5, 2188.5, 45.0, 54.0
1 1075.5, 2191.5, 37.0, 57.0
1 1105.5, 2202.5, 26.0, 28.0
1 2098.5, 2190.5, 34.0, 47.0
1 330.5, 2258.5, 30.0, 42.0
1 344.5, 2279.5, 31.0, 52.0
1 720.5, 2194.5, 56.5, 41.48
1 2382.5, 2193.5, 35.0, 56.0
1 2411.5, 2204.5, 59.0, 40.0
1 2604.5, 2241.5, 70.0, 41.0
1 2879.5, 2192.5, 50.0, 53.0
1 4262.5, 2192.5, 46.0, 55.0
1 1339.5, 2199.5, 44.0, 57.0
1 1672.5, 2199.5, 31.0, 57.0
1 3082.5, 2199.5, 71.0, 38.0
1 3990.5, 2200.5, 49.0, 65.0
1 1997.5, 2203.5, 65.0, 32.0
1 2244.5, 2204.5, 44.0, 64.0
1 3218.5, 2204.5, 59.0, 51.0
1 3838.5, 2203.5, 35.0, 56.0
1 955.5, 2205.5, 57.0, 22.0
1 969.5, 2221.5, 62.0, 40.0
1 2907.5, 2205.5, 41.0, 55.0
1 3513.5, 2204.5, 46.0, 56.0
1 814.5, 2206.5, 43.0, 49.0
1 785.5, 2210.5, 51.5, 51.0
1 1386.5, 2206.5, 46.0, 65.0
1 3414.5, 2207.5, 58.0, 44.0
1 4094.5, 2207.5, 36.0, 60.0
1 395.5, 2210.5, 49.0, 53.0
1 3039.5, 2208.5, 45.0, 64.0
1 3072.5, 2222.0, 50.0, 30.5
1 3113.5, 2231.5, 39.0, 70.0
1 2333.5, 2210.5, 46.0, 50.0
1 3618.5, 2210.5, 75.0, 32.0
1 3641.5, 2226.5, 50.0, 51.0
1 3790.5, 2211.5, 41.0, 39.0
1 700.5, 2212.5, 37.0, 60.0
1 1454.5, 2213.5, 40.0, 62.0
1 3946.5, 2213.5, 44.0, 54.0
1 4608.5, 2212.5, 47.0, 44.0
1 4641.5, 2212.5, 45.0, 51.0
1 487.5, 2214.5, 40.0, 63.0
1 3016.5, 2215.5, 38.0, 58.0
1 4124.5, 2214.5, 38.0, 62.0
1 567.5, 2217.5, 53.0, 41.0
1 2930.5, 2217.5, 38.0, 49.0
1 2958.5, 2217.5, 31.0, 52.0
1 1038.5, 2218.5, 37.0, 54.0
1 1754.5, 2219.5, 33.0, 48.0
1 4165.5, 2219.5, 46.0, 64.0
1 4161.5, 2255.5, 31.0, 40.0
1 4290.5, 2219.5, 62.0, 40.0
1 4299.0, 2250.5, 57.5, 57.0
1 1281.5, 2222.5, 54.0, 64.0
1 1247.5, 2257.5, 35.0, 69.0
1 1807.5, 2221.5, 42.0, 35.0
1 1764.5, 2253.5, 78.0, 40.0
1 2281.5, 2221.5, 36.0, 61.0
1 2704.5, 2221.5, 32.0, 51.0
1 3560.5, 2221.5, 33.0, 52.0
1 4419.5, 2221.5, 29.0, 49.0
1 3735.5, 2223.5, 33.0, 49.0
1 4217.5, 2225.5, 40.0, 72.0
1 1072.5, 2227.5, 68.0, 46.0
1 2115.5, 2226.5, 69.0, 43.0
1 3428.5, 2227.5, 56.0, 48.0
1 406.5, 2249.5, 30.5, 60.0
1 409.5, 2276.5, 52.0, 56.0
1 4447.5, 2230.5, 41.0, 64.0
1 4556.5, 2228.5, 44.0, 63.0
1 847.5, 2230.5, 32.0, 61.0
1 2478.5, 2230.5, 55.0, 47.0
1 3898.5, 2230.5, 35.0, 48.0
1 3247.5, 2232.5, 35.0, 55.0
1 4041.5, 2232.5, 40.0, 63.0
1 1487.5, 2236.5, 56.0, 51.0
1 3156.5, 2235.5, 41.0, 49.0
1 5076.5, 2236.5, 74.0, 56.0
1 949.5, 2236.5, 30.0, 60.0
1 3306.5, 2236.5, 29.0, 53.0
1 90.5, 2239.5, 56.0, 48.74
1 184.5, 2238.5, 52.0, 39.0
1 918.5, 2239.5, 31.0, 53.0
1 2737.5, 2239.5, 36.0, 60.0
1 3269.5, 2239.5, 33.0, 68.0
1 4358.5, 2238.5, 58.0, 47.0
1 584.5, 2249.5, 49.0, 39.0
1 580.5, 2275.5, 48.0, 54.0
1 552.5, 2283.5, 39.0, 56.0
1 2089.5, 2241.5, 56.0, 48.0
1 3484.0, 2240.5, 52.5, 47.0
1 3465.5, 2247.5, 26.0, 42.49
1 1426.5, 2242.5, 37.0, 59.0
1 3594.5, 2242.5, 60.0, 29.0
1 3763.5, 2242.5, 48.0, 31.0
1 4525.5, 2242.5, 42.0, 52.0
1 1613.5, 2246.5, 42.0, 47.0
1 2202.5, 2245.5, 41.0, 77.0
1 4736.5, 2246.5, 40.0, 45.0
1 2304.5, 2247.5, 28.0, 51.0
1 2426.5, 2246.5, 77.0, 28.0
1 3388.5, 2247.5, 38.0, 75.0
1 179.5, 2292.5, 43.0, 59.0
1 2990.5, 2249.5, 36.0, 49.0
1 2165.5, 2250.5, 37.0, 58.0
1 2533.5, 2251.5, 59.0, 50.0
1 3992.5, 2251.5, 37.0, 51.0
1 4258.5, 2250.5, 38.0, 66.0
1 783.5, 2253.5, 58.0, 60.0
1 758.5, 2267.5, 42.0, 54.0
1 882.5, 2252.5, 42.0, 68.0
1 982.5, 2254.5, 39.0, 42.0
1 3201.5, 2254.5, 46.0, 71.0
1 146.5, 2259.5, 70.0, 34.0
1 144.5, 2276.5, 44.0, 32.0
1 1313.5, 2259.5, 63.0, 25.0
1 685.5, 2261.5, 37.0, 61.0
1 617.5, 2262.5, 41.0, 61.0
1 830.5, 2263.5, 33.0, 45.0
1 1703.5, 2263.5, 56.0, 37.0
1 2325.5, 2262.5, 46.0, 70.0
1 3837.5, 2263.5, 31.0, 59.0
1 4481.5, 2262.5, 50.0, 58.0
1 4981.5, 2263.5, 49.0, 63.0
1 2013.5, 2266.5, 58.0, 49.0
1 287.5, 2266.5, 39.0, 31.0
1 1544.5, 2266.5, 60.0, 35.0
1 3525.5, 2267.5, 83.0, 35.0
1 4140.5, 2267.5, 45.0, 73.0
1 1079.5, 2269.5, 57.0, 60.0
1 1183.5, 2269.5, 50.0, 67.0
1 3683.5, 2268.5, 27.0, 37.0
1 3853.5, 2268.5, 47.0, 55.0
1 4359.5, 2268.5, 35.0, 65.0
1 4872.5, 2270.5, 44.0, 30.0
1 4849.5, 2283.5, 39.0, 47.0
1 993.5, 2271.5, 50.0, 65.0
1 1499.5, 2273.5, 47.5, 27.0
1 1484.5, 2293.5, 53.0, 33.0
1 1844.5, 2271.5, 39.0, 64.0
1 2902.5, 2271.5, 42.0, 57.0
1 3773.5, 2275.24, 34.0, 60.26
1 4206.5, 2271.5, 57.0, 63.0
1 2950.5, 2272.5, 40.0, 54.0
1 4428.5, 2272.5, 40.0, 62.0
1 108.5, 2275.5, 41.0, 40.0
1 2233.5, 2275.5, 38.0, 62.0
1 3350.5, 2274.5, 35.0, 51.0
1 3706.5, 2274.5, 44.0, 59.0
1 2588.5, 2276.5, 53.0, 49.0
1 2755.5, 2276.5, 42.0, 66.0
1 3008.5, 2277.5, 39.0, 62.0
1 3075.5, 2276.5, 54.0, 50.0
1 3746.5, 2278.5, 27.0, 35.0
1 3738.5, 2310.5, 35.0, 63.0
1 3897.5, 2276.5, 37.0, 39.0
1 4730.5, 2278.5, 58.0, 56.0
1 2270.5, 2279.5, 28.0, 56.0
1 3615.5, 2279.5, 42.0, 47.0
1 3663.5, 2279.5, 38.0, 65.0
1 3806.5, 2278.5, 31.0, 69.0
1 2534.5, 2281.5, 54.0, 44.0
1 5132.5, 2281.5, 57.0, 45.0
1 5160.5, 2298.5, 48.0, 42.0
1 442.5, 2282.5, 61.0, 65.0
1 1421.5, 2283.5, 53.0, 64.0
1 376.5, 2285.5, 32.0, 58.0
1 4596.5, 2285.5, 38.0, 55.0
1 4559.5, 2293.5, 48.0, 53.0
1 4537.5, 2329.5, 60.0, 47.0
1 51.5, 2288.5, 49.0, 47.0
1 33.5, 2335.5, 31.0, 46.0
1 1783.5, 2287.5, 38.0, 49.0
1 2354.5, 2286.5, 54.0, 46.0
1 2681.5, 2288.5, 68.0, 27.0
1 3480.5, 2287.5, 59.0, 27.0
1 4626.5, 2286.5, 41.0, 55.0
1 4799.5, 2287.5, 50.0, 56.0
1 1932.5, 2289.5, 32.0, 69.0
1 3959.5, 2289.5, 43.0, 52.0
1 4098.5, 2288.5, 34.0, 55.0
1 4395.5, 2289.5, 34.0, 63.0
1 3417.5, 2290.5, 39.0, 48.0
1 4028.5, 2291.5, 37.0, 44.0
1 4065.5, 2291.5, 36.0, 62.0
1 3912.5, 2294.5, 56.0, 38.0
1 4188.5, 2292.5, 34.0, 67.0
1 4953.5, 2293.5, 39.0, 69.0
1 4917.5, 2308.5, 42.0, 65.0
1 300.5, 2298.5, 55.0, 41.0
1 694.5, 2295.5, 44.0, 70.0
1 1690.5, 2294.5, 28.0, 62.0
1 1734.5, 2294.5, 60.0, 47.0
1 1959.5, 2294.5, 45.0, 71.0
1 2104.5, 2294.5, 38.0, 48.0
1 1898.5, 2296.5, 31.0, 68.0
1 2044.5, 2298.5, 51.0, 40.0
1 2456.5, 2296.5, 29.0, 57.0
1 3456.5, 2296.5, 37.0, 65.0
1 3489.5, 2317.5, 33.0, 61.0
1 3645.5, 2296.5, 34.0, 60.0
1 3578.5, 2298.5, 61.0, 63.0
1 4121.5, 2299.5, 38.0, 43.0
1 4893.5, 2299.5, 30.0, 59.0
1 5233.5, 2348.5, 60.0, 57.0
1 3133.5, 2300.5, 58.0, 55.0
1 132.5, 2303.5, 110.0, 74.0
1 97.5, 2316.5, 57.0, 58.0
1 1548.5, 2303.5, 56.0, 40.0
1 3540.5, 2303.5, 42.0, 65.0
1 97.5, 2304.5, 33.0, 39.0
1 1628.5, 2305.5, 35.0, 51.0
1 2614.5, 2304.5, 35.0, 70.0
1 1294.5, 2306.5, 82.0, 31.0
1 2158.5, 2307.5, 39.0, 39.0
1 2673.5, 2307.5, 38.0, 62.0
1 2771.5, 2307.5, 51.0, 58.0
1 155.5, 2309.5, 23.0, 35.0
1 4002.5, 2310.5, 65.0, 78.0
1 1463.5, 2311.5, 68.0, 38.0
1 1464.5, 2330.5, 47.0, 71.0
1 1428.5, 2350.5, 49.0, 47.0
1 2866.5, 2311.5, 38.0, 67.0
1 3065.5, 2312.5, 49.0, 48.0
1 4496.5, 2311.5, 46.0, 64.0
1 1822.5, 2314.5, 72.0, 60.0
1 2376.5, 2313.5, 36.0, 35.0
1 4453.5, 2312.5, 43.0, 50.0
1 65.5, 2314.5, 35.0, 67.0
1 1589.5, 2314.5, 40.0, 63.0
1 2555.5, 2315.5, 46.0, 66.0
1 4984.5, 2315.5, 46.0, 58.0
1 4969.5, 2371.5, 53.0, 54.0
1 1991.5, 2318.5, 47.0, 51.0
1 2297.5, 2316.5, 41.0, 60.0
1 3511.5, 2318.5, 43.0, 65.0
1 2117.5, 2319.5, 39.0, 54.0
1 2087.5, 2367.5, 41.0, 37.0
1 2095.5, 2373.5, 60.0, 45.0
1 1179.5, 2321.5, 58.0, 62.0
1 4347.5, 2321.5, 69.0, 44.0
1 2481.5, 2322.5, 35.0, 43.0
1 2465.5, 2363.5, 36.0, 58.0
1 2482.5, 2371.5, 36.0, 55.0
1 3047.5, 2322.5, 50.0, 64.0
1 3836.5, 2322.5, 61.0, 44.0
1 3843.5, 2363.5, 56.0, 29.0
1 4830.5, 2334.5, 70.0, 65.0
1 2402.5, 2325.5, 39.0, 69.0
1 2513.5, 2325.5, 32.0, 76.0
1 2633.5, 2324.5, 38.0, 65.0
1 768.5, 2333.5, 55.0, 55.0
1 4696.5, 2326.5, 39.0, 68.0
1 2060.5, 2329.5, 40.0, 36.0
1 2188.5, 2329.5, 40.0, 64.0
1 3297.5, 2329.5, 81.0, 43.0
1 652.5, 2330.5, 40.0, 49.0
1 3118.5, 2331.5, 36.0, 70.0
1 4731.5, 2331.5, 44.0, 38.0
1 313.5, 2333.5, 63.0, 33.0
1 2024.5, 2332.5, 33.0, 46.0
1 3683.5, 2334.5, 53.0, 28.0
1 3914.5, 2333.5, 41.0, 31.0
1 1741.5, 2335.5, 32.0, 50.0
1 2158.5, 2334.5, 37.0, 73.0
1 2916.5, 2335.5, 32.0, 66.0
1 2944.5, 2359.5, 38.0, 45.0
1 2998.5, 2336.5, 49.0, 48.0
1 3980.5, 2335.5, 40.0, 65.0
1 2234.5, 2337.5, 55.0, 47.0
1 2694.5, 2337.5, 64.0, 58.0
1 2837.5, 2336.5, 38.0, 51.0
1 3257.5, 2338.5, 43.0, 57.0
1 4616.5, 2339.5, 49.0, 67.0
1 4577.5, 2361.5, 62.0, 50.0
1 1266.5, 2342.5, 59.0, 24.0
1 4057.5, 2341.5, 42.0, 54.0
1 3409.5, 2343.5, 29.0, 80.0
1 3761.5, 2342.5, 38.0, 59.0
1 2806.5, 2344.5, 33.0, 67.0
1 4738.5, 2344.5, 66.0, 46.0
1 1514.5, 2346.5, 62.0, 28.0
1 3367.5, 2346.5, 35.0, 75.0
1 3376.5, 2367.5, 38.0, 61.0
1 3950.5, 2346.5, 34.0, 60.0
1 4100.5, 2346.5, 43.0, 66.0
1 2352.5, 2348.5, 69.0, 51.0
1 3319.5, 2348.5, 58.0, 40.0
1 4205.5, 2348.5, 43.0, 58.0
1 2543.5, 2351.5, 35.0, 63.0
1 4315.5, 2350.5, 68.0, 68.0
1 2780.5, 2352.5, 29.0, 57.0
1 4357.5, 2353.5, 63.0, 41.0
1 4829.0, 2354.5, 64.5, 65.0
1 2440.5, 2354.5, 29.0, 52.0
1 3156.5, 2354.5, 30.0, 53.0
1 3439.5, 2354.5, 29.0, 69.0
1 1296.5, 2356.5, 47.0, 78.0
1 3459.5, 2356.5, 44.0, 48.0
1 3798.5, 2357.5, 43.0, 68.0
1 5175.5, 2357.5, 43.0, 74.0
1 1595.5, 2358.5, 59.0, 72.0
1 1567.5, 2380.5, 34.0, 65.0
1 1903.5, 2358.5, 41.0, 70.0
1 4441.5, 2361.5, 48.0, 64.0
1 4485.0, 2376.5, 16.5, 47.0
1 3899.5, 2361.5, 47.0, 23.0
1 598.5, 2363.5, 46.0, 57.0
1 917.5, 2363.5, 39.0, 52.0
1 2023.5, 2363.5, 73.0, 57.0
1 814.5, 2364.5, 56.0, 57.0
1 2311.5, 2365.5, 49.0, 75.0
1 5125.5, 2365.5, 45.0, 26.0
1 1177.5, 2366.5, 51.0, 74.0
1 1934.5, 2369.5, 54.0, 40.0
1 1133.5, 2371.5, 37.0, 63.0
1 3536.5, 2370.5, 58.0, 33.0
1 4017.5, 2370.5, 32.0, 44.0
1 3329.5, 2372.5, 39.0, 64.0
1 4500.5, 2372.5, 69.0, 58.0
1 2205.5, 2375.5, 40.0, 33.0
1 3580.5, 2375.5, 65.0, 32.0
1 3499.5, 2377.5, 29.0, 33.0
1 4299.5, 2376.5, 33.0, 52.0
1 4769.5, 2377.5, 65.0, 37.0
1 4726.5, 2391.5, 50.0, 48.0
1 659.5, 2378.5, 34.0, 57.0
1 886.5, 2379.5, 40.0, 45.0
1 3913.5, 2381.5, 48.0, 62.0
1 4541.5, 2380.5, 50.0, 41.0
1 4924.5, 2379.5, 57.0, 33.0
1 1643.5, 2382.5, 55.0, 54.0
1 1595.5, 2406.5, 50.5, 45.0
1 1784.5, 2381.5, 56.0, 59.0
1 1772.5, 2384.5, 38.5, 49.0
1 2011.5, 2380.5, 31.0, 30.0
1 5263.5, 2381.5, 44.0, 58.0
1 2261.5, 2383.5, 49.0, 48.0
1 860.5, 2384.5, 35.0, 58.0
1 1826.5, 2387.5, 46.0, 50.0
1 3074.5, 2384.5, 39.0, 68.0
1 4334.5, 2385.5, 38.0, 61.0
1 1488.5, 2387.5, 52.0, 42.0
1 1689.5, 2386.5, 45.0, 27.0
1 1671.5, 2399.5, 77.0, 50.0
1 4174.5, 2386.5, 34.0, 71.0
1 694.5, 2389.5, 42.0, 58.0
1 3052.5, 2388.5, 28.0, 53.0
1 947.5, 2390.5, 44.0, 48.0
1 888.5, 2417.5, 59.0, 67.0
1 926.5, 2434.5, 34.0, 43.0
1 2626.5, 2390.5, 51.0, 42.0
1 2607.5, 2399.5, 47.5, 29.0
1 3892.5, 2390.5, 40.0, 73.0
1 4384.5, 2391.5, 45.0, 54.0
1 1013.5, 2393.5, 36.0, 48.0
1 1218.5, 2393.5, 54.0, 63.0
1 1359.5, 2393.5, 45.0, 72.0
1 2103.5, 2394.5, 62.0, 55.0
1 2810.5, 2394.5, 49.0, 60.0
1 3859.5, 2394.5, 40.0, 71.0
1 4240.5, 2394.5, 28.0, 60.0
1 738.5, 2397.5, 38.0, 56.0
1 3010.5, 2399.5, 46.0, 53.0
1 3102.5, 2399.5, 36.0, 77.0
1 4211.5, 2399.5, 28.0, 62.0
1 2201.5, 2401.5, 73.0, 42.0
1 2575.5, 2401.5, 42.0, 71.0
1 4787.5, 2400.5, 64.0, 46.0
1 981.5, 2403.5, 37.0, 70.0
1 2332.5, 2402.5, 81.5, 48.0
1 2379.5, 2424.5, 48.0, 37.0
1 2516.5, 2402.5, 36.0, 62.0
1 2836.5, 2402.5, 56.0, 54.0
1 4077.5, 2403.5, 47.0, 70.0
1 4698.5, 2402.5, 40.0, 76.0
1 1039.5, 2406.0, 69.0, 51.5
1 1082.5, 2406.5, 48.0, 78.0
1 1053.5, 2436.5, 34.0, 55.0
1 2874.5, 2404.5, 48.0, 56.0
1 4130.5, 2405.5, 43.0, 52.0
1 4504.5, 2406.5, 47.0, 67.0
1 4647.5, 2404.5, 43.0, 70.0
1 4051.5, 2406.5, 32.0, 61.0
1 5105.5, 2406.5, 79.0, 31.0
1 581.5, 2408.5, 37.0, 56.0
1 619.5, 2409.5, 36.0, 64.0
1 839.5, 2408.5, 32.0, 48.0
1 3609.5, 2409.5, 79.0, 38.0
1 5044.5, 2408.5, 56.0, 47.0
1 3141.5, 2411.5, 35.0, 78.0
1 4894.0, 2410.5, 67.5, 35.0
1 4892.5, 2433.5, 31.0, 53.0
1 2551.5, 2412.5, 30.0, 50.0
1 4261.5, 2413.5, 35.0, 75.0
1 4281.5, 2432.5, 39.0, 65.0
1 4805.5, 2413.5, 74.5, 61.0
1 4858.5, 2436.5, 62.0, 73.0
1 442.5, 2415.5, 39.0, 71.0
1 390.5, 2418.5, 46.0, 70.0
1 418.5, 2443.5, 35.0, 50.0
1 3178.5, 2414.5, 28.0, 61.0
1 757.5, 2418.5, 31.0, 70.0
1 878.5, 2419.5, 36.0, 58.0
1 4408.5, 2419.5, 48.0, 58.0
1 2610.5, 2421.5, 61.0, 36.0
1 2262.5, 2423.5, 39.0, 65.0
1 3204.5, 2422.5, 46.0, 59.0
1 4744.5, 2423.5, 40.0, 57.0
1 5002.5, 2423.5, 56.0, 71.0
1 519.5, 2426.5, 51.0, 69.0
1 646.5, 2424.5, 41.0, 68.0
1 806.5, 2425.5, 35.0, 19.0
1 791.5, 2435.5, 31.0, 66.0
1 815.5, 2446.5, 33.0, 49.0
1 5211.5, 2425.5, 49.0, 60.0
1 5287.5, 2424.5, 45.0, 57.0
1 5244.5, 2427.5, 49.0, 70.0
1 477.5, 2431.5, 55.0, 32.0
1 4320.5, 2430.5, 41.0, 68.0
1 4673.5, 2430.5, 33.0, 57.0
1 4973.5, 2430.5, 44.0, 63.0
1 5011.5, 2489.5, 38.0, 70.0
1 352.5, 2433.5, 41.0, 65.0
1 3456.5, 2432.5, 42.0, 54.0
1 5091.5, 2432.5, 40.0, 37.0
1 4589.5, 2434.5, 66.0, 32.0
1 5116.5, 2435.5, 57.0, 59.0
1 5174.5, 2446.5, 50.0, 56.0
1 10.5, 2437.5, 43.0, 69.0
1 931.5, 2436.5, 51.0, 56.0
1 4926.5, 2437.5, 45.0, 56.0
1 4552.5, 2438.5, 46.0, 78.0
1 538.5, 2440.5, 48.0, 71.0
1 548.5, 2473.5, 48.0, 69.0
1 1512.5, 2440.5, 55.0, 37.0
1 3330.5, 2441.5, 75.0, 40.0
1 284.5, 2443.5, 47.0, 66.0
1 3224.5, 2446.5, 52.0, 50.0
1 4469.5, 2444.5, 48.0, 67.0
1 704.5, 2446.5, 40.0, 70.0
1 2751.5, 2447.5, 66.0, 36.0
1 840.5, 2451.5, 37.0, 42.0
1 4148.5, 2450.5, 52.0, 62.0
1 3967.5, 2453.5, 77.0, 48.0
1 1570.5, 2456.5, 33.0, 51.0
1 4114.5, 2457.5, 44.0, 72.0
1 5416.5, 2457.5, 49.0, 60.0
1 247.5, 2459.5, 41.0, 74.0
1 247.5, 2512.5, 56.0, 68.0
1 229.5, 2529.5, 30.0, 46.0
1 5062.5, 2458.5, 51.0, 82.0
1 5369.5, 2458.5, 54.0, 75.0
1 3934.5, 2461.5, 40.0, 75.0
1 661.5, 2463.5, 51.0, 72.0
1 740.5, 2462.5, 35.0, 40.0
1 3862.5, 2465.5, 69.0, 33.0
1 4629.5, 2464.5, 40.0, 53.0
1 4625.5, 2510.5, 35.0, 45.0
1 594.5, 2466.5, 53.0, 37.0
1 4600.5, 2468.5, 29.0, 55.0
1 4515.5, 2470.5, 30.0, 63.0
1 4533.5, 2524.5, 32.0, 74.0
1 5344.5, 2471.5, 35.0, 59.0
1 4215.5, 2472.5, 59.0, 73.0
1 36.5, 2478.5, 76.0, 32.0
1 5218.5, 2480.5, 39.0, 53.0
1 4042.5, 2482.5, 36.0, 61.0
1 4677.5, 2483.5, 45.0, 71.0
1 4731.5, 2483.5, 43.0, 60.0
1 4383.5, 2485.5, 52.0, 70.0
1 4432.5, 2493.5, 63.0, 23.0
1 298.5, 2496.5, 36.0, 56.0
1 4200.5, 2497.5, 48.0, 59.0
1 5109.5, 2496.5, 47.0, 49.0
1 722.5, 2498.5, 73.0, 38.0
1 3975.5, 2508.5, 62.0, 38.0
1 5177.5, 2514.5, 51.0, 64.0
1 4656.5, 2516.5, 59.0, 82.0
1 4472.5, 2519.5, 32.0, 65.0
1 4440.5, 2523.5, 33.0, 74.0
1 4507.5, 2525.5, 25.0, 56.0
1 4879.5, 2526.5, 49.0, 82.0
1 4712.5, 2541.5, 40.0, 64.0
1 1738.5, 2548.5, 40.0, 49.0
1 4765.5, 2550.5, 57.0, 83.0
1 1346.5, 2571.5, 42.0, 66.0
1 2938.5, 2572.5, 42.0, 39.0
1 1659.5, 2589.5, 32.0, 53.0
1 4083.5, 2591.5, 53.0, 32.0
1 2562.5, 2596.5, 40.0, 52.0
1 1211.5, 2602.5, 37.0, 60.0
1 4938.5, 2603.5, 55.0, 78.0
1 2505.5, 2627.5, 35.0, 32.0
1 3767.5, 2633.5, 50.0, 42.0
1 526.5, 2639.5, 36.0, 29.0
1 479.5, 2670.5, 47.0, 49.0
1 308.5, 2682.5, 44.0, 51.0
1 4478.5, 2708.5, 48.0, 23.0
1 72.5, 2711.5, 51.0, 40.0
1 4920.5, 2727.5, 80.0, 28.0
1 3927.5, 2741.5, 53.0, 45.0
1 5162.5, 2772.5, 70.0, 42.0
1 5082.5, 2803.5, 59.0, 30.0
1 224.0, 2301.75, 36.5, 66.0
1 258.5, 2293.25, 33.0, 65.75
1 282.25, 2303.5, 32.75, 45.25
1 225.0, 2260.75, 29.0, 40.75
1 256.0, 2245.75, 34.0, 48.75
1 364.5, 2232.25, 44.75, 50.5
1 375.5, 2188.5, 51.75, 55.0
1 470.25, 2309.75, 69.25, 34.5
1 497.0, 2319.5, 50.5, 64.0
1 812.0, 2327.5, 40.75, 61.25
1 1134.5, 2267.75, 39.25, 64.75
1 1172.75, 2268.0, 27.75, 59.0
1 1033.25, 2272.5, 34.5, 54.25
1 1055.75, 2277.75, 27.75, 60.0
1 1230.5, 2354.25, 63.5, 51.75
1 1263.25, 2359.75, 40.75, 34.5
1 1169.75, 2152.0, 25.5, 62.5
1 1191.75, 2159.75, 34.5, 57.0
1 1140.75, 2219.0, 77.75, 20.5
1 1144.25, 2237.5, 67.5, 27.25
1 1195.0, 2210.75, 48.75, 60.75
1 1243.5, 2183.5, 29.75, 61.5
1 1411.25, 2395.5, 54.5, 32.25
1 1401.0, 2407.75, 45.75, 43.75
1 2816.75, 2237.0, 34.0, 48.0
1 2614.75, 2193.5, 46.25, 51.0
1 2612.5, 2219.0, 35.75, 30.25
1 2788.0, 2234.0, 52.0, 59.25
1 2781.25, 2158.0, 35.5, 54.75
1 2790.5, 2166.0, 40.75, 60.62
1 2978.0, 2307.75, 31.25, 62.5
1 2951.25, 2324.75, 35.5, 60.0
1 3377.04, 2203.47, 51.87, 30.75
1 3420.38, 2164.5, 38.5, 55.38
1 4592.5, 2524.5, 36.5, 65.5
1 4592.25, 2556.0, 70.5, 54.75
1 5024.75, 2361.0, 34.0, 65.75
1 5059.0, 2349.25, 33.5, 65.0
1 5092.75, 2360.75, 38.25, 53.5
1 4524.5, 1950.5, 84.0, 30.75
1 4516.0, 1968.12, 85.5, 29.0
1 4229.62, 1906.5, 38.5, 47.38
1 4242.88, 1939.75, 70.5, 23.75
1 5194.75, 2300.75, 46.5, 52.75
1 5217.0, 2319.5, 44.25, 60.75
1 5276.5, 2474.0, 62.5, 56.25
1 5324.0, 2500.0, 25.25, 45.75
1 327.25, 2205.79, 53.25, 63.24
1 300.75, 2228.54, 32.75, 52.73
1 429.75, 2252.74, 61.5, 34.49
1 432.75, 2230.0, 54.0, 33.49
1 510.0, 2245.75, 46.75, 72.48
1 536.75, 2236.75, 61.75, 44.74
1 658.5, 2244.23, 28.75, 52.98
1 674.5, 2224.98, 31.75, 60.98
1 892.5, 2215.74, 63.75, 35.74
1 867.75, 2204.99, 33.25, 58.23
1 786.75, 2388.23, 29.0, 35.99
1 777.0, 2397.48, 33.5, 36.99
1 1975.0, 1925.0, 58.25, 50.23
1 2003.0, 1898.0, 50.0, 42.99
1 3954.25, 1860.0, 47.25, 39.23
1 3923.0, 1888.24, 48.0, 36.99
1 4016.75, 1875.99, 58.0, 22.74
1 4002.75, 1859.0, 74.5, 24.74
1 1525.0, 2118.0, 27.5, 46.48
1 1499.0, 2124.5, 45.0, 55.48
1 1643.0, 2169.73, 64.75, 33.49
1 1622.25, 2188.23, 31.75, 76.23
1 2430.0, 2161.64, 22.62, 22.87
1 3712.75, 2236.99, 29.5, 52.49
1 3689.25, 2216.25, 40.25, 63.73
1 3774.25, 2256.99, 64.25, 34.74
1 4016.75, 2407.74, 52.5, 76.72
1 4001.5, 2412.12, 33.25, 56.73
1 3974.38, 2387.63, 35.5, 67.73
1 3947.62, 2395.62, 41.76, 52.12
1 4237.75, 2318.99, 58.0, 67.98
1 4251.0, 2349.74, 37.0, 63.98
1 4545.0, 2491.46, 45.5, 80.48
1 4561.25, 2548.23, 35.0, 64.23
1 4687.25, 2365.01, 23.0, 53.23
1 4654.25, 2333.27, 38.25, 73.48
1 4807.25, 2353.76, 47.75, 54.98
1 4851.25, 2319.52, 68.5, 75.98
1 4962.25, 2478.74, 47.75, 87.97
1 4937.75, 2491.99, 28.75, 44.23
