1 0.369875, 0.19283333333333333, 0.02033333333333333, 0.01225
1 0.380375, 0.2075, 0.023666666666666666, 0.01575
1 0.456875, 0.20816666666666667, 0.019666666666666666, 0.015
1 0.186375, 0.21016666666666667, 0.021666666666666667, 0.01725
1 0.207625, 0.21483333333333332, 0.018333333333333333, 0.0235
1 0.436875, 0.21483333333333332, 0.018666666666666668, 0.01325
1 0.449125, 0.21483333333333332, 0.025, 0.01225
1 0.494125, 0.21583333333333332, 0.01633333333333333, 0.01875
1 0.426625, 0.21616666666666667, 0.02, 0.014
1 0.385875, 0.2195, 0.018666666666666668, 0.027
1 0.221875, 0.2245, 0.018666666666666668, 0.0295
1 0.494625, 0.22483333333333333, 0.015666666666666666, 0.01975
1 0.474375, 0.22583333333333333, 0.021, 0.01975
1 0.283375, 0.22716666666666666, 0.016666666666666666, 0.02275
1 0.334375, 0.2275, 0.013333333333333334, 0.028
1 0.186375, 0.22883333333333333, 0.01633333333333333, 0.027
1 0.460375, 0.22983333333333333, 0.029333333333333333, 0.0135
1 0.419625, 0.23316666666666666, 0.02, 0.0165
1 0.440875, 0.23516666666666666, 0.019, 0.014
1 0.506625, 0.23416666666666666, 0.025, 0.014
1 0.513375, 0.23783333333333334, 0.020666666666666667, 0.02125
1 0.406375, 0.23616666666666666, 0.022, 0.013
1 0.315625, 0.23683333333333334, 0.022333333333333334, 0.01375
1 0.493375, 0.23783333333333334, 0.025666666666666667, 0.0145
1 0.162875, 0.23883333333333334, 0.023333333333333334, 0.0225
1 0.483375, 0.2385, 0.025333333333333333, 0.01325
1 0.109625, 0.2425, 0.014666666666666666, 0.02425
1 0.135875, 0.24416666666666667, 0.023666666666666666, 0.0195
1 0.341375, 0.2455, 0.025333333333333333, 0.01875
1 0.230375, 0.24583333333333332, 0.022, 0.0135
1 0.323125, 0.2455, 0.02033333333333333, 0.01725
1 0.324625, 0.25083333333333335, 0.021666666666666667, 0.0195
1 0.069375, 0.2465, 0.022333333333333334, 0.0175
1 0.386875, 0.2465, 0.014666666666666666, 0.024
1 0.171625, 0.24783333333333332, 0.018666666666666668, 0.03125
1 0.371375, 0.2485, 0.024666666666666667, 0.01175
1 0.108125, 0.25016666666666665, 0.017333333333333333, 0.028
1 0.360375, 0.25116666666666665, 0.023333333333333334, 0.0115
1 0.349625, 0.25183333333333335, 0.023666666666666666, 0.0135
1 0.411875, 0.25183333333333335, 0.021, 0.023
1 0.523125, 0.25316666666666665, 0.012333333333333333, 0.0155
1 0.377125, 0.25383333333333336, 0.024333333333333332, 0.0185
1 0.307875, 0.25416666666666665, 0.026, 0.01625
1 0.290625, 0.2555, 0.028333333333333332, 0.01375
1 0.535375, 0.25583333333333336, 0.024333333333333332, 0.0145
1 0.422375, 0.25683333333333336, 0.024, 0.02425
1 0.607625, 0.25783333333333336, 0.023333333333333334, 0.01425
1 0.277625, 0.25916666666666666, 0.021666666666666667, 0.01225
1 0.504375, 0.2595, 0.025666666666666667, 0.01825
1 0.620875, 0.2625, 0.018666666666666668, 0.027
1 0.510125, 0.2668333333333333, 0.027, 0.017
1 0.527625, 0.26716666666666666, 0.012666666666666666, 0.0105
1 0.482125, 0.2648333333333333, 0.02033333333333333, 0.01875
1 0.093625, 0.26716666666666666, 0.025, 0.0275
1 0.219125, 0.26716666666666666, 0.026333333333333334, 0.01325
1 0.250625, 0.2675, 0.023333333333333334, 0.021
1 0.386125, 0.2688333333333333, 0.013666666666666667, 0.01925
1 0.576875, 0.27216666666666667, 0.030666666666666665, 0.01175
1 0.593625, 0.2735, 0.014333333333333333, 0.01425
1 0.172375, 0.2738333333333333, 0.020666666666666667, 0.03
1 0.335875, 0.27416666666666667, 0.022, 0.02325
1 0.555625, 0.2735, 0.028333333333333332, 0.0125
1 0.401375, 0.27516666666666667, 0.013333333333333334, 0.0215
1 0.546125, 0.2748333333333333, 0.03, 0.01125
1 0.564375, 0.2758333333333333, 0.030333333333333334, 0.01325
1 0.157375, 0.2775, 0.014666666666666666, 0.023
1 0.232125, 0.2785, 0.024333333333333332, 0.01575
1 0.516625, 0.2785, 0.028, 0.0165
1 0.532625, 0.2788333333333333, 0.024333333333333332, 0.0125
1 0.463875, 0.2795, 0.019, 0.0315
1 0.020625, 0.2805, 0.025333333333333333, 0.0225
1 0.268125, 0.2821666666666667, 0.029666666666666668, 0.02
1 0.403625, 0.2825, 0.013666666666666667, 0.026
1 -0.000125, 0.2845, 0.019333333333333334, 0.01075
1 0.583625, 0.28583333333333333, 0.02666666666666667, 0.0125
1 0.603875, 0.2855, 0.024333333333333332, 0.01825
1 0.444125, 0.2861666666666667, 0.013666666666666667, 0.023
1 0.242375, 0.2885, 0.017, 0.02775
1 0.208625, 0.2895, 0.017333333333333333, 0.0195
1 0.596625, 0.2895, 0.035333333333333335, 0.01325
1 0.372375, 0.2925, 0.026, 0.01975
1 0.155625, 0.29283333333333333, 0.017666666666666667, 0.0225
1 0.615125, 0.2965, 0.027, 0.02525
1 0.296875, 0.2961666666666667, 0.021666666666666667, 0.01325
1 0.447625, 0.2975, 0.016666666666666666, 0.0245
1 0.498125, 0.3011666666666667, 0.029333333333333333, 0.0145
1 0.392125, 0.3045, 0.029666666666666668, 0.026
1 0.513375, 0.3055, 0.029666666666666668, 0.0135
1 0.528625, 0.30616666666666664, 0.016, 0.0315
1 0.003125, 0.3085, 0.017333333333333333, 0.0305
1 0.376375, 0.30883333333333335, 0.028333333333333332, 0.021
1 0.454875, 0.31216666666666665, 0.015, 0.0325
1 0.210375, 0.31283333333333335, 0.016, 0.03725
1 0.420375, 0.31716666666666665, 0.033, 0.017
1 0.471125, 0.31683333333333336, 0.023666666666666666, 0.02775
1 0.492875, 0.3185, 0.028, 0.013
1 0.335875, 0.3175, 0.018666666666666668, 0.03025
1 0.557625, 0.31783333333333336, 0.027, 0.01575
1 0.527875, 0.3235, 0.03, 0.018
1 0.167375, 0.3238333333333333, 0.019, 0.0325
1 0.693625, 0.3245, 0.030666666666666665, 0.022
1 0.276875, 0.3295, 0.029, 0.014
1 0.497125, 0.33216666666666667, 0.034333333333333334, 0.01725
1 0.397125, 0.3355, 0.023, 0.0145
1 0.646125, 0.33716666666666667, 0.036333333333333336, 0.018
1 0.452625, 0.3385, 0.015333333333333332, 0.02925
1 0.610375, 0.3385, 0.026333333333333334, 0.015
1 0.713625, 0.33816666666666667, 0.024666666666666667, 0.02525
1 0.428375, 0.3441666666666667, 0.033666666666666664, 0.017
1 0.542875, 0.3451666666666667, 0.025, 0.02725
1 0.638625, 0.3505, 0.029333333333333333, 0.01825
1 0.472625, 0.3511666666666667, 0.031, 0.01925
1 0.410375, 0.3515, 0.03133333333333333, 0.0195
1 0.160375, 0.3521666666666667, 0.024666666666666667, 0.02975
1 0.619375, 0.35483333333333333, 0.037, 0.02075
1 0.632125, 0.35483333333333333, 0.032, 0.015
1 0.243375, 0.3555, 0.030333333333333334, 0.01475
1 0.505125, 0.3565, 0.022333333333333334, 0.0215
1 0.736875, 0.35683333333333334, 0.035333333333333335, 0.018
1 0.453625, 0.3645, 0.035333333333333335, 0.01825
1 0.574875, 0.36583333333333334, 0.035, 0.0195
1 0.543625, 0.36616666666666664, 0.034666666666666665, 0.0185
1 0.493125, 0.3765, 0.029333333333333333, 0.0275
1 0.583125, 0.3785, 0.03233333333333333, 0.0245
1 0.771875, 0.37883333333333336, 0.03266666666666666, 0.01775
1 -0.000125, 0.38016666666666665, 0.021, 0.01175
1 0.223625, 0.38116666666666665, 0.029, 0.01775
1 0.510625, 0.38116666666666665, 0.03233333333333333, 0.0235
1 0.016625, 0.38183333333333336, 0.034, 0.01775
1 0.711625, 0.3825, 0.03666666666666667, 0.02725
1 0.029125, 0.38383333333333336, 0.03166666666666667, 0.019
1 0.307125, 0.38916666666666666, 0.045, 0.01725
1 0.278875, 0.3928333333333333, 0.031, 0.0155
1 0.758125, 0.3935, 0.03333333333333333, 0.0295
1 0.108875, 0.3968333333333333, 0.035, 0.026
1 0.044625, 0.39816666666666667, 0.03666666666666667, 0.0315
1 0.256125, 0.39816666666666667, 0.034666666666666665, 0.023
1 0.550375, 0.4018333333333333, 0.03666666666666667, 0.01925
1 0.784875, 0.4025, 0.03266666666666666, 0.0285
1 0.140625, 0.4025, 0.036, 0.02075
1 0.194875, 0.4051666666666667, 0.019333333333333334, 0.029
1 0.335125, 0.4055, 0.034333333333333334, 0.024
1 0.181375, 0.4091666666666667, 0.030333333333333334, 0.011
1 0.404625, 0.4095, 0.03166666666666667, 0.025
1 0.215625, 0.41083333333333333, 0.03333333333333333, 0.02375
1 0.280125, 0.4115, 0.035, 0.02775
1 0.513625, 0.4111666666666667, 0.022333333333333334, 0.0215
1 0.321125, 0.4121666666666667, 0.034, 0.01625
1 0.005625, 0.4145, 0.019666666666666666, 0.027
1 0.600125, 0.41683333333333333, 0.03966666666666667, 0.01825
1 0.055375, 0.41783333333333333, 0.03333333333333333, 0.01775
1 0.154875, 0.41783333333333333, 0.037, 0.026
1 0.158125, 0.43916666666666665, 0.027333333333333334, 0.0265
1 0.667875, 0.4175, 0.035, 0.01725
1 0.631375, 0.42083333333333334, 0.03766666666666667, 0.01425
1 -0.000125, 0.42383333333333334, 0.021666666666666667, 0.01125
1 0.744125, 0.4235, 0.041, 0.014
1 0.802875, 0.4255, 0.023, 0.035
1 0.185625, 0.4261666666666667, 0.02666666666666667, 0.02575
1 0.374875, 0.4261666666666667, 0.030333333333333334, 0.027
1 0.612375, 0.4261666666666667, 0.04133333333333333, 0.019
1 0.719625, 0.4261666666666667, 0.043333333333333335, 0.0195
1 0.862875, 0.42716666666666664, 0.034, 0.02075
1 0.258875, 0.4295, 0.034, 0.01925
1 0.336125, 0.43016666666666664, 0.038, 0.02475
1 0.335125, 0.45416666666666666, 0.03166666666666667, 0.0265
1 0.652125, 0.4305, 0.042, 0.01775
1 0.079625, 0.43083333333333335, 0.029666666666666668, 0.0125
1 0.453875, 0.43083333333333335, 0.035333333333333335, 0.026
1 0.067625, 0.43183333333333335, 0.029666666666666668, 0.01225
1 0.091375, 0.4325, 0.03766666666666667, 0.0195
1 0.516625, 0.43383333333333335, 0.035666666666666666, 0.0195
1 0.484625, 0.43516666666666665, 0.036, 0.014
1 0.83125, 0.43516666666666665, 0.034, 0.022875
1 0.405125, 0.43583333333333335, 0.029666666666666668, 0.02
1 0.895625, 0.4355, 0.04466666666666667, 0.01825
1 0.001625, 0.4365, 0.033666666666666664, 0.02775
1 0.225375, 0.43716666666666665, 0.03666666666666667, 0.016
1 0.212375, 0.4435, 0.025666666666666667, 0.0165
1 0.043625, 0.43983333333333335, 0.03266666666666666, 0.01925
1 0.100375, 0.43983333333333335, 0.037, 0.02725
1 0.029125, 0.44116666666666665, 0.027666666666666666, 0.01525
1 0.012375, 0.4465, 0.03333333333333333, 0.0185
1 0.194375, 0.44116666666666665, 0.03266666666666666, 0.02475
1 0.170125, 0.4578333333333333, 0.03233333333333333, 0.026875
1 0.235625, 0.44216666666666665, 0.03666666666666667, 0.021
1 0.464625, 0.4425, 0.025666666666666667, 0.01925
1 0.305375, 0.44616666666666666, 0.028, 0.03475
1 0.662625, 0.4485, 0.039, 0.027
1 0.153625, 0.4488333333333333, 0.038, 0.03675
1 0.135125, 0.4575, 0.042333333333333334, 0.02625
1 0.122625, 0.4515, 0.043, 0.02225
1 0.419375, 0.4525, 0.031, 0.01425
1 0.697125, 0.4525, 0.025333333333333333, 0.01925
1 0.063125, 0.4538333333333333, 0.019333333333333334, 0.01475
1 0.557625, 0.4535, 0.036333333333333336, 0.025
1 0.843125, 0.45816666666666667, 0.034666666666666665, 0.021
1 0.181875, 0.45816666666666667, 0.03133333333333333, 0.02725
1 0.067375, 0.45916666666666667, 0.028333333333333332, 0.025
1 0.055375, 0.4728333333333333, 0.023, 0.02
1 0.282375, 0.46116666666666667, 0.029666666666666668, 0.03075
1 0.337375, 0.46216666666666667, 0.030333333333333334, 0.03175
1 0.858125, 0.4628333333333333, 0.03166666666666667, 0.024
1 0.236875, 0.4638333333333333, 0.024666666666666667, 0.03825
1 0.254875, 0.4701666666666667, 0.03266666666666666, 0.01725
1 0.525625, 0.4645, 0.032, 0.02075
1 0.5345, 0.4695, 0.03133333333333333, 0.021625
1 0.389875, 0.4675, 0.03333333333333333, 0.029
1 0.480375, 0.4648333333333333, 0.03166666666666667, 0.01275
1 0.635875, 0.4658333333333333, 0.037, 0.02025
1 0.360375, 0.4661666666666667, 0.024333333333333332, 0.033
1 0.501375, 0.4671666666666667, 0.029666666666666668, 0.033
1 0.599875, 0.4678333333333333, 0.033666666666666664, 0.0175
1 0.438625, 0.4685, 0.024, 0.01875
1 0.028875, 0.4695, 0.019333333333333334, 0.02575
1 0.002125, 0.4708333333333333, 0.021666666666666667, 0.01675
1 0.012875, 0.48183333333333334, 0.01633333333333333, 0.03375
1 0.302625, 0.4718333333333333, 0.03666666666666667, 0.02825
1 0.276875, 0.4728333333333333, 0.036, 0.02325
1 0.615875, 0.4731666666666667, 0.032, 0.01625
1 0.712625, 0.4731666666666667, 0.0375, 0.025575
1 0.746125, 0.4728333333333333, 0.024666666666666667, 0.039
1 0.667375, 0.47483333333333333, 0.023333333333333334, 0.02475
1 0.110375, 0.4755, 0.022333333333333334, 0.0125
1 0.831625, 0.47583333333333333, 0.042, 0.022
1 0.578625, 0.4761666666666667, 0.02033333333333333, 0.0215
1 0.688875, 0.47683333333333333, 0.03666666666666667, 0.024
1 0.667875, 0.48883333333333334, 0.028666666666666667, 0.0245
1 0.450375, 0.4771666666666667, 0.03966666666666667, 0.02375
1 0.453625, 0.4965, 0.03233333333333333, 0.0265
1 0.205125, 0.48083333333333333, 0.034333333333333334, 0.01375
1 0.315125, 0.4815, 0.044333333333333336, 0.021
1 0.778875, 0.4821666666666667, 0.030333333333333334, 0.01425
1 0.795625, 0.48283333333333334, 0.029, 0.024
1 0.409875, 0.4845, 0.017333333333333333, 0.026
1 0.652625, 0.4851666666666667, 0.034333333333333334, 0.01425
1 0.541875, 0.4865, 0.03766666666666667, 0.01525
1 0.048375, 0.48683333333333334, 0.031, 0.01875
1 0.748125, 0.48683333333333334, 0.031, 0.01675
1 0.271625, 0.48783333333333334, 0.027333333333333334, 0.01825
1 0.364125, 0.4875, 0.04033333333333333, 0.023
1 0.376625, 0.49983333333333335, 0.033, 0.0135
1 0.552375, 0.48783333333333334, 0.019666666666666666, 0.0165
1 0.556125, 0.49083333333333334, 0.042666666666666665, 0.02475
1 0.221375, 0.4881666666666667, 0.033, 0.01475
1 0.433125, 0.4885, 0.03866666666666667, 0.0185
1 0.418125, 0.4895, 0.03966666666666667, 0.02
1 0.335375, 0.48883333333333334, 0.015, 0.032
1 0.476625, 0.4891666666666667, 0.027333333333333334, 0.02425
1 0.097625, 0.49016666666666664, 0.036333333333333336, 0.01625
1 0.734875, 0.49116666666666664, 0.04466666666666667, 0.01875
1 0.861375, 0.49216666666666664, 0.034333333333333334, 0.02875
1 0.877625, 0.49983333333333335, 0.03, 0.0275
1 0.112875, 0.49316666666666664, 0.03833333333333333, 0.0215
1 0.712625, 0.49283333333333335, 0.034, 0.01725
1 -0.000125, 0.49383333333333335, 0.03933333333333333, 0.0135
1 0.489625, 0.4945, 0.027333333333333334, 0.03775
1 0.900375, 0.49483333333333335, 0.03866666666666667, 0.02125
1 0.790625, 0.49583333333333335, 0.029666666666666668, 0.01975
1 0.014375, 0.49616666666666664, 0.017666666666666667, 0.0325
1 0.149125, 0.49683333333333335, 0.036333333333333336, 0.017
1 0.571875, 0.49716666666666665, 0.037, 0.01825
1 0.583625, 0.5005, 0.04633333333333333, 0.01375
1 0.630625, 0.5031666666666667, 0.041666666666666664, 0.018
1 0.074375, 0.49783333333333335, 0.036333333333333336, 0.02
1 0.608125, 0.4975, 0.04133333333333333, 0.014
1 0.596125, 0.5028333333333334, 0.050333333333333334, 0.0145
1 0.620375, 0.5055, 0.04766666666666667, 0.0155
1 0.638875, 0.4995, 0.034333333333333334, 0.01875
1 0.390125, 0.49983333333333335, 0.024, 0.0275
1 0.505625, 0.5005, 0.031, 0.0275
1 0.531375, 0.5018333333333334, 0.03, 0.01275
1 0.287125, 0.5018333333333334, 0.04666666666666667, 0.01825
1 0.691125, 0.5021666666666667, 0.03866666666666667, 0.022
1 0.129125, 0.5038333333333334, 0.04133333333333333, 0.01925
1 0.239375, 0.5038333333333334, 0.04833333333333333, 0.01625
1 0.256625, 0.5035, 0.044333333333333336, 0.0185
1 0.265125, 0.5038333333333334, 0.029333333333333333, 0.02125
1 0.333125, 0.5035, 0.017666666666666667, 0.03125
1 0.210625, 0.5045, 0.03766666666666667, 0.018
1 0.673625, 0.5055, 0.043333333333333335, 0.01675
1 0.165625, 0.5068333333333334, 0.028, 0.03125
1 0.828875, 0.5075, 0.043333333333333335, 0.0225
1 0.726125, 0.5121666666666667, 0.03766666666666667, 0.0215
1 0.795875, 0.5121666666666667, 0.02666666666666667, 0.0265
1 0.909625, 0.5121666666666667, 0.037333333333333336, 0.02675
1 0.773125, 0.5128333333333334, 0.04833333333333333, 0.02125
1 0.427125, 0.5148333333333334, 0.042333333333333334, 0.02525
1 0.347875, 0.5158333333333334, 0.030333333333333334, 0.02225
1 0.016625, 0.5168333333333334, 0.03666666666666667, 0.02425
1 0.386375, 0.5168333333333334, 0.03666666666666667, 0.0195
1 0.007625, 0.5175, 0.03766666666666667, 0.01675
1 0.508375, 0.5178333333333334, 0.036, 0.0225
1 0.025625, 0.5185, 0.042666666666666665, 0.03475
1 0.661875, 0.5181666666666667, 0.036333333333333336, 0.01525
1 0.758875, 0.5198333333333334, 0.04, 0.024
1 0.475625, 0.5211666666666667, 0.018333333333333333, 0.0355
1 0.651375, 0.5211666666666667, 0.030333333333333334, 0.0135
1 0.634125, 0.5408333333333334, 0.018333333333333333, 0.02025
1 0.820125, 0.5225, 0.052333333333333336, 0.01825
1 0.804875, 0.5318333333333334, 0.04466666666666667, 0.01925
1 0.339375, 0.5228333333333334, 0.03766666666666667, 0.01475
1 0.693125, 0.5228333333333334, 0.042, 0.024
1 0.537375, 0.5235, 0.045, 0.02
1 0.717875, 0.5245, 0.044333333333333336, 0.01325
1 0.701375, 0.5378333333333334, 0.04033333333333333, 0.0185
1 0.525625, 0.5251666666666667, 0.036, 0.0145
1 0.844375, 0.5261666666666667, 0.03866666666666667, 0.0235
1 0.089375, 0.5265, 0.03766666666666667, 0.01375
1 0.098625, 0.5261666666666667, 0.037333333333333336, 0.01875
1 0.076125, 0.5275, 0.038, 0.016
1 0.408125, 0.5288333333333334, 0.030333333333333334, 0.026
1 0.314125, 0.5298333333333334, 0.017666666666666667, 0.0265
1 0.355375, 0.5298333333333334, 0.031, 0.024
1 0.107125, 0.5301666666666667, 0.033, 0.0225
1 0.886875, 0.5308333333333334, 0.04533333333333334, 0.026
1 0.188375, 0.5318333333333334, 0.022, 0.01825
1 0.449875, 0.5321666666666667, 0.048666666666666664, 0.01575
1 0.557125, 0.5328333333333334, 0.024, 0.0285
1 0.560625, 0.5555, 0.041, 0.0365
1 0.867375, 0.5341666666666667, 0.030666666666666665, 0.01525
1 -0.000125, 0.5355, 0.014333333333333333, 0.0065
1 0.127375, 0.5371666666666667, 0.036, 0.02575
1 0.469375, 0.5378333333333334, 0.019, 0.032
1 0.602125, 0.5391666666666667, 0.04133333333333333, 0.02025
1 0.727125, 0.5388333333333334, 0.054, 0.016
1 0.786875, 0.5388333333333334, 0.034333333333333334, 0.02125
1 0.299625, 0.5395, 0.048666666666666664, 0.02175
1 0.386875, 0.5401666666666667, 0.04933333333333333, 0.0215
1 0.266125, 0.5431666666666667, 0.043333333333333335, 0.022
1 0.493125, 0.5435, 0.044, 0.01675
1 0.502375, 0.5491666666666667, 0.03966666666666667, 0.022
1 0.361375, 0.5451666666666667, 0.04466666666666667, 0.02375
1 0.280125, 0.5455, 0.041, 0.013
1 0.740125, 0.5458333333333333, 0.05, 0.02025
1 0.133625, 0.5461666666666667, 0.03233333333333333, 0.02425
1 0.567375, 0.5465, 0.025, 0.0335
1 0.198375, 0.5468333333333333, 0.037, 0.03875
1 0.669625, 0.5468333333333333, 0.021, 0.0255
1 0.320125, 0.5478333333333333, 0.04933333333333333, 0.0205
1 0.757875, 0.5488333333333333, 0.042, 0.01675
1 0.310375, 0.5498333333333333, 0.03666666666666667, 0.0175
1 0.228875, 0.5501666666666667, 0.046, 0.03075
1 0.238875, 0.5591666666666667, 0.041666666666666664, 0.03025
1 -0.000125, 0.5515, 0.016666666666666666, 0.013
1 0.858625, 0.5525, 0.034, 0.02125
1 0.907125, 0.5535, 0.061, 0.02375
1 0.160625, 0.5531666666666667, 0.034666666666666665, 0.025
1 0.365125, 0.5545, 0.057, 0.02525
1 0.411625, 0.5545, 0.043333333333333335, 0.0215
1 0.832625, 0.5545, 0.03866666666666667, 0.032
1 0.331625, 0.5551666666666667, 0.041, 0.023
1 0.620375, 0.5548333333333333, 0.02033333333333333, 0.03475
1 0.138375, 0.5558333333333333, 0.03833333333333333, 0.031
1 0.927625, 0.5561666666666667, 0.048666666666666664, 0.01725
1 0.540125, 0.5575, 0.049, 0.02025
1 0.524125, 0.5585, 0.049666666666666665, 0.018
1 0.058875, 0.5595, 0.025666666666666667, 0.027
1 0.432875, 0.5591666666666667, 0.045, 0.01775
1 0.771875, 0.5608333333333333, 0.049, 0.01625
1 0.877375, 0.5611666666666667, 0.043333333333333335, 0.037
1 0.342625, 0.5621666666666667, 0.051333333333333335, 0.0195
1 0.933625, 0.5628333333333333, 0.04833333333333333, 0.03175
1 -0.000125, 0.5701666666666667, 0.013, 0.010625
1 0.557875, 0.5648333333333333, 0.043, 0.0235
1 0.851375, 0.5661666666666667, 0.029, 0.02025
1 0.672625, 0.5711666666666667, 0.042333333333333334, 0.014
1 0.964375, 0.5735, 0.057, 0.0215
1 0.983625, 0.5778333333333333, 0.048666666666666664, 0.01625
1 0.480375, 0.5791666666666667, 0.046, 0.0205
1 0.641625, 0.5801666666666667, 0.049, 0.02225
1 0.499875, 0.5808333333333333, 0.04533333333333334, 0.0215
1 0.442125, 0.5808333333333333, 0.034, 0.03025
1 0.600375, 0.5815, 0.044333333333333336, 0.02375
1 0.515375, 0.5848333333333333, 0.042666666666666665, 0.015
1 0.659125, 0.5861666666666666, 0.051333333333333335, 0.0185
1 0.615125, 0.5875, 0.047, 0.025
1 0.127625, 0.5881666666666666, 0.027666666666666666, 0.04
1 0.368875, 0.5898333333333333, 0.04733333333333333, 0.026
1 0.575875, 0.6018333333333333, 0.048, 0.0275
1 0.926625, 0.6031666666666666, 0.03, 0.04225
1 0.550625, 0.6038333333333333, 0.04533333333333334, 0.0325
1 0.095875, 0.6315, 0.04533333333333334, 0.02625
1 0.784375, 0.7008333333333333, 0.036, 0.01825
1 0.330625, 0.7235, 0.04766666666666667, 0.02775
1 0.673125, 0.7268333333333333, 0.019, 0.026
1 0.726875, 0.7301666666666666, 0.03966666666666667, 0.03275
1 0.730375, 0.7475, 0.03233333333333333, 0.022
1 0.783875, 0.7361666666666666, 0.02266666666666667, 0.03425
1 0.90775, 0.7481666666666666, 0.049, 0.032625
1 0.865625, 0.7701666666666667, 0.027333333333333334, 0.02725
1 0.0623825, 0.5184166666666666, 0.041, 0.01569
1 0.048159999999999994, 0.5219166666666667, 0.03379, 0.0183775
1 0.08926, 0.46791666666666665, 0.03, 0.0348175
1 0.11741249999999999, 0.4408733333333333, 0.02792, 0.02597
1 0.29220999999999997, 0.5315833333333333, 0.057416666666666664, 0.0156275
1 0.30082749999999997, 0.51, 0.03233333333333333, 0.0168775
1 0.543265, 0.2628333333333333, 0.016916666666666667, 0.016065000000000003
1 0.6328825, 0.5651666666666667, 0.030333333333333334, 0.037697499999999995
1 0.6170725, 0.5579166666666666, 0.036583333333333336, 0.023440000000000003
1 -6.25e-05, 0.4464166666666667, 0.018416666666666668, 0.0051875
