1 0.42790570175438597, 0.23862390350877194, 0.013980263157894737, 0.017178362573099414
1 0.50484283625731, 0.23917214912280702, 0.015899122807017545, 0.01425438596491228
1 0.5624086257309941, 0.24136513157894737, 0.01836622807017544, 0.010416666666666666
1 0.4450840643274854, 0.2421875, 0.008223684210526315, 0.015533625730994151
1 0.4438048245614035, 0.2441063596491228, 0.012883771929824562, 0.01608187134502924
1 0.5801352339181286, 0.2460252192982456, 0.013157894736842105, 0.009868421052631578
1 0.42425073099415206, 0.2526726973684211, 0.008703399122807017, 0.018092105263157895
1 0.44161184210526316, 0.25424890350877194, 0.007401315789473684, 0.01425438596491228
1 0.5079495614035088, 0.24821820175438597, 0.014528508771929825, 0.018457602339181287
1 0.5116045321637427, 0.2534265350877193, 0.01343201754385965, 0.018548976608187134
1 0.5169042397660819, 0.2597313596491228, 0.013706140350877192, 0.013888888888888888
1 0.5932931286549707, 0.24849232456140352, 0.01343201754385965, 0.02101608187134503
1 0.4754203216374269, 0.2490405701754386, 0.01069078947368421, 0.008954678362573099
1 0.4978983918128655, 0.2501370614035088, 0.02138157894736842, 0.009502923976608187
1 0.6618238304093568, 0.2515076754385965, 0.015076754385964912, 0.01114766081871345
1 0.6057200292397661, 0.2520559210526316, 0.007675438596491228, 0.019736842105263157
1 0.4081688596491228, 0.2526041666666667, 0.015350877192982455, 0.010964912280701754
1 0.48309576023391815, 0.25233004385964913, 0.021655701754385966, 0.007858187134502924
1 0.46500365497076024, 0.25424890350877194, 0.016721491228070175, 0.009685672514619883
1 0.5856176900584795, 0.25424890350877194, 0.02055921052631579, 0.010782163742690058
1 0.6853983918128655, 0.2539747807017544, 0.020285087719298246, 0.01023391812865497
1 0.3862390350877193, 0.2545230263157895, 0.01069078947368421, 0.018457602339181287
1 0.5567434210526315, 0.2545230263157895, 0.02275219298245614, 0.009868421052631578
1 0.6375182748538012, 0.2553453947368421, 0.010964912280701754, 0.014071637426900584
1 0.5315241228070176, 0.25561951754385964, 0.01699561403508772, 0.01114766081871345
1 0.5190972222222222, 0.2668585526315789, 0.018092105263157895, 0.015259502923976608
1 0.5435855263157895, 0.25616776315789475, 0.01781798245614035, 0.013157894736842105
1 0.7038559941520468, 0.25671600877192985, 0.01425438596491228, 0.008954678362573099
1 0.5695358187134503, 0.25753837719298245, 0.020285087719298246, 0.010051169590643274
1 0.6731542397660819, 0.2578125, 0.015625, 0.01206140350877193
1 0.7433296783625731, 0.25753837719298245, 0.012335526315789474, 0.018092105263157895
1 0.5790387426900585, 0.2578125, 0.019736842105263157, 0.007675438596491228
1 0.47231359649122806, 0.2583607456140351, 0.01781798245614035, 0.010599415204678362
1 0.6148574561403509, 0.25890899122807015, 0.01617324561403509, 0.011695906432748537
1 0.6115679824561403, 0.27508223684210525, 0.02055921052631579, 0.010599415204678362
1 0.6961805555555556, 0.2583607456140351, 0.016721491228070175, 0.008589181286549707
1 0.6557931286549707, 0.26055372807017546, 0.010416666666666666, 0.01023391812865497
1 0.6020650584795322, 0.26000548245614036, 0.022203947368421052, 0.012975146198830409
1 0.5830592105263158, 0.2641173245614035, 0.018914473684210526, 0.021198830409356724
1 0.6210709064327485, 0.26137609649122806, 0.01699561403508772, 0.008954678362573099
1 0.6294773391812866, 0.26137609649122806, 0.01206140350877193, 0.007675438596491228
1 0.3778326023391813, 0.2616502192982456, 0.015899122807017545, 0.013523391812865496
1 0.3915387426900585, 0.26247258771929827, 0.01644736842105263, 0.016812865497076022
1 0.40158991228070173, 0.26740679824561403, 0.00918311403508772, 0.023574561403508772
1 0.7135416666666666, 0.26274671052631576, 0.013706140350877192, 0.01206140350877193
1 0.5039290935672515, 0.2641173245614035, 0.01206140350877193, 0.015350877192982455
1 0.5600328947368421, 0.2649396929824561, 0.019736842105263157, 0.010964912280701754
1 0.6501279239766082, 0.2652138157894737, 0.015899122807017545, 0.01699561403508772
1 0.6342288011695907, 0.2657620614035088, 0.01425438596491228, 0.0133406432748538
1 0.7709247076023392, 0.2657620614035088, 0.018914473684210526, 0.01206140350877193
1 0.5395650584795322, 0.2660361842105263, 0.015625, 0.017178362573099414
1 0.6660270467836257, 0.2663103070175439, 0.013706140350877192, 0.009685672514619883
1 0.6768092105263158, 0.2660361842105263, 0.015350877192982455, 0.014437134502923976
1 0.763249269005848, 0.2671326754385965, 0.018914473684210526, 0.012609649122807017
1 0.6404422514619883, 0.26987390350877194, 0.01617324561403509, 0.012244152046783625
1 0.809484649122807, 0.26932565789473684, 0.01644736842105263, 0.011330409356725146
1 0.4626279239766082, 0.27179276315789475, 0.01864035087719298, 0.010051169590643274
1 0.6983735380116959, 0.2720668859649123, 0.01206140350877193, 0.018457602339181287
1 0.7795138888888888, 0.2772752192982456, 0.01864035087719298, 0.01114766081871345
1 0.8018092105263158, 0.2720668859649123, 0.014802631578947368, 0.011239035087719298
1 0.8021747076023392, 0.2838541666666667, 0.019736842105263157, 0.01827485380116959
1 0.498812134502924, 0.27316337719298245, 0.010416666666666666, 0.019736842105263157
1 0.5238486842105263, 0.2734375, 0.016721491228070175, 0.015533625730994151
1 0.653234649122807, 0.27371162280701755, 0.015076754385964912, 0.012609649122807017
1 0.5382858187134503, 0.27425986842105265, 0.02412280701754386, 0.009868421052631578
1 0.6230811403508771, 0.27425986842105265, 0.014528508771929825, 0.010599415204678362
1 0.39837171052631576, 0.2748081140350877, 0.006853070175438596, 0.023868786549707605
1 0.4697551169590643, 0.2753563596491228, 0.017269736842105265, 0.011878654970760233
1 0.5850694444444444, 0.28549890350877194, 0.0200109649122807, 0.01114766081871345
1 0.5920138888888888, 0.2953673245614035, 0.023300438596491228, 0.013523391812865496
1 0.7913925438596491, 0.2753563596491228, 0.017543859649122806, 0.011878654970760233
1 0.7184758771929824, 0.27700109649122806, 0.01864035087719298, 0.015350877192982455
1 0.37838084795321636, 0.2778234649122807, 0.01425438596491228, 0.014802631578947368
1 0.6821089181286549, 0.2778234649122807, 0.011513157894736841, 0.012244152046783625
1 0.4284576023391813, 0.27826754385964914, 0.016071820175438598, 0.01772295321637427
1 0.43722587719298245, 0.2890625, 0.022203947368421052, 0.013157894736842105
1 0.4840095029239766, 0.27809758771929827, 0.011787280701754386, 0.021747076023391813
1 0.39172149122807015, 0.2786458333333333, 0.008771929824561403, 0.021564327485380116
1 0.41091008771929827, 0.2819353070175439, 0.015076754385964912, 0.00932017543859649
1 0.40542763157894735, 0.2967379385964912, 0.011239035087719298, 0.011891447368421052
1 0.704952485380117, 0.27891995614035087, 0.01918859649122807, 0.00932017543859649
1 0.6930738304093568, 0.27946820175438597, 0.02055921052631579, 0.012975146198830409
1 0.7391264619883041, 0.2791940789473684, 0.01781798245614035, 0.011513157894736841
1 0.3040021929824561, 0.2797423245614035, 0.017543859649122806, 0.019005847953216373
1 0.34384137426900585, 0.2797423245614035, 0.022478070175438597, 0.013157894736842105
1 0.421875, 0.28029057017543857, 0.01425438596491228, 0.010782163742690058
1 0.41949926900584794, 0.2833059210526316, 0.026041666666666668, 0.00932017543859649
1 0.7135416666666666, 0.2800164473684211, 0.015076754385964912, 0.011878654970760233
1 0.6671235380116959, 0.2805646929824561, 0.016721491228070175, 0.02010233918128655
1 0.5481542397660819, 0.2808388157894737, 0.012609649122807017, 0.020650584795321638
1 0.6314875730994152, 0.2811129385964912, 0.01864035087719298, 0.009137426900584795
1 0.6404422514619883, 0.2808388157894737, 0.015625, 0.016812865497076022
1 0.3326937134502924, 0.2824835526315789, 0.02055921052631579, 0.011330409356725146
1 0.3511513157894737, 0.2824835526315789, 0.019736842105263157, 0.014985380116959063
1 0.4500182748538012, 0.2827576754385965, 0.019736842105263157, 0.012609649122807017
1 0.815515350877193, 0.2824835526315789, 0.020285087719298246, 0.01516812865497076
1 0.5017361111111112, 0.28358004385964913, 0.01425438596491228, 0.027412280701754384
1 0.6026133040935673, 0.2833059210526316, 0.017543859649122806, 0.012609649122807017
1 0.46957236842105265, 0.28412828947368424, 0.016721491228070175, 0.01516812865497076
1 0.46390716374269003, 0.30002741228070173, 0.01699561403508772, 0.014437134502923976
1 0.5300621345029239, 0.28604714912280704, 0.019736842105263157, 0.014437134502923976
1 0.3811220760233918, 0.2865953947368421, 0.010964912280701754, 0.01918859649122807
1 0.3694261695906433, 0.2871436403508772, 0.017269736842105265, 0.011513157894736841
1 0.5956688596491229, 0.28686951754385964, 0.021655701754385966, 0.013706140350877192
1 0.7692799707602339, 0.28686951754385964, 0.015899122807017545, 0.020285087719298246
1 0.4768823099415205, 0.28741776315789475, 0.019736842105263157, 0.015899122807017545
1 0.6199744152046783, 0.28741776315789475, 0.01864035087719298, 0.010782163742690058
1 0.6621893274853801, 0.28933662280701755, 0.020833333333333332, 0.016264619883040937
1 0.6570723684210527, 0.2909813596491228, 0.021655701754385966, 0.01644736842105263
1 0.49552266081871343, 0.28933662280701755, 0.013157894736842105, 0.02412280701754386
1 0.6886878654970761, 0.2890625, 0.01836622807017544, 0.015899122807017545
1 0.6707785087719298, 0.29015899122807015, 0.01617324561403509, 0.011878654970760233
1 0.7901133040935673, 0.28988486842105265, 0.020833333333333332, 0.012244152046783625
1 0.4565972222222222, 0.29015899122807015, 0.021107456140350877, 0.012244152046783625
1 0.48327850877192985, 0.29015899122807015, 0.019462719298245616, 0.01827485380116959
1 0.5541849415204678, 0.2915296052631579, 0.02055921052631579, 0.017726608187134504
1 0.5666118421052632, 0.29207785087719296, 0.021929824561403508, 0.011513157894736841
1 0.32976973684210525, 0.29207785087719296, 0.027960526315789474, 0.014802631578947368
1 0.6497624269005848, 0.29180372807017546, 0.022478070175438597, 0.017909356725146198
1 0.8286732456140351, 0.2923519736842105, 0.01699561403508772, 0.0133406432748538
1 0.8416483918128655, 0.29262609649122806, 0.01644736842105263, 0.01827485380116959
1 0.3630299707602339, 0.2929002192982456, 0.013980263157894737, 0.007492690058479532
1 0.8023574561403509, 0.29372258771929827, 0.01617324561403509, 0.015533625730994151
1 0.8003472222222222, 0.30879934210526316, 0.01864035087719298, 0.02046783625730994
1 0.6833881578947368, 0.2942708333333333, 0.016721491228070175, 0.01663011695906433
1 0.42827119883040937, 0.29454495614035087, 0.020285087719298246, 0.013706140350877192
1 0.7076937134502924, 0.2948190789473684, 0.013157894736842105, 0.027046783625730993
1 0.6428179824561403, 0.2953673245614035, 0.023848684210526317, 0.022478070175438597
1 0.5163559941520468, 0.2961896929824561, 0.020285087719298246, 0.017909356725146198
1 0.31569809941520466, 0.2970120614035088, 0.015076754385964912, 0.014802631578947368
1 0.6066337719298246, 0.2967379385964912, 0.01836622807017544, 0.012792397660818713
1 0.3685124269005848, 0.29865679824561403, 0.019462719298245616, 0.020285087719298246
1 0.5275036549707602, 0.2989309210526316, 0.013706140350877192, 0.013523391812865496
1 0.6324013157894737, 0.29865679824561403, 0.023026315789473683, 0.012792397660818713
1 0.7758589181286549, 0.2983826754385965, 0.022203947368421052, 0.017543859649122806
1 0.5454130116959064, 0.29920504385964913, 0.02275219298245614, 0.012975146198830409
1 0.7358369883040936, 0.2989309210526316, 0.01644736842105263, 0.021198830409356724
1 0.7177448830409356, 0.3003015350877193, 0.012883771929824562, 0.013523391812865496
1 0.7288925438596491, 0.30441337719298245, 0.014802631578947368, 0.019371345029239765
1 0.4034173976608187, 0.3008497807017544, 0.030153508771929825, 0.015350877192982455
1 0.7519188596491229, 0.3008497807017544, 0.009046052631578948, 0.018457602339181287
1 0.3454861111111111, 0.30167214912280704, 0.013157894736842105, 0.023574561403508772
1 0.48547149122807015, 0.30194627192982454, 0.019736842105263157, 0.019554093567251463
1 0.5019188596491229, 0.3022203947368421, 0.019462719298245616, 0.012792397660818713
1 0.578125, 0.30194627192982454, 0.026041666666666668, 0.014802631578947368
1 0.38422880116959063, 0.3022203947368421, 0.022203947368421052, 0.014071637426900584
1 0.4425255847953216, 0.3033168859649123, 0.01836622807017544, 0.01425438596491228
1 0.8189875730994152, 0.30304276315789475, 0.01918859649122807, 0.02046783625730994
1 0.3045504385964912, 0.3033168859649123, 0.02138157894736842, 0.011695906432748537
1 0.628015350877193, 0.30359100877192985, 0.025767543859649123, 0.012609649122807017
1 0.6199744152046783, 0.30688048245614036, 0.02549342105263158, 0.011970029239766082
1 0.5148940058479532, 0.30441337719298245, 0.015625, 0.015716374269005847
1 0.7689144736842105, 0.3052357456140351, 0.0200109649122807, 0.018457602339181287
1 0.7773209064327485, 0.32250548245614036, 0.01781798245614035, 0.012975146198830409
1 0.7011147660818714, 0.3066063596491228, 0.0200109649122807, 0.014071637426900584
1 0.4575109649122807, 0.30742872807017546, 0.013157894736842105, 0.012609649122807017
1 0.7886513157894737, 0.30770285087719296, 0.020833333333333332, 0.017543859649122806
1 0.4143823099415205, 0.3085252192982456, 0.022203947368421052, 0.01516812865497076
1 0.5375548245614035, 0.3085252192982456, 0.02275219298245614, 0.008589181286549707
1 0.5229349415204678, 0.31345942982456143, 0.015899122807017545, 0.016264619883040937
1 0.6811951754385965, 0.30825109649122806, 0.015625, 0.023940058479532164
1 0.39245248538011696, 0.3090734649122807, 0.017543859649122806, 0.015533625730994151
1 0.6451937134502924, 0.30879934210526316, 0.01644736842105263, 0.019919590643274854
1 0.7122624269005848, 0.3090734649122807, 0.022203947368421052, 0.009685672514619883
1 0.5560124269005848, 0.30962171052631576, 0.012335526315789474, 0.0222953216374269
1 0.7219480994152047, 0.3098958333333333, 0.02549342105263158, 0.010599415204678362
1 0.7579495614035088, 0.3098958333333333, 0.015625, 0.01882309941520468
1 0.3760051169590643, 0.3120888157894737, 0.015625, 0.00932017543859649
1 0.6658442982456141, 0.31428179824561403, 0.023026315789473683, 0.015533625730994151
1 0.609375, 0.3145559210526316, 0.023848684210526317, 0.011513157894736841
1 0.41986476608187134, 0.31537828947368424, 0.024671052631578948, 0.014437134502923976
1 0.4430738304093567, 0.31483004385964913, 0.015076754385964912, 0.014528508771929825
1 0.44088084795321636, 0.3255208333333333, 0.01699561403508772, 0.008954678362573099
1 0.7435124269005848, 0.3151041666666667, 0.011787280701754386, 0.023940058479532164
1 0.35425804093567254, 0.31537828947368424, 0.019462719298245616, 0.011878654970760233
1 0.5978618421052632, 0.31565241228070173, 0.024396929824561403, 0.0133406432748538
1 0.4299159356725146, 0.31620065789473684, 0.02549342105263158, 0.01206140350877193
1 0.6786366959064327, 0.3159265350877193, 0.024671052631578948, 0.014985380116959063
1 0.7321820175438597, 0.3164747807017544, 0.020285087719298246, 0.011330409356725146
1 0.48693347953216376, 0.31729714912280704, 0.01864035087719298, 0.012792397660818713
1 0.6899671052631579, 0.31757127192982454, 0.023300438596491228, 0.015533625730994151
1 0.45860745614035087, 0.31811951754385964, 0.01425438596491228, 0.027046783625730993
1 0.5119700292397661, 0.31866776315789475, 0.021655701754385966, 0.014985380116959063
1 0.6355080409356725, 0.31921600877192985, 0.020833333333333332, 0.017543859649122806
1 0.546875, 0.31921600877192985, 0.013980263157894737, 0.029239766081871343
1 0.8177083333333334, 0.32058662280701755, 0.023026315789473683, 0.015716374269005847
1 0.5898209064327485, 0.3208607456140351, 0.02549342105263158, 0.011513157894736841
1 0.494608918128655, 0.32140899122807015, 0.01699561403508772, 0.017543859649122806
1 0.8065606725146199, 0.3216831140350877, 0.01836622807017544, 0.014619883040935672
1 0.4439875730994152, 0.32305372807017546, 0.02768640350877193, 0.019371345029239765
1 0.7583150584795322, 0.32332785087719296, 0.023574561403508772, 0.010782163742690058
1 0.7369334795321637, 0.32387609649122806, 0.018092105263157895, 0.014985380116959063
1 0.7482638888888888, 0.32387609649122806, 0.02549342105263158, 0.011330409356725146
1 0.7025767543859649, 0.3241502192982456, 0.01781798245614035, 0.01882309941520468
1 0.5713633040935673, 0.32497258771929827, 0.029331140350877194, 0.0133406432748538
1 0.38770102339181284, 0.3255208333333333, 0.015076754385964912, 0.010416666666666666
1 0.6444627192982456, 0.32579495614035087, 0.0200109649122807, 0.023026315789473683
1 0.36577119883040937, 0.32716557017543857, 0.017269736842105265, 0.0222953216374269
1 0.7661732456140351, 0.3277138157894737, 0.023300438596491228, 0.008771929824561403
1 0.798702485380117, 0.32990679824561403, 0.0200109649122807, 0.011695906432748537
1 0.8061951754385965, 0.3392269736842105, 0.013980263157894737, 0.025950292397660817
1 0.8001644736842105, 0.3482730263157895, 0.026041666666666668, 0.026133040935672515
1 0.5611293859649122, 0.33100328947368424, 0.02631578947368421, 0.012609649122807017
1 0.7692799707602339, 0.3320997807017544, 0.027138157894736843, 0.01516812865497076
1 0.7882858187134503, 0.33374451754385964, 0.02631578947368421, 0.011513157894736841
1 0.48181652046783624, 0.33484100877192985, 0.02823464912280702, 0.016264619883040937
1 0.6137609649122807, 0.33484100877192985, 0.014528508771929825, 0.023026315789473683
1 0.5845211988304093, 0.3353892543859649, 0.027412280701754384, 0.009685672514619883
1 0.6751644736842105, 0.33621162280701755, 0.027960526315789474, 0.014437134502923976
1 0.7171966374269005, 0.3364857456140351, 0.021655701754385966, 0.01114766081871345
1 0.7036732456140351, 0.33758223684210525, 0.02549342105263158, 0.016264619883040937
1 0.7276133040935673, 0.3373081140350877, 0.024945175438596492, 0.022112573099415205
1 0.5136147660818714, 0.33813048245614036, 0.02631578947368421, 0.011878654970760233
1 0.4989948830409357, 0.33867872807017546, 0.02412280701754386, 0.017361111111111112
1 0.40158991228070173, 0.33950109649122806, 0.022478070175438597, 0.012426900584795321
1 0.4606176900584795, 0.3397752192982456, 0.014802631578947368, 0.02448830409356725
1 0.5976790935672515, 0.3403234649122807, 0.028782894736842105, 0.012426900584795321
1 0.7438779239766082, 0.34004934210526316, 0.02138157894736842, 0.014619883040935672
1 0.6311220760233918, 0.34141995614035087, 0.027138157894736843, 0.0133406432748538
1 0.659265350877193, 0.34141995614035087, 0.027138157894736843, 0.014071637426900584
1 0.6096491228070176, 0.3416940789473684, 0.025219298245614034, 0.011787280701754386
1 0.688139619883041, 0.3422423245614035, 0.02412280701754386, 0.009685672514619883
1 0.6643823099415205, 0.36938048245614036, 0.027412280701754384, 0.022478070175438597
1 0.7815241228070176, 0.34279057017543857, 0.027138157894736843, 0.017726608187134504
1 0.5505299707602339, 0.3436129385964912, 0.019736842105263157, 0.018092105263157895
1 0.2864583333333333, 0.3444353070175439, 0.028782894736842105, 0.014071637426900584
1 0.4522112573099415, 0.34470942982456143, 0.021929824561403508, 0.011513157894736841
1 0.806063596491228, 0.34553179824561403, 0.0200109649122807, 0.028823099415204678
1 0.31551535087719296, 0.34662828947368424, 0.024945175438596492, 0.015533625730994151
1 0.3421966374269006, 0.3463541666666667, 0.023026315789473683, 0.010416666666666666
1 0.6934393274853801, 0.3463541666666667, 0.024396929824561403, 0.012975146198830409
1 0.23528874269005848, 0.34745065789473684, 0.020285087719298246, 0.015350877192982455
1 0.33068347953216376, 0.3482730263157895, 0.01699561403508772, 0.01114766081871345
1 0.36796418128654973, 0.3477247807017544, 0.024396929824561403, 0.017726608187134504
1 0.3040021929824561, 0.34854714912280704, 0.026041666666666668, 0.014619883040935672
1 0.669499269005848, 0.35074013157894735, 0.022203947368421052, 0.012975146198830409
1 0.45842470760233917, 0.3534813596491228, 0.020833333333333332, 0.01023391812865497
1 0.7065972222222222, 0.3534813596491228, 0.019736842105263157, 0.009137426900584795
1 0.2692799707602339, 0.35375548245614036, 0.027412280701754384, 0.011513157894736841
1 0.7528326023391813, 0.35375548245614036, 0.023574561403508772, 0.012609649122807017
1 0.46829312865497075, 0.3554002192982456, 0.023300438596491228, 0.020285087719298246
1 0.573921783625731, 0.35622258771929827, 0.029331140350877194, 0.01608187134502924
1 0.5609466374269005, 0.3647203947368421, 0.034265350877192985, 0.015899122807017545
1 0.2930372807017544, 0.3581414473684211, 0.020833333333333332, 0.012426900584795321
1 0.40999634502923976, 0.3578673245614035, 0.018092105263157895, 0.013157894736842105
1 0.5446820175438597, 0.3578673245614035, 0.026589912280701754, 0.014437134502923976
1 0.7128106725146199, 0.35841557017543857, 0.01699561403508772, 0.017543859649122806
1 0.2786001461988304, 0.3589638157894737, 0.01617324561403509, 0.00712719298245614
1 0.3250182748538012, 0.3595120614035088, 0.02850877192982456, 0.012609649122807017
1 0.2389437134502924, 0.3597861842105263, 0.026589912280701754, 0.02101608187134503
1 0.5172697368421053, 0.3600603070175439, 0.019736842105263157, 0.01918859649122807
1 0.5286001461988304, 0.3597861842105263, 0.022203947368421052, 0.018092105263157895
1 0.6223501461988304, 0.36033442982456143, 0.02549342105263158, 0.014437134502923976
1 0.7627010233918129, 0.3614309210526316, 0.022478070175438597, 0.014802631578947368
1 0.5052083333333334, 0.36170504385964913, 0.024671052631578948, 0.009502923976608187
1 0.7305372807017544, 0.36170504385964913, 0.03042763157894737, 0.01608187134502924
1 0.4917763157894737, 0.36225328947368424, 0.022203947368421052, 0.015625
1 0.20531798245614036, 0.3638980263157895, 0.021655701754385966, 0.014985380116959063
1 0.20860745614035087, 0.38116776315789475, 0.013980263157894737, 0.01663011695906433
1 0.1980080409356725, 0.38308662280701755, 0.01836622807017544, 0.014437134502923976
1 0.5965826023391813, 0.36444627192982454, 0.02850877192982456, 0.01882309941520468
1 0.25703581871345027, 0.3647203947368421, 0.03755482456140351, 0.01425438596491228
1 0.4121893274853801, 0.3647203947368421, 0.020833333333333332, 0.015716374269005847
1 0.33671418128654973, 0.3658168859649123, 0.02631578947368421, 0.01023391812865497
1 0.38934576023391815, 0.3677357456140351, 0.02987938596491228, 0.01206140350877193
1 0.43667763157894735, 0.36746162280701755, 0.020833333333333332, 0.012792397660818713
1 0.4483735380116959, 0.3776041666666667, 0.009868421052631578, 0.01425438596491228
1 0.44453581871345027, 0.36746162280701755, 0.01699561403508772, 0.02448830409356725
1 0.4620796783625731, 0.38253837719298245, 0.026589912280701754, 0.010416666666666666
1 0.21975511695906433, 0.36828399122807015, 0.02412280701754386, 0.017178362573099414
1 0.6446454678362573, 0.36800986842105265, 0.026589912280701754, 0.015716374269005847
1 0.6355080409356725, 0.36883223684210525, 0.028782894736842105, 0.019919590643274854
1 0.34713084795321636, 0.36938048245614036, 0.027138157894736843, 0.014437134502923976
1 0.6859466374269005, 0.3704769736842105, 0.023574561403508772, 0.01608187134502924
1 0.31259137426900585, 0.3715734649122807, 0.027138157894736843, 0.013888888888888888
1 0.41986476608187134, 0.37212171052631576, 0.030153508771929825, 0.015899122807017545
1 0.36485745614035087, 0.37266995614035087, 0.032072368421052634, 0.019005847953216373
1 0.36577119883040937, 0.38308662280701755, 0.028782894736842105, 0.02101608187134503
1 0.2901133040935672, 0.3748629385964912, 0.03125, 0.017909356725146198
1 0.6154057017543859, 0.3748629385964912, 0.02138157894736842, 0.012244152046783625
1 0.2756761695906433, 0.3754111842105263, 0.025219298245614034, 0.015533625730994151
1 0.40140716374269003, 0.3751370614035088, 0.031524122807017545, 0.01516812865497076
1 0.46957236842105265, 0.37595942982456143, 0.03234649122807018, 0.012792397660818713
1 0.7029422514619883, 0.3756853070175439, 0.010964912280701754, 0.027595029239766082
1 0.5499817251461988, 0.3770559210526316, 0.031524122807017545, 0.014619883040935672
1 0.4807200292397661, 0.37733004385964913, 0.0200109649122807, 0.0133406432748538
1 0.7402229532163743, 0.37733004385964913, 0.0268640350877193, 0.011878654970760233
1 0.4297331871345029, 0.37787828947368424, 0.017543859649122806, 0.010051169590643274
1 0.5859831871345029, 0.37787828947368424, 0.02768640350877193, 0.013523391812865496
1 0.49917763157894735, 0.38007127192982454, 0.02905701754385965, 0.015716374269005847
1 0.5024671052631579, 0.4009046052631579, 0.018914473684210526, 0.010782163742690058
1 0.5227521929824561, 0.38171600877192985, 0.021929824561403508, 0.014437134502923976
1 0.7559393274853801, 0.38171600877192985, 0.02275219298245614, 0.017178362573099414
1 0.5974963450292398, 0.38390899122807015, 0.02549342105263158, 0.0133406432748538
1 0.5717288011695907, 0.38555372807017546, 0.018914473684210526, 0.014071637426900584
1 0.18503289473684212, 0.38637609649122806, 0.015625, 0.011695906432748537
1 0.4523940058479532, 0.3861019736842105, 0.022203947368421052, 0.010782163742690058
1 0.624360380116959, 0.38637609649122806, 0.025219298245614034, 0.013706140350877192
1 0.7051352339181286, 0.3880208333333333, 0.03179824561403509, 0.0133406432748538
1 0.32538377192982454, 0.3891173245614035, 0.01069078947368421, 0.022112573099415205
1 0.4258954678362573, 0.38884320175438597, 0.02275219298245614, 0.025950292397660817
1 0.721765350877193, 0.3902138157894737, 0.021107456140350877, 0.018457602339181287
1 0.2977887426900585, 0.3918585526315789, 0.024396929824561403, 0.015350877192982455
1 0.4924159356725146, 0.39240679824561403, 0.029331140350877194, 0.009685672514619883
1 0.6380665204678363, 0.3921326754385965, 0.029331140350877194, 0.012975146198830409
1 0.4807200292397661, 0.39295504385964913, 0.016721491228070175, 0.01114766081871345
1 0.5419407894736842, 0.39295504385964913, 0.01644736842105263, 0.015350877192982455
1 0.6506761695906432, 0.39487390350877194, 0.02631578947368421, 0.01644736842105263
1 0.6727887426900585, 0.39432565789473684, 0.02850877192982456, 0.010599415204678362
1 0.6830226608187134, 0.40063048245614036, 0.02138157894736842, 0.01644736842105263
1 0.6939894005847954, 0.39350328947368424, 0.026041666666666668, 0.009457236842105263
1 0.3204495614035088, 0.39569627192982454, 0.015899122807017545, 0.024671052631578948
1 0.5989583333333334, 0.39624451754385964, 0.01699561403508772, 0.023026315789473683
1 0.5963998538011696, 0.4074835526315789, 0.015899122807017545, 0.02503654970760234
1 0.43064692982456143, 0.3970668859649123, 0.0200109649122807, 0.02320906432748538
1 0.5569261695906432, 0.3978892543859649, 0.021655701754385966, 0.01827485380116959
1 0.5664290935672515, 0.40337171052631576, 0.01918859649122807, 0.02448830409356725
1 0.5783077485380117, 0.41378837719298245, 0.015625, 0.023940058479532164
1 0.24241593567251463, 0.3989857456140351, 0.01425438596491228, 0.028143274853801168
1 0.18887061403508773, 0.41241776315789475, 0.021929824561403508, 0.021929824561403508
1 0.16584429824561403, 0.4231085526315789, 0.013980263157894737, 0.0268640350877193
1 0.27074195906432746, 0.4009046052631579, 0.007675438596491228, 0.022112573099415205
1 0.41328581871345027, 0.40117872807017546, 0.015076754385964912, 0.01608187134502924
1 0.746984649122807, 0.40145285087719296, 0.03262061403508772, 0.01206140350877193
1 0.3043676900584795, 0.4022752192982456, 0.01918859649122807, 0.013157894736842105
1 0.15067616959064328, 0.41132127192982454, 0.02905701754385965, 0.0133406432748538
1 0.3142361111111111, 0.4041940789473684, 0.02850877192982456, 0.014802631578947368
1 0.542671783625731, 0.40391995614035087, 0.027960526315789474, 0.013523391812865496
1 0.7762244152046783, 0.40391995614035087, 0.02768640350877193, 0.012975146198830409
1 0.1769919590643275, 0.4055646929824561, 0.014802631578947368, 0.01827485380116959
1 0.34786184210526316, 0.4058388157894737, 0.01836622807017544, 0.014985380116959063
1 0.38934576023391815, 0.4058388157894737, 0.01425438596491228, 0.021929824561403508
1 0.5255902777777778, 0.40337171052631576, 0.01918859649122807, 0.0178125
1 0.7634320175438597, 0.4061129385964912, 0.029605263157894735, 0.015899122807017545
1 0.23017178362573099, 0.4063870614035088, 0.022478070175438597, 0.014071637426900584
1 0.43832236842105265, 0.40858004385964913, 0.020833333333333332, 0.015533625730994151
1 0.44161184210526316, 0.41680372807017546, 0.015350877192982455, 0.026133040935672515
1 0.27183845029239767, 0.40858004385964913, 0.01069078947368421, 0.027595029239766082
1 0.2612390350877193, 0.4107730263157895, 0.00849780701754386, 0.017178362573099414
1 0.2694627192982456, 0.41625548245614036, 0.02275219298245614, 0.01516812865497076
1 0.44800804093567254, 0.40858004385964913, 0.012883771929824562, 0.01864035087719298
1 0.46500365497076024, 0.4088541666666667, 0.008223684210526315, 0.009868421052631578
1 0.46884137426900585, 0.40940241228070173, 0.015350877192982455, 0.020285087719298246
1 0.3214491959064327, 0.40912828947368424, 0.01819627192982456, 0.028422880116959065
1 0.5178179824561403, 0.40912828947368424, 0.021107456140350877, 0.02320906432748538
1 0.21902412280701755, 0.4096765350877193, 0.01425438596491228, 0.013888888888888888
1 0.7330957602339181, 0.4107730263157895, 0.023574561403508772, 0.010964912280701754
1 0.6168676900584795, 0.4113898026315789, 0.015830592105263157, 0.02540204678362573
1 0.6576206140350878, 0.41132127192982454, 0.027069627192982455, 0.014985380116959063
1 0.24027777777777776, 0.41433662280701755, 0.016927083333333332, 0.022605994152046786
1 0.39263523391812866, 0.41515899122807015, 0.02055921052631579, 0.009685672514619883
1 0.7177448830409356, 0.41515899122807015, 0.016721491228070175, 0.01425438596491228
1 0.7144554093567251, 0.42804276315789475, 0.020285087719298246, 0.011659356725146197
1 0.7014802631578947, 0.4381853070175439, 0.02823464912280702, 0.013523391812865496
1 0.7128106725146199, 0.4472313596491228, 0.015350877192982455, 0.015899122807017545
1 0.3825840643274854, 0.41570723684210525, 0.016721491228070175, 0.01114766081871345
1 0.36485745614035087, 0.43325109649122806, 0.01644736842105263, 0.015899122807017545
1 0.2552083333333333, 0.4165296052631579, 0.021107456140350877, 0.016812865497076022
1 0.4295504385964912, 0.41680372807017546, 0.026041666666666668, 0.011330409356725146
1 0.740953947368421, 0.41680372807017546, 0.023300438596491228, 0.011513157894736841
1 0.4748720760233918, 0.41762609649122806, 0.021107456140350877, 0.017543859649122806
1 0.474141081871345, 0.43050986842105265, 0.015625, 0.014437134502923976
1 0.602796052631579, 0.42091557017543857, 0.011787280701754386, 0.010051169590643274
1 0.13770102339181287, 0.4192708333333333, 0.027960526315789474, 0.012426900584795321
1 0.11229897660818713, 0.42694627192982454, 0.01918859649122807, 0.027777777777777776
1 0.2784173976608187, 0.4192708333333333, 0.01617324561403509, 0.019919590643274854
1 0.29559576023391815, 0.4225603070175439, 0.015625, 0.01882309941520468
1 0.28115862573099415, 0.4263980263157895, 0.029605263157894735, 0.01425438596491228
1 0.7067799707602339, 0.4192708333333333, 0.01836622807017544, 0.010782163742690058
1 0.686860380116959, 0.41954495614035087, 0.016721491228070175, 0.010051169590643274
1 0.7595942982456141, 0.41954495614035087, 0.024671052631578948, 0.015899122807017545
1 0.36449195906432746, 0.42009320175438597, 0.015076754385964912, 0.012792397660818713
1 0.49661915204678364, 0.4203673245614035, 0.01206140350877193, 0.03033625730994152
1 0.4949762426900585, 0.4291392543859649, 0.012678179824561403, 0.025034722222222226
1 0.5519919590643275, 0.42009320175438597, 0.01781798245614035, 0.01964546783625731
1 0.5709978070175439, 0.43379934210526316, 0.015899122807017545, 0.011695906432748537
1 0.5636878654970761, 0.4373629385964912, 0.03234649122807018, 0.010599415204678362
1 0.3988486842105263, 0.42091557017543857, 0.019736842105263157, 0.010599415204678362
1 0.5680738304093568, 0.4206414473684211, 0.012335526315789474, 0.01644736842105263
1 0.34292763157894735, 0.4258497807017544, 0.029331140350877194, 0.009685672514619883
1 0.671875, 0.4214638157894737, 0.01644736842105263, 0.014619883040935672
1 0.7266995614035088, 0.4214638157894737, 0.018914473684210526, 0.013523391812865496
1 0.48729897660818716, 0.4217379385964912, 0.02412280701754386, 0.010051169590643274
1 0.6241776315789473, 0.4217379385964912, 0.013157894736842105, 0.026133040935672515
1 0.62984283625731, 0.43050986842105265, 0.022478070175438597, 0.015442251461988304
1 0.6928910818713451, 0.4220120614035088, 0.022203947368421052, 0.012975146198830409
1 0.21061769005847952, 0.4222861842105263, 0.012883771929824562, 0.027412280701754384
1 0.2307200292397661, 0.42996162280701755, 0.023574561403508772, 0.01836622807017544
1 0.20550073099415206, 0.4310581140350877, 0.015762061403508772, 0.03088998538011696
1 0.5783077485380117, 0.4231085526315789, 0.02631578947368421, 0.013157894736842105
1 0.5900036549707602, 0.4272203947368421, 0.026589912280701754, 0.011330409356725146
1 0.6101059941520468, 0.42283442982456143, 0.02412280701754386, 0.013157894736842105
1 0.6450109649122807, 0.4231085526315789, 0.02138157894736842, 0.012244152046783625
1 0.35809576023391815, 0.4233826754385965, 0.01699561403508772, 0.013523391812865496
1 0.3522478070175439, 0.4263980263157895, 0.02823464912280702, 0.013157894736842105
1 0.4635416666666667, 0.4370888157894737, 0.026589912280701754, 0.009685672514619883
1 0.45550073099415206, 0.44503837719298245, 0.023848684210526317, 0.008771929824561403
1 0.5276864035087719, 0.42694627192982454, 0.023848684210526317, 0.013066520467836257
1 0.5311586257309941, 0.4272203947368421, 0.03344298245614035, 0.019554093567251463
1 0.5187317251461988, 0.43242872807017546, 0.01918859649122807, 0.009137426900584795
1 0.7749451754385965, 0.4296875, 0.01617324561403509, 0.025219298245614034
1 0.27074195906432746, 0.42996162280701755, 0.024945175438596492, 0.010599415204678362
1 0.6007858187134503, 0.43133223684210525, 0.019462719298245616, 0.013706140350877192
1 0.40542763157894735, 0.43242872807017546, 0.01617324561403509, 0.027960526315789474
1 0.6780884502923976, 0.43242872807017546, 0.021929824561403508, 0.023757309941520467
1 0.6872258771929824, 0.4472313596491228, 0.01836622807017544, 0.01516812865497076
1 0.7022112573099415, 0.46203399122807015, 0.014528508771929825, 0.02046783625730994
1 0.16968201754385964, 0.4335252192982456, 0.015076754385964912, 0.033625730994152045
1 0.3103983918128655, 0.4370888157894737, 0.024396929824561403, 0.010416666666666666
1 0.6166849415204678, 0.43571820175438597, 0.020833333333333332, 0.013888888888888888
1 0.31734283625730997, 0.4362664473684211, 0.025767543859649123, 0.012975146198830409
1 0.5518092105263158, 0.4362664473684211, 0.02138157894736842, 0.013888888888888888
1 0.3972039473684211, 0.4368146929824561, 0.017543859649122806, 0.008223684210526315
1 0.49570540935672514, 0.43654057017543857, 0.01918859649122807, 0.02101608187134503
1 0.4836933479532164, 0.4401726973684211, 0.019668311403508772, 0.016449195906432748
1 0.2396747076023392, 0.4381853070175439, 0.038651315789473686, 0.014437134502923976
1 0.2862755847953216, 0.4395559210526316, 0.020285087719298246, 0.014071637426900584
1 0.7433296783625731, 0.4390076754385965, 0.023574561403508772, 0.017178362573099414
1 0.7473501461988304, 0.4576480263157895, 0.02823464912280702, 0.014985380116959063
1 0.29888523391812866, 0.43983004385964913, 0.03179824561403509, 0.019371345029239765
1 0.5397478070175439, 0.43983004385964913, 0.031524122807017545, 0.013706140350877192
1 0.6883223684210527, 0.46175986842105265, 0.01644736842105263, 0.013888888888888888
1 0.694718567251462, 0.4713541666666667, 0.0200109649122807, 0.023940058479532164
1 0.4249817251461988, 0.44120065789473684, 0.027960526315789474, 0.0133406432748538
1 0.7283442982456141, 0.4409265350877193, 0.012609649122807017, 0.01864035087719298
1 0.7272478070175439, 0.4447642543859649, 0.015076754385964912, 0.02266081871345029
1 0.7349232456140351, 0.45682565789473684, 0.024671052631578948, 0.01608187134502924
1 0.49954312865497075, 0.4420230263157895, 0.022203947368421052, 0.022478070175438597
1 0.5516264619883041, 0.4428453947368421, 0.025767543859649123, 0.0133406432748538
1 0.6429513888888889, 0.44257127192982454, 0.021655701754385966, 0.01558296783625731
1 0.647203947368421, 0.45929276315789475, 0.030975877192982455, 0.020285087719298246
1 0.4350328947368421, 0.44311951754385964, 0.020833333333333332, 0.011878654970760233
1 0.47249634502923976, 0.4439418859649123, 0.021929824561403508, 0.025767543859649123
1 0.7612390350877193, 0.4439418859649123, 0.027960526315789474, 0.011878654970760233
1 0.7716557017543859, 0.44558662280701755, 0.027412280701754384, 0.010782163742690058
1 0.6333150584795322, 0.44449013157894735, 0.01850328947368421, 0.014802631578947368
1 0.6349597953216374, 0.4614857456140351, 0.02275219298245614, 0.02046783625730994
1 0.4114583333333333, 0.44503837719298245, 0.029605263157894735, 0.0133406432748538
1 0.5763687865497076, 0.44997258771929827, 0.022203947368421052, 0.02441703216374269
1 0.43686038011695905, 0.4505208333333333, 0.03234649122807018, 0.01864035087719298
1 0.8147843567251462, 0.45024671052631576, 0.022478070175438597, 0.019005847953216373
1 0.832328216374269, 0.4565515350877193, 0.021107456140350877, 0.012426900584795321
1 0.39629020467836257, 0.4510690789473684, 0.033168859649122806, 0.01425438596491228
1 0.6038925438596491, 0.45079495614035087, 0.02055921052631579, 0.019736842105263157
1 0.6230811403508771, 0.4516173245614035, 0.02823464912280702, 0.013523391812865496
1 0.062225877192982455, 0.4518914473684211, 0.03892543859649123, 0.023940058479532164
1 0.513249269005848, 0.4527138157894737, 0.022478070175438597, 0.025584795321637425
1 0.7824378654970761, 0.4532620614035088, 0.022203947368421052, 0.017361111111111112
1 0.8025402046783626, 0.45600328947368424, 0.029331140350877194, 0.021929824561403508
1 0.8045120614035087, 0.4531935307017544, 0.03125, 0.02854714912280702
1 0.5996893274853801, 0.4535361842105263, 0.02987938596491228, 0.015899122807017545
1 0.5746527777777778, 0.45408442982456143, 0.023848684210526317, 0.022112573099415205
1 0.3347039473684211, 0.4557291666666667, 0.01781798245614035, 0.03179824561403509
1 0.18320540935672514, 0.45682565789473684, 0.032072368421052634, 0.01864035087719298
1 0.27403143274853803, 0.45792214912280704, 0.030153508771929825, 0.018092105263157895
1 0.37929459064327486, 0.45819627192982454, 0.032072368421052634, 0.017543859649122806
1 0.7224963450292398, 0.45805921052631576, 0.007538377192982456, 0.014672880116959065
1 0.7161001461988304, 0.4634731359649123, 0.02378015350877193, 0.02010964912280702
1 0.21006944444444445, 0.46011513157894735, 0.01864035087719298, 0.028326023391812866
1 0.2873720760233918, 0.46066337719298245, 0.02055921052631579, 0.02448830409356725
1 0.313687865497076, 0.46367872807017546, 0.0200109649122807, 0.013157894736842105
1 0.796875, 0.4634046052631579, 0.030975877192982455, 0.024853801169590642
1 0.7795138888888888, 0.4708059210526316, 0.021929824561403508, 0.03033625730994152
1 0.4944261695906433, 0.46587171052631576, 0.015899122807017545, 0.027960526315789474
1 0.7574013157894737, 0.4683388157894737, 0.027412280701754384, 0.011513157894736841
1 0.768000730994152, 0.4691611842105263, 0.028782894736842105, 0.01206140350877193
1 0.33908991228070173, 0.46970942982456143, 0.01781798245614035, 0.03033625730994152
1 0.7250548245614035, 0.47053179824561403, 0.02275219298245614, 0.01827485380116959
1 0.4534904970760234, 0.47190241228070173, 0.027412280701754384, 0.011695906432748537
1 0.25319809941520466, 0.4727247807017544, 0.017269736842105265, 0.023391812865497075
1 0.8334247076023392, 0.47299890350877194, 0.022203947368421052, 0.020833333333333332
1 0.3250182748538012, 0.47628837719298245, 0.026041666666666668, 0.010964912280701754
1 0.6223501461988304, 0.47628837719298245, 0.0424890350877193, 0.015533625730994151
1 0.6366045321637427, 0.47820723684210525, 0.03262061403508772, 0.013157894736842105
1 0.38495979532163743, 0.4790296052631579, 0.017543859649122806, 0.02284356725146199
1 0.4425255847953216, 0.4790296052631579, 0.02412280701754386, 0.01608187134502924
1 0.7800621345029239, 0.47875548245614036, 0.02631578947368421, 0.02722953216374269
1 0.4076206140350877, 0.47957785087719296, 0.0356359649122807, 0.019005847953216373
1 0.5726425438596491, 0.47930372807017546, 0.02823464912280702, 0.01608187134502924
1 0.29961622807017546, 0.4809484649122807, 0.030153508771929825, 0.01699561403508772
1 0.31167763157894735, 0.4831414473684211, 0.035910087719298246, 0.017726608187134504
1 0.19490131578947367, 0.4823190789473684, 0.027412280701754384, 0.01864035087719298
1 0.5951206140350878, 0.48204495614035087, 0.027412280701754384, 0.011513157894736841
1 0.5106907894736842, 0.4839638157894737, 0.01644736842105263, 0.028143274853801168
1 0.05820540935672515, 0.4850603070175439, 0.032072368421052634, 0.02101608187134503
1 0.18338815789473684, 0.48615679824561403, 0.03399122807017544, 0.015533625730994151
1 0.3502375730994152, 0.4864309210526316, 0.02823464912280702, 0.017361111111111112
1 0.15360014619883042, 0.48752741228070173, 0.027138157894736843, 0.025584795321637425
1 0.13843201754385964, 0.49520285087719296, 0.02631578947368421, 0.025219298245614034
1 0.03737207602339181, 0.48752741228070173, 0.025767543859649123, 0.026498538011695907
1 0.27110745614035087, 0.4878015350877193, 0.023026315789473683, 0.02138157894736842
1 0.21445540935672514, 0.48807565789473684, 0.0356359649122807, 0.014985380116959063
1 0.29139254385964913, 0.48917214912280704, 0.029605263157894735, 0.01864035087719298
1 0.5508954678362573, 0.4888980263157895, 0.027960526315789474, 0.014619883040935672
1 0.2257858187134503, 0.48917214912280704, 0.03481359649122807, 0.015350877192982455
1 0.25995979532163743, 0.48917214912280704, 0.033168859649122806, 0.017543859649122806
1 0.6393457602339181, 0.48944627192982454, 0.036458333333333336, 0.01663011695906433
1 0.3315972222222222, 0.4908168859649123, 0.031524122807017545, 0.024853801169590642
1 0.6062682748538012, 0.49191337719298245, 0.021655701754385966, 0.01644736842105263
1 0.6720577485380117, 0.49300986842105265, 0.03289473684210526, 0.023574561403508772
1 0.4805372807017544, 0.49383223684210525, 0.022478070175438597, 0.026133040935672515
1 0.6883223684210527, 0.49684758771929827, 0.025219298245614034, 0.015533625730994151
1 0.28152412280701755, 0.49684758771929827, 0.02412280701754386, 0.013523391812865496
1 0.5995065789473685, 0.49712171052631576, 0.0200109649122807, 0.012792397660818713
1 0.6576206140350878, 0.4979440789473684, 0.04269188596491228, 0.020687134502923976
1 0.518373538011696, 0.49941885964912286, 0.01963267543859649, 0.02466374269005848
1 0.5201937134502924, 0.5034265350877193, 0.02549342105263158, 0.01516812865497076
1 0.46445540935672514, 0.5009594298245614, 0.042214912280701754, 0.017178362573099414
1 0.4975328947368421, 0.5006853070175439, 0.034265350877192985, 0.023574561403508772
1 0.5801352339181286, 0.5026041666666666, 0.026589912280701754, 0.012244152046783625
1 0.534265350877193, 0.5042489035087719, 0.026041666666666668, 0.023574561403508772
1 0.6462902046783626, 0.5078125, 0.03453947368421053, 0.015350877192982455
1 0.763249269005848, 0.5089089912280702, 0.036458333333333336, 0.021747076023391813
1 0.707328216374269, 0.5100054824561403, 0.02768640350877193, 0.01425438596491228
1 0.20166301169590642, 0.5113760964912281, 0.035910087719298246, 0.022478070175438597
1 0.8334247076023392, 0.5138432017543859, 0.03399122807017544, 0.014437134502923976
1 0.7151864035087719, 0.5163103070175439, 0.025767543859649123, 0.016812865497076022
1 0.7223135964912281, 0.5165844298245614, 0.027138157894736843, 0.023026315789473683
1 0.6707785087719298, 0.5193256578947368, 0.018092105263157895, 0.023391812865497075
1 0.4523940058479532, 0.5313870614035088, 0.034265350877192985, 0.0133406432748538
1 0.5841557017543859, 0.5390625, 0.03289473684210526, 0.02412280701754386
1 0.4112755847953216, 0.5694901315789473, 0.023574561403508772, 0.012426900584795321
1 0.390625, 0.5884046052631579, 0.01644736842105263, 0.012244152046783625
1 0.6203399122807017, 0.5947094298245614, 0.02138157894736842, 0.023391812865497075
1 0.3939144736842105, 0.5958059210526315, 0.024945175438596492, 0.013888888888888888
1 0.28134137426900585, 0.602796052631579, 0.018777412280701754, 0.03141447368421053
1 0.14793494152046785, 0.6062225877192983, 0.014528508771929825, 0.02540204678362573
1 0.826297514619883, 0.6125274122807017, 0.01918859649122807, 0.02320906432748538
1 0.36101973684210525, 0.6207510964912281, 0.019462719298245616, 0.014619883040935672
1 0.8920869883040936, 0.6284265350877193, 0.012883771929824562, 0.02138157894736842
1 0.7521016081871345, 0.6585800438596491, 0.019736842105263157, 0.028143274853801168
1 0.9697551169590644, 0.6783168859649122, 0.026759868421052633, 0.026041666666666668
1 0.1058205409356725, 0.6557017543859649, 0.024671052631578948, 0.028146929824561406
1 0.4080756578947368, 0.8638980263157895, 0.03453947368421053, 0.04021016081871345
1 0.7127266081871345, 0.6381578947368421, 0.04139254385964912, 0.016769005847953218
1 0.6795540935672515, 0.6380208333333334, 0.021038925438596492, 0.034131944444444444
1 0.1618640350877193, 0.40309758771929827, 0.029947916666666668, 0.015994152046783627
1 0.1494937865497076, 0.4018640350877193, 0.017543859649122806, 0.025816885964912283
1 0.2026297514619883, 0.3939144736842105, 0.011787280701754386, 0.03257858187134503
1 0.20646747076023392, 0.39939692982456143, 0.01034813596491228, 0.030202850877192985
1 0.20922697368421053, 0.4061458333333333, 0.007231359649122806, 0.021109283625730994
1 0.2409173976608187, 0.42859100877192985, 0.024876644736842105, 0.014667397660818714
1 0.20536915204678363, 0.41015625, 0.025904605263157895, 0.01347953216374269
1 0.26198282163742687, 0.4398985745614035, 0.025424890350877194, 0.009550438596491228
1 0.2526608187134503, 0.42749451754385964, 0.03734923245614035, 0.016723318713450293
1 0.3012609649122807, 0.43434758771929827, 0.005208333333333333, 0.011695906432748537
1 0.43012426900584794, 0.24789199561403508, 0.008429276315789474, 0.01658625730994152
1 0.39657346491228074, 0.29070723684210525, 0.02240953947368421, 0.013890716374269007
1 0.38726973684210525, 0.2870751096491228, 0.01703125, 0.023965643274853798
1 0.45615131578947365, 0.24533991228070176, 0.01391173245614035, 0.015718201754385965
1 0.45573464912280703, 0.25616776315789475, 0.009353070175438596, 0.012794225146198832
1 0.4333954678362573, 0.2767269736842105, 0.0161047149122807, 0.020334429824561403
1 0.44657163742690054, 0.2702165570175439, 0.016378837719298246, 0.02063048245614035
1 0.44593201754385964, 0.2670997807017544, 0.009010416666666667, 0.010257675438596492
1 0.44826206140350877, 0.2624396929824561, 0.010416666666666666, 0.01798062865497076
1 0.4286604532163743, 0.2675438596491228, 0.010759320175438597, 0.01855263157894737
1 0.4256451023391813, 0.26024671052631576, 0.01846765350877193, 0.02371527777777778
1 0.41890533625730997, 0.25692160087719296, 0.012985197368421053, 0.01974049707602339
1 0.333296783625731, 0.42557565789473684, 0.028988486842105265, 0.014576023391812866
1 0.31520285087719296, 0.4303728070175439, 0.021107456140350877, 0.01919042397660819
1 0.319172149122807, 0.4251973684210526, 0.008944627192982457, 0.021065423976608186
1 0.3285453216374269, 0.4219435307017544, 0.006099232456140351, 0.027980628654970762
1 0.37962353801169596, 0.44414747807017546, 0.027480811403508772, 0.017819809941520468
1 0.3838669590643275, 0.4354440789473684, 0.01888157894736842, 0.013753654970760235
1 0.36438048245614035, 0.43194901315789475, 0.030052083333333333, 0.027552997076023395
1 0.37575840643274855, 0.41861842105263153, 0.01942982456140351, 0.01404970760233918
1 0.4356341374269006, 0.4272203947368421, 0.01679002192982456, 0.03038559941520468
1 0.44248355263157896, 0.4368832236842105, 0.016620065789473684, 0.01587719298245614
1 0.45424524853801174, 0.42663925438596495, 0.019854714912280705, 0.02305372807017544
1 0.45756030701754385, 0.4217379385964912, 0.007058662280701755, 0.023256578947368423
1 0.780844298245614, 0.44449013157894735, 0.018914473684210526, 0.022479897660818714
1 0.7802229532163742, 0.43883771929824567, 0.013569078947368422, 0.022275219298245615
1 0.7845924707602339, 0.2699424342105263, 0.023026315789473683, 0.01023391812865497
1 0.7326005116959065, 0.26836622807017546, 0.01747532894736842, 0.021246345029239767
1 0.7332127192982456, 0.26538377192982454, 0.01425438596491228, 0.02131578947368421
1 0.7494608918128656, 0.2847450657894737, 0.013637609649122808, 0.023395467836257313
1 0.7441154970760234, 0.29509320175438597, 0.00746984649122807, 0.028192616959064328
1 0.7933662280701754, 0.37424616228070173, 0.014048793859649123, 0.0330811403508772
1 0.7952394005847954, 0.3634183114035088, 0.013020833333333334, 0.023165204678362573
1 0.6722021198830409, 0.4546326754385965, 0.03296326754385965, 0.019510233918128655
1 0.6684100877192982, 0.4395559210526316, 0.018092105263157895, 0.019694809941520466
1 0.664298245614035, 0.43523848684210525, 0.011101973684210526, 0.017088815789473685
1 0.6626078216374269, 0.4468201754385965, 0.026589912280701754, 0.015994152046783627
1 0.6565497076023391, 0.4400712719298246, 0.03224232456140351, 0.012770467836257309
1 0.40985745614035085, 0.4206414473684211, 0.01493969298245614, 0.02060672514619883
1 0.4084630847953217, 0.4155701754385965, 0.011581688596491228, 0.017273391812865496
1 0.5745723684210526, 0.28481359649122806, 0.01850328947368421, 0.011834795321637427
1 0.5710709064327486, 0.27768640350877194, 0.015899122807017545, 0.017911184210526315
1 0.5851882309941521, 0.2747752192982456, 0.013497807017543861, 0.019671052631578947
1 0.651173245614035, 0.4360608552631579, 0.011787280701754386, 0.01772843567251462
1 0.1764875730994152, 0.41303453947368424, 0.011787280701754386, 0.03075109649122807
1 0.18946454678362573, 0.40021929824561403, 0.013020833333333334, 0.019281798245614035
1 0.7258991228070175, 0.2719298245614035, 0.022478070175438597, 0.014460891812865495
1 0.7173793859649122, 0.26658442982456143, 0.012576754385964914, 0.016116593567251463
1 0.49017726608187134, 0.25561951754385964, 0.01798793859649123, 0.009137426900584795
1 0.48129020467836253, 0.2688815789473684, 0.0146984649122807, 0.015672514619883043
1 0.6472496345029239, 0.34272203947368424, 0.022376644736842102, 0.0142781432748538
1 0.6475913742690058, 0.36170504385964913, 0.031145833333333334, 0.025584795321637425
