1 0.5366410818713451, 0.4740953947368421, 0.012883771929824562, 0.010782163742690058
1 0.5448647660818714, 0.47957785087719296, 0.013706140350877192, 0.01023391812865497
1 0.5558296783625731, 0.48204495614035087, 0.01699561403508772, 0.007858187134502924
1 0.5485197368421053, 0.48259320175438597, 0.014802631578947368, 0.008954678362573099
1 0.579952485380117, 0.4828673245614035, 0.015076754385964912, 0.01320358187134503
1 0.5785361842105263, 0.4856770833333333, 0.017749451754385966, 0.009457236842105263
1 0.5616776315789473, 0.4831414473684211, 0.01836622807017544, 0.007309941520467836
1 0.5688048245614035, 0.4850603070175439, 0.015899122807017545, 0.005847953216374269
1 0.5752010233918129, 0.48670504385964913, 0.021998355263157895, 0.008406432748538011
1 0.7307200292397661, 0.4902686403508772, 0.016721491228070175, 0.008954678362573099
1 0.6157711988304093, 0.4921875, 0.014528508771929825, 0.014985380116959063
1 0.7269956140350877, 0.5025356359649122, 0.017064144736842105, 0.013775584795321637
1 0.7360197368421053, 0.5067160087719298, 0.009731359649122808, 0.01631030701754386
1 0.6744554093567251, 0.4973958333333333, 0.015350877192982455, 0.0131359649122807
1 0.5430372807017544, 0.4984923245614035, 0.009594298245614035, 0.016812865497076022
1 0.5644188596491229, 0.4993146929824561, 0.015350877192982455, 0.012975146198830409
1 0.6912463450292398, 0.49904057017543857, 0.011787280701754386, 0.004934210526315789
1 0.6939875730994152, 0.5017817982456141, 0.01699561403508772, 0.006944444444444444
1 0.7398574561403509, 0.4995888157894737, 0.00952576754385965, 0.017543859649122806
1 0.7203033625730995, 0.4998629385964912, 0.01661732456140351, 0.008360745614035088
1 0.7133589181286549, 0.5001370614035088, 0.014391447368421052, 0.008908991228070175
1 0.5499817251461988, 0.5026041666666666, 0.011239035087719298, 0.01663011695906433
1 0.593110380116959, 0.5023300438596491, 0.017543859649122806, 0.010782163742690058
1 0.6858095760233918, 0.5031524122807017, 0.02021655701754386, 0.007447002923976608
1 0.7005665204678363, 0.5034265350877193, 0.022478070175438597, 0.006944444444444444
1 0.602156432748538, 0.5042489035087719, 0.017543859649122806, 0.01091922514619883
1 0.680281432748538, 0.504797149122807, 0.012335526315789474, 0.006578947368421052
1 0.7524214181286549, 0.5053453947368421, 0.012472587719298246, 0.014665570175438597
1 0.7064144736842105, 0.5069901315789473, 0.02055921052631579, 0.006030701754385965
1 0.6128472222222222, 0.5086348684210527, 0.015350877192982455, 0.012335526315789474
1 0.6294773391812866, 0.5084978070175439, 0.022478070175438597, 0.009000365497076024
1 0.6462445175438597, 0.5083607456140351, 0.01651589912280702, 0.012838084795321638
1 0.7129934210526315, 0.5097313596491229, 0.017269736842105265, 0.004751461988304093
1 0.7162828947368421, 0.5149396929824561, 0.013706140350877192, 0.01023391812865497
1 0.6727887426900585, 0.5119243421052632, 0.013706140350877192, 0.015350877192982455
1 0.7416849415204678, 0.5124396929824562, 0.018399122807017543, 0.007675438596491228
1 0.7554605263157895, 0.5127467105263158, 0.009388706140350877, 0.015281432748538012
1 0.2623355263157895, 0.5141173245614035, 0.01644736842105263, 0.01206140350877193
1 0.26726973684210525, 0.5185032894736842, 0.01343201754385965, 0.014071637426900584
1 0.638249269005848, 0.5134320175438597, 0.019257127192982455, 0.013934576023391813
1 0.7232273391812866, 0.5149396929824561, 0.012883771929824562, 0.008954678362573099
1 0.6954495614035088, 0.5165844298245614, 0.019257127192982455, 0.006578947368421052
1 0.7488121345029239, 0.516858552631579, 0.014528508771929825, 0.00804093567251462
1 0.7531067251461988, 0.5182291666666666, 0.016721491228070175, 0.01069078947368421
1 0.7546820175438597, 0.5302905701754386, 0.02617872807017544, 0.007174707602339181
1 0.7323647660818714, 0.5168256578947369, 0.019221491228070178, 0.010599415204678362
1 0.6640168128654971, 0.5185032894736842, 0.018023574561403508, 0.01653874269005848
1 0.2305372807017544, 0.5187774122807017, 0.01699561403508772, 0.012975146198830409
1 0.7298062865497076, 0.5209703947368421, 0.018092105263157895, 0.008589181286549707
1 0.7597770467836257, 0.5215186403508771, 0.009594298245614035, 0.014437134502923976
1 0.6983735380116959, 0.5245339912280702, 0.020285087719298246, 0.010964912280701754
1 0.6526864035087719, 0.5267269736842105, 0.016721491228070175, 0.01023391812865497
1 0.6632858187134503, 0.5267955043859649, 0.018571820175438597, 0.01023391812865497
1 0.7210343567251462, 0.5270010964912281, 0.015899122807017545, 0.008223684210526315
1 0.702531067251462, 0.5275493421052632, 0.020285087719298246, 0.016127558479532164
1 0.7117141812865497, 0.5291940789473685, 0.01617324561403509, 0.010964912280701754
1 0.7402229532163743, 0.5294682017543859, 0.01425438596491228, 0.012426900584795321
1 0.7612390350877193, 0.5319353070175439, 0.011513157894736841, 0.011878654970760233
1 0.7482638888888888, 0.5328947368421053, 0.01850328947368421, 0.007766812865497076
1 0.8071089181286549, 0.5357730263157895, 0.025545504385964913, 0.008441154970760234
1 0.6353252923976608, 0.5363212719298246, 0.021998355263157895, 0.009959795321637427
1 0.400858918128655, 0.5385142543859649, 0.01864035087719298, 0.007492690058479532
1 0.7171966374269005, 0.5390625, 0.014528508771929825, 0.015350877192982455
1 0.40688961988304095, 0.5390625, 0.019462719298245616, 0.01114766081871345
1 0.7285270467836257, 0.5398848684210527, 0.014528508771929825, 0.011330409356725146
1 0.453125, 0.5415296052631579, 0.012335526315789474, 0.012792397660818713
1 0.3463998538011696, 0.5418037280701754, 0.02055921052631579, 0.011330409356725146
1 0.761421783625731, 0.5418037280701754, 0.013774671052631578, 0.017178362573099414
1 0.46427266081871343, 0.5423519736842105, 0.012335526315789474, 0.01516812865497076
1 0.48601973684210525, 0.5426260964912281, 0.020285087719298246, 0.009502923976608187
1 0.5119700292397661, 0.5426260964912281, 0.01864035087719298, 0.008406432748538011
1 0.7404057017543859, 0.5423519736842105, 0.01836622807017544, 0.012792397660818713
1 0.8153326023391813, 0.5426260964912281, 0.016721491228070175, 0.005847953216374269
1 0.5693530701754386, 0.5434484649122807, 0.017543859649122806, 0.010553728070175438
1 0.5982273391812866, 0.5434484649122807, 0.011787280701754386, 0.007858187134502924
1 0.7715643274853801, 0.542077850877193, 0.014734100877192983, 0.01745248538011696
1 0.3385416666666667, 0.5439967105263158, 0.022203947368421052, 0.010051169590643274
1 0.7076937134502924, 0.5450932017543859, 0.01699561403508772, 0.015899122807017545
1 0.4182200292397661, 0.5464638157894737, 0.018092105263157895, 0.01023391812865497
1 0.41109283625730997, 0.5557839912280702, 0.015350877192982455, 0.006761695906432748
1 0.6141264619883041, 0.5461896929824561, 0.01651589912280702, 0.007264254385964912
1 0.37472587719298245, 0.5478344298245614, 0.013157894736842105, 0.010416666666666666
1 0.6596308479532164, 0.548108552631579, 0.019462719298245616, 0.010416666666666666
1 0.3665021929824561, 0.5492050438596491, 0.01699561403508772, 0.008954678362573099
1 0.5848866959064327, 0.5489309210526315, 0.02055921052631579, 0.007675438596491228
1 0.6698647660818714, 0.5492050438596491, 0.017543859649122806, 0.00712719298245614
1 0.3520650584795322, 0.5494791666666666, 0.01425438596491228, 0.012975146198830409
1 0.38514254385964913, 0.5494791666666666, 0.011787280701754386, 0.015899122807017545
1 0.5066703216374269, 0.5497532894736842, 0.014802631578947368, 0.006944444444444444
1 0.4578764619883041, 0.5503015350877193, 0.01836622807017544, 0.014071637426900584
1 0.6494426169590644, 0.5503015350877193, 0.013706140350877192, 0.008315058479532164
1 0.2749451754385965, 0.5508497807017544, 0.018092105263157895, 0.010599415204678362
1 0.2999817251461988, 0.5511239035087719, 0.0200109649122807, 0.009868421052631578
1 0.5625913742690059, 0.5505756578947368, 0.018914473684210526, 0.007675438596491228
1 0.620202850877193, 0.5493421052631579, 0.022478070175438597, 0.008680555555555556
1 0.6276498538011696, 0.5511239035087719, 0.019462719298245616, 0.008589181286549707
1 0.6810124269005848, 0.5511239035087719, 0.020285087719298246, 0.010782163742690058
1 0.1810124269005848, 0.5519462719298246, 0.016721491228070175, 0.006030701754385965
1 0.2694627192982456, 0.5519462719298246, 0.012883771929824562, 0.01023391812865497
1 0.30765716374269003, 0.5519462719298246, 0.018092105263157895, 0.008589181286549707
1 0.4883954678362573, 0.5522203947368421, 0.022478070175438597, 0.010599415204678362
1 0.4461805555555556, 0.5527686403508771, 0.019462719298245616, 0.006761695906432748
1 0.18718019005847952, 0.5528728070175439, 0.01836622807017544, 0.009548611111111112
1 0.6358735380116959, 0.5533168859649122, 0.015899122807017545, 0.005482456140350877
1 0.20189144736842105, 0.5535910087719298, 0.021792763157894735, 0.00872624269005848
1 0.29194078947368424, 0.5538651315789473, 0.016721491228070175, 0.010782163742690058
1 0.28481359649122806, 0.5546875, 0.01918859649122807, 0.010416666666666666
1 0.5227521929824561, 0.5544133771929824, 0.01918859649122807, 0.00712719298245614
1 0.19636330409356725, 0.5545504385964912, 0.01987390350877193, 0.00712719298245614
1 0.3184393274853801, 0.5563322368421053, 0.01699561403508772, 0.007675438596491228
1 0.5304276315789473, 0.5560581140350878, 0.0200109649122807, 0.006761695906432748
1 0.47907529239766083, 0.5568804824561403, 0.01918859649122807, 0.007675438596491228
1 0.3776498538011696, 0.5574287280701754, 0.017543859649122806, 0.006761695906432748
1 0.3902595029239766, 0.5574287280701754, 0.008771929824561403, 0.015350877192982455
1 0.46500365497076024, 0.5571546052631579, 0.01836622807017544, 0.009502923976608187
1 0.5158077485380117, 0.5574287280701754, 0.020285087719298246, 0.007675438596491228
1 0.7100694444444444, 0.557702850877193, 0.019462719298245616, 0.01206140350877193
1 0.25941154970760233, 0.557702850877193, 0.01343201754385965, 0.006030701754385965
1 0.4211440058479532, 0.557702850877193, 0.01864035087719298, 0.007309941520467836
1 0.41310307017543857, 0.5725054824561403, 0.009868421052631578, 0.008589181286549707
1 0.5379203216374269, 0.5579769736842105, 0.023300438596491228, 0.007492690058479532
1 0.6419042397660819, 0.5579769736842105, 0.01918859649122807, 0.009502923976608187
1 0.16383406432748537, 0.5584210526315789, 0.019841008771929822, 0.01069078947368421
1 0.17242324561403508, 0.5577713815789473, 0.023643092105263157, 0.00941154970760234
1 0.5788103070175439, 0.5583881578947368, 0.01864035087719298, 0.01126279239766082
1 0.32319078947368424, 0.5590734649122807, 0.01918859649122807, 0.008589181286549707
1 0.3319627192982456, 0.5587993421052632, 0.015076754385964912, 0.010051169590643274
1 0.4936951754385965, 0.5587993421052632, 0.0200109649122807, 0.009137426900584795
1 0.5688048245614035, 0.5593475877192983, 0.021107456140350877, 0.00932017543859649
1 0.22226790935672514, 0.5603755482456141, 0.021998355263157895, 0.010736476608187134
1 0.21281067251461988, 0.5644873903508771, 0.021175986842105265, 0.011878654970760233
1 0.5000913742690059, 0.5601699561403509, 0.01617324561403509, 0.008771929824561403
1 0.6949013157894737, 0.5604440789473685, 0.016721491228070175, 0.010599415204678362
1 0.6875913742690059, 0.5604440789473685, 0.00712719298245614, 0.011330409356725146
1 0.23565423976608188, 0.5603755482456141, 0.017543859649122806, 0.007675438596491228
1 0.22651681286549707, 0.5752467105263158, 0.015899122807017545, 0.010964912280701754
1 0.4522112573099415, 0.561266447368421, 0.018914473684210526, 0.0062134502923976605
1 0.5947551169590644, 0.561266447368421, 0.01918859649122807, 0.007309941520467836
1 0.36065423976608185, 0.5615405701754386, 0.01206140350877193, 0.007675438596491228
1 0.3692434210526316, 0.5618146929824561, 0.015625, 0.008406432748538011
1 0.3838633040935672, 0.5620888157894737, 0.010416666666666666, 0.014619883040935672
1 0.37838084795321636, 0.5711348684210527, 0.009594298245614035, 0.015716374269005847
1 0.3699744152046784, 0.5749725877192983, 0.02055921052631579, 0.008589181286549707
1 0.42443347953216376, 0.5620888157894737, 0.01617324561403509, 0.00932017543859649
1 0.2511421783625731, 0.561609100877193, 0.020833333333333332, 0.0100968567251462
1 0.3067434210526316, 0.5634594298245614, 0.01836622807017544, 0.010964912280701754
1 0.3513340643274854, 0.5634594298245614, 0.010964912280701754, 0.00932017543859649
1 0.5446820175438597, 0.563733552631579, 0.021107456140350877, 0.009502923976608187
1 0.6596308479532164, 0.5640076754385965, 0.020285087719298246, 0.008771929824561403
1 0.7345577485380117, 0.5645559210526315, 0.022478070175438597, 0.008771929824561403
1 0.432108918128655, 0.5651041666666666, 0.019736842105263157, 0.006396198830409356
1 0.4288194444444444, 0.5738760964912281, 0.012609649122807017, 0.0043859649122807015
1 0.2661732456140351, 0.5642132675438597, 0.017612390350877194, 0.00932017543859649
1 0.24145650584795322, 0.5913870614035088, 0.009078947368421053, 0.015579312865497076
1 0.2760873538011696, 0.5656524122807017, 0.01644736842105263, 0.009457236842105263
1 0.7071454678362573, 0.5653782894736842, 0.02021655701754386, 0.006350511695906433
1 0.4430738304093567, 0.5662006578947368, 0.0200109649122807, 0.006944444444444444
1 0.6128015350877193, 0.5659950657894737, 0.02158717105263158, 0.01320358187134503
1 0.22487207602339182, 0.5667489035087719, 0.01949561403508772, 0.010964912280701754
1 0.3411001461988304, 0.5667489035087719, 0.01836622807017544, 0.00712719298245614
1 0.4045138888888889, 0.5667489035087719, 0.013980263157894737, 0.00932017543859649
1 0.6843019005847953, 0.5667489035087719, 0.015899122807017545, 0.010964912280701754
1 0.5602156432748538, 0.5678453947368421, 0.02172423245614035, 0.01000548245614035
1 0.5887244152046783, 0.5670230263157895, 0.01781798245614035, 0.006396198830409356
1 0.34749634502923976, 0.5678453947368421, 0.016721491228070175, 0.005665204678362573
1 0.18430190058479531, 0.5680509868421053, 0.01459703947368421, 0.007629751461988304
1 0.4385051169590643, 0.5683936403508771, 0.010416666666666666, 0.004568713450292397
1 0.43832236842105265, 0.5785361842105263, 0.015350877192982455, 0.009137426900584795
1 0.13093932748538012, 0.5677083333333334, 0.022820723684210526, 0.01206140350877193
1 0.29194078947368424, 0.5692160087719298, 0.017543859649122806, 0.009137426900584795
1 0.29833698830409355, 0.5692160087719298, 0.014802631578947368, 0.01023391812865497
1 0.6250913742690059, 0.5694901315789473, 0.009868421052631578, 0.013157894736842105
1 0.6673062865497076, 0.5694901315789473, 0.021655701754385966, 0.009685672514619883
1 0.8352521929824561, 0.5694901315789473, 0.01644736842105263, 0.015899122807017545
1 0.14245248538011696, 0.5700383771929824, 0.014221491228070177, 0.014071637426900584
1 0.17626096491228072, 0.5701425438596491, 0.018536184210526316, 0.009502923976608187
1 0.6329495614035088, 0.5703125, 0.015899122807017545, 0.010416666666666666
1 0.25566520467836257, 0.5711348684210527, 0.011101973684210526, 0.01343201754385965
1 0.4571454678362573, 0.5708607456140351, 0.017543859649122806, 0.00712719298245614
1 0.46390716374269003, 0.5757949561403509, 0.012609649122807017, 0.00932017543859649
1 0.5123355263157895, 0.5711348684210527, 0.018914473684210526, 0.006578947368421052
1 0.8069261695906432, 0.5708607456140351, 0.0278234649122807, 0.013249269005847953
1 0.8538925438596491, 0.5708607456140351, 0.023574561403508772, 0.010599415204678362
1 0.6016995614035088, 0.569780701754386, 0.022050438596491227, 0.015031067251461989
1 0.23547149122807018, 0.5723355263157895, 0.019325657894736843, 0.010529970760233917
1 0.7011147660818714, 0.5719572368421053, 0.02275219298245614, 0.008223684210526315
1 0.7290752923976608, 0.571203399122807, 0.018023574561403508, 0.006396198830409356
1 0.40140716374269003, 0.5725054824561403, 0.012335526315789474, 0.00804093567251462
1 0.5335343567251462, 0.5725054824561403, 0.020285087719298246, 0.008954678362573099
1 0.7431469298245614, 0.5730537280701754, 0.016721491228070175, 0.007675438596491228
1 0.7619700292397661, 0.5730537280701754, 0.02055921052631579, 0.007492690058479532
1 0.3111293859649123, 0.5738760964912281, 0.013157894736842105, 0.00932017543859649
1 0.48145102339181284, 0.5736019736842105, 0.016721491228070175, 0.008589181286549707
1 0.6431834795321637, 0.5738760964912281, 0.012609649122807017, 0.010416666666666666
1 0.33397295321637427, 0.5741502192982456, 0.015625, 0.006396198830409356
1 0.3601059941520468, 0.5749725877192983, 0.010416666666666666, 0.011695906432748537
1 0.6525036549707602, 0.5744243421052632, 0.01836622807017544, 0.01425438596491228
1 0.6766264619883041, 0.5741502192982456, 0.015076754385964912, 0.008954678362573099
1 0.6746162280701754, 0.5804550438596491, 0.0200109649122807, 0.011330409356725146
1 0.8814418859649122, 0.5741502192982456, 0.01918859649122807, 0.01663011695906433
1 0.14994517543859648, 0.5742872807017544, 0.017955043859649123, 0.012130847953216374
1 0.1857638888888889, 0.5746463815789473, 0.017527412280701753, 0.014380482456140351
1 0.3902595029239766, 0.5749725877192983, 0.006578947368421052, 0.009868421052631578
1 0.474141081871345, 0.5749725877192983, 0.014528508771929825, 0.00712719298245614
1 0.5172697368421053, 0.5746984649122807, 0.01699561403508772, 0.011695906432748537
1 0.5728252923976608, 0.5746984649122807, 0.019736842105263157, 0.008771929824561403
1 0.718453947368421, 0.5749725877192983, 0.025836074561403508, 0.011900584795321639
1 0.28609283625730997, 0.5752467105263158, 0.015899122807017545, 0.007858187134502924
1 0.31295687134502925, 0.5757949561403509, 0.01644736842105263, 0.011513157894736841
1 0.7822551169590644, 0.5752467105263158, 0.019462719298245616, 0.011330409356725146
1 0.15999634502923976, 0.5757949561403509, 0.0200109649122807, 0.007858187134502924
1 0.9059758771929824, 0.5766173245614035, 0.019942434210526317, 0.013569078947368422
1 0.4980811403508772, 0.5771655701754386, 0.011513157894736841, 0.009502923976608187
1 0.7557565789473685, 0.576891447368421, 0.021655701754385966, 0.007858187134502924
1 0.8644919590643275, 0.5764802631578947, 0.020970394736842105, 0.010599415204678362
1 0.12120796783625731, 0.5764802631578947, 0.021518640350877194, 0.010645102339181287
1 0.3532986111111111, 0.5747121710526316, 0.017804276315789475, 0.010827850877192983
1 0.35297880116959063, 0.5845668859649122, 0.019462719298245616, 0.00804093567251462
1 0.8209978070175439, 0.5774396929824561, 0.018092105263157895, 0.009137426900584795
1 0.4180372807017544, 0.5785361842105263, 0.007401315789473684, 0.006944444444444444
1 0.1680372807017544, 0.5788103070175439, 0.015625, 0.00804093567251462
1 0.3983004385964912, 0.5788103070175439, 0.012335526315789474, 0.005847953216374269
1 0.448921783625731, 0.5785361842105263, 0.023300438596491228, 0.008771929824561403
1 0.6393457602339181, 0.5788103070175439, 0.014802631578947368, 0.010599415204678362
1 0.7765899122807017, 0.5785361842105263, 0.0200109649122807, 0.006578947368421052
1 0.6863121345029239, 0.5790844298245614, 0.01781798245614035, 0.008223684210526315
1 0.6000548245614035, 0.5801809210526315, 0.019462719298245616, 0.0133406432748538
1 0.7449744152046783, 0.5798382675438597, 0.01596765350877193, 0.010416666666666666
1 0.8504203216374269, 0.5800438596491229, 0.0234375, 0.008589181286549707
1 0.10718201754385964, 0.5801809210526315, 0.01918859649122807, 0.008954678362573099
1 0.26343201754385964, 0.5831962719298246, 0.00932017543859649, 0.0133406432748538
1 0.37125365497076024, 0.5812774122807017, 0.019736842105263157, 0.011878654970760233
1 0.42004751461988304, 0.5807291666666666, 0.016721491228070175, 0.010051169590643274
1 0.4215095029239766, 0.5870339912280702, 0.014802631578947368, 0.012426900584795321
1 0.5512609649122807, 0.5800438596491229, 0.02425986842105263, 0.007492690058479532
1 0.542671783625731, 0.5873081140350878, 0.019736842105263157, 0.012426900584795321
1 0.5874451754385965, 0.5810032894736842, 0.02138157894736842, 0.010782163742690058
1 0.6269188596491229, 0.5810032894736842, 0.017269736842105265, 0.00804093567251462
1 0.5589364035087719, 0.5812774122807017, 0.013980263157894737, 0.011695906432748537
1 0.30290570175438597, 0.5818585526315789, 0.016071820175438598, 0.009137426900584795
1 0.29925073099415206, 0.5824424342105263, 0.01987390350877193, 0.005460526315789474
1 0.7934027777777778, 0.5820997807017544, 0.021655701754385966, 0.007858187134502924
1 0.3233735380116959, 0.582406798245614, 0.023747258771929822, 0.011991959064327486
1 0.3283077485380117, 0.5903234649122807, 0.009046052631578948, 0.016264619883040937
1 0.32958698830409355, 0.5963541666666666, 0.009046052631578948, 0.013706140350877192
1 0.32437865497076024, 0.6015625, 0.022478070175438597, 0.008315058479532164
1 0.4072551169590643, 0.5823739035087719, 0.01617324561403509, 0.005665204678362573
1 0.19286915204678365, 0.5831962719298246, 0.008393640350877193, 0.018318713450292397
1 0.4136513157894737, 0.5831962719298246, 0.01781798245614035, 0.0062134502923976605
1 0.8012609649122807, 0.5831962719298246, 0.02275219298245614, 0.00804093567251462
1 0.8328764619883041, 0.5831962719298246, 0.019462719298245616, 0.008589181286549707
1 0.17351973684210525, 0.5809347587719298, 0.01651589912280702, 0.015670687134502925
1 0.7690972222222222, 0.5834703947368421, 0.020833333333333332, 0.00932017543859649
1 0.8420138888888888, 0.5837445175438597, 0.021655701754385966, 0.00804093567251462
1 0.7045869883040936, 0.5816200657894737, 0.01918859649122807, 0.013797514619883041
1 0.7016849415204678, 0.5963212719298245, 0.01456140350877193, 0.013684210526315788
1 0.6927083333333334, 0.6037554824561403, 0.014802631578947368, 0.015533625730994151
1 0.6981907894736842, 0.6037554824561403, 0.011513157894736841, 0.016264619883040937
1 0.48729897660818716, 0.5845668859649122, 0.01864035087719298, 0.006944444444444444
1 0.5063048245614035, 0.5848410087719298, 0.01699561403508772, 0.007309941520467836
1 0.36138523391812866, 0.5853892543859649, 0.018914473684210526, 0.00804093567251462
1 0.35827850877192985, 0.6018366228070176, 0.020833333333333332, 0.010051169590643274
1 0.3498720760233918, 0.6215734649122807, 0.02055921052631579, 0.01516812865497076
1 0.4938779239766082, 0.5851151315789473, 0.018914473684210526, 0.0062134502923976605
1 0.5262244152046783, 0.5851151315789473, 0.01699561403508772, 0.011695906432748537
1 0.13770102339181287, 0.5943311403508772, 0.022308114035087718, 0.01091922514619883
1 0.1314875730994152, 0.6015625, 0.015350877192982455, 0.006030701754385965
1 0.132218567251462, 0.6147203947368421, 0.015899122807017545, 0.008771929824561403
1 0.15561038011695907, 0.5856633771929824, 0.01069078947368421, 0.005482456140350877
1 0.40286915204678364, 0.5859375, 0.013157894736842105, 0.0043859649122807015
1 0.0971765350877193, 0.5874451754385965, 0.01644736842105263, 0.010827850877192983
1 0.29433845029239764, 0.5843969298245615, 0.018536184210526316, 0.00564327485380117
1 0.43448464912280704, 0.5864857456140351, 0.012609649122807017, 0.006396198830409356
1 0.6451937134502924, 0.5862116228070176, 0.015625, 0.012244152046783625
1 0.6161366959064327, 0.5873081140350878, 0.014802631578947368, 0.014802631578947368
1 0.6183296783625731, 0.5979989035087719, 0.008223684210526315, 0.011513157894736841
1 0.7800621345029239, 0.5875822368421053, 0.017543859649122806, 0.008223684210526315
1 0.3915387426900585, 0.5908717105263158, 0.009594298245614035, 0.005482456140350877
1 0.4606176900584795, 0.5881304824561403, 0.00712719298245614, 0.013888888888888888
1 0.7382127192982456, 0.5881304824561403, 0.019599780701754384, 0.006396198830409356
1 0.2693019005847953, 0.5885087719298245, 0.013086622807017544, 0.006717836257309941
1 0.49990862573099415, 0.5892269736842105, 0.017269736842105265, 0.0062134502923976605
1 0.6006030701754386, 0.588952850877193, 0.015350877192982455, 0.007675438596491228
1 0.7274305555555556, 0.5892269736842105, 0.022478070175438597, 0.010553728070175438
1 0.2021655701754386, 0.5895010964912281, 0.009078947368421053, 0.014665570175438597
1 0.5207419590643275, 0.5895010964912281, 0.015899122807017545, 0.0062134502923976605
1 0.5918311403508771, 0.5895010964912281, 0.014528508771929825, 0.00804093567251462
1 0.08470394736842106, 0.5905975877192983, 0.013706140350877192, 0.007309941520467836
1 0.07885599415204679, 0.6043037280701754, 0.02138157894736842, 0.007309941520467836
1 0.18514619883040936, 0.5901178728070176, 0.009421600877192982, 0.017658991228070176
1 0.6563413742690059, 0.5903234649122807, 0.01425438596491228, 0.007309941520467836
1 0.6515899122807017, 0.5908717105263158, 0.011239035087719298, 0.006944444444444444
1 0.22548976608187135, 0.5913870614035088, 0.012538377192982456, 0.012757675438596492
1 0.14793494152046785, 0.5916940789473685, 0.01836622807017544, 0.008406432748538011
1 0.07903874269005848, 0.592516447368421, 0.012609649122807017, 0.005665204678362573
1 0.11449195906432749, 0.5922423245614035, 0.012883771929824562, 0.007309941520467836
1 0.11028874269005848, 0.5969024122807017, 0.011787280701754386, 0.0043859649122807015
1 0.28778326023391815, 0.5923793859649122, 0.02069627192982456, 0.009868421052631578
1 0.3911732456140351, 0.5927905701754386, 0.022478070175438597, 0.012244152046783625
1 0.45824195906432746, 0.592516447368421, 0.011513157894736841, 0.012792397660818713
1 0.7433296783625731, 0.5919682017543859, 0.012883771929824562, 0.015442251461988304
1 0.16127558479532164, 0.5930646929824561, 0.015899122807017545, 0.007858187134502924
1 0.25447733918128657, 0.5930646929824561, 0.01425438596491228, 0.014619883040935672
1 0.26288377192982454, 0.5969024122807017, 0.011787280701754386, 0.006396198830409356
1 0.25703581871345027, 0.6034813596491229, 0.015899122807017545, 0.010416666666666666
1 0.25059393274853803, 0.6066666666666667, 0.016858552631578948, 0.007242324561403509
1 0.25274122807017546, 0.6180098684210527, 0.019394188596491228, 0.010279605263157895
1 0.2733004385964912, 0.5916940789473685, 0.02275219298245614, 0.0069901315789473685
1 0.3140533625730994, 0.5930646929824561, 0.011239035087719298, 0.009137426900584795
1 0.09059758771929824, 0.59375, 0.011170504385964912, 0.008406432748538011
1 0.38422880116959063, 0.5936129385964912, 0.0200109649122807, 0.006761695906432748
1 0.3771016081871345, 0.5960800438596491, 0.019462719298245616, 0.007492690058479532
1 0.659265350877193, 0.5941611842105263, 0.013980263157894737, 0.013157894736842105
1 0.30059941520467837, 0.5947094298245614, 0.017269736842105265, 0.013271198830409357
1 0.7645285087719298, 0.5947094298245614, 0.02055921052631579, 0.006761695906432748
1 0.05546418128654971, 0.5952576754385965, 0.007675438596491228, 0.014802631578947368
1 0.17406798245614036, 0.5946765350877193, 0.010142543859649123, 0.015098684210526316
1 0.17096125730994152, 0.5999177631578947, 0.01617324561403509, 0.005985014619883041
1 0.16543311403508773, 0.6052631578947368, 0.013157894736842105, 0.006167763157894737
1 0.34676535087719296, 0.5952576754385965, 0.021929824561403508, 0.009868421052631578
1 0.44161184210526316, 0.594983552631579, 0.015076754385964912, 0.011513157894736841
1 0.44106359649122806, 0.5988212719298246, 0.021929824561403508, 0.006578947368421052
1 0.5713633040935673, 0.5952576754385965, 0.01918859649122807, 0.00804093567251462
1 0.12764985380116958, 0.5947423245614035, 0.014221491228070177, 0.010142543859649123
1 0.15821454678362573, 0.594468201754386, 0.02210252192982456, 0.015122441520467836
1 0.2383954678362573, 0.5960471491228071, 0.009901315789473683, 0.01665204678362573
1 0.784265350877193, 0.5960800438596491, 0.018092105263157895, 0.009137426900584795
1 0.7913925438596491, 0.6048519736842105, 0.016721491228070175, 0.008589181286549707
1 0.7807931286549707, 0.6114309210526315, 0.016721491228070175, 0.010782163742690058
1 0.06624634502923976, 0.5960800438596491, 0.009594298245614035, 0.012609649122807017
1 0.15341739766081872, 0.5963541666666666, 0.018914473684210526, 0.008589181286549707
1 0.2067799707602339, 0.5960800438596491, 0.009251644736842105, 0.015350877192982455
1 0.1992872807017544, 0.6018366228070176, 0.01918859649122807, 0.008223684210526315
1 0.43064692982456143, 0.5960800438596491, 0.01864035087719298, 0.004751461988304093
1 0.4348501461988304, 0.5988212719298246, 0.021107456140350877, 0.005847953216374269
1 0.5245796783625731, 0.5960800438596491, 0.013157894736842105, 0.015716374269005847
1 0.7135416666666666, 0.5963541666666666, 0.01699561403508772, 0.01023391812865497
1 0.8520650584795322, 0.5960800438596491, 0.015350877192982455, 0.0133406432748538
1 0.45440423976608185, 0.5969024122807017, 0.009868421052631578, 0.007858187134502924
1 0.4609831871345029, 0.5996436403508771, 0.00932017543859649, 0.008223684210526315
1 0.5103252923976608, 0.5966282894736842, 0.021107456140350877, 0.007309941520467836
1 0.8824013157894737, 0.5969024122807017, 0.020833333333333332, 0.009137426900584795
1 0.1854203216374269, 0.596798245614035, 0.021655701754385966, 0.008019005847953217
1 0.1933936403508772, 0.5974506578947368, 0.017850877192982458, 0.013386330409356726
1 0.1838450292397661, 0.6108826754385965, 0.017886513157894735, 0.00941154970760234
1 0.19218201754385963, 0.5961485745614035, 0.013569078947368422, 0.010738304093567252
1 0.47560307017543857, 0.5977247807017544, 0.018092105263157895, 0.007858187134502924
1 0.62984283625731, 0.5979989035087719, 0.01864035087719298, 0.00712719298245614
1 0.7588633040935673, 0.5979989035087719, 0.017543859649122806, 0.005847953216374269
1 0.8224597953216374, 0.5977247807017544, 0.019736842105263157, 0.009868421052631578
1 0.11467470760233918, 0.5969024122807017, 0.012883771929824562, 0.015716374269005847
1 0.27832602339181284, 0.5982730263157895, 0.018777412280701754, 0.008428362573099415
1 0.8705226608187134, 0.5990953947368421, 0.025219298245614034, 0.012975146198830409
1 0.8646747076023392, 0.6012883771929824, 0.023300438596491228, 0.008954678362573099
1 0.09749634502923976, 0.5992324561403509, 0.015487938596491228, 0.0062134502923976605
1 0.22468932748538012, 0.5993366228070176, 0.013086622807017544, 0.01251827485380117
1 0.4037828947368421, 0.5999177631578947, 0.009594298245614035, 0.014071637426900584
1 0.6353252923976608, 0.5996436403508771, 0.01781798245614035, 0.007492690058479532
1 0.796875, 0.5993695175438597, 0.020833333333333332, 0.008589181286549707
1 0.2824835526315789, 0.5970065789473684, 0.021655701754385966, 0.01023391812865497
1 0.3050986842105263, 0.5990625, 0.021688596491228073, 0.011284722222222222
1 0.3007127192982456, 0.6128015350877193, 0.01864035087719298, 0.006396198830409356
1 0.42479897660818716, 0.6007401315789473, 0.015899122807017545, 0.005847953216374269
1 0.4922331871345029, 0.6004660087719298, 0.022203947368421052, 0.005847953216374269
1 0.6607273391812866, 0.6004660087719298, 0.015556469298245614, 0.013157894736842105
1 0.6775402046783626, 0.6095120614035088, 0.016721491228070175, 0.008954678362573099
1 0.83890716374269, 0.6004660087719298, 0.01781798245614035, 0.007309941520467836
1 0.08543494152046784, 0.6010142543859649, 0.014528508771929825, 0.006761695906432748
1 0.10224780701754387, 0.6012883771929824, 0.015899122807017545, 0.007858187134502924
1 0.2665387426900585, 0.6010142543859649, 0.019736842105263157, 0.0062134502923976605
1 0.6409904970760234, 0.6010142543859649, 0.015625, 0.009137426900584795
1 0.6857638888888888, 0.6012883771929824, 0.01538377192982456, 0.008223684210526315
1 0.20940789473684213, 0.6008771929824561, 0.010279605263157895, 0.012975146198830409
1 0.20495248538011696, 0.6059484649122807, 0.024054276315789474, 0.007492690058479532
1 0.17536915204678363, 0.6011513157894737, 0.01953125, 0.01119517543859649
1 0.5031980994152047, 0.6023848684210527, 0.018092105263157895, 0.006578947368421052
1 0.50484283625731, 0.6199287280701754, 0.02138157894736842, 0.006578947368421052
1 0.7433296783625731, 0.6023848684210527, 0.02398574561403509, 0.013112207602339181
1 0.3100328947368421, 0.6029331140350878, 0.025836074561403508, 0.009502923976608187
1 0.3666849415204678, 0.6026589912280702, 0.020285087719298246, 0.009502923976608187
1 0.5298793859649122, 0.6027275219298246, 0.02007949561403509, 0.010508040935672515
1 0.6457419590643275, 0.6026589912280702, 0.01425438596491228, 0.012426900584795321
1 0.07090643274853801, 0.6034813596491229, 0.007401315789473684, 0.005985014619883041
1 0.04486476608187134, 0.6100603070175439, 0.012609649122807017, 0.013249269005847953
1 0.057839912280701754, 0.6155427631578947, 0.018092105263157895, 0.00932017543859649
1 0.23564327485380118, 0.6025548245614035, 0.010435855263157896, 0.0156359649122807
1 0.5142324561403508, 0.6026918859649123, 0.023541666666666666, 0.01135233918128655
1 0.5359100877192983, 0.6032072368421053, 0.018947368421052633, 0.013523391812865496
1 0.8290387426900585, 0.6037554824561403, 0.01617324561403509, 0.010051169590643274
1 0.22245065789473684, 0.602453399122807, 0.02144736842105263, 0.00883954678362573
1 0.29431652046783624, 0.6012883771929824, 0.023848684210526317, 0.007309941520467836
1 0.3290387426900585, 0.6035498903508771, 0.02206688596491228, 0.011970029239766082
1 0.33689692982456143, 0.6040296052631579, 0.023026315789473683, 0.008771929824561403
1 0.5752010233918129, 0.6037554824561403, 0.011513157894736841, 0.010416666666666666
1 0.5744700292397661, 0.6155427631578947, 0.008223684210526315, 0.009685672514619883
1 0.5810489766081871, 0.6040296052631579, 0.013157894736842105, 0.014802631578947368
1 0.5963998538011696, 0.6043037280701754, 0.008771929824561403, 0.015716374269005847
1 0.6806469298245614, 0.604577850877193, 0.012883771929824562, 0.007309941520467836
1 0.073921783625731, 0.6048519736842105, 0.021929824561403508, 0.007492690058479532
1 0.08979897660818713, 0.6033442982456141, 0.02398574561403509, 0.007560307017543859
1 0.7696454678362573, 0.6051260964912281, 0.01781798245614035, 0.006578947368421052
1 0.7763614766081871, 0.6048519736842105, 0.02055921052631579, 0.00735562865497076
1 0.8895285087719298, 0.6051260964912281, 0.021107456140350877, 0.009502923976608187
1 0.31588084795321636, 0.6054002192982456, 0.02035361842105263, 0.008589181286549707
1 0.4173062865497076, 0.6059484649122807, 0.01699561403508772, 0.00932017543859649
1 0.5613121345029239, 0.6054002192982456, 0.015899122807017545, 0.009502923976608187
1 0.6172331871345029, 0.6056743421052632, 0.01864035087719298, 0.011695906432748537
1 0.7517361111111112, 0.6056743421052632, 0.02055921052631579, 0.013157894736842105
1 0.7624725877192983, 0.6152686403508771, 0.019805372807017545, 0.008817616959064328
1 0.8124086257309941, 0.6059484649122807, 0.011513157894736841, 0.014437134502923976
1 0.11924342105263158, 0.6069407894736841, 0.01483826754385965, 0.01251827485380117
1 0.11321271929824561, 0.6114309210526315, 0.011787280701754386, 0.011878654970760233
1 0.12216739766081872, 0.6223958333333334, 0.01918859649122807, 0.006578947368421052
1 0.4004934210526316, 0.6075932017543859, 0.006853070175438596, 0.013706140350877192
1 0.4562317251461988, 0.6070449561403509, 0.0200109649122807, 0.007675438596491228
1 0.7366136695906432, 0.6073190789473685, 0.020285087719298246, 0.008177997076023392
1 0.7330957602339181, 0.6128015350877193, 0.0200109649122807, 0.009959795321637427
1 0.3511513157894737, 0.6075932017543859, 0.021929824561403508, 0.006578947368421052
1 0.4971673976608187, 0.6075932017543859, 0.022478070175438597, 0.007309941520467836
1 0.8018092105263158, 0.6078673245614035, 0.019462719298245616, 0.011513157894736841
1 0.13971125730994152, 0.6083826754385965, 0.02288925438596491, 0.00804093567251462
1 0.542671783625731, 0.6084155701754386, 0.013980263157894737, 0.013523391812865496
1 0.4629934210526316, 0.6086896929824561, 0.01781798245614035, 0.005665204678362573
1 0.10444078947368421, 0.6100603070175439, 0.021929824561403508, 0.008406432748538011
1 0.2065972222222222, 0.6091008771929824, 0.027138157894736843, 0.01114766081871345
1 0.23684210526315788, 0.6093421052631579, 0.022099780701754387, 0.011741593567251463
1 0.14617690058479532, 0.6102302631578947, 0.016655701754385965, 0.007788742690058479
1 0.17288011695906433, 0.6105400219298246, 0.015419407894736841, 0.00941154970760234
1 0.6026133040935673, 0.6108826754385965, 0.011239035087719298, 0.015350877192982455
1 0.6046235380116959, 0.620202850877193, 0.008223684210526315, 0.010051169590643274
1 0.8476790935672515, 0.6111567982456141, 0.017269736842105265, 0.017543859649122806
1 0.2442891081871345, 0.6114309210526315, 0.020833333333333332, 0.008908991228070175
1 0.4034173976608187, 0.6117050438596491, 0.01918859649122807, 0.007675438596491228
1 0.48675073099415206, 0.6117050438596491, 0.012609649122807017, 0.005847953216374269
1 0.5954861111111112, 0.6117050438596491, 0.015899122807017545, 0.008589181286549707
1 0.21482090643274854, 0.6119791666666666, 0.01768092105263158, 0.00712719298245614
1 0.0918311403508772, 0.6128015350877193, 0.021655701754385966, 0.00932017543859649
1 0.23008040935672514, 0.6119106359649122, 0.013056469298245615, 0.004042397660818714
1 0.23382675438596492, 0.6133497807017544, 0.021485745614035087, 0.00758406432748538
1 0.45202850877192985, 0.6133497807017544, 0.019736842105263157, 0.007309941520467836
1 0.07757675438596491, 0.6142406798245614, 0.020764802631578948, 0.014323830409356725
1 0.18996710526315788, 0.6138980263157895, 0.02138157894736842, 0.008771929824561403
1 0.4088998538011696, 0.6138980263157895, 0.02055921052631579, 0.00804093567251462
1 0.7131761695906432, 0.6136239035087719, 0.011787280701754386, 0.013888888888888888
1 0.4262609649122807, 0.6147203947368421, 0.019736842105263157, 0.006944444444444444
1 0.522203947368421, 0.6149945175438597, 0.023368969298245616, 0.009502923976608187
1 0.5507127192982456, 0.6147203947368421, 0.022478070175438597, 0.008406432748538011
1 0.6269188596491229, 0.6149945175438597, 0.01781798245614035, 0.010051169590643274
1 0.6218019005847953, 0.6169133771929824, 0.023026315789473683, 0.00804093567251462
1 0.5894554093567251, 0.6152686403508771, 0.01836622807017544, 0.01206140350877193
1 0.6581688596491229, 0.6152686403508771, 0.015899122807017545, 0.005391081871345029
1 0.8133223684210527, 0.6155427631578947, 0.01425438596491228, 0.0133406432748538
1 0.0356359649122807, 0.6158168859649122, 0.007743969298245614, 0.009228801169590644
1 0.5421235380116959, 0.6160910087719298, 0.01617324561403509, 0.012426900584795321
1 0.5664290935672515, 0.6158168859649122, 0.023026315789473683, 0.00804093567251462
1 0.6922295321637427, 0.6152001096491229, 0.019772478070175438, 0.013453947368421053
1 0.6967288011695907, 0.6142763157894737, 0.013771929824561404, 0.012426900584795321
1 0.1602247807017544, 0.6162280701754386, 0.028440241228070175, 0.01245065789473684
1 0.844389619883041, 0.6171875, 0.01918859649122807, 0.009502923976608187
1 0.8838633040935673, 0.6169133771929824, 0.0200109649122807, 0.008771929824561403
1 0.0960343567251462, 0.6177357456140351, 0.023300438596491228, 0.00932017543859649
1 0.5587536549707602, 0.6174616228070176, 0.023026315789473683, 0.006944444444444444
1 0.05180921052631579, 0.6180098684210527, 0.019462719298245616, 0.008223684210526315
1 0.5786732456140351, 0.6180098684210527, 0.016721491228070175, 0.010051169590643274
1 0.6338633040935673, 0.6180098684210527, 0.015866228070175438, 0.018457602339181287
1 0.7091557017543859, 0.6182839912280702, 0.01343201754385965, 0.014208698830409356
1 0.7075109649122807, 0.624484649122807, 0.011343201754385966, 0.010416666666666666
1 0.83890716374269, 0.6191063596491229, 0.021787280701754386, 0.009731359649122808
1 0.8226425438596491, 0.6204769736842105, 0.00932017543859649, 0.015990497076023392
1 0.8500548245614035, 0.6185581140350878, 0.01425438596491228, 0.010964912280701754
1 0.9041483918128655, 0.6188322368421053, 0.020833333333333332, 0.009137426900584795
1 0.9088998538011696, 0.6303453947368421, 0.020285087719298246, 0.010599415204678362
1 0.34292763157894735, 0.6178728070175439, 0.02042214912280702, 0.008406432748538011
1 0.36462902046783624, 0.6191063596491229, 0.010622258771929825, 0.020513523391812866
1 0.6866995614035087, 0.6169462719298245, 0.01918859649122807, 0.008201754385964913
1 0.9145193713450293, 0.6193804824561403, 0.012883771929824562, 0.019599780701754384
1 0.4308296783625731, 0.6199287280701754, 0.019462719298245616, 0.006396198830409356
1 0.1272843567251462, 0.620202850877193, 0.020285087719298246, 0.008223684210526315
1 0.19270833333333334, 0.6178892543859649, 0.022598684210526316, 0.012792397660818713
1 0.4436220760233918, 0.620202850877193, 0.019736842105263157, 0.008771929824561403
1 0.10514985380116959, 0.6210252192982456, 0.01781798245614035, 0.010255847953216374
1 0.11211622807017543, 0.6207510964912281, 0.021929824561403508, 0.010051169590643274
1 0.7875548245614035, 0.6207510964912281, 0.012335526315789474, 0.01644736842105263
1 0.040661549707602336, 0.6221217105263158, 0.015076754385964912, 0.012472587719298246
1 0.2918494152046784, 0.6226699561403509, 0.015076754385964912, 0.008817616959064328
1 0.38879751461988304, 0.6226699561403509, 0.01918859649122807, 0.010964912280701754
1 0.4613486842105263, 0.6234923245614035, 0.013706140350877192, 0.010416666666666666
1 0.534859283625731, 0.6215734649122807, 0.01493969298245614, 0.00918311403508772
1 0.6137609649122807, 0.6232182017543859, 0.015899122807017545, 0.010051169590643274
1 0.15419407894736842, 0.623766447368421, 0.019805372807017545, 0.010142543859649123
1 0.4141995614035088, 0.6240405701754386, 0.018092105263157895, 0.011513157894736841
1 0.4938779239766082, 0.6240405701754386, 0.01864035087719298, 0.006761695906432748
1 0.8979349415204678, 0.6243146929824561, 0.009868421052631578, 0.006396198830409356
1 0.03463084795321637, 0.6234923245614035, 0.01391173245614035, 0.01206140350877193
1 0.1404422514619883, 0.6238706140350877, 0.02018092105263158, 0.013751827485380117
1 0.2689144736842105, 0.6219161184210527, 0.027412280701754384, 0.014437134502923976
1 0.4880299707602339, 0.6254111842105263, 0.02138157894736842, 0.01023391812865497
1 0.2653051900584795, 0.6261650219298246, 0.00815515350877193, 0.010827850877192983
1 0.3285124269005848, 0.6256853070175439, 0.009046052631578948, 0.016151315789473684
1 0.6729714912280702, 0.6259594298245614, 0.012678179824561403, 0.016151315789473684
1 0.6663925438596491, 0.6319901315789473, 0.01836622807017544, 0.006944444444444444
1 0.6689510233918129, 0.6384320175438597, 0.017955043859649123, 0.008132309941520468
1 0.719389619883041, 0.6259594298245614, 0.00849780701754386, 0.008771929824561403
1 0.7236842105263158, 0.6307565789473685, 0.01322642543859649, 0.005893640350877193
1 0.8619334795321637, 0.6256853070175439, 0.023300438596491228, 0.008406432748538011
1 0.8705226608187134, 0.6319901315789473, 0.023848684210526317, 0.00804093567251462
1 0.8633954678362573, 0.6363760964912281, 0.020833333333333332, 0.010416666666666666
1 0.8771016081871345, 0.6385690789473685, 0.022478070175438597, 0.009502923976608187
1 0.7507309941520468, 0.6255482456140351, 0.02206688596491228, 0.012701023391812866
1 0.6369700292397661, 0.625890899122807, 0.01987390350877193, 0.011056286549707603
1 0.5859831871345029, 0.6276041666666666, 0.017269736842105265, 0.013523391812865496
1 0.8182565789473685, 0.6273300438596491, 0.013980263157894737, 0.010051169590643274
1 0.8858735380116959, 0.6278782894736842, 0.015625, 0.011878654970760233
1 0.4701206140350877, 0.6281524122807017, 0.013706140350877192, 0.010051169590643274
1 0.7285270467836257, 0.6278782894736842, 0.020285087719298246, 0.008589181286549707
1 0.7365679824561403, 0.6278782894736842, 0.015899122807017545, 0.01425438596491228
1 0.16913377192982457, 0.6264035087719297, 0.02333607456140351, 0.007492690058479532
1 0.1762152777777778, 0.6287006578947368, 0.007538377192982456, 0.01320358187134503
1 0.36499451754385964, 0.6284265350877193, 0.011239035087719298, 0.01850328947368421
1 0.37563961988304095, 0.6289747807017544, 0.012883771929824562, 0.011878654970760233
1 0.6064510233918129, 0.6284265350877193, 0.018092105263157895, 0.01644736842105263
1 0.2170138888888889, 0.6286677631578947, 0.021688596491228073, 0.010942982456140352
1 0.44106359649122806, 0.6289747807017544, 0.01644736842105263, 0.0062134502923976605
1 0.4845577485380117, 0.6292489035087719, 0.020285087719298246, 0.009685672514619883
1 0.8769188596491229, 0.6300712719298246, 0.010416666666666666, 0.00712719298245614
1 0.8264802631578947, 0.6300712719298246, 0.015350877192982455, 0.012975146198830409
1 0.6303910818713451, 0.6306195175438597, 0.019736842105263157, 0.015716374269005847
1 0.5000913742690059, 0.6314418859649122, 0.023848684210526317, 0.007309941520467836
1 0.5092288011695907, 0.6314418859649122, 0.021929824561403508, 0.006944444444444444
1 0.5706323099415205, 0.6311677631578947, 0.01864035087719298, 0.008954678362573099
1 0.4226059941520468, 0.6319901315789473, 0.019736842105263157, 0.006761695906432748
1 0.436312134502924, 0.6317160087719298, 0.01918859649122807, 0.006030701754385965
1 0.45879020467836257, 0.6319901315789473, 0.015899122807017545, 0.006761695906432748
1 0.5993695175438597, 0.6319901315789473, 0.020627741228070175, 0.020148026315789474
1 0.4799890350877193, 0.6325383771929824, 0.013157894736842105, 0.004568713450292397
1 0.5381030701754386, 0.6333607456140351, 0.01918859649122807, 0.007858187134502924
1 0.6461074561403509, 0.6330866228070176, 0.024945175438596492, 0.005116959064327485
1 0.8542580409356725, 0.6330866228070176, 0.020285087719298246, 0.007492690058479532
1 0.2583150584795322, 0.6336348684210527, 0.01206140350877193, 0.012975146198830409
1 0.31505847953216376, 0.6330180921052632, 0.024396929824561403, 0.008406432748538011
1 0.6515899122807017, 0.6336348684210527, 0.021929824561403508, 0.006761695906432748
1 0.6962262426900585, 0.6332565789473684, 0.019292763157894736, 0.01274671052631579
1 0.9485562865497076, 0.6333607456140351, 0.02055921052631579, 0.012975146198830409
1 0.1314875730994152, 0.6341831140350878, 0.016721491228070175, 0.009868421052631578
1 0.2745796783625731, 0.6333607456140351, 0.018571820175438597, 0.008954678362573099
1 0.5474232456140351, 0.6344572368421053, 0.015076754385964912, 0.013523391812865496
1 0.6751644736842105, 0.6339089912280702, 0.02055921052631579, 0.012975146198830409
1 0.792671783625731, 0.6341831140350878, 0.01206140350877193, 0.01608187134502924
1 0.8301352339181286, 0.6341831140350878, 0.019736842105263157, 0.010599415204678362
1 0.8392726608187134, 0.6344572368421053, 0.017543859649122806, 0.006944444444444444
1 0.8387244152046783, 0.6530975877192983, 0.019462719298245616, 0.00932017543859649
1 0.1457419590643275, 0.6347313596491229, 0.01870888157894737, 0.008863304093567252
1 0.20483918128654974, 0.6344572368421053, 0.008634868421052632, 0.012311769005847954
1 0.2786001461988304, 0.6336348684210527, 0.02141447368421053, 0.009868421052631578
1 0.29906798245614036, 0.6344572368421053, 0.017269736842105265, 0.006396198830409356
1 0.36065423976608185, 0.6344572368421053, 0.01644736842105263, 0.008771929824561403
1 0.5328033625730995, 0.6344572368421053, 0.017269736842105265, 0.0061220760233918125
1 0.7197551169590644, 0.6347313596491229, 0.022203947368421052, 0.009685672514619883
1 0.7659904970760234, 0.6344572368421053, 0.021313048245614034, 0.0133406432748538
1 0.9586074561403509, 0.6344572368421053, 0.01864035087719298, 0.010051169590643274
1 0.29047880116959063, 0.6350054824561403, 0.015350877192982455, 0.008223684210526315
1 0.2831688596491228, 0.6377467105263158, 0.025219298245614034, 0.00932017543859649
1 0.38934576023391815, 0.6350054824561403, 0.01781798245614035, 0.010599415204678362
1 0.5148483187134503, 0.635827850877193, 0.01644736842105263, 0.012838084795321638
1 0.8992141812865497, 0.6350054824561403, 0.02412280701754386, 0.00804093567251462
1 0.8919042397660819, 0.6363760964912281, 0.022478070175438597, 0.007858187134502924
1 0.20458698830409358, 0.6398026315789473, 0.015213815789473685, 0.010279605263157895
1 0.19558662280701755, 0.6482675438596491, 0.01661732456140351, 0.00918311403508772
1 0.330546418128655, 0.6347998903508771, 0.026041666666666668, 0.011010599415204679
1 0.46573464912280704, 0.635827850877193, 0.02138157894736842, 0.007492690058479532
1 0.24643640350877194, 0.6361019736842105, 0.017543859649122806, 0.006030701754385965
1 0.2524671052631579, 0.6361019736842105, 0.021655701754385966, 0.006396198830409356
1 0.6811951754385965, 0.6366502192982456, 0.013980263157894737, 0.01206140350877193
1 0.6800986842105263, 0.6492598684210527, 0.011513157894736841, 0.007492690058479532
1 0.684484649122807, 0.6572094298245614, 0.013980263157894737, 0.006578947368421052
1 0.7122624269005848, 0.6366502192982456, 0.020833333333333332, 0.011330409356725146
1 0.8462171052631579, 0.6361019736842105, 0.01644736842105263, 0.008406432748538011
1 0.6585343567251462, 0.6371984649122807, 0.024396929824561403, 0.011695906432748537
1 0.18165204678362573, 0.6359978070175438, 0.021211622807017542, 0.008132309941520468
1 0.34000365497076024, 0.6366831140350877, 0.02025219298245614, 0.009959795321637427
1 0.30861659356725146, 0.6371984649122807, 0.020285087719298246, 0.008360745614035088
1 0.45074926900584794, 0.6377467105263158, 0.023574561403508772, 0.006761695906432748
1 0.7087902046783626, 0.6382949561403509, 0.023300438596491228, 0.010782163742690058
1 0.18934941520467835, 0.6383278508771929, 0.019978070175438595, 0.007379385964912281
1 0.22286184210526316, 0.6489857456140351, 0.01617324561403509, 0.006441885964912281
1 0.3524305555555556, 0.6391173245614035, 0.0234375, 0.010303362573099415
1 0.35962719298245616, 0.6450109649122807, 0.015520833333333333, 0.005413011695906433
1 0.3697916666666667, 0.6396655701754386, 0.012883771929824562, 0.009685672514619883
1 0.3767361111111111, 0.639391447368421, 0.01699561403508772, 0.010051169590643274
1 0.4138340643274854, 0.6396655701754386, 0.023026315789473683, 0.00804093567251462
1 0.42735745614035087, 0.6396655701754386, 0.01781798245614035, 0.005299707602339181
1 0.42041301169590645, 0.651452850877193, 0.019462719298245616, 0.010782163742690058
1 0.16543311403508773, 0.6399396929824561, 0.023231907894736843, 0.01539656432748538
1 0.43064692982456143, 0.6399396929824561, 0.020833333333333332, 0.006944444444444444
1 0.524031432748538, 0.6402138157894737, 0.03399122807017544, 0.008589181286549707
1 0.5656980994152047, 0.6399396929824561, 0.02412280701754386, 0.006944444444444444
1 0.45805921052631576, 0.6407620614035088, 0.019736842105263157, 0.005299707602339181
1 0.6919773391812866, 0.6404879385964912, 0.008771929824561403, 0.009685672514619883
1 0.8171600877192983, 0.6404879385964912, 0.01699561403508772, 0.008406432748538011
1 0.7824378654970761, 0.6415844298245614, 0.01425438596491228, 0.01516812865497076
1 0.9677448830409356, 0.641858552631579, 0.020833333333333332, 0.011695906432748537
1 0.9602521929824561, 0.651452850877193, 0.018914473684210526, 0.01827485380116959
1 0.5933388157894737, 0.6417214912280702, 0.011787280701754386, 0.010416666666666666
1 0.9048793859649122, 0.6528234649122807, 0.015350877192982455, 0.011558845029239767
1 0.405062134502924, 0.6432291666666666, 0.023574561403508772, 0.010782163742690058
1 0.5574744152046783, 0.6432291666666666, 0.02275219298245614, 0.007492690058479532
1 0.561860380116959, 0.6533717105263158, 0.015899122807017545, 0.004751461988304093
1 0.62203033625731, 0.6401452850877193, 0.013500548245614035, 0.018411915204678362
1 0.7366136695906432, 0.6425438596491229, 0.01644736842105263, 0.007721125730994152
1 0.4434393274853801, 0.6437774122807017, 0.02631578947368421, 0.008954678362573099
1 0.47560307017543857, 0.6437774122807017, 0.02138157894736842, 0.00804093567251462
1 0.5501644736842105, 0.6443256578947368, 0.017543859649122806, 0.007309941520467836
1 0.5452302631578947, 0.6445997807017544, 0.02768640350877193, 0.0062134502923976605
1 0.2577668128654971, 0.6443256578947368, 0.022203947368421052, 0.007675438596491228
1 0.6877741228070176, 0.6443256578947368, 0.02138157894736842, 0.007492690058479532
1 0.8845942982456141, 0.6445997807017544, 0.01918859649122807, 0.00872624269005848
1 0.13002558479532164, 0.645422149122807, 0.0200109649122807, 0.013523391812865496
1 0.48236476608187134, 0.6459703947368421, 0.01069078947368421, 0.012426900584795321
1 0.8237390350877193, 0.645422149122807, 0.022478070175438597, 0.007492690058479532
1 0.09457236842105263, 0.645764802631579, 0.013363486842105263, 0.0133406432748538
1 0.15579312865497075, 0.6454906798245614, 0.021313048245614034, 0.012472587719298246
1 0.2345577485380117, 0.645389254385965, 0.020592105263157898, 0.011193347953216375
1 0.24424342105263158, 0.6522752192982456, 0.010416666666666666, 0.008771929824561403
1 0.23273026315789475, 0.6604989035087719, 0.01644736842105263, 0.012244152046783625
1 0.34731359649122806, 0.6459703947368421, 0.020285087719298246, 0.008771929824561403
1 0.3699744152046784, 0.6462445175438597, 0.022203947368421052, 0.00804093567251462
1 0.13477704678362573, 0.6459703947368421, 0.019462719298245616, 0.013157894736842105
1 0.5876279239766082, 0.6465186403508771, 0.024396929824561403, 0.009502923976608187
1 0.6934393274853801, 0.6470668859649122, 0.02055921052631579, 0.011878654970760233
1 0.2290752923976608, 0.6473410087719298, 0.02138157894736842, 0.010964912280701754
1 0.5165387426900585, 0.6470668859649122, 0.01679002192982456, 0.00932017543859649
1 0.72953216374269, 0.6471354166666666, 0.020285087719298246, 0.012426900584795321
1 0.792671783625731, 0.6470668859649122, 0.013157894736842105, 0.01644736842105263
1 0.303499634502924, 0.6465515350877192, 0.01346765350877193, 0.01000548245614035
1 0.29120979532163743, 0.6484375, 0.014972587719298245, 0.006144005847953216
1 0.3898940058479532, 0.6487116228070176, 0.01836622807017544, 0.009868421052631578
1 0.5315241228070176, 0.6481633771929824, 0.017543859649122806, 0.008223684210526315
1 0.5293311403508771, 0.6552905701754386, 0.023300438596491228, 0.011330409356725146
1 0.5046600877192983, 0.6489857456140351, 0.01781798245614035, 0.006396198830409356
1 0.5821454678362573, 0.6489857456140351, 0.01781798245614035, 0.007675438596491228
1 0.5830592105263158, 0.6657072368421053, 0.01644736842105263, 0.008406432748538011
1 0.7595942982456141, 0.6489857456140351, 0.009594298245614035, 0.010142543859649123
1 0.1497624269005848, 0.6495339912280702, 0.024191337719298246, 0.00941154970760234
1 0.6018823099415205, 0.6492598684210527, 0.01864035087719298, 0.00804093567251462
1 0.6537828947368421, 0.6492598684210527, 0.025219298245614034, 0.010051169590643274
1 0.6333150584795322, 0.6511787280701754, 0.01918859649122807, 0.011695906432748537
1 0.26398026315789475, 0.6517269736842105, 0.017543859649122806, 0.007309941520467836
1 0.4401498538011696, 0.651452850877193, 0.0200109649122807, 0.00804093567251462
1 0.43064692982456143, 0.6525493421052632, 0.01617324561403509, 0.01023391812865497
1 0.29906798245614036, 0.6522752192982456, 0.012883771929824562, 0.010416666666666666
1 0.3641959064327486, 0.6516228070175438, 0.017168311403508774, 0.008176169590643274
1 0.5684393274853801, 0.6520010964912281, 0.023026315789473683, 0.01023391812865497
1 0.8449378654970761, 0.6520010964912281, 0.017543859649122806, 0.009137426900584795
1 0.4971673976608187, 0.6530975877192983, 0.01918859649122807, 0.009685672514619883
1 0.48930921052631576, 0.6536458333333334, 0.01699561403508772, 0.007858187134502924
1 0.5953033625730995, 0.6533717105263158, 0.02055921052631579, 0.008589181286549707
1 0.5397478070175439, 0.6536458333333334, 0.022203947368421052, 0.006396198830409356
1 0.7939510233918129, 0.6536458333333334, 0.015350877192982455, 0.014985380116959063
1 0.7904331140350878, 0.664953399122807, 0.02789199561403509, 0.011558845029239767
1 0.6769919590643275, 0.6544682017543859, 0.01699561403508772, 0.006396198830409356
1 0.6768092105263158, 0.6679002192982456, 0.02055921052631579, 0.010782163742690058
1 0.8308662280701754, 0.6541940789473685, 0.021107456140350877, 0.012609649122807017
1 0.4812682748538012, 0.655016447368421, 0.015350877192982455, 0.009502923976608187
1 0.28878837719298245, 0.6539528508771929, 0.026282894736842102, 0.010575657894736842
1 0.6250913742690059, 0.6552905701754386, 0.02549342105263158, 0.010736476608187134
1 0.3154934210526316, 0.6556332236842105, 0.01127467105263158, 0.011648391812865498
1 0.3100328947368421, 0.6594353070175438, 0.014906798245614035, 0.013728070175438598
1 0.6095577485380117, 0.6561129385964912, 0.02055921052631579, 0.00712719298245614
1 0.242781432748538, 0.6566611842105263, 0.023848684210526317, 0.011878654970760233
1 0.2687317251461988, 0.6547423245614035, 0.0249780701754386, 0.014459064327485381
1 0.2833516081871345, 0.6563870614035088, 0.018297697368421052, 0.008863304093567252
1 0.6704130116959064, 0.6563870614035088, 0.025767543859649123, 0.00804093567251462
1 0.7716557017543859, 0.6563870614035088, 0.02055921052631579, 0.007858187134502924
1 0.8001644736842105, 0.6566611842105263, 0.01644736842105263, 0.010599415204678362
1 0.219343932748538, 0.6567297149122807, 0.021861293859649123, 0.0100968567251462
1 0.2152558479532164, 0.6641310307017544, 0.020764802631578948, 0.011443713450292397
1 0.8078399122807017, 0.6569353070175439, 0.024945175438596492, 0.008406432748538011
1 0.8153326023391813, 0.6572094298245614, 0.02055921052631579, 0.008406432748538011
1 0.13057383040935672, 0.657483552631579, 0.023848684210526317, 0.016721491228070175
1 0.13861476608187134, 0.6576206140350878, 0.02288925438596491, 0.01206140350877193
1 0.6967288011695907, 0.6583059210526315, 0.01699561403508772, 0.010051169590643274
1 0.7511421783625731, 0.6583059210526315, 0.007675438596491228, 0.01859466374269006
1 0.855171783625731, 0.6583059210526315, 0.02768640350877193, 0.010964912280701754
1 0.50484283625731, 0.6585800438596491, 0.0229577850877193, 0.011513157894736841
1 0.16858552631578946, 0.659265350877193, 0.02261513157894737, 0.010325292397660819
1 0.3211805555555556, 0.65875, 0.01819627192982456, 0.013362573099415206
1 0.20707602339181286, 0.6590241228070175, 0.02117872807017544, 0.012028508771929824
1 0.4152960526315789, 0.6596765350877193, 0.017269736842105265, 0.00804093567251462
1 0.5503472222222222, 0.6594709429824561, 0.02069627192982456, 0.006578947368421052
1 0.5534082602339181, 0.6668037280701754, 0.015899122807017545, 0.009000365497076024
1 0.5176352339181286, 0.6602247807017544, 0.021655701754385966, 0.00804093567251462
1 0.5795869883040936, 0.6602247807017544, 0.018914473684210526, 0.006578947368421052
1 0.7647112573099415, 0.6654331140350878, 0.020285087719298246, 0.006944444444444444
1 0.18788742690058477, 0.661047149122807, 0.019769736842105264, 0.010897295321637428
1 0.2987938596491228, 0.6607730263157895, 0.027754934210526317, 0.00735562865497076
1 0.6053545321637427, 0.6607730263157895, 0.018914473684210526, 0.005847953216374269
1 0.7065972222222222, 0.661047149122807, 0.00932017543859649, 0.01896016081871345
1 0.2477156432748538, 0.6613212719298246, 0.021655701754385966, 0.01023391812865497
1 0.6565241228070176, 0.6621436403508771, 0.024945175438596492, 0.01023391812865497
1 0.5724597953216374, 0.6626918859649122, 0.020285087719298246, 0.00804093567251462
1 0.6665752923976608, 0.6632401315789473, 0.021929824561403508, 0.006944444444444444
1 0.19814510233918128, 0.6627604166666666, 0.0161047149122807, 0.013157894736842105
1 0.1745705409356725, 0.6640625, 0.02007949561403509, 0.009548611111111112
1 0.17945906432748537, 0.6663925438596491, 0.02042214912280702, 0.006831140350877193
1 0.04523026315789474, 0.6698190789473685, 0.011787280701754386, 0.008771929824561403
1 0.18459795321637426, 0.6648163377192983, 0.016858552631578948, 0.007288011695906433
1 0.7539290935672515, 0.6639089912280702, 0.019616228070175438, 0.00966374269005848
1 0.8191703216374269, 0.6646107456140351, 0.01644736842105263, 0.008406432748538011
1 0.8908077485380117, 0.6654331140350878, 0.01644736842105263, 0.01644736842105263
1 0.25319809941520466, 0.6657072368421053, 0.026041666666666668, 0.008406432748538011
1 0.7321820175438597, 0.6647149122807018, 0.024566885964912282, 0.00804093567251462
1 0.7796966374269005, 0.6659813596491229, 0.023848684210526317, 0.009868421052631578
1 0.06880482456140351, 0.6662554824561403, 0.020285087719298246, 0.012655336257309942
1 0.08310489766081872, 0.6646792763157895, 0.025836074561403508, 0.01722404970760234
1 0.3048026315789474, 0.6657401315789473, 0.01449561403508772, 0.010255847953216374
1 0.30911915204678364, 0.6669736842105263, 0.011995614035087719, 0.011330409356725146
1 0.7398574561403509, 0.6665296052631579, 0.022203947368421052, 0.006578947368421052
1 0.7458881578947368, 0.6662554824561403, 0.023300438596491228, 0.010599415204678362
1 0.23273026315789475, 0.6668037280701754, 0.01864035087719298, 0.010782163742690058
1 0.2937463450292398, 0.664953399122807, 0.021792763157894735, 0.006600877192982455
1 0.32453947368421054, 0.6667708333333333, 0.015657894736842103, 0.013271198830409357
1 0.7587719298245614, 0.6661184210526315, 0.02124451754385965, 0.006807383040935673
1 0.7148209064327485, 0.6676260964912281, 0.011787280701754386, 0.011582602339181286
1 0.07428728070175439, 0.6684484649122807, 0.018092105263157895, 0.012609649122807017
1 0.2796966374269006, 0.6679002192982456, 0.020285087719298246, 0.01114766081871345
1 0.5079495614035088, 0.6679002192982456, 0.022478070175438597, 0.009685672514619883
1 0.6866776315789473, 0.6687225877192983, 0.023026315789473683, 0.007492690058479532
1 0.7754934210526315, 0.6684484649122807, 0.01617324561403509, 0.004934210526315789
1 0.6408077485380117, 0.6695449561403509, 0.014528508771929825, 0.01206140350877193
1 0.6360562865497076, 0.6709155701754386, 0.013157894736842105, 0.009685672514619883
1 0.8231907894736842, 0.6692708333333334, 0.018092105263157895, 0.008771929824561403
1 0.0201937134502924, 0.6703673245614035, 0.015076754385964912, 0.010782163742690058
1 0.7056834795321637, 0.6700932017543859, 0.019736842105263157, 0.004934210526315789
1 0.6939875730994152, 0.6709155701754386, 0.023026315789473683, 0.007309941520467836
1 0.700749269005848, 0.6711896929824561, 0.021107456140350877, 0.004934210526315789
1 0.709703947368421, 0.670641447368421, 0.020285087719298246, 0.005482456140350877
1 0.8284904970760234, 0.670641447368421, 0.016721491228070175, 0.010416666666666666
1 0.5909173976608187, 0.6720120614035088, 0.01343201754385965, 0.008954678362573099
1 0.8007127192982456, 0.6720120614035088, 0.021655701754385966, 0.006396198830409356
1 0.6094663742690059, 0.6728344298245614, 0.02652138157894737, 0.014163011695906433
1 0.7155519005847953, 0.6744791666666666, 0.013706140350877192, 0.009822733918128655
1 0.1429093567251462, 0.6747532894736842, 0.011787280701754386, 0.01800073099415205
1 0.8390899122807017, 0.6772203947368421, 0.020285087719298246, 0.011878654970760233
1 0.8348866959064327, 0.6788651315789473, 0.018914473684210526, 0.010782163742690058
1 0.7643238304093567, 0.6773903508771929, 0.01836622807017544, 0.012744883040935672
1 0.8054641812865497, 0.6779742324561403, 0.02090186403508772, 0.008406432748538011
1 0.7843567251461988, 0.6786951754385965, 0.015487938596491228, 0.010325292397660819
1 0.27074195906432746, 0.6807839912280702, 0.022203947368421052, 0.006396198830409356
1 0.821546052631579, 0.6865405701754386, 0.01781798245614035, 0.012975146198830409
1 0.9315606725146199, 0.6903782894736842, 0.02138157894736842, 0.009685672514619883
1 0.7410453216374269, 0.6909265350877193, 0.01918859649122807, 0.015625
1 0.7918951023391813, 0.6916118421052632, 0.027275219298245616, 0.018137792397660817
1 0.2608735380116959, 0.7251918859649122, 0.008771929824561403, 0.009502923976608187
1 0.07300804093567251, 0.7301260964912281, 0.019462719298245616, 0.00932017543859649
1 0.3107638888888889, 0.7358826754385965, 0.01452576754385965, 0.008771929824561403
1 0.4737755847953216, 0.7364309210526315, 0.01343201754385965, 0.006944444444444444
1 0.26763523391812866, 0.7397203947368421, 0.012883771929824562, 0.010599415204678362
1 0.7250548245614035, 0.7526041666666666, 0.018914473684210526, 0.009137426900584795
1 0.8774671052631579, 0.7526041666666666, 0.010964912280701754, 0.014619883040935672
1 0.7723866959064327, 0.7542489035087719, 0.012883771929824562, 0.006030701754385965
1 0.17004751461988304, 0.7693256578947368, 0.013980263157894737, 0.008223684210526315
1 0.8833150584795322, 0.7693256578947368, 0.008223684210526315, 0.006578947368421052
1 0.594389619883041, 0.8035910087719298, 0.015625, 0.0062134502923976605
1 0.5849323830409356, 0.8132483552631579, 0.014191337719298246, 0.008908991228070175
1 0.06789108187134503, 0.6108826754385965, 0.01864035087719298, 0.006761695906432748
1 0.04536732456140351, 0.6026589912280702, 0.013980263157894737, 0.014482821637426901
1 0.057520102339181284, 0.6031387061403509, 0.0161047149122807, 0.00806469298245614
1 0.06348318713450292, 0.6061540570175439, 0.02018366228070175, 0.007971491228070175
1 0.14297880116959064, 0.5852521929824561, 0.01528234649122807, 0.0071034356725146195
1 0.13701571637426901, 0.5855043859649123, 0.02370065789473684, 0.007401315789473684
1 0.2347404970760234, 0.6389802631578947, 0.008292214912280702, 0.012381213450292397
1 0.22487207602339182, 0.6445997807017544, 0.011581688596491228, 0.009868421052631578
1 0.2458516081871345, 0.5814473684210526, 0.009816337719298246, 0.01246345029239766
1 0.24812682748538012, 0.5816885964912281, 0.010964912280701754, 0.016858552631578948
1 0.25440972222222225, 0.5812774122807017, 0.016463815789473684, 0.01674342105263158
1 0.2446838450292398, 0.5611979166666666, 0.02112938596491228, 0.008428362573099415
1 0.23123720760233918, 0.5792214912280702, 0.018092105263157895, 0.017909356725146198
1 0.21516447368421054, 0.5812445175438596, 0.020317982456140353, 0.011648391812865498
1 0.20116045321637427, 0.5657894736842105, 0.018434758771929825, 0.015922880116959064
1 0.2049305555555556, 0.6524451754385965, 0.011411732456140352, 0.017543859649122806
1 0.2760197368421053, 0.5790515350877193, 0.015657894736842103, 0.014071637426900584
1 0.27641812865497073, 0.585921052631579, 0.014394188596491227, 0.012094298245614036
1 0.7263559941520468, 0.49773848684210525, 0.010726425438596492, 0.009755116959064327
1 0.7206176900584795, 0.6112362938596491, 0.012850877192982457, 0.01336440058479532
1 0.601312134502924, 0.5525986842105264, 0.01970120614035088, 0.009798976608187134
1 0.5477430555555556, 0.5681880482456141, 0.021107456140350877, 0.012244152046783625
1 0.6522295321637427, 0.6108141447368421, 0.021038925438596492, 0.007629751461988304
1 0.6422697368421053, 0.6152001096491229, 0.018229166666666668, 0.01228983918128655
1 0.6615953947368421, 0.6087582236842105, 0.022754934210526316, 0.011330409356725146
1 0.6657529239766082, 0.6173930921052632, 0.013807565789473683, 0.012174707602339182
1 0.6721948099415205, 0.6007401315789473, 0.018470394736842102, 0.008887061403508773
1 0.7833296783625732, 0.6311677631578947, 0.014906798245614035, 0.013110380116959064
1 0.771860380116959, 0.6215734649122807, 0.025953947368421056, 0.007675438596491228
1 0.7774817251461988, 0.627672697368421, 0.019942434210526317, 0.01411549707602339
1 0.7446089181286549, 0.6433662280701754, 0.018023574561403508, 0.009639985380116959
1 0.7491319444444444, 0.6350383771929824, 0.02042214912280702, 0.00893092105263158
1 0.9179459064327485, 0.6385690789473685, 0.02802905701754386, 0.01516812865497076
1 0.9221728801169591, 0.6370285087719298, 0.021175986842105265, 0.017406798245614034
1 0.9067982456140351, 0.6413623903508772, 0.028525219298245613, 0.017086988304093567
1 0.9201589912280701, 0.6309978070175439, 0.017801535087719297, 0.0171655701754386
1 0.936328581871345, 0.639391447368421, 0.02311951754385965, 0.012684576023391812
1 0.9397843567251462, 0.6389802631578947, 0.02398574561403509, 0.017041301169590642
1 0.945562865497076, 0.6386376096491229, 0.022683662280701754, 0.015127923976608188
1 0.19586074561403508, 0.6354194078947369, 0.022129934210526316, 0.012244152046783625
1 0.317891081871345, 0.5811485745614036, 0.017195723684210525, 0.010782163742690058
1 0.3260690789473684, 0.5695723684210526, 0.014317434210526316, 0.010416666666666666
1 0.3426991959064328, 0.5926644736842105, 0.01671875, 0.010736476608187134
1 0.33863304093567254, 0.5851123903508771, 0.00856359649122807, 0.014208698830409356
1 0.3826297514619883, 0.5846984649122807, 0.013566337719298245, 0.014619883040935672
1 0.38080226608187134, 0.579766995614035, 0.01623629385964912, 0.015899122807017545
1 0.4735014619883041, 0.6126041666666667, 0.02055372807017544, 0.01023391812865497
1 0.4686129385964912, 0.6117132675438597, 0.01801809210526316, 0.008954678362573099
1 0.46970942982456143, 0.5908826754385965, 0.009317434210526316, 0.017726608187134504
1 0.4690698099415205, 0.5953892543859649, 0.017195723684210525, 0.008132309941520468
1 0.4817251461988304, 0.600734649122807, 0.022198464912280703, 0.006487573099415204
1 0.48565423976608185, 0.5986129385964911, 0.01493421052631579, 0.00712719298245614
1 0.5559667397660819, 0.5973766447368422, 0.01384046052631579, 0.016812865497076022
1 0.5580226608187134, 0.5938815789473684, 0.009385964912280702, 0.014391447368421052
1 0.5807291666666666, 0.5812774122807017, 0.018292214912280703, 0.007309941520467836
1 0.5810489766081871, 0.5957017543859648, 0.008700657894736842, 0.005985014619883041
1 0.694672880116959, 0.5793530701754386, 0.02343201754385965, 0.008954678362573099
1 0.682063230994152, 0.5940844298245613, 0.011233552631578946, 0.016949926900584795
1 0.8048702485380117, 0.6287801535087719, 0.024936951754385966, 0.011878654970760233
1 0.8061476608187134, 0.6243174342105263, 0.01938870614035088, 0.011924342105263159
1 0.8336988304093568, 0.6182839912280702, 0.005616776315789473, 0.005208333333333333
