1 0.3428333333333333, 0.275875, 0.03866666666666667, 0.0475
1 0.5918333333333333, 0.3878125, 0.056666666666666664, 0.0573125
1 0.9368333333333333, 0.395875, 0.047, 0.05675
1 0.9801666666666666, 0.398375, 0.04766666666666667, 0.05
1 0.7491666666666666, 0.406125, 0.041666666666666664, 0.0455
1 0.17416666666666666, 0.442875, 0.035666666666666666, 0.0565
1 0.9248333333333333, 0.455125, 0.05, 0.0535
1 1.2978333333333334, 0.462625, 0.035, 0.0645
1 0.9108333333333334, 0.476125, 0.03933333333333333, 0.05875
1 0.7491666666666666, 0.481125, 0.04733333333333333, 0.0575
1 0.6935, 0.485875, 0.046, 0.0565
1 0.8751666666666666, 0.487375, 0.04, 0.057
1 0.6571666666666667, 0.490375, 0.04766666666666667, 0.048
1 0.8528333333333333, 0.493125, 0.028666666666666667, 0.0495
1 0.9628333333333333, 0.499125, 0.043, 0.057
1 1.0018333333333334, 0.611375, 0.07533333333333334, 0.064
1 0.23683333333333334, 0.467, 0.051166666666666666, 0.051375
1 0.4115, 0.2645, 0.04883333333333333, 0.049375
1 0.5111666666666667, 0.247375, 0.0325, 0.045625
1 0.8558333333333333, 0.251, 0.0435, 0.042125
1 0.80975, 0.403875, 0.034833333333333334, 0.0454375
1 0.7808333333333334, 0.405875, 0.05383333333333333, 0.0605
1 0.7921666666666667, 0.484125, 0.03783333333333333, 0.05375
1 0.821, 0.494375, 0.03233333333333333, 0.06075
1 0.451, 0.454375, 0.052833333333333336, 0.077375
1 0.5603333333333333, 0.439375, 0.034833333333333334, 0.06425
1 0.49883333333333335, 0.450375, 0.059166666666666666, 0.04225
1 0.5015, 0.485875, 0.05366666666666667, 0.05375
1 1.0811666666666666, 0.635875, 0.049, 0.0475
1 1.1346666666666667, 0.688625, 0.09183333333333334, 0.031625
1 1.2896666666666667, 0.691875, 0.043333333333333335, 0.0485
1 1.3001666666666667, 0.67775, 0.03283333333333333, 0.026625
1 1.3178299999999998, 0.6325375, 0.0155, 0.038125
1 1.285, 0.600375, 0.04783333333333333, 0.06925
1 1.2686666666666666, 0.478125, 0.058666666666666666, 0.068125
1 1.2736666666666667, 0.543625, 0.0505, 0.04475
1 1.2525, 0.508375, 0.03166666666666667, 0.039875
1 1.2218333333333333, 0.495875, 0.039, 0.06175
1 1.189, 0.487625, 0.03966666666666667, 0.058375
1 1.2298333333333333, 0.559, 0.04666666666666667, 0.05625
1 1.2194166666666666, 0.58525, 0.08708333333333333, 0.051375
1 1.1128333333333333, 0.578, 0.04416666666666667, 0.04625
1 1.1209166666666666, 0.604625, 0.09816666666666667, 0.036625
1 1.15025, 0.5375625, 0.07091666666666667, 0.0344375
1 1.16625, 0.5678125, 0.050166666666666665, 0.048875
1 1.0996666666666666, 0.482625, 0.04033333333333333, 0.054375
1 1.12025, 0.477125, 0.05708333333333333, 0.058875
1 1.0105, 0.4900625, 0.05383333333333333, 0.0683125
1 1.06075, 0.4858125, 0.05408333333333333, 0.048875
1 1.0500833333333333, 0.4914375, 0.057416666666666664, 0.0645
1 1.1439166666666667, 0.4823125, 0.0755, 0.073625
1 1.3111666666666666, 0.537625, 0.022166666666666668, 0.0215625
