1 0.8447551169590644, 0.41515899122807015, 0.011787280701754386, 0.01206140350877193
1 0.719389619883041, 0.4381853070175439, 0.011787280701754386, 0.004751461988304093
1 0.7502741228070176, 0.44065241228070173, 0.011513157894736841, 0.006944444444444444
1 0.7038559941520468, 0.44421600877192985, 0.010964912280701754, 0.015350877192982455
1 0.7089729532163743, 0.45490679824561403, 0.006578947368421052, 0.011513157894736841
1 0.7239583333333334, 0.44640899122807015, 0.01699561403508772, 0.006578947368421052
1 0.6355080409356725, 0.45079495614035087, 0.012883771929824562, 0.014437134502923976
1 0.7599597953216374, 0.4524396929824561, 0.02549342105263158, 0.01206140350877193
1 0.21920687134502925, 0.45819627192982454, 0.007401315789473684, 0.0062134502923976605
1 0.7182931286549707, 0.45874451754385964, 0.008771929824561403, 0.004934210526315789
1 0.06533260233918128, 0.4765625, 0.015076754385964912, 0.007675438596491228
1 0.286641081871345, 0.4804002192982456, 0.01644736842105263, 0.006761695906432748
1 0.047057748538011694, 0.4908168859649123, 0.01069078947368421, 0.01516812865497076
1 0.1546966374269006, 0.4973958333333333, 0.015076754385964912, 0.009137426900584795
1 0.14629020467836257, 0.5037006578947368, 0.014528508771929825, 0.009137426900584795
1 0.16218932748538012, 0.5064418859649122, 0.006304824561403508, 0.006761695906432748
1 0.17077850877192982, 0.5061677631578947, 0.013706140350877192, 0.00712719298245614
1 0.08159722222222222, 0.5083607456140351, 0.010964912280701754, 0.008223684210526315
1 0.0512609649122807, 0.5149396929824561, 0.01918859649122807, 0.009685672514619883
1 0.7067799707602339, 0.5149396929824561, 0.015625, 0.009868421052631578
1 0.9708516081871345, 0.5193256578947368, 0.014528508771929825, 0.019005847953216373
1 0.7913925438596491, 0.5234375, 0.01617324561403509, 0.021747076023391813
1 0.8085709064327485, 0.5278234649122807, 0.021929824561403508, 0.011695906432748537
1 0.9406980994152047, 0.5322094298245614, 0.022203947368421052, 0.015716374269005847
1 0.9394188596491229, 0.5385142543859649, 0.026041666666666668, 0.017361111111111112
1 0.9235197368421053, 0.5341282894736842, 0.02412280701754386, 0.02138157894736842
1 0.9046966374269005, 0.5357730263157895, 0.02055921052631579, 0.02101608187134503
1 0.9196820175438597, 0.5390625, 0.02412280701754386, 0.01882309941520468
1 0.8851425438596491, 0.5412554824561403, 0.021107456140350877, 0.01882309941520468
1 0.9012244152046783, 0.5607182017543859, 0.012883771929824562, 0.014802631578947368
1 0.9569627192982456, 0.5412554824561403, 0.023574561403508772, 0.008589181286549707
1 0.9045138888888888, 0.5434484649122807, 0.019736842105263157, 0.01864035087719298
1 0.8979349415204678, 0.5448190789473685, 0.020833333333333332, 0.021747076023391813
1 0.9151133040935673, 0.5648300438596491, 0.015350877192982455, 0.019554093567251463
1 0.9211440058479532, 0.5746984649122807, 0.024945175438596492, 0.017726608187134504
1 0.3633954678362573, 0.5459155701754386, 0.018914473684210526, 0.012975146198830409
1 0.36504020467836257, 0.5522203947368421, 0.013980263157894737, 0.015716374269005847
1 0.3516995614035088, 0.5544133771929824, 0.018092105263157895, 0.013157894736842105
1 0.3897112573099415, 0.5459155701754386, 0.010142543859649123, 0.016812865497076022
1 0.8394554093567251, 0.545641447368421, 0.01644736842105263, 0.023026315789473683
1 0.1994700292397661, 0.5461896929824561, 0.009868421052631578, 0.017178362573099414
1 0.22395833333333334, 0.5464638157894737, 0.017543859649122806, 0.022112573099415205
1 0.2722039473684211, 0.5470120614035088, 0.02549342105263158, 0.010051169590643274
1 0.26343201754385964, 0.5522203947368421, 0.021655701754385966, 0.00932017543859649
1 0.3008954678362573, 0.5472861842105263, 0.011239035087719298, 0.012244152046783625
1 0.736202485380117, 0.548108552631579, 0.023300438596491228, 0.011330409356725146
1 0.7718384502923976, 0.548108552631579, 0.0268640350877193, 0.018092105263157895
1 0.3487755847953216, 0.5483826754385965, 0.020285087719298246, 0.015716374269005847
1 0.8760051169590644, 0.5497532894736842, 0.025219298245614034, 0.015899122807017545
1 0.2935855263157895, 0.5494791666666666, 0.024671052631578948, 0.008954678362573099
1 0.2838998538011696, 0.5527686403508771, 0.020285087719298246, 0.01023391812865497
1 0.28042763157894735, 0.5722313596491229, 0.01864035087719298, 0.014437134502923976
1 0.28188961988304095, 0.5812774122807017, 0.018092105263157895, 0.010416666666666666
1 0.2524671052631579, 0.5508497807017544, 0.015076754385964912, 0.012609649122807017
1 0.24862938596491227, 0.5575657894736842, 0.02563048245614035, 0.009502923976608187
1 0.338358918128655, 0.5511239035087719, 0.019462719298245616, 0.010964912280701754
1 0.8871527777777778, 0.5519462719298246, 0.024671052631578948, 0.015716374269005847
1 0.2784173976608187, 0.5524945175438597, 0.010142543859649123, 0.008954678362573099
1 0.3244700292397661, 0.5527686403508771, 0.01617324561403509, 0.009685672514619883
1 0.21573464912280702, 0.5533168859649122, 0.01864035087719298, 0.009685672514619883
1 0.23218201754385964, 0.5533168859649122, 0.009594298245614035, 0.01827485380116959
1 0.23364400584795322, 0.5615405701754386, 0.012335526315789474, 0.014802631578947368
1 0.2296235380116959, 0.5678453947368421, 0.011787280701754386, 0.015807748538011698
1 0.2380299707602339, 0.5755208333333334, 0.011239035087719298, 0.010051169590643274
1 0.24022295321637427, 0.5777138157894737, 0.02275219298245614, 0.013523391812865496
1 0.22743055555555555, 0.5840186403508771, 0.023848684210526317, 0.014437134502923976
1 0.22121710526315788, 0.5842927631578947, 0.02138157894736842, 0.008589181286549707
1 0.21262792397660818, 0.5900493421052632, 0.015076754385964912, 0.009685672514619883
1 0.21006944444444445, 0.6007401315789473, 0.00932017543859649, 0.013888888888888888
1 0.8337902046783626, 0.5535910087719298, 0.023026315789473683, 0.02010233918128655
1 0.6631030701754386, 0.5544133771929824, 0.013980263157894737, 0.021198830409356724
1 0.6729714912280702, 0.5640076754385965, 0.02631578947368421, 0.010051169590643274
1 0.1579861111111111, 0.5549616228070176, 0.01644736842105263, 0.01918859649122807
1 0.3911732456140351, 0.5552357456140351, 0.01644736842105263, 0.023391812865497075
1 0.8460343567251462, 0.5552357456140351, 0.017269736842105265, 0.012792397660818713
1 0.3824013157894737, 0.5555098684210527, 0.0200109649122807, 0.007492690058479532
1 0.1766264619883041, 0.5563322368421053, 0.01343201754385965, 0.008771929824561403
1 0.1684027777777778, 0.5629111842105263, 0.01699561403508772, 0.008771929824561403
1 0.20074926900584794, 0.5566063596491229, 0.01343201754385965, 0.014071637426900584
1 0.20056652046783627, 0.5689418859649122, 0.02138157894736842, 0.008771929824561403
1 0.3096673976608187, 0.5568804824561403, 0.01836622807017544, 0.008771929824561403
1 0.301078216374269, 0.5571546052631579, 0.0200109649122807, 0.01114766081871345
1 0.7511878654970761, 0.5571546052631579, 0.02768640350877193, 0.0133406432748538
1 0.9238852339181286, 0.557702850877193, 0.021655701754385966, 0.021564327485380116
1 0.9390533625730995, 0.5585252192982456, 0.01918859649122807, 0.017543859649122806
1 0.33433845029239767, 0.5596217105263158, 0.01918859649122807, 0.008589181286549707
1 0.37527412280701755, 0.5593475877192983, 0.024671052631578948, 0.009685672514619883
1 0.3897112573099415, 0.5596217105263158, 0.01864035087719298, 0.00932017543859649
1 0.8306834795321637, 0.5596217105263158, 0.01918859649122807, 0.016264619883040937
1 0.7619700292397661, 0.5604440789473685, 0.01864035087719298, 0.009868421052631578
1 0.686860380116959, 0.561266447368421, 0.013157894736842105, 0.013157894736842105
1 0.4152960526315789, 0.5618146929824561, 0.015350877192982455, 0.008954678362573099
1 0.313687865497076, 0.5623629385964912, 0.023574561403508772, 0.010782163742690058
1 0.2760416666666667, 0.5626370614035088, 0.0200109649122807, 0.00932017543859649
1 0.44124634502923976, 0.5626370614035088, 0.01644736842105263, 0.009137426900584795
1 0.44672880116959063, 0.5656524122807017, 0.01617324561403509, 0.007858187134502924
1 0.42425073099415206, 0.5631853070175439, 0.018092105263157895, 0.007675438596491228
1 0.8209978070175439, 0.5631853070175439, 0.022478070175438597, 0.020285087719298246
1 0.8136878654970761, 0.5640076754385965, 0.018914473684210526, 0.012244152046783625
1 0.2555738304093567, 0.5645559210526315, 0.022203947368421052, 0.0133406432748538
1 0.34749634502923976, 0.5711348684210527, 0.027412280701754384, 0.010964912280701754
1 0.3654513888888889, 0.575452302631579, 0.009936951754385965, 0.01183296783625731
1 0.3637609649122807, 0.5796326754385965, 0.023300438596491228, 0.009685672514619883
1 0.3560855263157895, 0.5873081140350878, 0.021655701754385966, 0.00804093567251462
1 0.349141081871345, 0.6018366228070176, 0.025767543859649123, 0.010416666666666666
1 0.6422697368421053, 0.5645559210526315, 0.014802631578947368, 0.01206140350877193
1 0.6981907894736842, 0.5648300438596491, 0.02549342105263158, 0.00712719298245614
1 0.4319261695906433, 0.5653782894736842, 0.021655701754385966, 0.009137426900584795
1 0.6623720760233918, 0.5653782894736842, 0.011239035087719298, 0.011695906432748537
1 0.20879020467836257, 0.5662006578947368, 0.021929824561403508, 0.006761695906432748
1 0.7089729532163743, 0.5659265350877193, 0.018092105263157895, 0.012975146198830409
1 0.13459429824561403, 0.5664747807017544, 0.01781798245614035, 0.02266081871345029
1 0.3209978070175439, 0.5675712719298246, 0.015076754385964912, 0.007309941520467836
1 0.6837536549707602, 0.5675712719298246, 0.009868421052631578, 0.012792397660818713
1 0.6806469298245614, 0.5708607456140351, 0.010416666666666666, 0.013706140350877192
1 0.7188413742690059, 0.5678453947368421, 0.021107456140350877, 0.010782163742690058
1 0.19197733918128654, 0.5689418859649122, 0.022203947368421052, 0.007858187134502924
1 0.3288559941520468, 0.5700383771929824, 0.01918859649122807, 0.010599415204678362
1 0.33671418128654973, 0.5700383771929824, 0.023574561403508772, 0.015350877192982455
1 0.7643457602339181, 0.5700383771929824, 0.022203947368421052, 0.0133406432748538
1 0.15725511695906433, 0.5705866228070176, 0.023300438596491228, 0.010964912280701754
1 0.1493969298245614, 0.5736019736842105, 0.015625, 0.009502923976608187
1 0.1810124269005848, 0.5714089912280702, 0.018092105263157895, 0.010416666666666666
1 0.21317616959064328, 0.5722313596491229, 0.020285087719298246, 0.009502923976608187
1 0.16419956140350878, 0.5804550438596491, 0.018092105263157895, 0.010782163742690058
1 0.20550073099415206, 0.5897752192982456, 0.019462719298245616, 0.007858187134502924
1 0.18702119883040935, 0.5900493421052632, 0.014802631578947368, 0.009890350877192982
1 0.16968201754385964, 0.5922423245614035, 0.011787280701754386, 0.017086988304093567
1 0.18192616959064328, 0.6029331140350878, 0.024396929824561403, 0.009868421052631578
1 0.17808845029239767, 0.6037554824561403, 0.012335526315789474, 0.004203216374269006
1 0.19234283625730994, 0.6056743421052632, 0.023026315789473683, 0.007309941520467836
1 0.18247441520467836, 0.6303453947368421, 0.034265350877192985, 0.011878654970760233
1 0.5589364035087719, 0.5714089912280702, 0.01836622807017544, 0.01882309941520468
1 0.41639254385964913, 0.5760690789473685, 0.020833333333333332, 0.010782163742690058
1 0.4112755847953216, 0.5761732456140352, 0.02360745614035088, 0.006874999999999999
1 0.3972039473684211, 0.5805592105263159, 0.01798793859649123, 0.013157894736842105
1 0.40597587719298245, 0.5983771929824562, 0.010860745614035086, 0.008589181286549707
1 0.4174890350877193, 0.6015953947368421, 0.02737938596491228, 0.010599415204678362
1 0.4097222222222222, 0.604577850877193, 0.014802631578947368, 0.00941154970760234
1 0.40483369883040937, 0.6167077850877193, 0.018297697368421052, 0.0188687865497076
1 0.4078033625730994, 0.6243146929824561, 0.012335526315789474, 0.01023391812865497
1 0.4140168128654971, 0.6339089912280702, 0.012883771929824562, 0.009868421052631578
1 0.39939692982456143, 0.6467927631578947, 0.019736842105263157, 0.02138157894736842
1 0.5936586257309941, 0.5719572368421053, 0.01069078947368421, 0.007675438596491228
1 0.9061586257309941, 0.5725054824561403, 0.023300438596491228, 0.02266081871345029
1 0.269828216374269, 0.5736019736842105, 0.017269736842105265, 0.010964912280701754
1 0.656889619883041, 0.5738760964912281, 0.012883771929824562, 0.020650584795321638
1 0.30528143274853803, 0.5749725877192983, 0.022203947368421052, 0.00804093567251462
1 0.2935855263157895, 0.5911458333333334, 0.013157894736842105, 0.013157894736842105
1 0.2935855263157895, 0.6012883771929824, 0.026041666666666668, 0.006761695906432748
1 0.6241776315789473, 0.5749725877192983, 0.026041666666666668, 0.010782163742690058
1 0.38569078947368424, 0.5760690789473685, 0.01343201754385965, 0.01516812865497076
1 0.5231176900584795, 0.5760690789473685, 0.022203947368421052, 0.00932017543859649
1 0.44800804093567254, 0.576891447368421, 0.024945175438596492, 0.009868421052631578
1 0.4536732456140351, 0.5766173245614035, 0.026041666666666668, 0.014985380116959063
1 0.44727704678362573, 0.6015625, 0.014802631578947368, 0.008954678362573099
1 0.448921783625731, 0.610608552631579, 0.024671052631578948, 0.010599415204678362
1 0.5295138888888888, 0.576891447368421, 0.015350877192982455, 0.009685672514619883
1 0.8908077485380117, 0.5763432017543859, 0.020833333333333332, 0.020285087719298246
1 0.5870796783625731, 0.5771655701754386, 0.014528508771929825, 0.013706140350877192
1 0.9004934210526315, 0.5777138157894737, 0.02549342105263158, 0.02138157894736842
1 0.13770102339181287, 0.5788103070175439, 0.01781798245614035, 0.01608187134502924
1 0.1356907894736842, 0.5870339912280702, 0.017543859649122806, 0.009868421052631578
1 0.8447551169590644, 0.5779879385964912, 0.02549342105263158, 0.021198830409356724
1 0.43832236842105265, 0.5785361842105263, 0.013706140350877192, 0.010782163742690058
1 0.5143457602339181, 0.579358552631579, 0.01343201754385965, 0.01114766081871345
1 0.6345942982456141, 0.5799067982456141, 0.0200109649122807, 0.009685672514619883
1 0.8630299707602339, 0.5796326754385965, 0.022203947368421052, 0.017543859649122806
1 0.5786732456140351, 0.5804550438596491, 0.023300438596491228, 0.008771929824561403
1 0.5867141812865497, 0.5958059210526315, 0.008223684210526315, 0.006578947368421052
1 0.5817799707602339, 0.6021107456140351, 0.009594298245614035, 0.008223684210526315
1 0.11595394736842106, 0.5807291666666666, 0.01836622807017544, 0.010416666666666666
1 0.3102156432748538, 0.5810032894736842, 0.015899122807017545, 0.01882309941520468
1 0.3235562865497076, 0.5853892543859649, 0.022478070175438597, 0.013523391812865496
1 0.3142361111111111, 0.5900493421052632, 0.02850877192982456, 0.008771929824561403
1 0.32245979532163743, 0.5963541666666666, 0.022478070175438597, 0.007858187134502924
1 0.5393823099415205, 0.5812774122807017, 0.01343201754385965, 0.010051169590643274
1 0.6841191520467836, 0.5815515350877193, 0.017269736842105265, 0.02010233918128655
1 0.7075109649122807, 0.5815515350877193, 0.015899122807017545, 0.020285087719298246
1 0.5017361111111112, 0.5818256578947368, 0.01864035087719298, 0.02046783625730994
1 0.8199013157894737, 0.5826480263157895, 0.017269736842105265, 0.013523391812865496
1 0.24460891812865498, 0.5831962719298246, 0.019462719298245616, 0.015625
1 0.24479166666666666, 0.5969024122807017, 0.01617324561403509, 0.014802631578947368
1 0.23145102339181287, 0.6004660087719298, 0.012335526315789474, 0.016812865497076022
1 0.24917763157894737, 0.6029331140350878, 0.015350877192982455, 0.011878654970760233
1 0.4608004385964912, 0.582922149122807, 0.015625, 0.015350877192982455
1 0.6002375730994152, 0.5831962719298246, 0.011513157894736841, 0.013706140350877192
1 0.6108369883040936, 0.5856633771929824, 0.02374451754385965, 0.010347222222222221
1 0.602796052631579, 0.5878563596491229, 0.018914473684210526, 0.008589181286549707
1 0.5974963450292398, 0.5952576754385965, 0.01699561403508772, 0.009685672514619883
1 0.12509137426900585, 0.5842927631578947, 0.0200109649122807, 0.009685672514619883
1 0.3723501461988304, 0.5842927631578947, 0.011513157894736841, 0.016264619883040937
1 0.6629203216374269, 0.5853892543859649, 0.013706140350877192, 0.014071637426900584
1 0.26050804093567254, 0.5856633771929824, 0.02631578947368421, 0.008406432748538011
1 0.8913559941520468, 0.5859375, 0.024671052631578948, 0.02138157894736842
1 0.8959247076023392, 0.6089638157894737, 0.018914473684210526, 0.015533625730994151
1 0.8898940058479532, 0.6128015350877193, 0.016721491228070175, 0.009868421052631578
1 0.5423062865497076, 0.5864857456140351, 0.01069078947368421, 0.015899122807017545
1 0.5413925438596491, 0.5969024122807017, 0.012883771929824562, 0.007858187134502924
1 0.5636878654970761, 0.5864857456140351, 0.01069078947368421, 0.01425438596491228
1 0.5625913742690059, 0.5944353070175439, 0.00932017543859649, 0.010599415204678362
1 0.43391447368421054, 0.5870339912280702, 0.025219298245614034, 0.007331871345029239
1 0.4401498538011696, 0.5905975877192983, 0.024671052631578948, 0.009502923976608187
1 0.469937865497076, 0.5878563596491229, 0.021929824561403508, 0.0133406432748538
1 0.8019919590643275, 0.5873081140350878, 0.02055921052631579, 0.015899122807017545
1 0.8838633040935673, 0.5873081140350878, 0.021929824561403508, 0.01918859649122807
1 0.38916301169590645, 0.5881304824561403, 0.02138157894736842, 0.011695906432748537
1 0.3869700292397661, 0.5996436403508771, 0.014528508771929825, 0.010964912280701754
1 0.4798062865497076, 0.5878563596491229, 0.020285087719298246, 0.011878654970760233
1 0.09402412280701754, 0.5892269736842105, 0.026589912280701754, 0.015350877192982455
1 0.26854897660818716, 0.588952850877193, 0.021107456140350877, 0.0062134502923976605
1 0.48729897660818716, 0.5892269736842105, 0.02631578947368421, 0.011695906432748537
1 0.5550986842105263, 0.5897752192982456, 0.015076754385964912, 0.007858187134502924
1 0.5876279239766082, 0.5897752192982456, 0.010142543859649123, 0.011878654970760233
1 0.3824013157894737, 0.5903234649122807, 0.011239035087719298, 0.006578947368421052
1 0.37417763157894735, 0.5947094298245614, 0.01343201754385965, 0.009868421052631578
1 0.36504020467836257, 0.6015625, 0.01425438596491228, 0.01663011695906433
1 0.3816703216374269, 0.6015625, 0.00932017543859649, 0.004568713450292397
1 0.3597404970760234, 0.6095120614035088, 0.012883771929824562, 0.017909356725146198
1 0.4606176900584795, 0.5905975877192983, 0.01864035087719298, 0.013523391812865496
1 0.5225694444444444, 0.5914199561403509, 0.02275219298245614, 0.013157894736842105
1 0.5258589181286549, 0.5960800438596491, 0.023026315789473683, 0.01206140350877193
1 0.5172697368421053, 0.6021107456140351, 0.02823464912280702, 0.008771929824561403
1 0.6411732456140351, 0.5911458333333334, 0.015350877192982455, 0.020833333333333332
1 0.7137244152046783, 0.5914199561403509, 0.022203947368421052, 0.0133406432748538
1 0.7069627192982456, 0.5926535087719298, 0.023711622807017545, 0.013157894736842105
1 0.2731176900584795, 0.5916940789473685, 0.024945175438596492, 0.008954678362573099
1 0.2762244152046784, 0.5952576754385965, 0.024945175438596492, 0.015716374269005847
1 0.2696454678362573, 0.6160910087719298, 0.01425438596491228, 0.007492690058479532
1 0.7555738304093568, 0.5916940789473685, 0.023300438596491228, 0.021198830409356724
1 0.1545138888888889, 0.5922423245614035, 0.009594298245614035, 0.005665204678362573
1 0.16091008771929824, 0.5955317982456141, 0.015350877192982455, 0.007858187134502924
1 0.15634137426900585, 0.5988212719298246, 0.019736842105263157, 0.011878654970760233
1 0.569718567251462, 0.592516447368421, 0.01918859649122807, 0.009685672514619883
1 0.5567434210526315, 0.6034813596491229, 0.012609649122807017, 0.013706140350877192
1 0.5641447368421053, 0.6114309210526315, 0.013157894736842105, 0.014345760233918129
1 0.5574744152046783, 0.6144462719298246, 0.015625, 0.011330409356725146
1 0.5670687134502924, 0.6232182017543859, 0.009868421052631578, 0.005939327485380117
1 0.555281432748538, 0.6243475877192982, 0.01737390350877193, 0.015487938596491228
1 0.4938779239766082, 0.5927905701754386, 0.02138157894736842, 0.014802631578947368
1 0.338358918128655, 0.5933388157894737, 0.017543859649122806, 0.008954678362573099
1 0.3456688596491228, 0.5977247807017544, 0.015625, 0.008954678362573099
1 0.10279605263157894, 0.5941611842105263, 0.03042763157894737, 0.012792397660818713
1 0.6616410818713451, 0.5938870614035088, 0.018092105263157895, 0.01608187134502924
1 0.6808296783625731, 0.5947094298245614, 0.01644736842105263, 0.012244152046783625
1 0.6864948830409356, 0.5947094298245614, 0.01644736842105263, 0.011878654970760233
1 0.8809393274853801, 0.5944353070175439, 0.021929824561403508, 0.01864035087719298
1 0.14866593567251463, 0.594983552631579, 0.019736842105263157, 0.006578947368421052
1 0.30802266081871343, 0.5969024122807017, 0.02275219298245614, 0.010051169590643274
1 0.3114948830409357, 0.6196546052631579, 0.008771929824561403, 0.006030701754385965
1 0.3016264619883041, 0.6204769736842105, 0.01343201754385965, 0.011330409356725146
1 0.313687865497076, 0.6207510964912281, 0.01699561403508772, 0.00804093567251462
1 0.5472404970760234, 0.5971765350877193, 0.025219298245614034, 0.009685672514619883
1 0.14117324561403508, 0.5977247807017544, 0.02549342105263158, 0.007309941520467836
1 0.11175073099415204, 0.598547149122807, 0.021655701754385966, 0.011330409356725146
1 0.1181469298245614, 0.6023848684210527, 0.015076754385964912, 0.01114766081871345
1 0.13039108187134502, 0.5982730263157895, 0.01864035087719298, 0.010599415204678362
1 0.5035635964912281, 0.5990953947368421, 0.019462719298245616, 0.008954678362573099
1 0.49972587719298245, 0.6054002192982456, 0.011513157894736841, 0.005299707602339181
1 0.5046600877192983, 0.6189692982456141, 0.008908991228070175, 0.007309941520467836
1 0.5070358187134503, 0.626233552631579, 0.027138157894736843, 0.008954678362573099
1 0.6762609649122807, 0.5990953947368421, 0.03919956140350877, 0.01827485380116959
1 0.6696820175438597, 0.6306195175438597, 0.014528508771929825, 0.016812865497076022
1 0.6906980994152047, 0.6308936403508771, 0.022478070175438597, 0.00932017543859649
1 0.6696820175438597, 0.6384320175438597, 0.016241776315789474, 0.01918859649122807
1 0.5119700292397661, 0.6001918859649122, 0.0200109649122807, 0.007492690058479532
1 0.6980080409356725, 0.6001918859649122, 0.020285087719298246, 0.011513157894736841
1 0.7036732456140351, 0.6004660087719298, 0.013980263157894737, 0.007858187134502924
1 0.3005299707602339, 0.6007401315789473, 0.02055921052631579, 0.010051169590643274
1 0.2970577485380117, 0.6147203947368421, 0.02549342105263158, 0.009137426900584795
1 0.5368238304093568, 0.6010142543859649, 0.014528508771929825, 0.006944444444444444
1 0.5936586257309941, 0.6010142543859649, 0.01425438596491228, 0.008589181286549707
1 0.6305738304093568, 0.6010142543859649, 0.017269736842105265, 0.013157894736842105
1 0.6353252923976608, 0.6097861842105263, 0.01781798245614035, 0.011878654970760233
1 0.6221673976608187, 0.6018366228070176, 0.015625, 0.010599415204678362
1 0.7425986842105263, 0.6015625, 0.022203947368421052, 0.01864035087719298
1 0.16931652046783627, 0.6023848684210527, 0.014802631578947368, 0.008406432748538011
1 0.3312317251461988, 0.6023848684210527, 0.02055921052631579, 0.008954678362573099
1 0.8754568713450293, 0.6040296052631579, 0.022478070175438597, 0.015533625730994151
1 0.4565972222222222, 0.6037554824561403, 0.02275219298245614, 0.009137426900584795
1 0.9088998538011696, 0.6043037280701754, 0.030153508771929825, 0.0133406432748538
1 0.28609283625730997, 0.6051260964912281, 0.023848684210526317, 0.007492690058479532
1 0.5885416666666666, 0.6051260964912281, 0.023574561403508772, 0.014619883040935672
1 0.6102887426900585, 0.6311677631578947, 0.021655701754385966, 0.012426900584795321
1 0.5982273391812866, 0.6415844298245614, 0.02275219298245614, 0.009868421052631578
1 0.47194809941520466, 0.6056743421052632, 0.015350877192982455, 0.00804093567251462
1 0.4796235380116959, 0.6056743421052632, 0.01644736842105263, 0.007309941520467836
1 0.4833698830409357, 0.6136239035087719, 0.01864035087719298, 0.007766812865497076
1 0.8454861111111112, 0.6062225877192983, 0.02549342105263158, 0.017726608187134504
1 0.8690606725146199, 0.6056743421052632, 0.013980263157894737, 0.010964912280701754
1 0.576297514619883, 0.6064967105263158, 0.017543859649122806, 0.013888888888888888
1 0.6015168128654971, 0.6135910087719298, 0.01675438596491228, 0.009731359649122808
1 0.7371162280701754, 0.6059484649122807, 0.020833333333333332, 0.017909356725146198
1 0.2153691520467836, 0.6073190789473685, 0.010964912280701754, 0.015716374269005847
1 0.46463815789473684, 0.6075932017543859, 0.01343201754385965, 0.0062134502923976605
1 0.7948647660818714, 0.6075932017543859, 0.02275219298245614, 0.015350877192982455
1 0.8590095029239766, 0.6078673245614035, 0.020833333333333332, 0.023026315789473683
1 0.2608735380116959, 0.6092379385964912, 0.02275219298245614, 0.010964912280701754
1 0.07684576023391813, 0.6100603070175439, 0.02549342105263158, 0.01425438596491228
1 0.07191154970760234, 0.6155427631578947, 0.02412280701754386, 0.014985380116959063
1 0.7599597953216374, 0.6100603070175439, 0.01918859649122807, 0.016264619883040937
1 0.1269188596491228, 0.610608552631579, 0.015076754385964912, 0.013523391812865496
1 0.12088815789473684, 0.6117050438596491, 0.020833333333333332, 0.006396198830409356
1 0.8356176900584795, 0.610608552631579, 0.020833333333333332, 0.010782163742690058
1 0.1996527777777778, 0.6114309210526315, 0.021929824561403508, 0.014437134502923976
1 0.3830409356725146, 0.6114309210526315, 0.010142543859649123, 0.011970029239766082
1 0.37015716374269003, 0.6178728070175439, 0.019599780701754384, 0.015899122807017545
1 0.43411915204678364, 0.6114309210526315, 0.019736842105263157, 0.00932017543859649
1 0.5362755847953217, 0.6114309210526315, 0.019736842105263157, 0.012975146198830409
1 0.5172697368421053, 0.6489857456140351, 0.026589912280701754, 0.017909356725146198
1 0.515625, 0.6541940789473685, 0.024945175438596492, 0.011695906432748537
1 0.5326206140350878, 0.6761239035087719, 0.023026315789473683, 0.013706140350877192
1 0.6150402046783626, 0.6114309210526315, 0.01644736842105263, 0.010051169590643274
1 0.6930738304093568, 0.6119791666666666, 0.021107456140350877, 0.008771929824561403
1 0.2482638888888889, 0.6125274122807017, 0.016721491228070175, 0.015716374269005847
1 0.33150584795321636, 0.6119791666666666, 0.017269736842105265, 0.01343201754385965
1 0.3250182748538012, 0.6295230263157895, 0.027138157894736843, 0.011513157894736841
1 0.3100328947368421, 0.6344572368421053, 0.019462719298245616, 0.017726608187134504
1 0.3191703216374269, 0.6402138157894737, 0.020627741228070175, 0.00815423976608187
1 0.2999817251461988, 0.6511787280701754, 0.027412280701754384, 0.018457602339181287
1 0.3005299707602339, 0.6595394736842105, 0.024533991228070175, 0.0225
1 0.7784173976608187, 0.6119791666666666, 0.022478070175438597, 0.008589181286549707
1 0.27786915204678364, 0.6128015350877193, 0.022203947368421052, 0.00804093567251462
1 0.8266630116959064, 0.6125274122807017, 0.02987938596491228, 0.014619883040935672
1 0.9231542397660819, 0.6128015350877193, 0.01781798245614035, 0.022112573099415205
1 0.6713267543859649, 0.6133497807017544, 0.014528508771929825, 0.013706140350877192
1 0.6598135964912281, 0.6193804824561403, 0.015899122807017545, 0.020650584795321638
1 0.22341008771929824, 0.6138980263157895, 0.012335526315789474, 0.016264619883040937
1 0.21938961988304093, 0.6196546052631579, 0.023300438596491228, 0.00804093567251462
1 0.22395833333333334, 0.626233552631579, 0.02055921052631579, 0.010964912280701754
1 0.2153691520467836, 0.6459703947368421, 0.013706140350877192, 0.01663011695906433
1 0.4916849415204678, 0.6138980263157895, 0.023300438596491228, 0.006761695906432748
1 0.23675073099415206, 0.6144462719298246, 0.030153508771929825, 0.014437134502923976
1 0.44197733918128657, 0.6144462719298246, 0.02631578947368421, 0.008771929824561403
1 0.14866593567251463, 0.6147203947368421, 0.010142543859649123, 0.014802631578947368
1 0.14263523391812866, 0.6210252192982456, 0.01617324561403509, 0.017909356725146198
1 0.20513523391812866, 0.6152686403508771, 0.018914473684210526, 0.014437134502923976
1 0.234375, 0.6149945175438597, 0.025219298245614034, 0.009137426900584795
1 0.3211805555555556, 0.6149945175438597, 0.01918859649122807, 0.01023391812865497
1 0.7323647660818714, 0.6149945175438597, 0.023026315789473683, 0.014619883040935672
1 0.7075109649122807, 0.6152686403508771, 0.019462719298245616, 0.008223684210526315
1 0.7919407894736842, 0.6152686403508771, 0.021929824561403508, 0.013888888888888888
1 0.788468567251462, 0.6344572368421053, 0.015625, 0.00932017543859649
1 0.7957785087719298, 0.6366502192982456, 0.013980263157894737, 0.010599415204678362
1 0.16374269005847952, 0.6163651315789473, 0.012335526315789474, 0.015625
1 0.14830043859649122, 0.626233552631579, 0.0200109649122807, 0.015350877192982455
1 0.15487938596491227, 0.6333607456140351, 0.011787280701754386, 0.021747076023391813
1 0.4222404970760234, 0.6163651315789473, 0.026589912280701754, 0.01206140350877193
1 0.42479897660818716, 0.6415844298245614, 0.012609649122807017, 0.012244152046783625
1 0.4211440058479532, 0.6476151315789473, 0.021929824561403508, 0.011513157894736841
1 0.43686038011695905, 0.6522752192982456, 0.021929824561403508, 0.008406432748538011
1 0.4291849415204678, 0.6528234649122807, 0.014528508771929825, 0.007492690058479532
1 0.3374451754385965, 0.6171875, 0.021929824561403508, 0.013706140350877192
1 0.3560855263157895, 0.6185581140350878, 0.01617324561403509, 0.01864035087719298
1 0.8610197368421053, 0.6169133771929824, 0.023300438596491228, 0.0133406432748538
1 0.11229897660818713, 0.6174616228070176, 0.01425438596491228, 0.008954678362573099
1 0.4973501461988304, 0.6177357456140351, 0.02138157894736842, 0.007858187134502924
1 0.6212536549707602, 0.6180098684210527, 0.01918859649122807, 0.013523391812865496
1 0.7864583333333334, 0.6177357456140351, 0.021107456140350877, 0.008589181286549707
1 0.7796966374269005, 0.6347313596491229, 0.023574561403508772, 0.01023391812865497
1 0.7765899122807017, 0.6536458333333334, 0.02412280701754386, 0.014619883040935672
1 0.8175255847953217, 0.6177357456140351, 0.021107456140350877, 0.01206140350877193
1 0.1768092105263158, 0.6182839912280702, 0.027960526315789474, 0.00932017543859649
1 0.4701206140350877, 0.6182839912280702, 0.017269736842105265, 0.017726608187134504
1 0.573921783625731, 0.6191063596491229, 0.019462719298245616, 0.008771929824561403
1 0.6444627192982456, 0.6191063596491229, 0.027138157894736843, 0.010599415204678362
1 0.6369700292397661, 0.6400082236842105, 0.014734100877192983, 0.02106176900584795
1 0.5249451754385965, 0.6196546052631579, 0.023574561403508772, 0.010599415204678362
1 0.5220211988304093, 0.6330866228070176, 0.02275219298245614, 0.008223684210526315
1 0.5125182748538012, 0.6204769736842105, 0.027960526315789474, 0.009137426900584795
1 0.8458516081871345, 0.6204769736842105, 0.019462719298245616, 0.015899122807017545
1 0.6530519005847953, 0.6207510964912281, 0.018914473684210526, 0.007492690058479532
1 0.7630665204678363, 0.6207510964912281, 0.023574561403508772, 0.014071637426900584
1 0.5850694444444444, 0.6273300438596491, 0.01836622807017544, 0.006761695906432748
1 0.5870796783625731, 0.6374725877192983, 0.027960526315789474, 0.01023391812865497
1 0.7016630116959064, 0.6212993421052632, 0.02412280701754386, 0.009137426900584795
1 0.062225877192982455, 0.6221217105263158, 0.021107456140350877, 0.012609649122807017
1 0.4565972222222222, 0.6218475877192983, 0.024671052631578948, 0.01206140350877193
1 0.44782529239766083, 0.6396655701754386, 0.027960526315789474, 0.010416666666666666
1 0.3869700292397661, 0.6223958333333334, 0.019736842105263157, 0.019554093567251463
1 0.7519188596491229, 0.6229440789473685, 0.010964912280701754, 0.010599415204678362
1 0.7751279239766082, 0.6232182017543859, 0.021655701754385966, 0.006944444444444444
1 0.12637061403508773, 0.6248629385964912, 0.010416666666666666, 0.01663011695906433
1 0.549250730994152, 0.6248629385964912, 0.019736842105263157, 0.01425438596491228
1 0.46463815789473684, 0.6251370614035088, 0.029331140350877194, 0.01023391812865497
1 0.46902412280701755, 0.6552905701754386, 0.025219298245614034, 0.010782163742690058
1 0.6291118421052632, 0.6254111842105263, 0.020833333333333332, 0.007858187134502924
1 0.5395650584795322, 0.6265076754385965, 0.028782894736842105, 0.010964912280701754
1 0.7161001461988304, 0.626233552631579, 0.011239035087719298, 0.013157894736842105
1 0.16438230994152048, 0.6267817982456141, 0.011239035087719298, 0.012609649122807017
1 0.7477156432748538, 0.6276041666666666, 0.01836622807017544, 0.015533625730994151
1 0.8734466374269005, 0.6278782894736842, 0.009868421052631578, 0.0133406432748538
1 0.8855080409356725, 0.6281524122807017, 0.03042763157894737, 0.018457602339181287
1 0.37545687134502925, 0.6281524122807017, 0.019736842105263157, 0.014071637426900584
1 0.6369700292397661, 0.6278782894736842, 0.01836622807017544, 0.007675438596491228
1 0.8071089181286549, 0.6278782894736842, 0.020833333333333332, 0.014802631578947368
1 0.8915387426900585, 0.6278782894736842, 0.01781798245614035, 0.017178362573099414
1 0.8421966374269005, 0.6287006578947368, 0.0200109649122807, 0.014437134502923976
1 0.8383589181286549, 0.641858552631579, 0.027960526315789474, 0.015533625730994151
1 0.8432931286549707, 0.6415844298245614, 0.02631578947368421, 0.011330409356725146
1 0.24917763157894737, 0.6292489035087719, 0.01644736842105263, 0.017726608187134504
1 0.26434576023391815, 0.6292489035087719, 0.01425438596491228, 0.015533625730994151
1 0.2080592105263158, 0.6303453947368421, 0.012883771929824562, 0.013523391812865496
1 0.4311951754385965, 0.6314418859649122, 0.01918859649122807, 0.007675438596491228
1 0.4385051169590643, 0.6319901315789473, 0.017269736842105265, 0.006396198830409356
1 0.4496527777777778, 0.6322642543859649, 0.011513157894736841, 0.006396198830409356
1 0.4403326023391813, 0.6402138157894737, 0.0268640350877193, 0.011695906432748537
1 0.29870248538011696, 0.6322642543859649, 0.012883771929824562, 0.017178362573099414
1 0.4982638888888889, 0.6325383771929824, 0.021929824561403508, 0.008223684210526315
1 0.7318384502923977, 0.6244517543859649, 0.02617872807017544, 0.012953216374269005
1 0.10699926900584796, 0.6328125, 0.014528508771929825, 0.017909356725146198
1 0.24022295321637427, 0.6333607456140351, 0.015625, 0.010051169590643274
1 0.23547149122807018, 0.6489857456140351, 0.03070175438596491, 0.01023391812865497
1 0.38569078947368424, 0.6330866228070176, 0.022478070175438597, 0.02046783625730994
1 0.7603252923976608, 0.6330866228070176, 0.024945175438596492, 0.01663011695906433
1 0.7129934210526315, 0.6336348684210527, 0.01617324561403509, 0.01864035087719298
1 0.730171783625731, 0.6396655701754386, 0.01781798245614035, 0.007309941520467836
1 0.5691703216374269, 0.6341831140350878, 0.019736842105263157, 0.008771929824561403
1 0.12015716374269006, 0.6344572368421053, 0.026589912280701754, 0.011695906432748537
1 0.4799890350877193, 0.6347313596491229, 0.02850877192982456, 0.008406432748538011
1 0.8264802631578947, 0.6344572368421053, 0.020285087719298246, 0.013523391812865496
1 0.8226425438596491, 0.6443256578947368, 0.020833333333333332, 0.019736842105263157
1 0.33927266081871343, 0.6356907894736842, 0.015487938596491228, 0.015899122807017545
1 0.33452119883040937, 0.6366502192982456, 0.0200109649122807, 0.008589181286549707
1 0.3374451754385965, 0.6547423245614035, 0.021655701754385966, 0.0133406432748538
1 0.3670504385964912, 0.6355537280701754, 0.023300438596491228, 0.009502923976608187
1 0.34786184210526316, 0.6356907894736842, 0.025904605263157895, 0.020285087719298246
1 0.8580957602339181, 0.6350054824561403, 0.0268640350877193, 0.010782163742690058
1 0.12966008771929824, 0.635827850877193, 0.02631578947368421, 0.009685672514619883
1 0.488578216374269, 0.6355537280701754, 0.02850877192982456, 0.010599415204678362
1 0.6605445906432749, 0.6361019736842105, 0.023848684210526317, 0.012609649122807017
1 0.34402412280701755, 0.6361019736842105, 0.023574561403508772, 0.017909356725146198
1 0.1366045321637427, 0.6369243421052632, 0.030153508771929825, 0.01114766081871345
1 0.7464364035087719, 0.6374725877192983, 0.018092105263157895, 0.014985380116959063
1 0.7446089181286549, 0.6432291666666666, 0.0200109649122807, 0.009137426900584795
1 0.8690606725146199, 0.6371984649122807, 0.012883771929824562, 0.02101608187134503
1 0.0603983918128655, 0.6377467105263158, 0.029605263157894735, 0.01882309941520468
1 0.20074926900584794, 0.6380208333333334, 0.03399122807017544, 0.010599415204678362
1 0.20879020467836257, 0.6391173245614035, 0.025767543859649123, 0.012975146198830409
1 0.617781432748538, 0.6377467105263158, 0.01864035087719298, 0.011330409356725146
1 0.5625913742690059, 0.639391447368421, 0.02549342105263158, 0.008406432748538011
1 0.6974597953216374, 0.6388432017543859, 0.02987938596491228, 0.011695906432748537
1 0.7064144736842105, 0.6421326754385965, 0.022478070175438597, 0.007675438596491228
1 0.7120796783625731, 0.6456962719298246, 0.015899122807017545, 0.008954678362573099
1 0.7192068713450293, 0.6495339912280702, 0.01918859649122807, 0.011330409356725146
1 0.545047514619883, 0.6399396929824561, 0.023026315789473683, 0.011330409356725146
1 0.5026498538011696, 0.6407620614035088, 0.02905701754385965, 0.007675438596491228
1 0.8063779239766082, 0.6407620614035088, 0.023026315789473683, 0.02046783625730994
1 0.8018092105263158, 0.6432291666666666, 0.027138157894736843, 0.015350877192982455
1 0.043951023391812866, 0.6410361842105263, 0.024396929824561403, 0.022478070175438597
1 0.2862755847953216, 0.6413103070175439, 0.028782894736842105, 0.011878654970760233
1 0.37509137426900585, 0.6413103070175439, 0.019462719298245616, 0.011695906432748537
1 0.24899488304093567, 0.6424067982456141, 0.018914473684210526, 0.014071637426900584
1 0.24223318713450293, 0.6487116228070176, 0.03673245614035088, 0.012426900584795321
1 0.2484466374269006, 0.6569353070175439, 0.021107456140350877, 0.015533625730994151
1 0.26032529239766083, 0.6421326754385965, 0.01069078947368421, 0.019005847953216373
1 0.2963267543859649, 0.6426809210526315, 0.01836622807017544, 0.013706140350877192
1 0.29797149122807015, 0.6465186403508771, 0.015625, 0.01206140350877193
1 0.5565606725146199, 0.6426809210526315, 0.022203947368421052, 0.00804093567251462
1 0.6541483918128655, 0.6429550438596491, 0.02905701754385965, 0.010416666666666666
1 0.15250365497076024, 0.6445997807017544, 0.026589912280701754, 0.015533625730994151
1 0.16109283625730994, 0.6443256578947368, 0.02987938596491228, 0.014619883040935672
1 0.2731176900584795, 0.6448739035087719, 0.015899122807017545, 0.01918859649122807
1 0.27421418128654973, 0.6558388157894737, 0.010142543859649123, 0.015533625730994151
1 0.2221308479532164, 0.6459703947368421, 0.015625, 0.017726608187134504
1 0.20422149122807018, 0.6572094298245614, 0.02412280701754386, 0.02138157894736842
1 0.21929824561403508, 0.6651589912280702, 0.02055921052631579, 0.00849780701754386
1 0.21335891812865498, 0.6829769736842105, 0.031524122807017545, 0.01425438596491228
1 0.8538925438596491, 0.6462445175438597, 0.029605263157894735, 0.01023391812865497
1 0.6278326023391813, 0.6465186403508771, 0.018092105263157895, 0.008406432748538011
1 0.6326754385964912, 0.6648848684210527, 0.02905701754385965, 0.009594298245614035
1 0.8644919590643275, 0.6467927631578947, 0.02987938596491228, 0.011330409356725146
1 0.17333698830409358, 0.6473410087719298, 0.030153508771929825, 0.01023391812865497
1 0.45879020467836257, 0.6473410087719298, 0.017269736842105265, 0.009868421052631578
1 0.7603252923976608, 0.6470668859649122, 0.015350877192982455, 0.010416666666666666
1 0.33031798245614036, 0.6476151315789473, 0.026041666666666668, 0.007675438596491228
1 0.26398026315789475, 0.6487116228070176, 0.01836622807017544, 0.00932017543859649
1 0.5786732456140351, 0.6489857456140351, 0.02549342105263158, 0.010782163742690058
1 0.8761878654970761, 0.6495339912280702, 0.0200109649122807, 0.018457602339181287
1 0.5713633040935673, 0.6498081140350878, 0.026041666666666668, 0.008406432748538011
1 0.6740679824561403, 0.6506304824561403, 0.03042763157894737, 0.010416666666666666
1 0.19197733918128654, 0.6509046052631579, 0.023574561403508772, 0.008954678362573099
1 0.6440972222222222, 0.651452850877193, 0.01644736842105263, 0.010599415204678362
1 0.7372989766081871, 0.6509046052631579, 0.025767543859649123, 0.00932017543859649
1 0.7862755847953217, 0.651452850877193, 0.013157894736842105, 0.00712719298245614
1 0.7924890350877193, 0.651452850877193, 0.017543859649122806, 0.008954678362573099
1 0.4121893274853801, 0.6530975877192983, 0.022203947368421052, 0.009137426900584795
1 0.3940972222222222, 0.6621436403508771, 0.027960526315789474, 0.017909356725146198
1 0.39610745614035087, 0.6711896929824561, 0.023848684210526317, 0.02046783625730994
1 0.5163559941520468, 0.6884594298245614, 0.02905701754385965, 0.015350877192982455
1 0.6055372807017544, 0.6533717105263158, 0.02275219298245614, 0.010964912280701754
1 0.6912463450292398, 0.667077850877193, 0.023574561403508772, 0.008589181286549707
1 0.6371527777777778, 0.6536458333333334, 0.014802631578947368, 0.007675438596491228
1 0.4971673976608187, 0.6547423245614035, 0.026041666666666668, 0.009685672514619883
1 0.3595577485380117, 0.6547423245614035, 0.021655701754385966, 0.014802631578947368
1 0.34767909356725146, 0.6585800438596491, 0.019736842105263157, 0.020650584795321638
1 0.3825840643274854, 0.655016447368421, 0.03070175438596491, 0.00712719298245614
1 0.37417763157894735, 0.6599506578947368, 0.03179824561403509, 0.011330409356725146
1 0.5443165204678363, 0.6561129385964912, 0.024671052631578948, 0.012426900584795321
1 0.5525402046783626, 0.6643366228070176, 0.01343201754385965, 0.01699561403508772
1 0.565515350877193, 0.6709155701754386, 0.02850877192982456, 0.021564327485380116
1 0.6245431286549707, 0.6547423245614035, 0.013980263157894737, 0.006578947368421052
1 0.6263706140350878, 0.6687225877192983, 0.021107456140350877, 0.006944444444444444
1 0.7537463450292398, 0.655016447368421, 0.024396929824561403, 0.009868421052631578
1 0.22669956140350878, 0.6552905701754386, 0.030975877192982455, 0.009685672514619883
1 0.6168676900584795, 0.6558388157894737, 0.02412280701754386, 0.01023391812865497
1 0.6082785087719298, 0.667077850877193, 0.023026315789473683, 0.010051169590643274
1 0.6115679824561403, 0.6763980263157895, 0.03125, 0.010964912280701754
1 0.046509502923976605, 0.6561129385964912, 0.029605263157894735, 0.013706140350877192
1 0.48547149122807015, 0.6572094298245614, 0.0268640350877193, 0.01023391812865497
1 0.5956688596491229, 0.6569353070175439, 0.02631578947368421, 0.011513157894736841
1 0.5898209064327485, 0.6637883771929824, 0.03179824561403509, 0.011513157894736841
1 0.4565972222222222, 0.6577576754385965, 0.0268640350877193, 0.013706140350877192
1 0.8252010233918129, 0.657483552631579, 0.024945175438596492, 0.019736842105263157
1 0.7299890350877193, 0.6580317982456141, 0.025767543859649123, 0.01114766081871345
1 0.7709247076023392, 0.6594024122807017, 0.017543859649122806, 0.010782163742690058
1 0.6628746345029239, 0.6599506578947368, 0.02237390350877193, 0.011010599415204679
1 0.7638888888888888, 0.6602247807017544, 0.02549342105263158, 0.01251827485380117
1 0.2875548245614035, 0.6626918859649122, 0.017269736842105265, 0.01663011695906433
1 0.42077850877192985, 0.6629660087719298, 0.02768640350877193, 0.009868421052631578
1 0.7071454678362573, 0.6629660087719298, 0.01864035087719298, 0.011513157894736841
1 0.6716922514619883, 0.6637883771929824, 0.026041666666666668, 0.010416666666666666
1 0.746984649122807, 0.6637883771929824, 0.036458333333333336, 0.013157894736842105
1 0.7574013157894737, 0.6687225877192983, 0.025767543859649123, 0.010051169590643274
1 0.2478983918128655, 0.6640625, 0.03262061403508772, 0.02046783625730994
1 0.8182565789473685, 0.6643366228070176, 0.01781798245614035, 0.02138157894736842
1 0.8074744152046783, 0.6689967105263158, 0.023300438596491228, 0.01516812865497076
1 0.8211805555555556, 0.671875, 0.014391447368421052, 0.01663011695906433
1 0.7906615497076024, 0.6648848684210527, 0.03042763157894737, 0.01206140350877193
1 0.27110745614035087, 0.6651589912280702, 0.010416666666666666, 0.016264619883040937
1 0.7990679824561403, 0.6651589912280702, 0.02987938596491228, 0.011330409356725146
1 0.4438048245614035, 0.667077850877193, 0.025767543859649123, 0.013706140350877192
1 0.4361293859649123, 0.6728344298245614, 0.029331140350877194, 0.01160453216374269
1 0.44782529239766083, 0.6750274122807017, 0.02055921052631579, 0.012975146198830409
1 0.8429276315789473, 0.6668037280701754, 0.022203947368421052, 0.016812865497076022
1 0.48163377192982454, 0.6673519736842105, 0.021107456140350877, 0.009137426900584795
1 0.4944261695906433, 0.690172697368421, 0.019942434210526317, 0.015968567251461986
1 0.643000730994152, 0.6679002192982456, 0.013980263157894737, 0.01644736842105263
1 0.642452485380117, 0.6761239035087719, 0.02631578947368421, 0.010416666666666666
1 0.4308296783625731, 0.6684484649122807, 0.01644736842105263, 0.005665204678362573
1 0.7254203216374269, 0.6687225877192983, 0.02823464912280702, 0.009137426900584795
1 0.7184758771929824, 0.6695449561403509, 0.013980263157894737, 0.008406432748538011
1 0.3277595029239766, 0.6722861842105263, 0.036458333333333336, 0.017361111111111112
1 0.5064875730994152, 0.6720120614035088, 0.018092105263157895, 0.006578947368421052
1 0.6673062865497076, 0.6720120614035088, 0.0400219298245614, 0.008954678362573099
1 0.673702485380117, 0.686266447368421, 0.03070175438596491, 0.013706140350877192
1 0.1581688596491228, 0.6725603070175439, 0.023574561403508772, 0.010051169590643274
1 0.27074195906432746, 0.6736567982456141, 0.01836622807017544, 0.02138157894736842
1 0.5788559941520468, 0.6733826754385965, 0.02412280701754386, 0.015899122807017545
1 0.31679459064327486, 0.6747532894736842, 0.030975877192982455, 0.017726608187134504
1 0.3516995614035088, 0.6747532894736842, 0.027412280701754384, 0.019736842105263157
1 0.7824378654970761, 0.6750274122807017, 0.027960526315789474, 0.017361111111111112
1 0.09749634502923976, 0.6761239035087719, 0.02850877192982456, 0.013523391812865496
1 0.6596308479532164, 0.6761239035087719, 0.03536184210526316, 0.009685672514619883
1 0.6515899122807017, 0.6785910087719298, 0.036458333333333336, 0.010051169590643274
1 0.4034173976608187, 0.676672149122807, 0.03042763157894737, 0.016721491228070175
1 0.41913377192982454, 0.6777686403508771, 0.018092105263157895, 0.00804093567251462
1 0.40579312865497075, 0.6846217105263158, 0.0381030701754386, 0.014619883040935672
1 0.5428545321637427, 0.6769462719298246, 0.021107456140350877, 0.017361111111111112
1 0.7415021929824561, 0.676672149122807, 0.03481359649122807, 0.0133406432748538
1 0.7347404970760234, 0.6843475877192983, 0.02823464912280702, 0.011330409356725146
1 0.3352521929824561, 0.6774945175438597, 0.026589912280701754, 0.015899122807017545
1 0.36778143274853803, 0.6774945175438597, 0.02768640350877193, 0.014437134502923976
1 0.5183662280701754, 0.6774945175438597, 0.03042763157894737, 0.015716374269005847
1 0.5349049707602339, 0.6950383771929824, 0.01699561403508772, 0.020741959064327485
1 0.77640716374269, 0.6772203947368421, 0.03125, 0.017361111111111112
1 0.46390716374269003, 0.6780427631578947, 0.028782894736842105, 0.01206140350877193
1 0.4765168128654971, 0.6777686403508771, 0.0200109649122807, 0.011695906432748537
1 0.1139437134502924, 0.6785910087719298, 0.022203947368421052, 0.021747076023391813
1 0.7120796783625731, 0.6785910087719298, 0.020833333333333332, 0.014619883040935672
1 0.7122624269005848, 0.6881853070175439, 0.023574561403508772, 0.008589181286549707
1 0.2868238304093567, 0.6791392543859649, 0.034265350877192985, 0.012792397660818713
1 0.5563779239766082, 0.6794133771929824, 0.030153508771929825, 0.00932017543859649
1 0.6821089181286549, 0.6794133771929824, 0.025767543859649123, 0.01114766081871345
1 0.6958150584795322, 0.6851699561403509, 0.03179824561403509, 0.008954678362573099
1 0.6877741228070176, 0.6928453947368421, 0.025219298245614034, 0.008406432748538011
1 0.45476973684210525, 0.6805098684210527, 0.03399122807017544, 0.011330409356725146
1 0.10188230994152046, 0.6813322368421053, 0.03070175438596491, 0.015899122807017545
1 0.29943347953216376, 0.6810581140350878, 0.01699561403508772, 0.013706140350877192
1 0.26854897660818716, 0.6816063596491229, 0.018914473684210526, 0.015899122807017545
1 0.6192434210526315, 0.6816063596491229, 0.03453947368421053, 0.01023391812865497
1 0.759046052631579, 0.6816063596491229, 0.024945175438596492, 0.01206140350877193
1 0.5651498538011696, 0.6821546052631579, 0.023026315789473683, 0.014071637426900584
1 0.6007858187134503, 0.682702850877193, 0.030153508771929825, 0.009868421052631578
1 0.08817616959064327, 0.6848958333333334, 0.029331140350877194, 0.012792397660818713
1 0.3495065789473684, 0.6848958333333334, 0.019736842105263157, 0.018092105263157895
1 0.4311951754385965, 0.6851699561403509, 0.030975877192982455, 0.01516812865497076
1 0.8204495614035088, 0.6848958333333334, 0.01617324561403509, 0.023940058479532164
1 0.2610562865497076, 0.6857182017543859, 0.02850877192982456, 0.015533625730994151
1 0.19490131578947367, 0.6865405701754386, 0.033717105263157895, 0.012792397660818713
1 0.7628837719298246, 0.6868146929824561, 0.028782894736842105, 0.01699561403508772
1 0.6296600877192983, 0.6890076754385965, 0.030975877192982455, 0.013706140350877192
1 0.47249634502923976, 0.6914747807017544, 0.031524122807017545, 0.010964912280701754
1 0.46445540935672514, 0.6961348684210527, 0.025219298245614034, 0.01069078947368421
1 0.20513523391812866, 0.6920230263157895, 0.026589912280701754, 0.007858187134502924
1 0.4465460526315789, 0.6931195175438597, 0.025767543859649123, 0.008589181286549707
1 0.42425073099415206, 0.6939418859649122, 0.032072368421052634, 0.017361111111111112
1 0.638797514619883, 0.6947642543859649, 0.0200109649122807, 0.013888888888888888
1 0.718110380116959, 0.6958607456140351, 0.03179824561403509, 0.011878654970760233
1 0.47834429824561403, 0.6964089912280702, 0.027960526315789474, 0.011513157894736841
1 0.4796235380116959, 0.7092927631578947, 0.026041666666666668, 0.016812865497076022
1 0.5121527777777778, 0.698327850877193, 0.02850877192982456, 0.018092105263157895
1 0.11120248538011696, 0.6980537280701754, 0.03262061403508772, 0.016264619883040937
1 0.10169956140350878, 0.7016173245614035, 0.03262061403508772, 0.015533625730994151
1 0.11741593567251463, 0.7131304824561403, 0.020285087719298246, 0.01827485380116959
1 0.7303326023391813, 0.6980537280701754, 0.03070175438596491, 0.026885964912280704
1 0.7290752923976608, 0.7075794956140351, 0.015693530701754384, 0.004979897660818714
1 0.49552266081871343, 0.7027138157894737, 0.025767543859649123, 0.01644736842105263
1 0.41913377192982454, 0.7038103070175439, 0.03070175438596491, 0.017543859649122806
1 0.6281980994152047, 0.7123081140350878, 0.024396929824561403, 0.01608187134502924
1 0.45440423976608185, 0.7134046052631579, 0.024396929824561403, 0.018092105263157895
1 0.23309576023391812, 0.7317708333333334, 0.012883771929824562, 0.024853801169590642
1 0.22414108187134502, 0.7402686403508771, 0.021929824561403508, 0.022112573099415205
1 0.2347404970760234, 0.7446546052631579, 0.02768640350877193, 0.018092105263157895
1 0.23327850877192982, 0.7564418859649122, 0.03344298245614035, 0.021198830409356724
1 0.24460891812865498, 0.7572642543859649, 0.03344298245614035, 0.02010233918128655
1 0.0691703216374269, 0.6854440789473685, 0.020285087719298246, 0.018092105263157895
1 0.0735562865497076, 0.6768092105263158, 0.013706140350877192, 0.02412280701754386
1 0.0826937134502924, 0.6970942982456141, 0.017543859649122806, 0.0066703216374269
1 0.17863669590643275, 0.5551672149122807, 0.018229166666666668, 0.02183845029239766
1 0.19010416666666666, 0.5553042763157895, 0.016036184210526317, 0.01617324561403509
1 0.3475877192982456, 0.6239035087719298, 0.010485197368421052, 0.007903874269005849
1 0.47226790935672514, 0.6321271929824561, 0.021313048245614034, 0.007858187134502924
1 0.47368421052631576, 0.6513157894736842, 0.021929824561403508, 0.009091739766081871
1 0.7044956140350878, 0.6805098684210527, 0.043722587719298246, 0.012335526315789474
1 0.7003837719298246, 0.6691337719298246, 0.017269736842105265, 0.006487573099415204
1 0.6850785818713451, 0.6529605263157895, 0.013294956140350877, 0.013294956140350877
1 0.6827942251461988, 0.6559758771929824, 0.02254660087719298, 0.009274488304093567
1 0.10361842105263158, 0.09046052631578948, 0.009114583333333334, 0.01320358187134503
1 0.07113486842105263, 0.07305372807017543, 0.008566337719298246, 0.004888523391812866
1 0.06517178362573099, 0.07760964912280702, 0.007401315789473684, 0.00804093567251462
1 0.1160233918128655, 0.0908031798245614, 0.005929276315789473, 0.00804093567251462
1 0.9628563596491229, 0.5343338815789473, 0.021655701754385966, 0.022341008771929825
1 0.9597496345029239, 0.5177494517543859, 0.023506030701754384, 0.020376461988304093
1 0.8137097953216375, 0.6256167763157895, 0.019290021929824562, 0.012474415204678364
1 0.7205994152046783, 0.6238706140350877, 0.015452302631578946, 0.013662280701754386
1 0.7216282894736842, 0.6163651315789473, 0.009799890350877192, 0.01114766081871345
1 0.6793896198830409, 0.6287335526315789, 0.02270285087719298, 0.01245065789473684
1 0.647203947368421, 0.6066337719298246, 0.01781798245614035, 0.0234375
1 0.649671052631579, 0.6023163377192983, 0.014322916666666666, 0.02298062865497076
1 0.6529148391812866, 0.5787417763157895, 0.014391447368421052, 0.02405519005847953
1 0.6061312134502924, 0.6097861842105263, 0.03289473684210526, 0.01183296783625731
1 0.6030482456140351, 0.6042708333333333, 0.014835526315789473, 0.020285087719298246
1 0.5888377192982456, 0.6208552631578947, 0.015827850877192982, 0.010531798245614036
1 0.5785124269005848, 0.6233552631578947, 0.030120614035087718, 0.011652046783625731
1 0.6027503654970761, 0.6321957236842105, 0.023643092105263157, 0.008543494152046784
1 0.5953033625730995, 0.6244517543859649, 0.025699013157894735, 0.010416666666666666
1 0.5222258771929824, 0.6741365131578947, 0.014322916666666666, 0.018344298245614035
1 0.5351334064327485, 0.655016447368421, 0.023470394736842107, 0.011741593567251463
1 0.5303143274853801, 0.6300027412280702, 0.038308662280701754, 0.00998172514619883
1 0.5329166666666666, 0.614139254385965, 0.02706688596491228, 0.010646929824561403
1 0.4900858918128655, 0.6820175438596491, 0.02789199561403509, 0.016880482456140353
1 0.4880080409356725, 0.6663240131578947, 0.0288843201754386, 0.015235745614035089
1 0.5094334795321637, 0.6759183114035088, 0.02717379385964912, 0.008589181286549707
1 0.5090917397660819, 0.6526178728070176, 0.024945175438596492, 0.009800804093567253
1 0.42671783625730997, 0.5893640350877193, 0.03354714912280701, 0.00824561403508772
1 0.42075657894736845, 0.5817214912280702, 0.026419956140350875, 0.01180921052631579
1 0.3843201754385965, 0.6533031798245614, 0.04529879385964912, 0.017361111111111112
1 0.3917671783625731, 0.6414473684210527, 0.015592105263157895, 0.017520102339181286
1 0.4037828947368421, 0.6302083333333334, 0.01918859649122807, 0.012792397660818713
1 0.38569078947368424, 0.6097861842105263, 0.02090186403508772, 0.02266081871345029
1 0.3972039473684211, 0.5949506578947369, 0.014391447368421052, 0.011787280701754386
1 0.40373720760233917, 0.5719572368421053, 0.02463815789473684, 0.011970029239766082
1 0.3569298245614035, 0.5643503289473685, 0.01346765350877193, 0.01966922514619883
1 0.35542397660818714, 0.5730208333333333, 0.0215844298245614, 0.009890350877192982
1 0.31327668128654973, 0.6679331140350877, 0.02772203947368421, 0.008704312865497077
1 0.3186001461988304, 0.655016447368421, 0.03224232456140351, 0.01400219298245614
1 0.29180372807017546, 0.5771326754385965, 0.02052357456140351, 0.014643640350877191
1 0.290500730994152, 0.5720257675438597, 0.02765076754385965, 0.011354166666666667
1 0.279718567251462, 0.6314418859649122, 0.01661732456140351, 0.017750365497076023
1 0.2797423245614035, 0.6264747807017544, 0.01641173245614035, 0.01825109649122807
1 0.22436951754385964, 0.5640076754385965, 0.028303179824561403, 0.013477704678362573
1 0.22089729532163743, 0.5601014254385965, 0.022683662280701754, 0.01160453216374269
1 0.19407894736842105, 0.6334978070175439, 0.019942434210526317, 0.009822733918128655
1 0.19325657894736842, 0.6269188596491229, 0.016036184210526317, 0.006396198830409356
1 0.19581505847953215, 0.5877878289473685, 0.01733826754385965, 0.013888888888888888
1 0.19599780701754385, 0.594983552631579, 0.0278234649122807, 0.010804093567251462
1 0.17406798245614036, 0.5837445175438597, 0.009046052631578948, 0.013569078947368422
1 0.16972770467836257, 0.5764802631578947, 0.019805372807017545, 0.014071637426900584
1 0.14414290935672514, 0.6504934210526315, 0.017955043859649123, 0.017315423976608187
1 0.1447825292397661, 0.6438459429824561, 0.013500548245614035, 0.018686038011695907
