1 0.378125, 0.3665, 0.014, 0.028
1 0.378875, 0.37516666666666665, 0.013, 0.0175
1 0.423625, 0.3675, 0.021333333333333333, 0.016
1 0.393875, 0.3705, 0.02, 0.019
1 0.285125, 0.3765, 0.023333333333333334, 0.01
1 0.243625, 0.37783333333333335, 0.021666666666666667, 0.0155
1 0.362375, 0.37816666666666665, 0.028, 0.01175
1 0.313875, 0.37883333333333336, 0.017166666666666667, 0.02275
1 0.31527, 0.38383333333333336, 0.01957, 0.0257175
1 0.310125, 0.3958333333333333, 0.02666666666666667, 0.0195
1 0.412625, 0.3795, 0.027333333333333334, 0.016
1 0.399375, 0.4031666666666667, 0.024666666666666667, 0.0145
1 0.274125, 0.3825, 0.027, 0.01325
1 0.392375, 0.38316666666666666, 0.02, 0.01875
1 0.377125, 0.3925, 0.027666666666666666, 0.01525
1 0.401875, 0.38616666666666666, 0.02033333333333333, 0.01275
1 0.340125, 0.38716666666666666, 0.029333333333333333, 0.013
1 0.327625, 0.38816666666666666, 0.028, 0.016
1 0.353875, 0.3878333333333333, 0.02266666666666667, 0.01225
1 0.302625, 0.3888333333333333, 0.018666666666666668, 0.01225
1 0.421625, 0.4041666666666667, 0.024333333333333332, 0.012
1 0.295125, 0.3995, 0.018333333333333333, 0.01625
1 0.388375, 0.4058333333333333, 0.023666666666666666, 0.013
1 0.429875, 0.4065, 0.036, 0.01425
1 0.445375, 0.4061666666666667, 0.02266666666666667, 0.02775
1 0.357375, 0.4111666666666667, 0.016666666666666666, 0.019
1 0.351375, 0.4175, 0.021, 0.0185
1 0.275375, 0.41283333333333333, 0.026333333333333334, 0.0145
1 0.286625, 0.42983333333333335, 0.019, 0.0335
1 0.277125, 0.43783333333333335, 0.02266666666666667, 0.01725
1 0.321875, 0.4131666666666667, 0.020666666666666667, 0.01375
1 0.330125, 0.42383333333333334, 0.029333333333333333, 0.014
1 0.408625, 0.41483333333333333, 0.019666666666666666, 0.0135
1 0.410875, 0.42916666666666664, 0.024333333333333332, 0.0165
1 0.420625, 0.42983333333333335, 0.021666666666666667, 0.0155
1 0.290375, 0.4191666666666667, 0.011, 0.02525
1 0.249125, 0.4195, 0.025, 0.02
1 0.382375, 0.42283333333333334, 0.024, 0.01475
1 0.362875, 0.4245, 0.026, 0.01975
1 0.378125, 0.43416666666666665, 0.022333333333333334, 0.0135
1 0.369625, 0.43616666666666665, 0.025666666666666667, 0.01075
1 0.218625, 0.42783333333333334, 0.03, 0.01375
1 0.231125, 0.44616666666666666, 0.027333333333333334, 0.01425
1 0.402625, 0.43483333333333335, 0.027666666666666666, 0.0115
1 0.392375, 0.43516666666666665, 0.023, 0.012
1 0.230625, 0.43183333333333335, 0.016, 0.02425
1 0.341375, 0.43583333333333335, 0.023333333333333334, 0.01575
1 0.352625, 0.4525, 0.032, 0.01325
1 0.346125, 0.4608333333333333, 0.024666666666666667, 0.008
1 0.249875, 0.44316666666666665, 0.029333333333333333, 0.0135
1 0.292125, 0.4658333333333333, 0.027, 0.013
1 0.205625, 0.4691666666666667, 0.019, 0.02575
1 0.217625, 0.4721666666666667, 0.032, 0.02025
1 0.419875, 0.44916666666666666, 0.018, 0.02775
1 0.359875, 0.4498333333333333, 0.031, 0.01725
1 0.333375, 0.4535, 0.024, 0.01175
1 0.377375, 0.4575, 0.01633333333333333, 0.0305
1 0.327625, 0.46016666666666667, 0.031, 0.014
1 0.306125, 0.4653333333333333, 0.023833333333333335, 0.02225
1 0.300375, 0.4725, 0.035666666666666666, 0.01625
1 0.255375, 0.4655, 0.035666666666666666, 0.016
1 0.179625, 0.4711666666666667, 0.014666666666666666, 0.0275
1 0.228875, 0.47383333333333333, 0.033, 0.0215
1 0.264375, 0.4741666666666667, 0.029333333333333333, 0.01225
1 0.276125, 0.4761666666666667, 0.033, 0.01375
1 0.359375, 0.4831666666666667, 0.03666666666666667, 0.01575
1 0.379625, 0.48583333333333334, 0.038, 0.01825
1 0.487125, 0.4891666666666667, 0.037333333333333336, 0.0155
1 0.470625, 0.4895, 0.03133333333333333, 0.016
1 0.287625, 0.4905, 0.03933333333333333, 0.0145
1 0.511125, 0.4915, 0.03666666666666667, 0.0155
1 0.321625, 0.49283333333333335, 0.034666666666666665, 0.01075
1 0.228375, 0.4935, 0.03766666666666667, 0.0225
1 0.338125, 0.4955, 0.041, 0.0145
1 0.329875, 0.5051666666666667, 0.034, 0.0155
1 0.350625, 0.4965, 0.029, 0.00975
1 0.200125, 0.49716666666666665, 0.028333333333333332, 0.01925
1 0.249375, 0.5031666666666667, 0.014, 0.03
1 0.544625, 0.5061666666666667, 0.036, 0.01525
1 0.527875, 0.5088333333333334, 0.029666666666666668, 0.01525
1 0.515375, 0.5131666666666667, 0.027333333333333334, 0.015
1 0.537875, 0.5281666666666667, 0.042333333333333334, 0.01925
1 0.421125, 0.5091666666666667, 0.034, 0.0115
1 0.411375, 0.5165, 0.021333333333333333, 0.01075
1 0.498625, 0.5088333333333334, 0.031, 0.01575
1 0.568375, 0.5091666666666667, 0.03333333333333333, 0.02175
1 0.384875, 0.5095, 0.030666666666666665, 0.0195
1 0.443375, 0.5118333333333334, 0.02666666666666667, 0.01475
1 0.463875, 0.5151666666666667, 0.033, 0.01275
1 0.441125, 0.5275, 0.022333333333333334, 0.02325
1 0.445125, 0.5478333333333333, 0.031, 0.02
1 0.394125, 0.5155, 0.03, 0.01725
1 0.257625, 0.5171666666666667, 0.025666666666666667, 0.02225
1 0.431875, 0.5168333333333334, 0.025333333333333333, 0.01225
1 0.407625, 0.5371666666666667, 0.04733333333333333, 0.01475
1 0.41895, 0.53975, 0.02675, 0.02155
1 0.358125, 0.5211666666666667, 0.031, 0.01825
1 0.475375, 0.5208333333333334, 0.027666666666666666, 0.01275
1 0.368125, 0.5218333333333334, 0.036, 0.01675
1 0.555875, 0.5178066666666666, 0.04883333333333333, 0.0169625
1 0.196375, 0.5238333333333334, 0.04, 0.017
1 0.493125, 0.5321666666666667, 0.036333333333333336, 0.01275
1 0.468875, 0.5485, 0.027333333333333334, 0.027
1 0.314375, 0.5255, 0.026, 0.01375
1 0.288125, 0.5338333333333334, 0.037333333333333336, 0.02225
1 0.304125, 0.5388333333333334, 0.043666666666666666, 0.014
1 0.318125, 0.5521666666666667, 0.024333333333333332, 0.02675
1 0.595375, 0.5268333333333334, 0.03233333333333333, 0.02275
1 0.455125, 0.5371666666666667, 0.034666666666666665, 0.0185
1 0.505375, 0.5378333333333334, 0.03966666666666667, 0.0205
1 0.566375, 0.5378333333333334, 0.028, 0.0265
1 0.379375, 0.5398333333333334, 0.04, 0.0145
1 0.528375, 0.5401666666666667, 0.033993333333333334, 0.01775
1 0.516625, 0.5405, 0.028, 0.019
1 0.392625, 0.5461666666666667, 0.03933333333333333, 0.01375
1 0.343625, 0.5475, 0.019666666666666666, 0.026
1 0.293125, 0.5511666666666667, 0.03666666666666667, 0.0125
1 0.423875, 0.5511666666666667, 0.035333333333333335, 0.0175
1 0.219125, 0.5548333333333333, 0.02033333333333333, 0.028
1 0.361125, 0.5535, 0.03, 0.02
1 0.230875, 0.5558333333333333, 0.035, 0.0255
1 0.436625, 0.5555, 0.034333333333333334, 0.01275
1 0.501625, 0.5571666666666667, 0.03833333333333333, 0.01525
1 0.249875, 0.5631666666666667, 0.038, 0.01725
1 0.340125, 0.5645, 0.018666666666666668, 0.0245
1 0.392875, 0.5695, 0.036, 0.01825
1 0.480625, 0.5695, 0.029, 0.0245
1 0.313875, 0.5735, 0.016, 0.024
1 0.489625, 0.6378333333333334, 0.036, 0.01825
1 0.294625, 0.6505, 0.021666666666666667, 0.039
1 0.284875, 0.6661666666666667, 0.04833333333333333, 0.016
1 0.260625, 0.7231666666666666, 0.04466666666666667, 0.0175
1 0.417625, 0.7705, 0.037333333333333336, 0.01825
1 0.270125, 0.7738333333333334, 0.03966666666666667, 0.011
1 0.590625, 0.8421666666666666, 0.029833333333333333, 0.027625
1 0.57, 0.8505, 0.013543333333333334, 0.017375
1 0.259625, 0.8608333333333333, 0.02266666666666667, 0.0225
1 0.56375, 0.8941666666666667, 0.02266666666666667, 0.0215
1 0.2053125, 0.4495, 0.0195, 0.02775
1 0.201875, 0.45675, 0.02025, 0.0179375
1 0.2628125, 0.4475, 0.02725, 0.0215
1 0.2845625, 0.46275, 0.029, 0.0115
1 0.3040625, 0.44083333333333335, 0.0245, 0.013125
1 0.2939375, 0.4415833333333333, 0.02375, 0.013625
1 0.3179375, 0.44608333333333333, 0.025333333333333333, 0.014375
1 0.317, 0.4310833333333333, 0.023166666666666665, 0.0128125
1 0.4859375, 0.5248333333333334, 0.03216666666666667, 0.0126875
1 0.4044375, 0.4076666666666667, 0.023166666666666665, 0.017125
1 0.420625, 0.3899166666666667, 0.018916666666666665, 0.0169375
1 0.4024375, 0.5353333333333333, 0.0215, 0.0098125
