1 0.580375, 0.6325, 0.006333333333333333, 0.00725
1 0.569125, 0.6358333333333334, 0.007333333333333333, 0.0065
1 0.704625, 0.6698333333333333, 0.009, 0.00625
1 0.707625, 0.6785, 0.011333333333333334, 0.01
1 0.752125, 0.6735, 0.008, 0.013
1 0.498625, 0.6718333333333333, 0.014666666666666666, 0.006
1 0.721375, 0.6715, 0.007666666666666666, 0.00675
1 0.711125, 0.6721666666666667, 0.012, 0.00925
1 0.717625, 0.6725, 0.011333333333333334, 0.006
1 0.728125, 0.6728333333333333, 0.01, 0.00675
1 0.723375, 0.6791666666666667, 0.012, 0.01175
1 0.476375, 0.6731666666666667, 0.006333333333333333, 0.00475
1 0.621375, 0.6731666666666667, 0.012333333333333333, 0.00775
1 0.539125, 0.6738333333333333, 0.011666666666666667, 0.006
1 0.546125, 0.6738333333333333, 0.006666666666666667, 0.00725
1 0.604375, 0.6735, 0.009666666666666667, 0.01025
1 0.295875, 0.6741666666666667, 0.013, 0.00675
1 0.528985, 0.6745, 0.009583333333333333, 0.0060149999999999995
1 0.5332975, 0.6748333333333333, 0.013146666666666666, 0.0060775
1 0.417875, 0.6748333333333333, 0.008166666666666666, 0.01425
1 0.428125, 0.6788333333333333, 0.014, 0.006764999999999999
1 0.456375, 0.6748333333333333, 0.007, 0.00725
1 0.458125, 0.6815, 0.010333333333333333, 0.0065
1 0.47702999999999995, 0.6821666666666667, 0.009, 0.0074075
1 0.4683125, 0.6763333333333333, 0.012833333333333334, 0.0065325
1 0.613125, 0.6751666666666667, 0.010666666666666666, 0.00725
1 0.582375, 0.6781666666666667, 0.011, 0.006
1 0.338625, 0.6771666666666667, 0.012333333333333333, 0.007
1 0.367875, 0.6775, 0.011, 0.01075
1 0.373125, 0.6781666666666667, 0.011333333333333334, 0.01325
1 0.43447, 0.6771666666666667, 0.014, 0.008655
1 0.593125, 0.6771666666666667, 0.011, 0.01025
1 0.344375, 0.6781666666666667, 0.013, 0.007
1 0.328375, 0.6801666666666667, 0.012333333333333333, 0.00975
1 0.490905, 0.6763733333333333, 0.015793333333333333, 0.01097
1 0.521375, 0.6858333333333333, 0.011, 0.0075
1 0.320625, 0.6811666666666667, 0.012333333333333333, 0.0105
1 0.441875, 0.6811666666666667, 0.012, 0.00675
1 0.544625, 0.6808333333333333, 0.010333333333333333, 0.008
1 0.4505625, 0.6825, 0.011333333333333334, 0.0095625
1 0.484375, 0.6825399999999999, 0.011626666666666667, 0.01175
1 0.564625, 0.6865, 0.010333333333333333, 0.007
1 0.60103, 0.6878333333333333, 0.009313333333333333, 0.00619
1 0.604625, 0.6895, 0.010666666666666666, 0.0075
1 0.596625, 0.6905, 0.012, 0.007
1 0.617595, 0.6948333333333333, 0.010333333333333333, 0.009529999999999999
1 0.444625, 0.6955, 0.012, 0.0135
1 0.579625, 0.6971666666666667, 0.011666666666666667, 0.00825
1 0.644125, 0.7025, 0.013, 0.009
1 0.712125, 0.6975, 0.013666666666666667, 0.008
1 0.290375, 0.6985, 0.015666666666666666, 0.0135
1 0.307875, 0.7001666666666667, 0.012333333333333333, 0.0155
1 0.296375, 0.7048333333333333, 0.014, 0.01325
1 0.299375, 0.7111666666666666, 0.014333333333333333, 0.0135
1 0.308125, 0.7131666666666666, 0.010666666666666666, 0.00925
1 0.386875, 0.6981666666666667, 0.013, 0.0075
1 0.377375, 0.6995, 0.011, 0.00575
1 0.380125, 0.7031666666666667, 0.012, 0.007
1 0.53175, 0.6981666666666667, 0.008333333333333333, 0.006375
1 0.519125, 0.6991666666666667, 0.012666666666666666, 0.009
1 0.525125, 0.6991666666666667, 0.013, 0.01025
1 0.352375, 0.7008333333333333, 0.009666666666666667, 0.012
1 0.369625, 0.7001666666666667, 0.010333333333333333, 0.007
1 0.704875, 0.7008333333333333, 0.010666666666666666, 0.00825
1 0.700625, 0.7041666666666667, 0.012666666666666666, 0.0115
1 0.689625, 0.7068333333333333, 0.009666666666666667, 0.015
1 0.595875, 0.7008333333333333, 0.013333333333333334, 0.006
1 0.334875, 0.7021666666666667, 0.011, 0.00775
1 0.326875, 0.7051666666666667, 0.010333333333333333, 0.007
1 0.325875, 0.7108333333333333, 0.014333333333333333, 0.00925
1 0.512875, 0.7018333333333333, 0.011666666666666667, 0.01
1 0.671875, 0.7025, 0.012, 0.01
1 0.681625, 0.7061666666666667, 0.013, 0.00825
1 0.637625, 0.7028333333333333, 0.013, 0.011
1 0.364625, 0.7035, 0.024333333333333332, 0.00825
1 0.602375, 0.7038333333333333, 0.012, 0.00575
1 0.615375, 0.7038333333333333, 0.012666666666666666, 0.00925
1 0.660625, 0.7041666666666667, 0.012333333333333333, 0.01025
1 0.339375, 0.7041666666666667, 0.012333333333333333, 0.00875
1 0.331625, 0.7148333333333333, 0.012333333333333333, 0.0085
1 0.336625, 0.7175, 0.010666666666666666, 0.009
1 0.433375, 0.7045, 0.010333333333333333, 0.00825
1 0.496625, 0.7045, 0.011333333333333334, 0.00825
1 0.488375, 0.7061666666666667, 0.016, 0.0095
1 0.507625, 0.7048333333333333, 0.012333333333333333, 0.0085
1 0.347125, 0.7051666666666667, 0.01, 0.01075
1 0.408375, 0.7048333333333333, 0.010333333333333333, 0.0085
1 0.320625, 0.7055, 0.01, 0.007
1 0.312125, 0.7148333333333333, 0.012666666666666666, 0.01425
1 0.426625, 0.7055, 0.007666666666666666, 0.00625
1 0.432875, 0.7178333333333333, 0.014, 0.009
1 0.608625, 0.7055, 0.013666666666666667, 0.00825
1 0.397625, 0.7065, 0.013, 0.0105
1 0.387625, 0.7071666666666667, 0.012, 0.0095
1 0.476375, 0.7081666666666667, 0.007, 0.011
1 0.360125, 0.7088333333333333, 0.011, 0.00475
1 0.417625, 0.7088333333333333, 0.007666666666666666, 0.00525
1 0.503125, 0.7091666666666666, 0.013666666666666667, 0.009
1 0.633125, 0.7088333333333333, 0.010666666666666666, 0.01125
1 0.423125, 0.7101666666666666, 0.021666666666666667, 0.00975
1 0.372875, 0.7105, 0.016, 0.00675
1 0.671625, 0.7105, 0.012666666666666666, 0.00825
1 0.463875, 0.7115, 0.015666666666666666, 0.00625
1 0.449875, 0.7131666666666666, 0.015, 0.00675
1 0.457625, 0.7131666666666666, 0.013666666666666667, 0.0055
1 0.282875, 0.7138333333333333, 0.011, 0.0135
1 0.442125, 0.7138333333333333, 0.015, 0.009
1 0.563625, 0.7145, 0.011, 0.006
1 0.393125, 0.7141666666666666, 0.014666666666666666, 0.008
1 0.345375, 0.7148333333333333, 0.012, 0.0145
1 0.432625, 0.7151666666666666, 0.008, 0.0045
1 0.413125, 0.7158333333333333, 0.014, 0.00575
1 0.378125, 0.7165, 0.012333333333333333, 0.007
1 0.406875, 0.7165, 0.014666666666666666, 0.00575
1 0.419625, 0.7181666666666666, 0.013, 0.00625
1 0.386125, 0.7195, 0.011666666666666667, 0.0085
1 0.400125, 0.7205, 0.013, 0.00675
1 0.494375, 0.7211666666666666, 0.011333333333333334, 0.0155
1 0.507625, 0.7241666666666666, 0.013, 0.00925
1 0.514875, 0.7241666666666666, 0.014666666666666666, 0.01325
1 0.647375, 0.7291666666666666, 0.011, 0.0115
1 0.661875, 0.7341666666666666, 0.011, 0.011
1 0.656625, 0.7351666666666666, 0.01, 0.00575
1 0.591125, 0.7325, 0.013, 0.0115
1 0.486875, 0.7335, 0.012333333333333333, 0.016
1 0.574625, 0.7355, 0.010333333333333333, 0.00825
1 0.580875, 0.7365, 0.009333333333333334, 0.00775
1 0.587125, 0.7441666666666666, 0.016373333333333333, 0.00775
1 0.6401549999999999, 0.7378333333333333, 0.015666666666666666, 0.00797
1 0.633985, 0.7500833333333333, 0.010376666666666666, 0.011890000000000001
1 0.495625, 0.7385, 0.012666666666666666, 0.01775
1 0.514375, 0.7408333333333333, 0.014416666666666666, 0.009
1 0.507625, 0.7465, 0.007333333333333333, 0.00725
1 0.628625, 0.7411666666666666, 0.008, 0.01125
1 0.624375, 0.7451666666666666, 0.015333333333333332, 0.01
1 0.663875, 0.7411666666666666, 0.010666666666666666, 0.01125
1 0.532125, 0.7421666666666666, 0.016, 0.0085
1 0.47522000000000003, 0.7435, 0.01654, 0.008217499999999999
1 0.571875, 0.7451666666666666, 0.011333333333333334, 0.00975
1 0.595625, 0.7465, 0.012333333333333333, 0.008
1 0.487125, 0.7471666666666666, 0.006, 0.006125
1 0.491375, 0.7478333333333333, 0.013, 0.006
1 0.551625, 0.7471666666666666, 0.014, 0.009
1 0.540595, 0.7538333333333334, 0.012813333333333333, 0.01478
1 0.609375, 0.7471666666666666, 0.011333333333333334, 0.008
1 0.565625, 0.7475, 0.011666666666666667, 0.0105
1 0.578845, 0.7460399999999999, 0.008293333333333333, 0.0113425
1 0.524875, 0.7481666666666666, 0.012666666666666666, 0.008
1 0.559875, 0.7485, 0.014666666666666666, 0.00525
1 0.564375, 0.7528333333333334, 0.012333333333333333, 0.0095
1 0.573875, 0.7595, 0.009333333333333334, 0.008
1 0.467875, 0.7505, 0.011666666666666667, 0.011
1 0.479875, 0.74875, 0.014083333333333333, 0.00747
1 0.662625, 0.7501666666666666, 0.017333333333333333, 0.0125
1 0.497875, 0.7508333333333334, 0.010333333333333333, 0.00775
1 0.503375, 0.7528333333333334, 0.014, 0.0055
1 0.62125, 0.7515, 0.01704, 0.011845000000000001
1 0.616375, 0.7515, 0.014666666666666666, 0.0075
1 0.6315625, 0.7578333333333334, 0.014333333333333333, 0.0093125
1 0.486875, 0.7535, 0.017666666666666667, 0.01075
1 0.507625, 0.7535, 0.012333333333333333, 0.01
1 0.51675, 0.76175, 0.010916666666666667, 0.00697
1 0.464375, 0.7555, 0.014666666666666666, 0.012
1 0.476375, 0.7641666666666667, 0.005333333333333333, 0.01075
1 0.594375, 0.7575, 0.018333333333333333, 0.010655
1 0.457375, 0.7598333333333334, 0.013666666666666667, 0.0145
1 0.453125, 0.7655, 0.009666666666666667, 0.01375
1 0.530875, 0.7601666666666667, 0.012333333333333333, 0.01225
1 0.589125, 0.7608333333333334, 0.013333333333333334, 0.009
1 0.642125, 0.7605, 0.008666666666666666, 0.0155
1 0.496625, 0.7608333333333334, 0.01, 0.00725
1 0.604375, 0.7635, 0.02033333333333333, 0.00925
1 0.612875, 0.7678333333333334, 0.021333333333333333, 0.012
1 0.526875, 0.76325, 0.01762333333333333, 0.013720000000000001
1 0.559125, 0.7645, 0.009, 0.0115
1 0.548125, 0.7695, 0.010333333333333333, 0.012
1 0.543375, 0.76675, 0.005083333333333333, 0.0113125
1 0.624875, 0.7661666666666667, 0.011333333333333334, 0.00825
1 0.639125, 0.7675, 0.011, 0.017
1 0.479125, 0.7688333333333334, 0.007, 0.014
1 0.477125, 0.7715, 0.017, 0.0115
1 0.450625, 0.7698333333333334, 0.014, 0.01325
1 0.564875, 0.7701666666666667, 0.011333333333333334, 0.013
1 0.493405, 0.7718333333333334, 0.014333333333333333, 0.006719999999999999
1 0.498595, 0.7689166666666667, 0.01925, 0.00753
1 0.514875, 0.7731666666666667, 0.009, 0.0055
1 0.520375, 0.7768333333333334, 0.016666666666666666, 0.0115
1 0.599875, 0.7735, 0.014333333333333333, 0.00875
1 0.487125, 0.7746666666666666, 0.016166666666666666, 0.0085
1 0.632875, 0.7745, 0.009, 0.01575
1 0.612, 0.7751666666666667, 0.02, 0.009875
1 0.464625, 0.7755, 0.010666666666666666, 0.01425
1 0.559375, 0.7755, 0.01175, 0.012595
1 0.578125, 0.7761666666666667, 0.005333333333333333, 0.01075
1 0.593875, 0.7833333333333333, 0.0125, 0.01475
1 0.538625, 0.7795, 0.014666666666666666, 0.01575
1 0.549375, 0.7825, 0.009666666666666667, 0.013
1 0.550125, 0.7925, 0.015666666666666666, 0.0145
1 0.475125, 0.7828333333333334, 0.016666666666666666, 0.0125
1 0.571905, 0.7825, 0.007583333333333333, 0.01572
1 0.507875, 0.7828333333333334, 0.011333333333333334, 0.013
1 0.588625, 0.7845, 0.017333333333333333, 0.01525
1 0.566125, 0.7871666666666667, 0.011333333333333334, 0.0165
1 0.560125, 0.7885, 0.019, 0.01275
1 0.581625, 0.7881666666666667, 0.015333333333333332, 0.0075
1 0.30825, 0.6775833333333333, 0.012083333333333333, 0.0095625
1 0.313875, 0.67675, 0.0135, 0.009875
1 0.318, 0.6786666666666666, 0.011666666666666667, 0.0088125
1 0.3505, 0.6774166666666667, 0.012083333333333333, 0.01175
1 0.35825, 0.6775833333333333, 0.010166666666666666, 0.0095625
1 0.4633125, 0.67575, 0.013666666666666667, 0.004875
1 0.481625, 0.67275, 0.007333333333333333, 0.009
1 0.4945, 0.6708733333333333, 0.010543333333333333, 0.00522
1 0.4893125, 0.6713333333333333, 0.005583333333333333, 0.0049375
1 0.4695, 0.7084166666666667, 0.016123333333333333, 0.006375
1 0.4759375, 0.7134166666666667, 0.013, 0.011
1 0.44347000000000003, 0.7071666666666667, 0.009916666666666667, 0.009625
1 0.4383125, 0.7102066666666667, 0.0075, 0.0047175
1 0.45325, 0.7058333333333333, 0.007166666666666667, 0.0119375
1 0.546, 0.7073333333333334, 0.0075, 0.014625
1 0.5391875, 0.7085, 0.008416666666666666, 0.01325
1 0.648125, 0.7430833333333333, 0.017666666666666667, 0.0160625
1 0.648875, 0.75075, 0.016416666666666666, 0.016125
1 0.625375, 0.7785, 0.013083333333333334, 0.016125
1 0.618375, 0.766, 0.012833333333333334, 0.0098125
1 0.7505625, 0.6818333333333333, 0.007916666666666667, 0.0158125
1 0.7450625, 0.6738333333333333, 0.0125, 0.0071875
1 0.749125, 0.6699166666666667, 0.006416666666666667, 0.009375
1 0.73975, 0.6774166666666667, 0.009666666666666667, 0.006125
1 0.734375, 0.67425, 0.0135, 0.0060625
1 0.648125, 0.69725, 0.011583333333333333, 0.007375
1 0.6548125, 0.7054166666666667, 0.012583333333333334, 0.011875
1 0.591, 0.7026666666666667, 0.013333333333333334, 0.0055
1 0.585375, 0.7021666666666667, 0.011916666666666667, 0.005
1 0.573375, 0.7035, 0.013416666666666667, 0.0068125
1 0.5866875, 0.7135, 0.012416666666666666, 0.0088125
1 0.5809375, 0.7094166666666667, 0.0145, 0.0065
1 0.57075, 0.7114166666666667, 0.01225, 0.007
1 0.5511875, 0.6761666666666667, 0.007166666666666667, 0.01275
1 0.5535625, 0.6803333333333333, 0.0115, 0.006875
1 0.5590625, 0.68125, 0.010666666666666666, 0.0065625
1 0.575625, 0.6760833333333334, 0.012166666666666666, 0.0065625
1 0.5114225, 0.672, 0.008583333333333333, 0.00839
1 0.53575, 0.7728333333333334, 0.01475, 0.0111875
1 0.52125, 0.7696666666666667, 0.018333333333333333, 0.0145625
1 0.536625, 0.5656666666666667, 0.0069166666666666664, 0.0074375
1 0.3025, 0.6711666666666667, 0.010083333333333333, 0.0078125
1 0.3004375, 0.6783333333333333, 0.013166666666666667, 0.0118125
1 0.41759500000000005, 0.68104, 0.005543333333333333, 0.012
1 0.4489375, 0.6855, 0.007706666666666667, 0.0033125
1 0.47152999999999995, 0.6748733333333333, 0.012960000000000001, 0.00775
1 0.479375, 0.6791666666666667, 0.00804, 0.014125
1 0.5173125, 0.67204, 0.00892, 0.0120625
1 0.5164225, 0.67975, 0.012166666666666666, 0.01339
1 0.526375, 0.6817933333333334, 0.010746666666666667, 0.00722
1 0.50403, 0.6720833333333334, 0.012416666666666666, 0.00444
1 0.5063125, 0.6722933333333334, 0.01158, 0.0059375
1 0.504845, 0.68425, 0.005543333333333333, 0.009405
1 0.50725, 0.6803733333333333, 0.007586666666666667, 0.01375
1 0.586265, 0.6733533333333334, 0.012896666666666666, 0.0067350000000000005
1 0.5919225, 0.67252, 0.009813333333333334, 0.0093275
1 0.606375, 0.69604, 0.015253333333333332, 0.0070625
1 0.61153, 0.694, 0.00975, 0.009065
1 0.62378, 0.6961266666666667, 0.013789999999999998, 0.009564999999999999
1 0.630375, 0.7007066666666666, 0.011126666666666668, 0.007625
1 0.6547799999999999, 0.7441666666666666, 0.007873333333333333, 0.008125
1 0.6493450000000001, 0.7392066666666667, 0.00642, 0.008217499999999999
1 0.64228, 0.75246, 0.008079999999999999, 0.00897
1 0.60622, 0.7512066666666666, 0.014086666666666666, 0.009810000000000001
1 0.60072, 0.7492066666666666, 0.01846, 0.006125
1 0.585875, 0.7549166666666667, 0.00825, 0.0048449999999999995
1 0.57897, 0.7569600000000001, 0.012956666666666667, 0.010625
1 0.58825, 0.7708333333333334, 0.013333333333333334, 0.0134375
1 0.570875, 0.7678333333333334, 0.009583333333333333, 0.018405
1 0.5484049999999999, 0.7514166666666666, 0.015666666666666666, 0.0125325
1 0.53528, 0.7559600000000001, 0.010246666666666666, 0.013314999999999999
1 0.5217200000000001, 0.7535, 0.018333333333333333, 0.008185000000000001
1 0.5135, 0.7550833333333333, 0.01425, 0.009470000000000001
1 0.504, 0.7688733333333333, 0.017333333333333333, 0.012029999999999999
