1 0.4750548245614035, 0.1289747807017544, 0.034265350877192985, 0.026498538011695907
1 0.49314692982456143, 0.1415844298245614, 0.04029605263157895, 0.02266081871345029
1 0.8966557017543859, 0.14706688596491227, 0.04550438596491228, 0.02138157894736842
1 0.9174890350877193, 0.17173793859649122, 0.022203947368421052, 0.039108187134502925
1 0.5693530701754386, 0.14761513157894737, 0.035910087719298246, 0.02887426900584795
1 0.5010051169590644, 0.1522752192982456, 0.0424890350877193, 0.020650584795321638
1 0.5459612573099415, 0.15474232456140352, 0.04468201754385965, 0.013157894736842105
1 0.5591191520467836, 0.15693530701754385, 0.06126644736842105, 0.01745248538011696
1 0.5667489035087719, 0.15590734649122806, 0.04625822368421053, 0.02124451754385965
1 0.813139619883041, 0.1709155701754386, 0.03536184210526316, 0.0133406432748538
1 0.8749086257309941, 0.17338267543859648, 0.04906798245614035, 0.019371345029239765
1 0.8641264619883041, 0.21751644736842105, 0.03892543859649123, 0.027777777777777776
1 0.7743969298245614, 0.17393092105263158, 0.04111842105263158, 0.030153508771929825
1 0.8917214912280702, 0.17502741228070176, 0.027138157894736843, 0.026498538011695907
1 0.8606542397660819, 0.17612390350877194, 0.0537280701754386, 0.02010233918128655
1 0.5359100877192983, 0.18078399122807018, 0.05098684210526316, 0.020924707602339183
1 0.6523209064327485, 0.17735745614035087, 0.029742324561403508, 0.037463450292397664
1 0.9461805555555556, 0.18379934210526316, 0.03618421052631579, 0.03307748538011696
1 0.9545869883040936, 0.20435855263157895, 0.02631578947368421, 0.03179824561403509
1 0.8208150584795322, 0.18544407894736842, 0.04523026315789474, 0.014802631578947368
1 0.8328764619883041, 0.18599232456140352, 0.06277412280701754, 0.015533625730994151
1 0.8012609649122807, 0.18708881578947367, 0.05674342105263158, 0.019919590643274854
1 0.7881030701754386, 0.19503837719298245, 0.041666666666666664, 0.019736842105263157
1 0.7709247076023392, 0.21532346491228072, 0.03289473684210526, 0.03326023391812866
1 0.8913559941520468, 0.19092653508771928, 0.04057017543859649, 0.031615497076023395
1 0.9112755847953217, 0.19174890350877194, 0.024671052631578948, 0.038011695906432746
1 0.921875, 0.20764802631578946, 0.05290570175438596, 0.02101608187134503
1 0.9480994152046783, 0.25945723684210525, 0.0634594298245614, 0.016904239766081873
1 0.9174890350877193, 0.28878837719298245, 0.04632675438596491, 0.0268640350877193
1 0.488578216374269, 0.19558662280701755, 0.025767543859649123, 0.0403874269005848
1 0.8462171052631579, 0.19586074561403508, 0.05893640350877193, 0.01425438596491228
1 0.8571820175438597, 0.19805372807017543, 0.05317982456140351, 0.014071637426900584
1 0.5980445906432749, 0.20079495614035087, 0.051672149122807015, 0.02448830409356725
1 0.5037463450292398, 0.20134320175438597, 0.03536184210526316, 0.035818713450292396
1 0.6212536549707602, 0.20243969298245615, 0.04358552631578947, 0.01918859649122807
1 0.7148209064327485, 0.20682565789473684, 0.04523026315789474, 0.02540204678362573
1 0.6729714912280702, 0.21340460526315788, 0.051535087719298246, 0.017726608187134504
1 0.6411732456140351, 0.21422697368421054, 0.0400219298245614, 0.0268640350877193
1 0.8789290935672515, 0.21861293859649122, 0.03728070175438596, 0.023757309941520467
1 0.8549890350877193, 0.2539747807017544, 0.046875, 0.026498538011695907
1 0.8368969298245614, 0.25424890350877194, 0.04632675438596491, 0.03453947368421053
1 0.9025036549707602, 0.22135416666666666, 0.054276315789473686, 0.022478070175438597
1 0.8959247076023392, 0.23368969298245615, 0.04851973684210526, 0.014985380116959063
1 0.8200840643274854, 0.22245065789473684, 0.05235745614035088, 0.015533625730994151
1 0.6963633040935673, 0.22574013157894737, 0.04303728070175439, 0.02860014619883041
1 0.9624451754385965, 0.23177083333333334, 0.023848684210526317, 0.031980994152046784
1 0.7513706140350878, 0.23670504385964913, 0.0424890350877193, 0.0360014619883041
1 0.8187134502923976, 0.2441063596491228, 0.055509868421052634, 0.03225511695906433
1 0.7215826023391813, 0.25424890350877194, 0.05016447368421053, 0.02284356725146199
1 0.9646381578947368, 0.2554139254385965, 0.03721217105263158, 0.025950292397660817
1 0.7504568713450293, 0.2572642543859649, 0.046600877192982455, 0.02138157894736842
1 0.8908077485380117, 0.2808388157894737, 0.03919956140350877, 0.0266812865497076
1 0.9624451754385965, 0.28686951754385964, 0.030975877192982455, 0.03728070175438596
1 0.6848501461988304, 0.28878837719298245, 0.04550438596491228, 0.021747076023391813
1 0.8451206140350878, 0.30112390350877194, 0.04084429824561404, 0.03435672514619883
1 0.9882127192982456, 0.3027686403508772, 0.01644736842105263, 0.011695906432748537
1 0.6137609649122807, 0.30934758771929827, 0.027138157894736843, 0.01425438596491228
1 0.7405884502923976, 0.3104440789473684, 0.052083333333333336, 0.02320906432748538
1 0.5477887426900585, 0.3120888157894737, 0.041666666666666664, 0.023026315789473683
1 0.763249269005848, 0.3120888157894737, 0.04632675438596491, 0.016264619883040937
1 0.6422697368421053, 0.3131853070175439, 0.0381030701754386, 0.017178362573099414
1 0.4253472222222222, 0.3137335526315789, 0.05016447368421053, 0.015350877192982455
1 0.2837171052631579, 0.31565241228070173, 0.049890350877192985, 0.01918859649122807
1 0.18704312865497075, 0.3164747807017544, 0.05016447368421053, 0.015716374269005847
1 0.7192068713450293, 0.3164747807017544, 0.03728070175438596, 0.014802631578947368
1 0.7862755847953217, 0.3164747807017544, 0.06030701754385965, 0.02448830409356725
1 0.3008954678362573, 0.31757127192982454, 0.037587719298245614, 0.02138157894736842
1 0.3202668128654971, 0.32003837719298245, 0.030153508771929825, 0.03517909356725146
1 0.20111476608187134, 0.3183936403508772, 0.05043859649122807, 0.02010233918128655
1 0.369608918128655, 0.31921600877192985, 0.05180921052631579, 0.018092105263157895
1 0.6570723684210527, 0.32058662280701755, 0.05317982456140351, 0.017178362573099414
1 0.580500730994152, 0.3227796052631579, 0.05400219298245614, 0.017178362573099414
1 0.5689875730994152, 0.3449835526315789, 0.05482456140350877, 0.021198830409356724
1 0.6726059941520468, 0.32442434210526316, 0.049342105263157895, 0.019736842105263157
1 0.4127375730994152, 0.32497258771929827, 0.03673245614035088, 0.0133406432748538
1 0.6897843567251462, 0.3282620614035088, 0.04111842105263158, 0.013706140350877192
1 0.5309758771929824, 0.3296326754385965, 0.048793859649122806, 0.01882309941520468
1 0.6157711988304093, 0.32990679824561403, 0.049342105263157895, 0.02010233918128655
1 0.8493238304093568, 0.32990679824561403, 0.05016447368421053, 0.027046783625730993
1 0.07264254385964912, 0.33292214912280704, 0.052083333333333336, 0.02768640350877193
1 0.2252375730994152, 0.3364857456140351, 0.049890350877192985, 0.02138157894736842
1 0.7029422514619883, 0.3384046052631579, 0.054276315789473686, 0.02046783625730994
1 0.8153326023391813, 0.3392269736842105, 0.04331140350877193, 0.025219298245614034
1 0.05491593567251462, 0.34087171052631576, 0.05701754385964912, 0.02010233918128655
1 0.8001644736842105, 0.3416940789473684, 0.0200109649122807, 0.028326023391812866
1 0.37472587719298245, 0.3425164473684211, 0.05893640350877193, 0.022478070175438597
1 0.13130482456140352, 0.3436129385964912, 0.03536184210526316, 0.02320906432748538
1 0.44691154970760233, 0.3438870614035088, 0.05016447368421053, 0.016812865497076022
1 0.9019554093567251, 0.3458059210526316, 0.057291666666666664, 0.019919590643274854
1 0.4628106725146199, 0.34690241228070173, 0.05290570175438596, 0.01644736842105263
1 0.1546966374269006, 0.3482730263157895, 0.029605263157894735, 0.034173976608187134
1 0.16493055555555555, 0.36746162280701755, 0.022478070175438597, 0.03527046783625731
1 0.5457785087719298, 0.3490953947368421, 0.0537280701754386, 0.020650584795321638
1 0.1137609649122807, 0.3501918859649123, 0.04468201754385965, 0.020285087719298246
1 0.8421966374269005, 0.3501918859649123, 0.047697368421052634, 0.014437134502923976
1 0.08342470760233918, 0.35074013157894735, 0.03892543859649123, 0.02905701754385965
1 0.7394919590643275, 0.35074013157894735, 0.0537280701754386, 0.02101608187134503
1 0.21025219298245615, 0.3521107456140351, 0.05098684210526316, 0.018457602339181287
1 0.19764254385964913, 0.3885690789473684, 0.0400219298245614, 0.0222953216374269
1 0.4799890350877193, 0.35238486842105265, 0.06578947368421052, 0.016812865497076022
1 0.49515716374269003, 0.36444627192982454, 0.060032894736842105, 0.02046783625730994
1 0.6015168128654971, 0.3529331140350877, 0.04961622807017544, 0.01608187134502924
1 0.432108918128655, 0.3540296052631579, 0.04906798245614035, 0.015350877192982455
1 0.44124634502923976, 0.38747258771929827, 0.048793859649122806, 0.017361111111111112
1 0.35389254385964913, 0.35649671052631576, 0.05180921052631579, 0.018092105263157895
1 0.3248355263157895, 0.35759320175438597, 0.05646929824561404, 0.0222953216374269
1 0.7911184210526315, 0.3578673245614035, 0.05084978070175439, 0.02768640350877193
1 0.3862390350877193, 0.3589638157894737, 0.0512609649122807, 0.020285087719298246
1 0.23236476608187134, 0.36225328947368424, 0.05619517543859649, 0.015899122807017545
1 0.6411732456140351, 0.36362390350877194, 0.0537280701754386, 0.025584795321637425
1 0.6822916666666666, 0.36362390350877194, 0.04906798245614035, 0.02448830409356725
1 -9.137426900584795e-05, 0.3647203947368421, 0.03974780701754386, 0.0133406432748538
1 0.7533808479532164, 0.3652686403508772, 0.05674342105263158, 0.023940058479532164
1 0.7241410818713451, 0.37979714912280704, 0.047697368421052634, 0.033808479532163746
1 0.8898940058479532, 0.36554276315789475, 0.046052631578947366, 0.014071637426900584
1 0.586531432748538, 0.36609100877192985, 0.0512609649122807, 0.01663011695906433
1 0.9608004385964912, 0.3658168859649123, 0.054276315789473686, 0.017361111111111112
1 0.919499269005848, 0.3666392543859649, 0.047697368421052634, 0.01699561403508772
1 0.3939144736842105, 0.36691337719298245, 0.047149122807017545, 0.031615497076023395
1 0.15195540935672514, 0.3803453947368421, 0.026041666666666668, 0.0360014619883041
1 0.14135599415204678, 0.4036458333333333, 0.02987938596491228, 0.034173976608187134
1 0.12490862573099415, 0.4154331140350877, 0.0556469298245614, 0.01864035087719298
1 0.6665752923976608, 0.3685581140350877, 0.027138157894736843, 0.030153508771929825
1 0.8261147660818714, 0.3685581140350877, 0.05975877192982456, 0.02138157894736842
1 0.29961622807017546, 0.3715734649122807, 0.057291666666666664, 0.019736842105263157
1 0.282437865497076, 0.37266995614035087, 0.05400219298245614, 0.01882309941520468
1 0.5273209064327485, 0.3734923245614035, 0.054276315789473686, 0.0222953216374269
1 0.23876096491228072, 0.3737664473684211, 0.046600877192982455, 0.021564327485380116
1 0.011056286549707603, 0.3745888157894737, 0.04577850877192982, 0.01699561403508772
1 0.8652229532163743, 0.3751370614035088, 0.060512609649122806, 0.0268640350877193
1 0.7792397660818714, 0.4296875, 0.027069627192982455, 0.04541301169590643
1 0.7036732456140351, 0.37678179824561403, 0.04057017543859649, 0.02448830409356725
1 0.9458150584795322, 0.3770559210526316, 0.05701754385964912, 0.017543859649122806
1 0.6170504385964912, 0.3784265350877193, 0.04961622807017544, 0.03125
1 0.5008223684210527, 0.3789747807017544, 0.05290570175438596, 0.027595029239766082
1 0.5042945906432749, 0.4088541666666667, 0.06030701754385965, 0.02046783625730994
1 0.12198464912280702, 0.3788048245614035, 0.04649671052631579, 0.018229166666666668
1 0.02421418128654971, 0.3803453947368421, 0.05290570175438596, 0.01864035087719298
1 0.0621125730994152, 0.39377741228070173, 0.05400219298245614, 0.017108918128654973
1 0.07556652046783625, 0.4017269736842105, 0.047697368421052634, 0.015350877192982455
1 0.031158625730994153, 0.4083059210526316, 0.042214912280701754, 0.020650584795321638
1 0.08781067251461988, 0.41762609649122806, 0.049890350877192985, 0.02503654970760234
1 0.1004203216374269, 0.4179002192982456, 0.02987938596491228, 0.028326023391812866
1 0.017269736842105265, 0.44120065789473684, 0.043859649122807015, 0.01864035087719298
1 0.10773026315789473, 0.44558662280701755, 0.05180921052631579, 0.018092105263157895
1 0.08835891812865497, 0.44613486842105265, 0.04523026315789474, 0.02046783625730994
1 0.05802266081871345, 0.44750548245614036, 0.019462719298245616, 0.03170687134502924
1 0.03700657894736842, 0.4634046052631579, 0.026932565789473683, 0.039108187134502925
1 0.04486476608187134, 0.4973958333333333, 0.057291666666666664, 0.019736842105263157
1 0.9891264619883041, 0.3803453947368421, 0.05317982456140351, 0.01069078947368421
1 0.9756030701754386, 0.39350328947368424, 0.05619517543859649, 0.02266081871345029
1 0.041758040935672515, 0.3808936403508772, 0.039473684210526314, 0.023391812865497075
1 0.25338084795321636, 0.38199013157894735, 0.05455043859649123, 0.014985380116959063
1 0.24607090643274854, 0.40446820175438597, 0.03070175438596491, 0.012792397660818713
1 0.22121710526315788, 0.41954495614035087, 0.024945175438596492, 0.023026315789473683
1 0.10389254385964912, 0.3828125, 0.03481359649122807, 0.017361111111111112
1 0.9226059941520468, 0.38445723684210525, 0.04358552631578947, 0.024853801169590642
1 0.27786915204678364, 0.38582785087719296, 0.05016447368421053, 0.018092105263157895
1 0.26763523391812866, 0.3907620614035088, 0.04550438596491228, 0.012244152046783625
1 0.08342470760233918, 0.3866502192982456, 0.03234649122807018, 0.02138157894736842
1 0.7970577485380117, 0.3871984649122807, 0.04906798245614035, 0.017361111111111112
1 0.4713998538011696, 0.3893914473684211, 0.05290570175438596, 0.01882309941520468
1 0.45586622807017546, 0.4231085526315789, 0.04550438596491228, 0.027777777777777776
1 0.8144188596491229, 0.3893914473684211, 0.05975877192982456, 0.01882309941520468
1 0.42351973684210525, 0.3918585526315789, 0.05317982456140351, 0.01918859649122807
1 0.5549159356725146, 0.3918585526315789, 0.05180921052631579, 0.01864035087719298
1 0.8348866959064327, 0.39158442982456143, 0.05331688596491228, 0.03033625730994152
1 0.8557200292397661, 0.43133223684210525, 0.04797149122807018, 0.022478070175438597
1 0.8741776315789473, 0.4340734649122807, 0.04029605263157895, 0.015350877192982455
1 0.8489583333333334, 0.4603892543859649, 0.03289473684210526, 0.022112573099415205
1 0.8715277777777778, 0.4686129385964912, 0.03070175438596491, 0.025127923976608187
1 0.8615679824561403, 0.4839638157894737, 0.03042763157894737, 0.023026315789473683
1 -9.137426900584795e-05, 0.39172149122807015, 0.047286184210526314, 0.013157894736842105
1 0.3107638888888889, 0.39295504385964913, 0.05016447368421053, 0.017361111111111112
1 0.31971856725146197, 0.4069353070175439, 0.0356359649122807, 0.02540204678362573
1 0.31204312865497075, 0.44037828947368424, 0.020285087719298246, 0.03527046783625731
1 0.3502375730994152, 0.4472313596491228, 0.021107456140350877, 0.023757309941520467
1 0.3359831871345029, 0.4524396929824561, 0.02398574561403509, 0.015350877192982455
1 0.3356176900584795, 0.4623081140350877, 0.046052631578947366, 0.015533625730994151
1 0.313687865497076, 0.4713541666666667, 0.03289473684210526, 0.023757309941520467
1 0.33397295321637427, 0.504797149122807, 0.04331140350877193, 0.020650584795321638
1 0.34457236842105265, 0.5050712719298246, 0.05043859649122807, 0.02266081871345029
1 0.6959978070175439, 0.39350328947368424, 0.03837719298245614, 0.025584795321637425
1 0.6128472222222222, 0.40117872807017546, 0.05071271929824561, 0.028691520467836257
1 0.6137609649122807, 0.4225603070175439, 0.047149122807017545, 0.01663011695906433
1 0.667671783625731, 0.4028234649122807, 0.04523026315789474, 0.019736842105263157
1 0.19106359649122806, 0.4041940789473684, 0.03618421052631579, 0.019371345029239765
1 0.5858004385964912, 0.40391995614035087, 0.060032894736842105, 0.02284356725146199
1 0.9063413742690059, 0.40720942982456143, 0.047697368421052634, 0.015716374269005847
1 0.9143823099415205, 0.4192708333333333, 0.03673245614035088, 0.036366959064327485
1 0.5253106725146199, 0.40940241228070173, 0.038651315789473686, 0.027777777777777776
1 0.5680738304093568, 0.4096765350877193, 0.06195175438596491, 0.020285087719298246
1 0.1578033625730994, 0.4121436403508772, 0.02138157894736842, 0.03252923976608187
1 0.394828216374269, 0.4121436403508772, 0.047149122807017545, 0.01699561403508772
1 0.8875182748538012, 0.41186951754385964, 0.05592105263157895, 0.019736842105263157
1 0.7075109649122807, 0.41433662280701755, 0.038651315789473686, 0.030519005847953216
1 0.731999269005848, 0.4220120614035088, 0.041666666666666664, 0.018092105263157895
1 0.7078764619883041, 0.42475328947368424, 0.03837719298245614, 0.030884502923976608
1 0.711531432748538, 0.45874451754385964, 0.03782894736842105, 0.025127923976608187
1 0.721765350877193, 0.47436951754385964, 0.05646929824561404, 0.01882309941520468
1 0.703125, 0.49109100877192985, 0.039473684210526314, 0.02284356725146199
1 0.6464729532163743, 0.4192708333333333, 0.0381030701754386, 0.03289473684210526
1 -9.137426900584795e-05, 0.4203673245614035, 0.03919956140350877, 0.02284356725146199
1 0.18485014619883042, 0.4217379385964912, 0.04084429824561404, 0.012609649122807017
1 0.9604349415204678, 0.4217379385964912, 0.060032894736842105, 0.021198830409356724
1 0.3730811403508772, 0.4225603070175439, 0.05893640350877193, 0.015899122807017545
1 0.41602704678362573, 0.4239309210526316, 0.049890350877192985, 0.01608187134502924
1 0.5938413742690059, 0.4222861842105263, 0.044956140350877194, 0.019554093567251463
1 0.2731176900584795, 0.42420504385964913, 0.05084978070175439, 0.02138157894736842
1 0.2888797514619883, 0.4570997807017544, 0.041666666666666664, 0.013843201754385965
1 0.4838267543859649, 0.42749451754385964, 0.05180921052631579, 0.030884502923976608
1 0.2305372807017544, 0.4277686403508772, 0.04550438596491228, 0.021929824561403508
1 0.26050804093567254, 0.4291392543859649, 0.04276315789473684, 0.013888888888888888
1 0.26452850877192985, 0.4686129385964912, 0.05016447368421053, 0.013706140350877192
1 0.1283808479532164, 0.42996162280701755, 0.05482456140350877, 0.02850877192982456
1 0.14756944444444445, 0.43050986842105265, 0.04084429824561404, 0.0360014619883041
1 0.7365679824561403, 0.43050986842105265, 0.04358552631578947, 0.03070175438596491
1 0.8295869883040936, 0.4340734649122807, 0.032072368421052634, 0.029788011695906433
1 0.8160635964912281, 0.45017817982456143, 0.03131853070175439, 0.033808479532163746
1 0.8082054093567251, 0.4543585526315789, 0.042214912280701754, 0.0403874269005848
1 0.8424707602339181, 0.4888980263157895, 0.0512609649122807, 0.035910087719298246
1 0.8401864035087719, 0.4987664473684211, 0.04276315789473684, 0.027046783625730993
1 0.9412463450292398, 0.4340734649122807, 0.0400219298245614, 0.019736842105263157
1 0.21445540935672514, 0.43516995614035087, 0.046875, 0.017543859649122806
1 0.2027595029239766, 0.4370888157894737, 0.04303728070175439, 0.014619883040935672
1 0.23510599415204678, 0.4362664473684211, 0.047149122807017545, 0.025767543859649123
1 0.4441703216374269, 0.4354440789473684, 0.044407894736842105, 0.013888888888888888
1 0.1943530701754386, 0.4395559210526316, 0.04577850877192982, 0.010964912280701754
1 0.19691154970760233, 0.4798519736842105, 0.02549342105263158, 0.031980994152046784
1 0.15140716374269006, 0.4414747807017544, 0.038651315789473686, 0.03271198830409357
1 0.7418676900584795, 0.4350328947368421, 0.05523574561403509, 0.035910087719298246
1 0.15561038011695907, 0.4653234649122807, 0.0512609649122807, 0.014619883040935672
1 0.5516264619883041, 0.44366776315789475, 0.054276315789473686, 0.01699561403508772
1 0.5585709064327485, 0.4683388157894737, 0.03734923245614035, 0.02905701754385965
1 0.5887244152046783, 0.49684758771929827, 0.046875, 0.029605263157894735
1 0.5647386695906432, 0.5028782894736842, 0.043859649122807015, 0.025447733918128657
1 0.6757127192982456, 0.4439418859649123, 0.0512609649122807, 0.015899122807017545
1 0.6819261695906432, 0.4941063596491228, 0.0356359649122807, 0.03673245614035088
1 0.5236659356725146, 0.44421600877192985, 0.021107456140350877, 0.03234649122807018
1 0.6506761695906432, 0.44503837719298245, 0.03234649122807018, 0.027046783625730993
1 0.9887609649122807, 0.4902686403508772, 0.06578947368421052, 0.01114766081871345
1 0.9724963450292398, 0.49246162280701755, 0.06140350877192982, 0.01918859649122807
1 0.6875913742690059, 0.4477796052631579, 0.049890350877192985, 0.01663011695906433
1 0.7913925438596491, 0.44832785087719296, 0.028782894736842105, 0.01827485380116959
1 0.7683662280701754, 0.4546326754385965, 0.0424890350877193, 0.027777777777777776
1 0.9114583333333334, 0.44997258771929827, 0.05921052631578947, 0.027777777777777776
1 0.9057931286549707, 0.5072642543859649, 0.05345394736842105, 0.05555555555555555
1 0.45166301169590645, 0.4529879385964912, 0.03399122807017544, 0.035818713450292396
1 0.4227887426900585, 0.45600328947368424, 0.0556469298245614, 0.017178362573099414
1 0.432108918128655, 0.47245065789473684, 0.06990131578947369, 0.021929824561403508
1 0.4452668128654971, 0.4960252192982456, 0.06825657894736842, 0.025950292397660817
1 0.9017726608187134, 0.45600328947368424, 0.057839912280701754, 0.02138157894736842
1 0.8931834795321637, 0.47053179824561403, 0.0556469298245614, 0.02266081871345029
1 0.9290021929824561, 0.45627741228070173, 0.05866228070175439, 0.026133040935672515
1 0.5201937134502924, 0.45682565789473684, 0.02905701754385965, 0.033808479532163746
1 0.6998355263157895, 0.46121162280701755, 0.03728070175438596, 0.015716374269005847
1 0.6049890350877193, 0.4628563596491228, 0.02631578947368421, 0.036915204678362575
1 0.25356359649122806, 0.4642269736842105, 0.05263157894736842, 0.012609649122807017
1 0.24168494152046785, 0.4784813596491228, 0.046875, 0.0133406432748538
1 0.22651681286549707, 0.49191337719298245, 0.04632675438596491, 0.021747076023391813
1 0.3697916666666667, 0.4647752192982456, 0.0381030701754386, 0.01644736842105263
1 0.3732638888888889, 0.49766995614035087, 0.03728070175438596, 0.014802631578947368
1 0.3873355263157895, 0.5270010964912281, 0.05235745614035088, 0.018092105263157895
1 0.5713633040935673, 0.46696820175438597, 0.03728070175438596, 0.03399122807017544
1 0.0834703947368421, 0.5056195175438597, 0.055098684210526314, 0.018777412280701754
1 0.6488486842105263, 0.46696820175438597, 0.052083333333333336, 0.02503654970760234
1 0.38441154970760233, 0.4645531798245614, 0.06409265350877193, 0.015533625730994151
1 0.40615862573099415, 0.47053179824561403, 0.057839912280701754, 0.01882309941520468
1 0.3953764619883041, 0.48862390350877194, 0.05592105263157895, 0.02010233918128655
1 0.46408991228070173, 0.4680646929824561, 0.04550438596491228, 0.02138157894736842
1 0.4761513157894737, 0.4699835526315789, 0.04331140350877193, 0.029605263157894735
1 0.1402595029239766, 0.47108004385964913, 0.05345394736842105, 0.018548976608187134
1 0.1267361111111111, 0.5189144736842105, 0.04235197368421053, 0.03216374269005848
1 0.7446089181286549, 0.47162828947368424, 0.05893640350877193, 0.024305555555555556
1 0.7899305555555556, 0.4713541666666667, 0.04577850877192982, 0.02320906432748538
1 0.8140533625730995, 0.4784813596491228, 0.046600877192982455, 0.02722953216374269
1 0.8091191520467836, 0.48067434210526316, 0.06140350877192982, 0.027960526315789474
1 0.8021747076023392, 0.4916392543859649, 0.046052631578947366, 0.011878654970760233
1 0.530610380116959, 0.4727247807017544, 0.04468201754385965, 0.021747076023391813
1 0.7756761695906432, 0.47738486842105265, 0.048793859649122806, 0.02266081871345029
1 0.7500913742690059, 0.4941063596491228, 0.038651315789473686, 0.027777777777777776
1 0.7661732456140351, 0.5121984649122807, 0.03536184210526316, 0.027777777777777776
1 0.0008223684210526315, 0.4960252192982456, 0.06606359649122807, 0.019371345029239765
1 0.30564692982456143, 0.4784813596491228, 0.03125, 0.019371345029239765
1 0.3005299707602339, 0.4927357456140351, 0.05235745614035088, 0.023026315789473683
1 0.2935855263157895, 0.5248081140350878, 0.04111842105263158, 0.02284356725146199
1 0.4876644736842105, 0.48012609649122806, 0.039473684210526314, 0.031980994152046784
1 0.7340095029239766, 0.48204495614035087, 0.048793859649122806, 0.013706140350877192
1 0.6174159356725146, 0.4831414473684211, 0.03179824561403509, 0.03490497076023392
1 0.6210709064327485, 0.5064418859649122, 0.023026315789473683, 0.02631578947368421
1 0.602796052631579, 0.4842379385964912, 0.049890350877192985, 0.020833333333333332
1 0.6693165204678363, 0.4897203947368421, 0.04797149122807018, 0.0222953216374269
1 0.6590826023391813, 0.49821820175438597, 0.05756578947368421, 0.017726608187134504
1 0.12180190058479533, 0.4897203947368421, 0.057291666666666664, 0.021518640350877194
1 0.10151681286549707, 0.49054276315789475, 0.05838815789473684, 0.023391812865497075
1 0.5088633040935673, 0.49520285087719296, 0.062225877192982455, 0.019554093567251463
1 0.3215460526315789, 0.4965734649122807, 0.046875, 0.01608187134502924
1 0.18996710526315788, 0.4993146929824561, 0.016721491228070175, 0.03271198830409357
1 0.540296052631579, 0.5001370614035088, 0.06030701754385965, 0.019736842105263157
1 0.5249451754385965, 0.5042489035087719, 0.060032894736842105, 0.017726608187134504
1 0.028965643274853802, 0.5009594298245614, 0.05235745614035088, 0.01827485380116959
1 0.05765716374269006, 0.5006853070175439, 0.047697368421052634, 0.01864035087719298
1 0.49004020467836257, 0.5028782894736842, 0.04276315789473684, 0.0268640350877193
1 0.47596856725146197, 0.5206962719298246, 0.044407894736842105, 0.017543859649122806
1 0.014345760233918129, 0.5056195175438597, 0.04824561403508772, 0.014985380116959063
1 0.19764254385964913, 0.5100054824561403, 0.04824561403508772, 0.017178362573099414
1 0.20952119883040934, 0.5157620614035088, 0.049890350877192985, 0.019554093567251463
1 0.8813048245614035, 0.5111019736842105, 0.05893640350877193, 0.020285087719298246
1 0.6411732456140351, 0.514391447368421, 0.043859649122807015, 0.022478070175438597
1 0.24607090643274854, 0.516858552631579, 0.051535087719298246, 0.015716374269005847
1 0.25721856725146197, 0.5272752192982456, 0.06030701754385965, 0.015533625730994151
1 0.9628106725146199, 0.5171326754385965, 0.05400219298245614, 0.020833333333333332
1 0.4093567251461988, 0.5185032894736842, 0.057291666666666664, 0.017635233918128657
1 0.42077850877192985, 0.5467379385964912, 0.05290570175438596, 0.015533625730994151
1 0.4046966374269006, 0.5546875, 0.05345394736842105, 0.021747076023391813
1 0.43430190058479534, 0.5552357456140351, 0.042214912280701754, 0.02631578947368421
1 0.690515350877193, 0.5206962719298246, 0.044407894736842105, 0.024671052631578948
1 0.8986659356725146, 0.5226151315789473, 0.06606359649122807, 0.01827485380116959
1 0.28444809941520466, 0.5275493421052632, 0.052083333333333336, 0.019005847953216373
1 0.5837902046783626, 0.5280975877192983, 0.0424890350877193, 0.028143274853801168
1 0.6258223684210527, 0.5283717105263158, 0.04577850877192982, 0.03490497076023392
1 0.7360197368421053, 0.5431743421052632, 0.0625, 0.025219298245614034
1 0.7685489766081871, 0.5302905701754386, 0.057839912280701754, 0.031980994152046784
1 0.9255299707602339, 0.5305646929824561, 0.06578947368421052, 0.02138157894736842
1 0.08726242690058479, 0.532483552631579, 0.05866228070175439, 0.034722222222222224
1 0.6762609649122807, 0.532483552631579, 0.04797149122807018, 0.03070175438596491
1 0.3209978070175439, 0.5341282894736842, 0.0381030701754386, 0.02320906432748538
1 0.34018640350877194, 0.5448190789473685, 0.03919956140350877, 0.020833333333333332
1 0.07191154970760234, 0.5346765350877193, 0.04851973684210526, 0.01864035087719298
1 0.0602156432748538, 0.536047149122807, 0.06030701754385965, 0.022112573099415205
1 0.3763706140350877, 0.5346765350877193, 0.05180921052631579, 0.02284356725146199
1 0.8144188596491229, 0.5357730263157895, 0.04961622807017544, 0.02850877192982456
1 0.8105811403508771, 0.5563322368421053, 0.03453947368421053, 0.01882309941520468
1 0.8089364035087719, 0.5678453947368421, 0.051535087719298246, 0.026133040935672515
1 0.6124817251461988, 0.5382401315789473, 0.046052631578947366, 0.04093567251461988
1 0.6071820175438597, 0.5607182017543859, 0.02549342105263158, 0.02266081871345029
1 0.7853618421052632, 0.5387883771929824, 0.041666666666666664, 0.02540204678362573
1 0.22304459064327486, 0.5390625, 0.046875, 0.022478070175438597
1 0.1678545321637427, 0.5398848684210527, 0.047149122807017545, 0.024305555555555556
1 0.8502375730994152, 0.5398848684210527, 0.05317982456140351, 0.025767543859649123
1 0.5499817251461988, 0.5401589912280702, 0.049890350877192985, 0.019371345029239765
1 0.7064144736842105, 0.5415296052631579, 0.042214912280701754, 0.01644736842105263
1 0.3694261695906433, 0.5450932017543859, 0.05592105263157895, 0.0266812865497076
1 0.8409173976608187, 0.5461896929824561, 0.06277412280701754, 0.024305555555555556
1 0.2754934210526316, 0.5492050438596491, 0.043859649122807015, 0.015533625730994151
1 0.48309576023391815, 0.5503015350877193, 0.049890350877192985, 0.01644736842105263
1 0.5013706140350878, 0.5500274122807017, 0.0381030701754386, 0.029239766081871343
1 0.5035635964912281, 0.5700383771929824, 0.05345394736842105, 0.02046783625730994
1 0.4708516081871345, 0.5508497807017544, 0.0512609649122807, 0.01882309941520468
1 0.11979166666666667, 0.551672149122807, 0.034265350877192985, 0.038011695906432746
1 0.14245248538011696, 0.5568804824561403, 0.03892543859649123, 0.020650584795321638
1 0.14501096491228072, 0.5801809210526315, 0.04358552631578947, 0.021747076023391813
1 0.12746710526315788, 0.5810032894736842, 0.03481359649122807, 0.024671052631578948
1 0.915296052631579, 0.5535910087719298, 0.061677631578947366, 0.023757309941520467
1 0.9355811403508771, 0.5936129385964912, 0.05838815789473684, 0.015533625730994151
1 0.3602887426900585, 0.5541392543859649, 0.033168859649122806, 0.010416666666666666
1 0.31935307017543857, 0.5574287280701754, 0.04111842105263158, 0.010782163742690058
1 0.5859831871345029, 0.5574287280701754, 0.03782894736842105, 0.02412280701754386
1 0.02585891812865497, 0.5582510964912281, 0.02850877192982456, 0.029788011695906433
1 0.2380299707602339, 0.5590734649122807, 0.05317982456140351, 0.01663011695906433
1 0.7972404970760234, 0.5596217105263158, 0.052083333333333336, 0.01425438596491228
1 0.7807931286549707, 0.5763432017543859, 0.0268640350877193, 0.015716374269005847
1 0.7742141812865497, 0.5845668859649122, 0.04550438596491228, 0.01516812865497076
1 0.7899305555555556, 0.5886787280701754, 0.043859649122807015, 0.016812865497076022
1 0.7599597953216374, 0.5905975877192983, 0.06112938596491228, 0.01699561403508772
1 0.7727521929824561, 0.6207510964912281, 0.047697368421052634, 0.023940058479532164
1 0.5393823099415205, 0.5604440789473685, 0.06524122807017543, 0.01882309941520468
1 0.6596308479532164, 0.5623629385964912, 0.02549342105263158, 0.03344298245614035
1 0.9487390350877193, 0.5634594298245614, 0.04413377192982456, 0.030519005847953216
1 0.9483735380116959, 0.5927905701754386, 0.02987938596491228, 0.03508771929824561
1 0.3290387426900585, 0.5653782894736842, 0.05345394736842105, 0.023940058479532164
1 0.8855080409356725, 0.5653782894736842, 0.046600877192982455, 0.03033625730994152
1 0.2977887426900585, 0.5659265350877193, 0.02905701754385965, 0.021564327485380116
1 0.45202850877192985, 0.5664747807017544, 0.04797149122807018, 0.020285087719298246
1 0.11120248538011696, 0.5675712719298246, 0.04906798245614035, 0.021929824561403508
1 0.17041301169590642, 0.5697642543859649, 0.04303728070175439, 0.024853801169590642
1 0.524031432748538, 0.5697642543859649, 0.05921052631578947, 0.015350877192982455
1 0.015625, 0.5738760964912281, 0.05592105263157895, 0.018092105263157895
1 0.00356359649122807, 0.5851151315789473, 0.05345394736842105, 0.020650584795321638
1 0.24972587719298245, 0.5749725877192983, 0.05235745614035088, 0.013523391812865496
1 0.49661915204678364, 0.5760690789473685, 0.06825657894736842, 0.01516812865497076
1 0.5092288011695907, 0.6128015350877193, 0.04824561403508772, 0.0133406432748538
1 0.2579495614035088, 0.5785361842105263, 0.05345394736842105, 0.02138157894736842
1 0.21811038011695907, 0.5788103070175439, 0.05674342105263158, 0.01882309941520468
1 0.3520650584795322, 0.5810032894736842, 0.05180921052631579, 0.018457602339181287
1 0.6828399122807017, 0.5815515350877193, 0.048793859649122806, 0.024853801169590642
1 0.6175986842105263, 0.5818256578947368, 0.02275219298245614, 0.03344298245614035
1 0.438687865497076, 0.5826480263157895, 0.03728070175438596, 0.019554093567251463
1 0.5859831871345029, 0.5831962719298246, 0.0556469298245614, 0.021564327485380116
1 0.9785270467836257, 0.582922149122807, 0.046875, 0.014437134502923976
1 0.988578216374269, 0.6040296052631579, 0.05537280701754386, 0.011330409356725146
1 0.9814510233918129, 0.6100603070175439, 0.03837719298245614, 0.012609649122807017
1 0.9547697368421053, 0.6204769736842105, 0.041666666666666664, 0.0266812865497076
1 0.9593384502923976, 0.6344572368421053, 0.0424890350877193, 0.026133040935672515
1 0.09457236842105263, 0.5837445175438597, 0.054276315789473686, 0.021564327485380116
1 0.2870065789473684, 0.5834703947368421, 0.06551535087719298, 0.018457602339181287
1 0.46811038011695905, 0.5842927631578947, 0.05400219298245614, 0.019005847953216373
1 0.48675073099415206, 0.5996436403508771, 0.0537280701754386, 0.014071637426900584
1 0.46390716374269003, 0.6070449561403509, 0.05290570175438596, 0.024671052631578948
1 0.06889619883040936, 0.5859375, 0.04920504385964912, 0.023940058479532164
1 0.20513523391812866, 0.5864857456140351, 0.05592105263157895, 0.01918859649122807
1 0.5720942982456141, 0.5864857456140351, 0.0400219298245614, 0.02138157894736842
1 0.269828216374269, 0.588952850877193, 0.04331140350877193, 0.01608187134502924
1 0.3058296783625731, 0.5900493421052632, 0.048793859649122806, 0.014985380116959063
1 0.5463267543859649, 0.5914199561403509, 0.05482456140350877, 0.0222953216374269
1 0.6649305555555556, 0.5933388157894737, 0.06030701754385965, 0.019371345029239765
1 0.8138706140350878, 0.5933388157894737, 0.07538377192982457, 0.022112573099415205
1 0.5326206140350878, 0.5963541666666666, 0.038651315789473686, 0.010416666666666666
1 0.1095577485380117, 0.5966282894736842, 0.03837719298245614, 0.013157894736842105
1 0.6077302631578947, 0.598547149122807, 0.04029605263157895, 0.016812865497076022
1 0.39665570175438597, 0.5993695175438597, 0.048793859649122806, 0.02412280701754386
1 0.4125548245614035, 0.6023848684210527, 0.03782894736842105, 0.01425438596491228
1 0.17260599415204678, 0.6018366228070176, 0.044956140350877194, 0.02412280701754386
1 0.6300255847953217, 0.6023848684210527, 0.04194078947368421, 0.01644736842105263
1 0.6230811403508771, 0.6067708333333334, 0.046600877192982455, 0.013157894736842105
1 0.8354349415204678, 0.6026589912280702, 0.024671052631578948, 0.035818713450292396
1 0.08580043859649122, 0.6032072368421053, 0.044407894736842105, 0.019919590643274854
1 0.13130482456140352, 0.6048519736842105, 0.03974780701754386, 0.024853801169590642
1 0.3816703216374269, 0.6056743421052632, 0.038651315789473686, 0.015533625730994151
1 0.7281615497076024, 0.6056743421052632, 0.06140350877192982, 0.024853801169590642
1 0.9185855263157895, 0.6059484649122807, 0.0581140350877193, 0.021564327485380116
1 0.8904422514619883, 0.6059484649122807, 0.05592105263157895, 0.01644736842105263
1 0.9059758771929824, 0.6092379385964912, 0.05290570175438596, 0.014802631578947368
1 0.7510051169590644, 0.6075932017543859, 0.05345394736842105, 0.01516812865497076
1 0.234375, 0.6086896929824561, 0.04029605263157895, 0.02887426900584795
1 0.8699744152046783, 0.6092379385964912, 0.04851973684210526, 0.021929824561403508
1 9.137426900584795e-05, 0.6108826754385965, 0.030975877192982455, 0.018092105263157895
1 0.7930372807017544, 0.6119791666666666, 0.0625, 0.017361111111111112
1 0.4143823099415205, 0.6125274122807017, 0.05674342105263158, 0.02448830409356725
1 0.4215095029239766, 0.6339089912280702, 0.05756578947368421, 0.020285087719298246
1 0.5702668128654971, 0.6125274122807017, 0.04577850877192982, 0.012609649122807017
1 0.2798793859649123, 0.6136239035087719, 0.04413377192982456, 0.012244152046783625
1 0.4523940058479532, 0.6136239035087719, 0.03700657894736842, 0.015533625730994151
1 0.94234283625731, 0.6138980263157895, 0.04577850877192982, 0.019371345029239765
1 0.12070540935672515, 0.614172149122807, 0.03892543859649123, 0.011695906432748537
1 0.5794042397660819, 0.6147203947368421, 0.04111842105263158, 0.015899122807017545
1 0.44142909356725146, 0.6166392543859649, 0.052083333333333336, 0.01699561403508772
1 0.5558296783625731, 0.6171875, 0.05043859649122807, 0.01699561403508772
1 0.6980080409356725, 0.6210252192982456, 0.03974780701754386, 0.02503654970760234
1 0.8085709064327485, 0.6221217105263158, 0.05756578947368421, 0.014985380116959063
1 0.8524305555555556, 0.623766447368421, 0.04413377192982456, 0.0222953216374269
1 0.8337902046783626, 0.6240405701754386, 0.04413377192982456, 0.010964912280701754
1 0.8436586257309941, 0.6259594298245614, 0.04413377192982456, 0.010964912280701754
1 0.5152595029239766, 0.6270559210526315, 0.04029605263157895, 0.019005847953216373
1 0.021655701754385966, 0.629797149122807, 0.02850877192982456, 0.020650584795321638
1 0.6883223684210527, 0.6295230263157895, 0.02987938596491228, 0.020833333333333332
1 0.2221308479532164, 0.6319901315789473, 0.03508771929824561, 0.02540204678362573
1 0.6344115497076024, 0.6341831140350878, 0.06770833333333333, 0.0222953216374269
1 9.137426900584795e-05, 0.6344572368421053, 0.02412280701754386, 0.007858187134502924
1 0.038651315789473686, 0.635827850877193, 0.046052631578947366, 0.022112573099415205
1 0.0333516081871345, 0.6371984649122807, 0.042214912280701754, 0.017178362573099414
1 0.00758406432748538, 0.6424067982456141, 0.03042763157894737, 0.028326023391812866
1 0.3115862573099415, 0.6511787280701754, 0.0644188596491228, 0.022934941520467836
1 0.04303728070175439, 0.6541940789473685, 0.0381030701754386, 0.025767543859649123
1 9.137426900584795e-05, 0.6585800438596491, 0.030975877192982455, 0.020650584795321638
1 0.006487573099415204, 0.6618695175438597, 0.023026315789473683, 0.025767543859649123
1 0.8910818713450293, 0.7589089912280702, 0.02549342105263158, 0.0381030701754386
1 0.6371527777777778, 0.7657620614035088, 0.019736842105263157, 0.023026315789473683
1 0.8699744152046783, 0.7767269736842105, 0.04399671052631579, 0.024853801169590642
1 0.8878837719298246, 0.7802905701754386, 0.030153508771929825, 0.01663011695906433
1 0.9094480994152047, 0.7934484649122807, 0.03892543859649123, 0.01827485380116959
1 0.48309576023391815, 0.8192160087719298, 0.034265350877192985, 0.014802631578947368
1 0.17808845029239767, 0.8152412280701754, 0.04125548245614035, 0.03225511695906433
1 0.017635233918128657, 0.8301809210526315, 0.020285087719298246, 0.03262061403508772
1 0.1671345029239766, 0.8204495614035088, 0.04704221491228071, 0.021096491228070176
1 0.5170869883040936, 0.14734100877192982, 0.05180921052631579, 0.020285087719298246
1 0.5287372076023392, 0.14665570175438597, 0.05585252192982456, 0.01768092105263158
1 0.8729897660818714, 0.24814967105263158, 0.05201480263157895, 0.02421418128654971
1 0.8656341374269005, 0.2793996710526316, 0.04043311403508772, 0.03481359649122807
1 0.9348501461988304, 0.26260964912280704, 0.0503015350877193, 0.01800073099415205
1 0.9177631578947368, 0.2526370614035088, 0.042867324561403505, 0.03134137426900585
1 0.9366319444444444, 0.22012061403508773, 0.04180372807017544, 0.021107456140350877
1 0.9450383771929824, 0.2197094298245614, 0.04838267543859649, 0.02540204678362573
1 0.7761330409356725, 0.37582236842105265, 0.04235197368421053, 0.021107456140350877
1 0.7711531432748538, 0.3899396929824561, 0.055509868421052634, 0.02549342105263158
1 0.7524671052631579, 0.5305646929824561, 0.05797697368421053, 0.01617324561403509
1 0.7578125, 0.5449561403508771, 0.05455043859649123, 0.017772295321637425
1 0.3643548976608187, 0.5852521929824561, 0.02480811403508772, 0.03079312865497076
1 0.36271016081871343, 0.6031387061403509, 0.04125548245614035, 0.02936951754385965
1 0.34886695906432746, 0.46395285087719296, 0.05756578947368421, 0.02010233918128655
1 0.36291666666666667, 0.47382127192982454, 0.05602521929824561, 0.01331688596491228
1 0.3114948830409357, 0.4546326754385965, 0.03549890350877193, 0.028782894736842105
1 0.16986476608187134, 0.46073190789473684, 0.049479166666666664, 0.023940058479532164
1 0.17219480994152048, 0.4682702850877193, 0.05359100877192982, 0.024533991228070175
1 0.16963633040935672, 0.44620339912280704, 0.04022752192982456, 0.018777412280701754
1 0.06914290935672515, 0.4681825657894737, 0.05359100877192982, 0.020285087719298246
1 0.07474415204678363, 0.47423245614035087, 0.05681195175438596, 0.023802997076023392
1 0.0014619883040935672, 0.4647066885964912, 0.04433936403508772, 0.03147843567251462
1 0.028417397660818713, 0.44065241228070173, 0.05742872807017544, 0.02101608187134503
1 0.031432748538011694, 0.47574013157894735, 0.03018640350877193, 0.04180372807017544
1 9.137426900584795e-05, 0.4895833333333333, 0.0420093201754386, 0.014071637426900584
1 4.5687134502923974e-05, 0.4772478070175439, 0.01781798245614035, 0.010599415204678362
1 0.003837719298245614, 0.4238623903508772, 0.04906798245614035, 0.027046783625730993
1 0.04655519005847953, 0.41436951754385964, 0.030838815789473683, 0.011354166666666667
1 0.04908991228070175, 0.42040021929824556, 0.04416940789473684, 0.015968567251461986
1 0.3512426900584795, 0.3970668859649123, 0.05139802631578947, 0.02887426900584795
1 0.3456688596491228, 0.3989857456140351, 0.0542077850877193, 0.015213815789473685
1 0.986202485380117, 0.4516173245614035, 0.05084978070175439, 0.013980263157894737
1 0.9711714181286549, 0.44887609649122806, 0.04790296052631579, 0.028806652046783624
1 0.9513888888888888, 0.4721765350877193, 0.05914199561403509, 0.017315423976608187
1 0.7213998538011696, 0.5753152412280702, 0.060032894736842105, 0.025767543859649123
1 0.7198464912280702, 0.5371436403508771, 0.0644873903508772, 0.01640168128654971
1 0.5562408625730995, 0.4999314692982456, 0.023300438596491228, 0.02745796783625731
1 0.40145285087719296, 0.43308114035087725, 0.058832236842105264, 0.020330774853801168
1 0.38393274853801174, 0.4275986842105263, 0.05588541666666667, 0.02259137426900585
1 0.27599597953216376, 0.4545641447368421, 0.06287554824561403, 0.019919590643274854
1 0.13925438596491227, 0.3671189692982456, 0.0526672149122807, 0.01617324561403509
1 0.21436403508771928, 0.3998081140350877, 0.03176535087719298, 0.019484649122807018
1 0.31638340643274854, 0.3313103070175438, 0.054517543859649124, 0.023916301169590645
1 0.3112518274853801, 0.33761513157894735, 0.03981907894736842, 0.018974780701754387
