1 301.5, 654.5, 64.0, 62.0
1 105.5, 666.5, 69.0, 66.0
1 1463.5, 857.5, 53.0, 73.0
1 2870.5, 1072.5, 58.0, 75.0
1 539.5, 1118.5, 108.0, 74.0
1 618.5, 1133.5, 87.0, 89.0
1 689.5, 1144.5, 58.0, 102.0
1 779.5, 1147.5, 59.0, 100.0
1 735.5, 1154.5, 49.0, 109.0
1 443.5, 1159.5, 58.0, 105.0
1 1113.5, 1166.5, 66.0, 116.0
1 897.5, 1168.5, 73.0, 90.0
1 849.5, 1173.5, 57.0, 116.0
1 495.5, 1174.5, 48.0, 108.0
1 1201.5, 1183.5, 97.0, 84.0
1 914.5, 1190.5, 72.0, 101.0
1 954.5, 1190.5, 74.0, 98.0
1 985.5, 1223.5, 114.0, 83.0
1 1508.5, 1224.5, 63.0, 107.0
1 1463.5, 1226.5, 57.0, 131.0
1 1547.5, 1227.5, 54.0, 134.0
1 1321.5, 1229.5, 52.0, 100.0
1 1370.5, 1234.5, 70.0, 46.0
1 1591.5, 1237.5, 43.0, 109.0
1 1232.5, 1240.5, 65.0, 110.0
1 1412.5, 1241.5, 63.0, 115.0
1 1624.5, 1240.5, 50.0, 108.0
1 1370.5, 1270.5, 44.0, 81.0
1 2528.5, 1270.5, 62.0, 121.0
1 2566.5, 1271.5, 46.0, 85.0
1 1910.5, 1273.5, 83.0, 82.0
1 1759.5, 1277.5, 52.0, 136.0
1 1816.5, 1286.5, 44.0, 75.0
1 1855.5, 1284.5, 50.0, 108.0
1 1636.5, 1290.5, 69.0, 79.0
1 1661.5, 1296.5, 95.0, 81.0
1 2378.5, 1301.5, 88.0, 103.0
1 2511.5, 1307.5, 60.0, 104.0
1 2139.5, 1309.5, 83.0, 86.0
1 2202.5, 1309.5, 58.0, 103.0
1 2282.5, 1314.5, 59.0, 104.0
1 2329.5, 1322.5, 58.0, 94.0
1 1707.5, 1324.5, 59.0, 100.0
1 1995.5, 1325.5, 78.0, 118.0
1 1514.5, 1326.5, 48.0, 88.0
1 2022.5, 1332.5, 73.0, 95.0
1 1890.5, 1336.5, 60.0, 123.0
1 2384.5, 1340.5, 68.0, 105.0
1 2491.5, 1342.5, 44.0, 119.0
1 2454.5, 1347.5, 43.0, 112.0
1 1950.5, 1354.5, 64.0, 96.0
1 3267.5, 1356.5, 93.0, 66.0
1 2962.5, 1361.5, 56.0, 68.0
1 1832.5, 1365.5, 46.0, 76.0
1 1610.5, 1375.5, 74.0, 42.0
1 2212.5, 1381.5, 55.0, 124.0
1 2278.5, 1389.5, 43.0, 118.0
1 2923.5, 1391.5, 52.0, 121.0
1 3108.5, 1393.5, 116.0, 100.0
1 2130.5, 1396.5, 56.0, 86.0
1 2704.5, 1398.5, 77.0, 102.0
1 2588.5, 1406.5, 44.0, 44.0
1 2878.5, 1406.5, 61.0, 98.0
1 2363.5, 1413.5, 68.0, 78.0
1 2175.5, 1414.5, 36.0, 86.0
1 2324.5, 1415.5, 46.0, 110.0
1 2539.5, 1414.5, 61.0, 105.0
1 2629.5, 1415.5, 45.0, 130.0
1 2677.5, 1414.5, 61.0, 105.0
1 2836.5, 1414.5, 50.0, 95.0
1 1495.5, 1418.5, 89.0, 50.0
1 2959.5, 1420.5, 58.0, 113.0
1 3039.5, 1420.5, 49.0, 94.0
1 2654.5, 1422.5, 52.0, 99.0
1 2245.5, 1429.5, 50.0, 101.0
1 2589.0, 1436.5, 51.5, 127.0
1 2995.5, 1436.5, 49.0, 100.0
1 673.5, 1438.5, 122.0, 85.0
1 3078.5, 1438.5, 59.0, 115.0
1 2519.5, 1440.5, 54.0, 130.0
1 2452.5, 1459.5, 76.0, 50.0
1 887.5, 1485.5, 81.0, 110.0
1 3118.5, 1485.5, 47.0, 106.0
1 842.5, 1486.5, 73.0, 101.0
1 3194.5, 1490.5, 64.0, 141.0
1 2886.5, 1496.5, 90.0, 80.0
1 2854.5, 1506.5, 92.0, 97.0
1 3613.5, 1499.5, 66.0, 113.0
1 3147.5, 1503.5, 49.0, 109.0
1 910.5, 1509.5, 66.0, 132.0
1 3588.5, 1508.5, 47.0, 108.0
1 3535.5, 1517.5, 58.0, 113.0
1 3366.5, 1510.5, 62.0, 115.0
1 3335.5, 1537.5, 68.0, 107.0
1 3016.5, 1515.5, 57.0, 80.0
1 1328.5, 1516.5, 68.0, 91.0
1 1303.5, 1597.5, 62.0, 110.0
1 2764.5, 1517.5, 62.0, 105.0
1 956.5, 1523.5, 68.0, 111.0
1 3426.5, 1522.5, 42.0, 113.0
1 3453.5, 1522.5, 67.0, 126.0
1 2977.5, 1533.5, 55.0, 93.0
1 3286.5, 1542.5, 84.0, 105.0
1 3036.5, 1546.5, 77.0, 92.0
1 3497.5, 1548.5, 69.0, 110.0
1 1116.5, 1570.5, 78.0, 101.0
1 1247.5, 1574.5, 56.0, 121.0
1 1286.5, 1583.5, 50.0, 89.0
1 1099.5, 1595.5, 67.0, 78.0
1 1354.5, 1603.5, 62.0, 85.0
1 1391.5, 1614.5, 82.0, 104.0
1 2188.5, 1628.5, 74.0, 112.0
1 1477.5, 1630.5, 58.0, 109.0
1 2050.5, 1633.5, 51.0, 95.0
1 2156.5, 1635.5, 52.0, 106.0
1 1430.5, 1640.5, 49.0, 123.0
1 1794.5, 1644.5, 52.0, 101.0
1 1834.5, 1646.5, 61.0, 142.0
1 2005.5, 1647.5, 70.0, 117.0
1 2081.5, 1647.5, 52.0, 114.0
1 2483.5, 1646.5, 62.0, 115.0
1 1973.5, 1656.5, 65.0, 114.0
1 2350.5, 1675.5, 69.0, 128.0
1 1879.5, 1681.5, 45.0, 56.0
1 1334.5, 1678.5, 90.0, 77.0
1 2125.5, 1679.5, 46.0, 75.0
1 1928.5, 1681.5, 69.0, 89.0
1 1914.5, 1712.5, 56.0, 100.0
1 2907.5, 1728.5, 90.0, 86.0
1 2628.5, 1739.5, 104.0, 94.0
1 1722.5, 1762.5, 63.0, 86.0
1 3070.5, 1766.5, 78.0, 121.0
1 3126.5, 1802.5, 67.0, 106.0
1 3388.5, 1769.5, 88.0, 103.0
1 2717.5, 1770.5, 51.0, 87.0
1 3350.5, 1780.5, 64.0, 108.0
1 3025.5, 1800.5, 68.0, 77.0
1 3316.5, 1802.5, 62.0, 114.0
1 3266.5, 1806.5, 72.0, 105.0
1 3470.5, 1810.5, 49.0, 107.0
1 2884.5, 1812.5, 96.0, 74.0
1 1702.5, 1845.5, 74.0, 102.0
1 2023.5, 1854.5, 66.0, 88.0
1 1748.5, 1874.5, 50.0, 71.0
1 1798.5, 1885.5, 78.0, 84.0
1 1750.5, 1928.5, 111.0, 66.0
1 2270.5, 1907.5, 78.0, 84.0
1 2610.5, 1919.5, 59.0, 110.0
1 1675.5, 1946.5, 55.0, 82.0
1 1810.5, 1981.5, 62.0, 100.0
1 2238.5, 1987.5, 83.0, 92.0
1 2789.5, 2002.5, 82.0, 73.0
1 1846.5, 2004.5, 60.0, 93.0
1 1959.5, 2011.5, 69.0, 95.0
1 1532.5, 2016.5, 83.0, 61.0
1 2340.5, 2021.5, 56.0, 118.0
1 1722.5, 2024.5, 82.0, 61.0
1 2302.5, 2026.5, 58.0, 89.0
1 1909.5, 2029.5, 50.0, 99.0
1 1636.5, 2031.5, 74.0, 71.0
1 2181.5, 2032.5, 109.0, 73.0
1 2590.5, 2033.5, 63.0, 114.0
1 2277.5, 2043.5, 54.0, 91.0
1 2635.5, 2063.5, 57.0, 88.0
1 1864.5, 2080.5, 61.0, 64.0
1 2912.5, 2085.5, 109.0, 99.0
1 2892.5, 2104.5, 89.0, 94.0
1 2436.5, 2093.5, 82.0, 71.0
1 2834.5, 2093.5, 72.0, 102.0
1 2556.5, 2095.5, 57.0, 111.0
1 1909.5, 2098.5, 78.0, 84.0
1 2329.5, 2099.5, 76.0, 104.0
1 2496.5, 2104.5, 64.0, 107.0
1 1835.5, 2109.5, 61.0, 76.0
1 2402.5, 2108.5, 63.7, 103.5
1 3001.5, 2108.5, 51.0, 109.0
1 3055.5, 2108.5, 84.0, 83.0
1 1785.5, 2121.5, 65.0, 113.0
1 2650.5, 2126.5, 55.0, 108.0
1 2701.5, 2135.5, 45.0, 117.0
1 3078.5, 2145.5, 99.0, 71.0
1 2522.5, 2197.5, 75.0, 98.0
1 2567.5, 2202.5, 70.0, 106.0
1 2423.5, 2209.5, 93.0, 82.0
1 2383.5, 2312.5, 103.0, 67.0
1 2970.36, 1772.88, 53.82, 107.37
1 2886.0, 1777.0, 123.03, 82.75
1 1576.2, 1597.5, 74.1, 106.88
1 1569.3, 1652.38, 80.88, 97.87
1 1643.12, 1655.25, 99.25, 72.0
1 1145.02, 1546.25, 105.57, 78.69
1 1195.53, 1573.0, 64.35, 111.5
1 1542.26, 1924.56, 44.74, 99.69
1 1575.22, 1928.75, 77.71, 104.87
1 1601.56, 1982.44, 79.24, 77.25
1 1966.62, 2099.75, 74.62, 76.0
1 2007.68, 2046.51, 65.29, 107.99
1 2051.75, 2046.0, 63.74, 113.94
1 2048.93, 2125.25, 68.56, 88.63
1 2097.25, 1996.75, 68.99, 163.5
1 2105.62, 2093.44, 81.74, 106.94
1 2151.84, 2059.0, 49.78, 116.69
1 2197.36, 2084.5, 65.87, 116.88
1 2261.84, 2121.56, 80.02, 93.38
1 2235.12, 2126.06, 65.81, 116.19
1 2349.22, 2158.75, 69.27, 124.43
1 2326.74, 2168.75, 55.74, 97.0
1 2146.23, 1956.5, 84.99, 73.25
1 2203.62, 1966.0, 79.11, 89.38
1 2377.31, 2183.0, 109.04, 65.0
1 2729.68, 2102.75, 89.76, 85.5
1 2697.98, 2047.25, 68.64, 146.75
