1 0.9544042397660819, 0.19010416666666666, 0.05345394736842105, 0.023574561403508772
1 0.9796235380116959, 0.19942434210526316, 0.04742324561403509, 0.02010233918128655
1 0.9684758771929824, 0.21247532894736842, 0.03793585526315789, 0.02540204678362573
1 0.9826388888888888, 0.24191337719298245, 0.01864035087719298, 0.017086988304093567
1 0.8396381578947368, 0.2904331140350877, 0.046875, 0.019005847953216373
1 0.823921783625731, 0.30057565789473684, 0.03399122807017544, 0.022874634502923978
1 0.34749634502923976, 0.3266173245614035, 0.04059758771929824, 0.01882309941520468
1 0.417671783625731, 0.33182565789473684, 0.04734100877192982, 0.02448830409356725
1 0.4249817251461988, 0.35727521929824557, 0.04445175438596491, 0.02503654970760234
1 0.4352156432748538, 0.3364857456140351, 0.034492872807017544, 0.030442251461988305
1 0.3869700292397661, 0.3425164473684211, 0.05345394736842105, 0.01663011695906433
1 0.3643548976608187, 0.3432922149122807, 0.036332236842105264, 0.018541666666666665
1 0.37735380116959066, 0.34003837719298247, 0.05346491228070175, 0.013675073099415205
1 0.32940423976608185, 0.34745065789473684, 0.059484649122807015, 0.02215095029239766
1 0.3402923976608187, 0.35205592105263156, 0.06200657894736842, 0.018938230994152046
1 0.39704312865497077, 0.35320723684210525, 0.05690515350877193, 0.019714912280701755
1 0.35444078947368424, 0.36629934210526316, 0.052971491228070176, 0.014985380116959063
1 0.40177266081871343, 0.36992872807017546, 0.05491776315789474, 0.02284356725146199
1 0.2928545321637427, 0.37020285087719296, 0.026041666666666668, 0.02850877192982456
1 0.36778143274853803, 0.3706441885964912, 0.05136787280701754, 0.022112573099415205
1 0.4288194444444444, 0.3893804824561404, 0.03043859649122807, 0.023574561403508772
1 0.6738852339181286, 0.3918585526315789, 0.049342105263157895, 0.02284356725146199
1 0.2736659356725146, 0.4055646929824561, 0.04577850877192982, 0.013523391812865496
1 0.8062408625730995, 0.4096765350877193, 0.046600877192982455, 0.02444261695906433
1 0.8052595029239766, 0.4310581140350877, 0.05400219298245614, 0.017238669590643275
1 0.28444809941520466, 0.4121436403508772, 0.04577850877192982, 0.017178362573099414
1 0.26069078947368424, 0.41324013157894735, 0.047697368421052634, 0.020833333333333332
1 0.7908442982456141, 0.4233826754385965, 0.05475054824561403, 0.018344298245614035
1 0.04815423976608187, 0.4335252192982456, 0.04303728070175439, 0.02266081871345029
1 0.6621893274853801, 0.4335252192982456, 0.05290570175438596, 0.01516812865497076
1 0.7282986111111112, 0.4335252192982456, 0.05619517543859649, 0.027845394736842107
1 0.37545687134502925, 0.4381853070175439, 0.0576891447368421, 0.02046783625730994
1 0.9244334795321637, 0.42974232456140354, 0.0350328947368421, 0.036915204678362575
1 0.5989583333333334, 0.4395559210526316, 0.04797149122807018, 0.014985380116959063
1 0.6499451754385965, 0.4414747807017544, 0.043859649122807015, 0.013157894736842105
1 0.06624634502923976, 0.4447642543859649, 0.033717105263157895, 0.03179824561403509
1 0.6143548976608187, 0.44887609649122806, 0.060268640350877194, 0.02243238304093567
1 0.6358735380116959, 0.4546326754385965, 0.0537280701754386, 0.020833333333333332
1 0.6248976608187135, 0.5031140350877192, 0.043278508771929826, 0.04208881578947368
1 0.6428179824561403, 0.5093146929824561, 0.04509868421052632, 0.027640716374269007
1 0.6504934210526315, 0.5291940789473685, 0.03755482456140351, 0.03389985380116959
1 0.9785270467836257, 0.45490679824561403, 0.03919956140350877, 0.02138157894736842
1 0.7036732456140351, 0.45600328947368424, 0.036458333333333336, 0.024853801169590642
1 0.5381030701754386, 0.45983826754385965, 0.05866502192982456, 0.022203947368421052
1 0.6763066520467836, 0.46587171052631576, 0.0537280701754386, 0.02722953216374269
1 0.6720577485380117, 0.4864309210526316, 0.05411732456140351, 0.024396929824561403
1 0.8632127192982456, 0.4694353070175439, 0.046875, 0.015350877192982455
1 0.03737207602339181, 0.47053179824561403, 0.01617324561403509, 0.03070175438596491
1 0.8392726608187134, 0.4699835526315789, 0.04523026315789474, 0.013706140350877192
1 0.8248355263157895, 0.4746436403508772, 0.049342105263157895, 0.017543859649122806
1 0.7742141812865497, 0.46904331140350874, 0.05083059210526316, 0.02138157894736842
1 0.4494700292397661, 0.47436951754385964, 0.047697368421052634, 0.024671052631578948
1 9.137426900584795e-05, 0.47546600877192985, 0.022203947368421052, 0.03216374269005848
1 0.40305190058479534, 0.4760142543859649, 0.05310855263157895, 0.019965277777777776
1 0.3942799707602339, 0.49520285087719296, 0.046875, 0.02791483918128655
1 0.9003106725146199, 0.4760142543859649, 0.05400219298245614, 0.018457602339181287
1 0.9277229532163743, 0.4809484649122807, 0.052228618421052635, 0.023103070175438598
1 0.9107273391812866, 0.4946546052631579, 0.05975877192982456, 0.022112573099415205
1 0.5671600877192983, 0.4809484649122807, 0.06797697368421052, 0.01830592105263158
1 0.5793055555555555, 0.5056167763157895, 0.05564967105263158, 0.02349049707602339
1 0.5856633771929824, 0.4798848684210526, 0.055614035087719296, 0.027936769005847954
1 0.04322002923976608, 0.4842379385964912, 0.024945175438596492, 0.03983918128654971
1 0.749482821637427, 0.4845120614035088, 0.06207785087719298, 0.028569078947368425
1 0.802860014619883, 0.48287006578947367, 0.04330866228070176, 0.02526498538011696
1 0.7822551169590644, 0.49520285087719296, 0.030975877192982455, 0.03252923976608187
1 0.7944535818713451, 0.5130208333333334, 0.054276315789473686, 0.017041301169590642
1 0.8086622807017544, 0.5250794956140351, 0.05510142543859649, 0.016721491228070175
1 0.47231359649122806, 0.48615679824561403, 0.05263157894736842, 0.024305555555555556
1 0.8813048245614035, 0.4864309210526316, 0.061677631578947366, 0.025767543859649123
1 0.2786001461988304, 0.4883497807017544, 0.05707236842105263, 0.02238669590643275
1 0.42077850877192985, 0.4883497807017544, 0.052083333333333336, 0.022112573099415205
1 0.5134320175438597, 0.4883497807017544, 0.05043859649122807, 0.020650584795321638
1 0.5238486842105263, 0.49684758771929827, 0.04824561403508772, 0.023391812865497075
1 0.3767361111111111, 0.4900109649122807, 0.047184758771929826, 0.027595029239766082
1 0.8487755847953217, 0.4908168859649123, 0.05235745614035088, 0.028143274853801168
1 0.6099232456140351, 0.49191337719298245, 0.05039473684210526, 0.02403143274853801
1 0.9904057017543859, 0.49191337719298245, 0.034265350877192985, 0.00932017543859649
1 0.3142361111111111, 0.4927357456140351, 0.06306195175438596, 0.01699561403508772
1 9.137426900584795e-05, 0.4934210526315789, 0.02261513157894737, 0.015350877192982455
1 0.6970942982456141, 0.4965734649122807, 0.037760416666666664, 0.028326023391812866
1 0.9586074561403509, 0.4973958333333333, 0.05674342105263158, 0.026133040935672515
1 0.5518092105263158, 0.4987664473684211, 0.060032894736842105, 0.020590277777777777
1 0.29906798245614036, 0.4993146929824561, 0.05634594298245614, 0.0262390350877193
1 0.44069809941520466, 0.4993146929824561, 0.050008223684210526, 0.020285087719298246
1 0.26608187134502925, 0.5058936403508771, 0.05959155701754386, 0.02238669590643275
1 0.25374634502923976, 0.5078125, 0.05415844298245614, 0.017832602339181287
1 0.9809027777777778, 0.5061677631578947, 0.060032894736842105, 0.018914473684210526
1 0.36083698830409355, 0.5072642543859649, 0.06341008771929825, 0.017726608187134504
1 0.8734466374269005, 0.5146655701754386, 0.04851973684210526, 0.030153508771929825
1 0.8339729532163743, 0.5163103070175439, 0.027960526315789474, 0.034722222222222224
1 0.83296783625731, 0.5287828947368421, 0.038788377192982455, 0.044316520467836254
1 0.8712536549707602, 0.5338541666666666, 0.06640076754385965, 0.023026315789473683
1 0.8448994883040936, 0.5590734649122807, 0.055608552631578954, 0.020277777777777777
1 0.8511823830409356, 0.5667489035087719, 0.05743421052631579, 0.023543494152046786
1 0.24090826023391812, 0.5179550438596491, 0.04684484649122807, 0.022341008771929825
1 0.3465826023391813, 0.5182291666666666, 0.06332236842105263, 0.015899122807017545
1 0.32940423976608185, 0.5195997807017544, 0.05590734649122807, 0.01864035087719298
1 0.3722441520467836, 0.5201480263157895, 0.053815789473684206, 0.021853070175438596
1 0.3630299707602339, 0.5651041666666666, 0.032072368421052634, 0.03983918128654971
1 0.7327302631578947, 0.5220668859649122, 0.04194078947368421, 0.014163011695906433
1 0.8230080409356725, 0.5234375, 0.05049616228070176, 0.015533625730994151
1 0.1791995614035088, 0.5245339912280702, 0.06176535087719298, 0.01972222222222222
1 0.4637244152046784, 0.5250822368421053, 0.025767543859649123, 0.027046783625730993
1 0.7718384502923976, 0.5256304824561403, 0.055098684210526314, 0.014437134502923976
1 0.7786001461988304, 0.5308388157894737, 0.05750274122807018, 0.021198830409356724
1 0.5395650584795322, 0.5270010964912281, 0.05402960526315789, 0.025515350877192984
1 0.20093201754385964, 0.5275493421052632, 0.04906798245614035, 0.01644736842105263
1 0.16218932748538012, 0.530016447368421, 0.0381030701754386, 0.021929824561403508
1 0.4984466374269006, 0.530016447368421, 0.060032894736842105, 0.0266812865497076
1 0.5163559941520468, 0.5434484649122807, 0.05455043859649123, 0.022478070175438597
1 0.41913377192982454, 0.533640350877193, 0.06572916666666667, 0.024762426900584795
1 0.4807200292397661, 0.5344024122807017, 0.05646929824561404, 0.017909356725146198
1 0.6949013157894737, 0.5346765350877193, 0.024671052631578948, 0.0360014619883041
1 0.22249634502923976, 0.5368695175438597, 0.05989035087719298, 0.026703216374269007
1 0.2796582602339181, 0.5379660087719298, 0.05701754385964912, 0.033759137426900586
1 0.3288559941520468, 0.5752467105263158, 0.04851973684210526, 0.027412280701754384
1 0.31643640350877195, 0.5972834429824561, 0.049509320175438604, 0.03343567251461988
1 0.3502375730994152, 0.6155427631578947, 0.049342105263157895, 0.019005847953216373
1 0.45952119883040937, 0.5393366228070176, 0.04577850877192982, 0.0222953216374269
1 0.7407711988304093, 0.5404331140350878, 0.05619517543859649, 0.02101608187134503
1 0.5959740497076024, 0.542124451754386, 0.05277686403508772, 0.02016264619883041
1 0.6010910087719299, 0.5517571271929824, 0.033083881578947365, 0.02856176900584795
1 0.6263249269005848, 0.5442708333333334, 0.05617324561403508, 0.03728070175438596
1 0.5714327485380117, 0.5467379385964912, 0.030975877192982455, 0.025332602339181286
1 0.5667945906432749, 0.5590734649122807, 0.04468201754385965, 0.031432748538011694
1 0.08433845029239766, 0.5475603070175439, 0.05975877192982456, 0.01918859649122807
1 0.14665570175438597, 0.5486567982456141, 0.06716008771929824, 0.024365862573099417
1 0.4388706140350877, 0.5484429824561403, 0.05915021929824561, 0.020285087719298246
1 0.06383954678362573, 0.5497395833333334, 0.06854440789473684, 0.02232638888888889
1 0.6786056286549708, 0.5453453947368421, 0.04908991228070176, 0.04023574561403508
1 0.7595942982456141, 0.5511239035087719, 0.060581140350877194, 0.017543859649122806
1 0.829952485380117, 0.5511239035087719, 0.052083333333333336, 0.021929824561403508
1 0.4072551169590643, 0.5530427631578947, 0.052083333333333336, 0.01608187134502924
1 0.3092872807017544, 0.5538651315789473, 0.04303728070175439, 0.01902046783625731
1 0.9037828947368421, 0.5555098684210527, 0.05975877192982456, 0.03243786549707602
1 0.9198647660818714, 0.5566063596491229, 0.02549342105263158, 0.0445906432748538
1 0.7270650584795322, 0.557702850877193, 0.04797149122807018, 0.01663011695906433
1 0.7151864035087719, 0.5579769736842105, 0.057839912280701754, 0.019554093567251463
1 -9.137426900584795e-05, 0.5618146929824561, 0.057839912280701754, 0.021198830409356724
1 0.8937317251461988, 0.5629331140350877, 0.057817982456140345, 0.027960526315789474
1 0.45826937134502926, 0.5638788377192983, 0.061685855263157896, 0.028252923976608186
1 0.18612938596491227, 0.5664747807017544, 0.06450657894736841, 0.02153326023391813
1 0.6684484649122807, 0.5664747807017544, 0.05674342105263158, 0.025173611111111112
1 0.6919773391812866, 0.6007401315789473, 0.03453947368421053, 0.021564327485380116
1 0.871984649122807, 0.5683936403508771, 0.054276315789473686, 0.01561769005847953
1 0.7946820175438597, 0.5689418859649122, 0.05573464912280702, 0.030275950292397658
1 0.2528326023391813, 0.5697642543859649, 0.04139254385964912, 0.025767543859649123
1 0.33867872807017546, 0.5700383771929824, 0.048793859649122806, 0.031295687134502925
1 0.9659173976608187, 0.5714089912280702, 0.041666666666666664, 0.0268640350877193
1 0.6887792397660819, 0.5719572368421053, 0.053774671052631576, 0.038574561403508775
1 0.2153691520467836, 0.573327850877193, 0.06196546052631579, 0.024671052631578948
1 0.5298647660818714, 0.5755208333333334, 0.03919956140350877, 0.04314327485380117
1 0.03042763157894737, 0.5734457236842104, 0.05799616228070175, 0.02046783625730994
1 0.03653508771929825, 0.5761184210526316, 0.06564418859649122, 0.03086074561403509
1 0.09895833333333333, 0.5763432017543859, 0.054276315789473686, 0.01918859649122807
1 0.938139619883041, 0.5781825657894737, 0.06066063596491228, 0.03216374269005848
1 0.1964236111111111, 0.5801809210526315, 0.05223958333333333, 0.020590277777777777
1 0.48601973684210525, 0.5804550438596491, 0.06304824561403509, 0.018092105263157895
1 0.13318530701754386, 0.5823739035087719, 0.04577850877192982, 0.01548062865497076
1 0.1181469298245614, 0.5903234649122807, 0.04824561403508772, 0.02850877192982456
1 0.2431469298245614, 0.5864857456140351, 0.0666063596491228, 0.015716374269005847
1 0.23364400584795322, 0.6097861842105263, 0.059679276315789474, 0.021769005847953216
1 0.05802266081871345, 0.5886787280701754, 0.05619517543859649, 0.01918859649122807
1 0.4141995614035088, 0.5895010964912281, 0.06825657894736842, 0.021564327485380116
1 0.43046418128654973, 0.6040296052631579, 0.05098684210526316, 0.014985380116959063
1 0.5688048245614035, 0.588952850877193, 0.05098684210526316, 0.0229203216374269
1 0.00932017543859649, 0.5901480263157896, 0.044857456140350874, 0.02403143274853801
1 0.38861476608187134, 0.5897752192982456, 0.05400219298245614, 0.025767543859649123
1 0.7398574561403509, 0.5911458333333334, 0.04742324561403509, 0.02412280701754386
1 0.7566703216374269, 0.6075932017543859, 0.05674342105263158, 0.024853801169590642
1 0.5894554093567251, 0.5938870614035088, 0.036458333333333336, 0.028326023391812866
1 0.37088815789473684, 0.5966282894736842, 0.048793859649122806, 0.019736842105263157
1 0.7831688596491229, 0.5977247807017544, 0.05353618421052632, 0.035027412280701754
1 0.8911732456140351, 0.5977247807017544, 0.04742324561403509, 0.014619883040935672
1 0.2555738304093567, 0.5990953947368421, 0.06466282894736841, 0.01827485380116959
1 0.7966922514619883, 0.5999177631578947, 0.042214912280701754, 0.0222953216374269
1 0.6143092105263158, 0.6012883771929824, 0.044956140350877194, 0.02284356725146199
1 0.5523574561403509, 0.6034813596491229, 0.05043859649122807, 0.020650584795321638
1 0.5331688596491229, 0.6267817982456141, 0.06401864035087719, 0.01864035087719298
1 0.17077850877192982, 0.6054002192982456, 0.047650767543859655, 0.024621710526315788
1 0.36229897660818716, 0.6078673245614035, 0.06578947368421052, 0.018457602339181287
1 0.6289290935672515, 0.608141447368421, 0.04029605263157895, 0.030884502923976608
1 0.27092470760233917, 0.6092379385964912, 0.06988212719298245, 0.016264619883040937
1 0.28481359649122806, 0.6100603070175439, 0.046052631578947366, 0.02138157894736842
1 0.20875913742690058, 0.6402138157894737, 0.05701754385964912, 0.020133406432748538
1 0.19915752923976607, 0.6421326754385965, 0.06277412280701754, 0.013744517543859648
1 0.18704312865497075, 0.6920230263157895, 0.04303728070175439, 0.0268640350877193
1 0.5010051169590644, 0.614172149122807, 0.05726973684210526, 0.030884502923976608
1 0.9339364035087719, 0.6169133771929824, 0.04358552631578947, 0.03617690058479532
1 0.15926535087719298, 0.6174616228070176, 0.0512609649122807, 0.01644736842105263
1 0.14318347953216373, 0.6204769736842105, 0.0712719298245614, 0.019554093567251463
1 0.6899671052631579, 0.6174616228070176, 0.046600877192982455, 0.041140350877192984
1 0.2972404970760234, 0.6184375, 0.04398026315789474, 0.0133406432748538
1 0.07154605263157894, 0.6191063596491229, 0.06277412280701754, 0.02046783625730994
1 -9.137426900584795e-05, 0.6199287280701754, 0.04358552631578947, 0.010051169590643274
1 0.871984649122807, 0.6215734649122807, 0.04961622807017544, 0.021929824561403508
1 0.8862390350877193, 0.6520010964912281, 0.06662006578947369, 0.021747076023391813
1 0.8716191520467836, 0.6733826754385965, 0.04550438596491228, 0.02768640350877193
1 0.9039656432748538, 0.6226699561403509, 0.060032894736842105, 0.02046783625730994
1 0.9053673245614036, 0.667077850877193, 0.054276315789473686, 0.02381761695906433
1 0.8461111111111111, 0.623766447368421, 0.055098684210526314, 0.021304824561403507
1 0.6090095029239766, 0.6256853070175439, 0.04248081140350877, 0.03849963450292397
1 0.6570723684210527, 0.6284265350877193, 0.055098684210526314, 0.029605263157894735
1 0.08817616959064327, 0.6295230263157895, 0.035970394736842104, 0.031432748538011694
1 0.21975511695906433, 0.629860197368421, 0.03941063596491228, 0.023391812865497075
1 0.02421418128654971, 0.6314418859649122, 0.05701754385964912, 0.019919590643274854
1 0.7267671783625731, 0.633703399122807, 0.04066063596491228, 0.03154788011695906
1 0.968110380116959, 0.6347313596491229, 0.0537280701754386, 0.031615497076023395
1 0.11784173976608188, 0.6366502192982456, 0.06112664473684211, 0.0280062134502924
1 0.4401498538011696, 0.6366502192982456, 0.04029605263157895, 0.0400219298245614
1 0.0516264619883041, 0.6448739035087719, 0.06551535087719298, 0.023391812865497075
1 0.08866776315789474, 0.6451480263157895, 0.05893640350877193, 0.021986476608187134
1 0.0693530701754386, 0.6679002192982456, 0.0668859649122807, 0.024305555555555556
1 0.6852156432748538, 0.6470668859649122, 0.04403782894736842, 0.026498538011695907
1 0.47249634502923976, 0.6484375, 0.06743421052631579, 0.01864035087719298
1 0.5415972222222222, 0.6487116228070176, 0.05419956140350877, 0.016608187134502923
1 0.48985745614035087, 0.6495339912280702, 0.07072368421052631, 0.023940058479532164
1 0.1524579678362573, 0.6522752192982456, 0.05921052631578947, 0.031112938596491228
1 0.4297331871345029, 0.6536458333333334, 0.04084429824561404, 0.03307748538011696
1 0.6543530701754385, 0.6541940789473685, 0.044956140350877194, 0.03396929824561403
1 0.9299159356725146, 0.6544682017543859, 0.03974780701754386, 0.03673245614035088
1 0.5565606725146199, 0.655016447368421, 0.07393640350877194, 0.023771929824561406
1 0.2561220760233918, 0.6555646929824561, 0.048793859649122806, 0.019554093567251463
1 0.007035818713450292, 0.6539747807017543, 0.050383771929824565, 0.024557748538011695
1 0.014894005847953216, 0.6926644736842106, 0.0640515350877193, 0.022112573099415205
1 0.28554459064327486, 0.6561129385964912, 0.040364583333333336, 0.021929824561403508
1 0.2661732456140351, 0.6782675438596492, 0.0496655701754386, 0.039473684210526314
1 0.0001827485380116959, 0.6618695175438597, 0.05290570175438596, 0.007766812865497076
1 0.9279057017543859, 0.6646107456140351, 0.049890350877192985, 0.03618421052631579
1 0.9644554093567251, 0.6662554824561403, 0.06112938596491228, 0.024305555555555556
1 0.507218567251462, 0.6703673245614035, 0.059484649122807015, 0.023940058479532164
1 0.5735562865497076, 0.6680263157894737, 0.05113486842105263, 0.027777777777777776
1 0.5258589181286549, 0.6718311403508772, 0.0665076754385965, 0.020650584795321638
1 0.10206505847953216, 0.6747532894736842, 0.05866228070175439, 0.027061403508771932
1 0.7283442982456141, 0.6744791666666666, 0.05646929824561404, 0.027046783625730993
1 0.7084247076023392, 0.6807839912280702, 0.06277412280701754, 0.02088998538011696
1 0.7212171052631579, 0.6907099780701754, 0.06904331140350878, 0.023802997076023392
1 0.3981176900584795, 0.6769462719298246, 0.04961622807017544, 0.020650584795321638
1 0.6214364035087719, 0.6772203947368421, 0.05290570175438596, 0.019919590643274854
1 0.8622989766081871, 0.6816063596491229, 0.059484649122807015, 0.017178362573099414
1 0.986202485380117, 0.6821546052631579, 0.04797149122807018, 0.013523391812865496
1 0.9891264619883041, 0.7304002192982456, 0.07072368421052631, 0.010782163742690058
1 0.03188961988304093, 0.6821326754385965, 0.04963815789473684, 0.021929824561403508
1 0.6719554093567252, 0.6857182017543859, 0.07335526315789474, 0.033271198830409354
1 -9.137426900584795e-05, 0.6865405701754386, 0.06578947368421052, 0.021564327485380116
1 0.8206323099415205, 0.6870888157894737, 0.046337719298245615, 0.023468567251461986
1 0.1230811403508772, 0.6902412280701754, 0.05112390350877193, 0.026498538011695907
1 0.8772697368421053, 0.6931332236842106, 0.046587171052631576, 0.023771929824561406
1 0.7519188596491229, 0.6955866228070176, 0.06100054824561404, 0.030153508771929825
1 0.809484649122807, 0.6953125, 0.07264254385964912, 0.017543859649122806
1 0.44453581871345027, 0.6977796052631579, 0.04824561403508772, 0.01864035087719298
1 0.5828764619883041, 0.6975054824561403, 0.03618421052631579, 0.019371345029239765
1 0.08843567251461988, 0.6986019736842105, 0.06633771929824561, 0.022949561403508772
1 0.22848866959064326, 0.6988760964912281, 0.03933114035087719, 0.034577850877192985
1 0.6572551169590644, 0.6986019736842105, 0.07456140350877193, 0.02297331871345029
1 0.30857090643274854, 0.6994243421052632, 0.05921052631578947, 0.023026315789473683
1 0.6413559941520468, 0.6991502192982456, 0.04139254385964912, 0.015716374269005847
1 0.5416282894736842, 0.7029879385964912, 0.06770285087719298, 0.024618055555555556
1 0.7961440058479532, 0.7040844298245614, 0.05400219298245614, 0.01827485380116959
1 0.47359283625730997, 0.7057291666666666, 0.04468201754385965, 0.019554093567251463
1 0.15889985380116958, 0.7062774122807017, 0.02987938596491228, 0.03399122807017544
1 0.5993238304093568, 0.7070997807017544, 0.06578947368421052, 0.024671052631578948
1 0.35754751461988304, 0.7101151315789473, 0.07236019736842106, 0.019736842105263157
1 0.3769188596491228, 0.7120339912280702, 0.07602521929824561, 0.023940058479532164
1 0.9536732456140351, 0.7136787280701754, 0.06359649122807018, 0.015899122807017545
1 0.28188961988304095, 0.7164199561403509, 0.04742324561403509, 0.015533625730994151
1 0.3370796783625731, 0.7166940789473685, 0.07022752192982457, 0.028737207602339183
1 0.349141081871345, 0.7734375, 0.06414473684210527, 0.020833333333333332
1 0.4097368421052631, 0.7161677631578948, 0.031228070175438598, 0.03881944444444444
1 0.9383223684210527, 0.7180646929824561, 0.047697368421052634, 0.018457602339181287
1 0.6733150584795322, 0.7233059210526316, 0.06408717105263158, 0.022682748538011697
1 0.4468201754385965, 0.7191611842105263, 0.05290570175438596, 0.026955409356725146
1 0.25466008771929827, 0.7243695175438597, 0.04797149122807018, 0.030519005847953216
1 0.4920047514619883, 0.7249177631578947, 0.06567708333333333, 0.0188687865497076
1 0.002101608187134503, 0.7254660087719298, 0.07241776315789474, 0.020635964912280702
1 0.3875036549707602, 0.7271107456140351, 0.05641447368421053, 0.02486842105263158
1 0.513797514619883, 0.729577850877193, 0.04413377192982456, 0.03252923976608187
1 0.9682931286549707, 0.7301260964912281, 0.06387061403508772, 0.022478070175438597
1 0.6223501461988304, 0.7306743421052632, 0.046600877192982455, 0.015899122807017545
1 0.47852704678362573, 0.7309484649122807, 0.07311129385964912, 0.020879020467836257
1 0.9162097953216374, 0.7328673245614035, 0.044956140350877194, 0.02887426900584795
1 0.22889254385964913, 0.7342379385964912, 0.0650438596491228, 0.022949561403508772
1 0.12125365497076024, 0.7350603070175439, 0.021655701754385966, 0.04239766081871345
1 0.4251644736842105, 0.7364309210526315, 0.03618421052631579, 0.019371345029239765
1 0.047605994152046784, 0.739172149122807, 0.06213815789473685, 0.022600511695906433
1 0.6386147660818714, 0.739172149122807, 0.05180921052631579, 0.01827485380116959
1 0.6481176900584795, 0.7394462719298246, 0.05400219298245614, 0.017726608187134504
1 0.40404239766081873, 0.7399945175438597, 0.05276315789473684, 0.02039108187134503
1 0.3007127192982456, 0.7405427631578947, 0.055098684210526314, 0.031593567251461986
1 0.8167945906432749, 0.7413651315789473, 0.0556469298245614, 0.025219298245614034
1 0.8325109649122807, 0.7438322368421053, 0.05071271929824561, 0.026080043859649123
1 0.09530336257309942, 0.7424616228070176, 0.05838815789473684, 0.024305555555555556
1 0.3213633040935672, 0.7424616228070176, 0.04797149122807018, 0.01918859649122807
1 0.8518823099415205, 0.7446546052631579, 0.05180921052631579, 0.021564327485380116
1 0.19508406432748537, 0.7484923245614035, 0.06305098684210526, 0.021929824561403508
1 0.7175621345029239, 0.7509594298245614, 0.03521381578947368, 0.03252923976608187
1 0.1539656432748538, 0.7517817982456141, 0.03536184210526316, 0.03399122807017544
1 0.1225328947368421, 0.7556195175438597, 0.02631578947368421, 0.034173976608187134
1 0.11266447368421052, 0.7676809210526315, 0.02850877192982456, 0.039473684210526314
1 0.14153874269005848, 0.7890625, 0.02631578947368421, 0.03654970760233918
1 0.17863669590643275, 0.7569901315789473, 0.06517269736842106, 0.021747076023391813
1 0.7087902046783626, 0.7613760964912281, 0.029388706140350874, 0.03568165204678363
1 0.2610873538011696, 0.7630208333333334, 0.04824561403508772, 0.018426535087719298
1 0.6967288011695907, 0.7641173245614035, 0.06551535087719298, 0.02631578947368421
1 0.40826023391812866, 0.764391447368421, 0.060227521929824564, 0.0377375730994152
1 0.6651133040935673, 0.7674067982456141, 0.06304824561403509, 0.02101608187134503
1 0.4487390350877193, 0.7690515350877193, 0.043859649122807015, 0.029788011695906433
1 0.5046600877192983, 0.7701480263157895, 0.031524122807017545, 0.02046783625730994
1 0.027869152046783627, 0.768766447368421, 0.029342105263157895, 0.02101608187134503
1 0.4432565789473684, 0.7706962719298246, 0.0356359649122807, 0.021747076023391813
1 0.6841191520467836, 0.7739857456140351, 0.046600877192982455, 0.02101608187134503
1 0.4043311403508772, 0.7791940789473685, 0.03720394736842105, 0.021198830409356724
1 0.7128326023391812, 0.7757291666666667, 0.03553728070175438, 0.03634502923976608
1 0.5750182748538012, 0.7802905701754386, 0.044956140350877194, 0.03983918128654971
1 0.3639437134502924, 0.7835800438596491, 0.03399122807017544, 0.029342105263157895
1 0.11741593567251463, 0.7838541666666666, 0.061677631578947366, 0.027595029239766082
1 0.45604897660818716, 0.7876918859649122, 0.05400219298245614, 0.02905701754385965
1 0.7893823099415205, 0.7887883771929824, 0.03508771929824561, 0.03782894736842105
1 0.6018823099415205, 0.7959155701754386, 0.03536184210526316, 0.023391812865497075
1 0.18946454678362573, 0.7983826754385965, 0.06851425438596491, 0.02919407894736842
1 0.19211440058479531, 0.8348410087719298, 0.046052631578947366, 0.028919956140350877
1 0.09932383040935673, 0.7994791666666666, 0.04303728070175439, 0.027412280701754384
1 0.2921235380116959, 0.8011239035087719, 0.05838815789473684, 0.02448830409356725
1 0.5397478070175439, 0.8049972587719298, 0.0635608552631579, 0.021747076023391813
1 0.014300073099415205, 0.8011869517543859, 0.028445723684210524, 0.04018092105263158
1 0.04047880116959064, 0.8101836622807018, 0.08469024122807017, 0.027640716374269007
1 0.3096673976608187, 0.8055098684210527, 0.049890350877192985, 0.024671052631578948
1 0.2833516081871345, 0.8063322368421053, 0.04961622807017544, 0.019005847953216373
1 0.21756213450292397, 0.811672149122807, 0.05332236842105263, 0.026133040935672515
1 0.2383954678362573, 0.8123629385964912, 0.0356359649122807, 0.025584795321637425
1 0.17772295321637427, 0.8181195175438597, 0.06195175438596491, 0.015716374269005847
1 9.137426900584795e-05, 0.8196600877192982, 0.05026864035087719, 0.03508771929824561
1 0.014665570175438597, 0.8292872807017543, 0.04064144736842105, 0.026361476608187134
1 0.2340095029239766, 0.823327850877193, 0.05071271929824561, 0.03764619883040936
1 0.1369700292397661, 0.8277138157894737, 0.0424890350877193, 0.02631578947368421
1 0.07154605263157894, 0.8341447368421053, 0.08046600877192983, 0.027092470760233918
1 0.09135233918128655, 0.8444353070175439, 0.0356359649122807, 0.03044956140350877
1 0.09036915204678363, 0.8589638157894737, 0.0381030701754386, 0.026498538011695907
1 9.137426900584795e-05, 0.8487116228070175, 0.05630482456140351, 0.025950292397660817
1 0.15067616959064328, 0.8784265350877193, 0.033168859649122806, 0.03344298245614035
1 0.9115497076023392, 0.9351699561403509, 0.03365679824561404, 0.02403143274853801
1 0.5777595029239766, 0.9440762061403508, 0.0555126096491228, 0.020833333333333332
1 0.4842379385964912, 0.9522231359649123, 0.03722313596491228, 0.025904605263157895
1 0.2873720760233918, 0.9787691885964913, 0.020819627192982457, 0.02390899122807018
1 0.2916081871345029, 0.39629111842105263, 0.03504111842105263, 0.03248355263157895
1 0.3161239035087719, 0.371452850877193, 0.060186403508771934, 0.024671052631578948
1 0.9274725877192983, 0.5318229166666666, 0.03138706140350877, 0.03654970760233918
1 0.9548611111111112, 0.5216392543859649, 0.05741228070175439, 0.028782894736842105
1 0.7862152777777778, 0.6622231359649122, 0.06248355263157895, 0.020285087719298246
1 0.775250365497076, 0.6364610745614034, 0.06303179824561403, 0.021747076023391813
1 0.3067324561403509, 0.6019764254385965, 0.06296326754385966, 0.02203216374269006
1 0.28504020467836255, 0.5870668859649123, 0.026995614035087722, 0.0325749269005848
1 0.18501827485380115, 0.6126288377192982, 0.049745065789473686, 0.04107273391812866
1 0.18795687134502925, 0.6484594298245614, 0.062398574561403505, 0.022203947368421052
1 0.503623903508772, 0.7897066885964912, 0.0393969298245614, 0.0403874269005848
1 0.5269243421052632, 0.7712774122807017, 0.04412280701754386, 0.0343110380116959
1 0.5611293859649122, 0.7428563596491228, 0.08372258771929825, 0.02046783625730994
1 0.5725255847953217, 0.7345230263157895, 0.0408936403508772, 0.04331140350877193
