1 1.1221666666666668, 0.161625, 0.028333333333333332, 0.01575
1 0.8878333333333334, 0.167375, 0.024, 0.0175
1 0.9238333333333333, 0.172625, 0.02, 0.01425
1 0.9011666666666667, 0.182875, 0.02666666666666667, 0.01175
1 1.1611666666666667, 0.175375, 0.025, 0.018
1 1.2648333333333333, 0.177125, 0.03766666666666667, 0.01775
1 0.9478333333333333, 0.181875, 0.036, 0.01325
1 1.2458333333333333, 0.181625, 0.028333333333333332, 0.017
1 1.2261666666666666, 0.182875, 0.033666666666666664, 0.015
1 1.2668333333333333, 0.183375, 0.023666666666666666, 0.01925
1 1.0298333333333334, 0.185375, 0.03966666666666667, 0.01425
1 1.1815, 0.186125, 0.03266666666666666, 0.01325
1 1.1061666666666667, 0.188625, 0.043666666666666666, 0.011
1 0.8798333333333334, 0.189375, 0.022333333333333334, 0.018
1 0.7538333333333334, 0.190375, 0.015333333333333332, 0.0175
1 0.8055, 0.190375, 0.024, 0.01625
1 0.8078333333333333, 0.196625, 0.03133333333333333, 0.016
1 0.8455, 0.192375, 0.019, 0.01975
1 1.0855, 0.195125, 0.025666666666666667, 0.016
1 1.2945, 0.195875, 0.033, 0.025
1 1.3215, 0.195625, 0.011166666666666667, 0.0155
1 1.2161666666666666, 0.197125, 0.031, 0.02275
1 1.2408333333333332, 0.197125, 0.024, 0.01975
1 0.9748333333333333, 0.198625, 0.025333333333333333, 0.01775
1 0.8975, 0.199125, 0.035333333333333335, 0.0125
1 1.2688333333333333, 0.199875, 0.029666666666666668, 0.0155
1 0.2718333333333333, 0.201125, 0.02266666666666667, 0.0135
1 0.15883333333333333, 0.202125, 0.023333333333333334, 0.01525
1 1.1415, 0.203375, 0.015, 0.01875
1 0.21283333333333335, 0.204375, 0.027, 0.0075
1 0.25516666666666665, 0.206375, 0.016666666666666666, 0.014
1 0.18683333333333332, 0.206875, 0.027666666666666666, 0.016
1 1.1788333333333334, 0.206625, 0.027, 0.02225
1 1.2008333333333334, 0.207875, 0.03766666666666667, 0.0105
1 0.26816666666666666, 0.208875, 0.035666666666666666, 0.01625
1 1.1555, 0.208875, 0.025666666666666667, 0.0195
1 0.8068333333333333, 0.209375, 0.026, 0.019
1 1.0898333333333334, 0.209125, 0.034, 0.021
1 0.14916666666666667, 0.209625, 0.026, 0.012
1 0.22716666666666666, 0.209875, 0.027, 0.0215
1 1.0708333333333333, 0.209875, 0.022333333333333334, 0.02125
1 1.1685, 0.209625, 0.026333333333333334, 0.019
1 1.0488333333333333, 0.210875, 0.031, 0.01825
1 0.6048333333333333, 0.211625, 0.017666666666666667, 0.01975
1 0.3555, 0.212875, 0.034333333333333334, 0.015
1 0.5921666666666666, 0.212875, 0.013, 0.0175
1 1.2041666666666666, 0.212625, 0.02, 0.01925
1 1.2468333333333332, 0.213375, 0.027, 0.017
1 0.2875, 0.214875, 0.04066666666666666, 0.0155
1 0.6435, 0.215375, 0.017333333333333333, 0.02
1 0.5728333333333333, 0.215875, 0.022, 0.021
1 0.08283333333333333, 0.216375, 0.04, 0.01775
1 0.09616666666666666, 0.217875, 0.04066666666666666, 0.016
1 0.1375, 0.216375, 0.035, 0.01025
1 0.20216666666666666, 0.216875, 0.025666666666666667, 0.02125
1 0.7168333333333333, 0.216625, 0.018666666666666668, 0.01875
1 0.17683333333333334, 0.217125, 0.035666666666666666, 0.01775
1 0.9885, 0.217125, 0.02, 0.01825
1 0.6721666666666667, 0.218125, 0.019333333333333334, 0.02225
1 1.0308333333333333, 0.217625, 0.018333333333333333, 0.0185
1 1.2708333333333333, 0.217625, 0.028, 0.01775
1 0.07116666666666667, 0.218375, 0.02666666666666667, 0.015
1 0.3115, 0.219625, 0.027333333333333334, 0.01475
1 0.6581666666666667, 0.219375, 0.017, 0.0205
1 0.9248333333333333, 0.219625, 0.029666666666666668, 0.01475
1 0.8945, 0.220875, 0.037333333333333336, 0.01075
1 0.24816666666666667, 0.221375, 0.024333333333333332, 0.02675
1 0.13283333333333333, 0.225375, 0.031, 0.0225
1 0.5438333333333333, 0.225375, 0.03666666666666667, 0.012
1 1.0098333333333334, 0.225125, 0.019333333333333334, 0.01975
1 1.1481666666666666, 0.225625, 0.043333333333333335, 0.0195
1 0.3461666666666667, 0.226375, 0.03233333333333333, 0.011
1 0.0145, 0.227375, 0.023666666666666666, 0.01475
1 1.2155, 0.227375, 0.037, 0.01375
1 0.10916666666666666, 0.227875, 0.034, 0.01175
1 1.0671666666666666, 0.230625, 0.021, 0.023
1 0.050166666666666665, 0.233375, 0.032, 0.01075
1 0.9098333333333334, 0.233125, 0.024666666666666667, 0.01325
1 0.9735, 0.233125, 0.04033333333333333, 0.01425
1 0.08383333333333333, 0.233625, 0.033, 0.01025
1 1.0301666666666667, 0.235375, 0.036333333333333336, 0.012
1 0.7041666666666667, 0.238875, 0.03866666666666667, 0.01175
1 1.3161666666666667, 0.24275, 0.016666666666666666, 0.014375
1 1.1148333333333333, 0.243375, 0.018, 0.017
1 1.2275, 0.245375, 0.019333333333333334, 0.0195
1 0.3968333333333333, 0.250875, 0.03966666666666667, 0.0135
1 0.9988333333333334, 0.253125, 0.053, 0.012
1 1.2688333333333333, 0.255625, 0.02666666666666667, 0.02425
1 0.3585, 0.257125, 0.028666666666666667, 0.02475
1 1.2451666666666668, 0.258375, 0.024666666666666667, 0.02225
1 0.9488333333333333, 0.259875, 0.04133333333333333, 0.0135
1 0.44516666666666665, 0.261125, 0.017666666666666667, 0.0205
1 1.1858333333333333, 0.264125, 0.04466666666666667, 0.01275
1 0.3925, 0.266875, 0.020666666666666667, 0.027
1 0.5065, 0.266875, 0.021333333333333333, 0.0265
1 1.3128333333333333, 0.267375, 0.02, 0.0265
1 0.00016666666666666666, 0.267625, 0.024333333333333332, 0.0195
1 1.1081666666666667, 0.268875, 0.021333333333333333, 0.025
1 0.2851666666666667, 0.271375, 0.022, 0.025
1 0.04783333333333333, 0.271875, 0.029, 0.02475
1 0.26716666666666666, 0.271875, 0.021333333333333333, 0.0285
1 0.15183333333333332, 0.272875, 0.021666666666666667, 0.0225
1 0.32816666666666666, 0.274125, 0.029, 0.0225
1 0.0165, 0.275375, 0.031, 0.023
1 0.2345, 0.275375, 0.034666666666666665, 0.02225
1 0.4205, 0.275875, 0.022333333333333334, 0.025
1 0.6401666666666667, 0.277375, 0.01633333333333333, 0.025
1 0.21116666666666667, 0.278125, 0.024666666666666667, 0.02625
1 0.17083333333333334, 0.278875, 0.03133333333333333, 0.02475
1 0.2951666666666667, 0.279875, 0.030666666666666665, 0.0245
1 1.2865, 0.279875, 0.03333333333333333, 0.0205
1 0.5695, 0.280125, 0.029333333333333333, 0.02325
1 0.6555, 0.280125, 0.021666666666666667, 0.03225
1 0.47883333333333333, 0.281125, 0.021, 0.02175
1 0.9581666666666667, 0.281875, 0.035333333333333335, 0.01825
1 0.00016666666666666666, 0.282875, 0.022, 0.02125
1 0.12883333333333333, 0.282875, 0.022333333333333334, 0.0175
1 0.4538333333333333, 0.282875, 0.025, 0.0255
1 0.0815, 0.284625, 0.04, 0.027
1 0.5498333333333333, 0.284125, 0.019666666666666666, 0.0225
1 0.35083333333333333, 0.285375, 0.043666666666666666, 0.015
1 1.0721666666666667, 0.287875, 0.030666666666666665, 0.02425
1 0.18383333333333332, 0.290625, 0.02666666666666667, 0.007375
1 0.1872, 0.29487, 0.028300000000000002, 0.025005
1 0.0915, 0.292125, 0.03833333333333333, 0.02225
1 0.049166666666666664, 0.292375, 0.035666666666666666, 0.0205
1 0.7188333333333333, 0.293625, 0.03266666666666666, 0.02525
1 0.15283333333333332, 0.294875, 0.019333333333333334, 0.01625
1 0.22616666666666665, 0.295125, 0.032, 0.01675
1 0.7705, 0.296625, 0.023, 0.02625
1 0.027166666666666665, 0.297875, 0.029666666666666668, 0.0245
1 0.3481666666666667, 0.297125, 0.03966666666666667, 0.0155
1 0.1235, 0.298375, 0.026333333333333334, 0.0255
1 0.1715, 0.298125, 0.018666666666666668, 0.01625
1 0.38283333333333336, 0.299125, 0.04733333333333333, 0.012
1 0.43483333333333335, 0.300125, 0.021666666666666667, 0.022
1 0.4106666666666667, 0.30725, 0.0305, 0.01975
1 0.7935, 0.300625, 0.024, 0.0275
1 0.0485, 0.302125, 0.034333333333333334, 0.01875
1 0.24616666666666667, 0.302625, 0.034, 0.02025
1 0.1075, 0.303625, 0.021333333333333333, 0.01825
1 1.0568333333333333, 0.306125, 0.034666666666666665, 0.026
1 0.4615, 0.306875, 0.02033333333333333, 0.023
1 0.2861666666666667, 0.307375, 0.03866666666666667, 0.0105
1 0.37268, 0.310125, 0.03137, 0.027
1 0.5325, 0.308375, 0.03, 0.01525
1 0.19883333333333333, 0.308625, 0.028, 0.02325
1 0.6101666666666666, 0.308625, 0.036333333333333336, 0.02075
1 0.15216666666666667, 0.311375, 0.030333333333333334, 0.0125
1 0.8311666666666667, 0.312625, 0.025, 0.0275
1 0.1365, 0.313375, 0.018, 0.023
1 0.31683333333333336, 0.313375, 0.03966666666666667, 0.02525
1 0.058166666666666665, 0.313625, 0.029, 0.01625
1 0.9155, 0.314625, 0.024666666666666667, 0.02825
1 0.08683333333333333, 0.315125, 0.019333333333333334, 0.02375
1 0.25083333333333335, 0.316125, 0.032, 0.026
1 0.1785, 0.317125, 0.021, 0.02675
1 0.27416666666666667, 0.317625, 0.025, 0.026
1 0.3308333333333333, 0.318125, 0.043, 0.0205625
1 0.31683333333333336, 0.336875, 0.041, 0.0165
1 0.4325, 0.319875, 0.018, 0.02175
1 0.04016666666666667, 0.320375, 0.026, 0.02325
1 0.9635, 0.320375, 0.024, 0.02575
1 1.1511666666666667, 0.321375, 0.029333333333333333, 0.0255
1 0.00016666666666666666, 0.321625, 0.02666666666666667, 0.02275
1 0.018833333333333334, 0.323375, 0.021666666666666667, 0.0255
1 1.1995, 0.321125, 0.027, 0.03575
1 0.7688333333333334, 0.321875, 0.042666666666666665, 0.0165
1 0.05516666666666667, 0.322875, 0.034333333333333334, 0.02925
1 0.1025, 0.322875, 0.036, 0.019
1 0.1415, 0.322625, 0.023333333333333334, 0.028
1 0.1595, 0.322875, 0.024666666666666667, 0.02275
1 0.4488333333333333, 0.322875, 0.019, 0.02525
1 0.2165, 0.32375, 0.04566666666666667, 0.020625
1 0.6158333333333333, 0.323875, 0.018333333333333333, 0.02625
1 0.5358333333333334, 0.324375, 0.04666666666666667, 0.01025
1 1.1278333333333332, 0.324375, 0.028333333333333332, 0.028
1 0.19616666666666666, 0.325125, 0.027, 0.0235
1 0.3928333333333333, 0.325625, 0.03133333333333333, 0.0245
1 1.0325, 0.325625, 0.04733333333333333, 0.0165
1 0.48783333333333334, 0.325875, 0.042333333333333334, 0.02025
1 0.6011666666666666, 0.326125, 0.022, 0.02775
1 0.2921666666666667, 0.327125, 0.017333333333333333, 0.01775
1 0.5811666666666667, 0.328375, 0.031, 0.0255
1 0.5781666666666667, 0.336875, 0.024, 0.025
1 0.8491666666666666, 0.328375, 0.024666666666666667, 0.02575
1 0.6698333333333333, 0.328625, 0.022333333333333334, 0.03175
1 1.0185, 0.328875, 0.024666666666666667, 0.02375
1 0.37783333333333335, 0.329375, 0.017, 0.02725
1 0.7591666666666667, 0.329375, 0.02266666666666667, 0.025
1 0.08683333333333333, 0.330125, 0.025333333333333333, 0.02425
1 0.3948333333333333, 0.331625, 0.036333333333333336, 0.03125
1 0.4225, 0.340125, 0.019333333333333334, 0.03275
1 0.39116666666666666, 0.345125, 0.035666666666666666, 0.02675
1 0.4685, 0.331125, 0.037, 0.023
1 0.7308333333333333, 0.332375, 0.02, 0.03025
1 1.0771666666666666, 0.332125, 0.025333333333333333, 0.02675
1 0.6361666666666667, 0.332875, 0.036, 0.015
1 0.5255, 0.333375, 0.04, 0.01775
1 0.5641666666666667, 0.333375, 0.015666666666666666, 0.02525
1 0.5461666666666667, 0.346125, 0.019, 0.02825
1 0.6985, 0.334125, 0.019, 0.027
1 0.9991666666666666, 0.334625, 0.027, 0.0305
1 0.21683333333333332, 0.335375, 0.035333333333333335, 0.02725
1 1.2545, 0.335375, 0.022333333333333334, 0.027
1 0.7181666666666666, 0.336875, 0.015666666666666666, 0.02575
1 0.2305, 0.337125, 0.042666666666666665, 0.02325
1 1.1731666666666667, 0.337625, 0.031, 0.02725
1 1.2251666666666667, 0.337625, 0.035, 0.03025
1 0.8695, 0.338875, 0.030666666666666665, 0.02175
1 0.6261666666666666, 0.339375, 0.024666666666666667, 0.02425
1 0.0685, 0.339875, 0.020666666666666667, 0.029
1 0.1095, 0.339875, 0.033, 0.019
1 0.7925, 0.341125, 0.02, 0.02725
1 0.8895, 0.341125, 0.023, 0.02275
1 0.44083333333333335, 0.342125, 0.019666666666666666, 0.03025
1 0.9111666666666667, 0.342625, 0.027666666666666666, 0.0325
1 1.0441666666666667, 0.343375, 0.025, 0.01775
1 0.8238333333333333, 0.343875, 0.024, 0.02275
1 0.2515, 0.344125, 0.04466666666666667, 0.0175
1 0.2735, 0.344875, 0.03666666666666667, 0.02325
1 0.4628333333333333, 0.344625, 0.03833333333333333, 0.01775
1 0.8451666666666666, 0.344875, 0.03133333333333333, 0.025
1 0.15616666666666668, 0.345375, 0.025666666666666667, 0.0255
1 0.17283333333333334, 0.345625, 0.023, 0.02375
1 0.18683333333333332, 0.345875, 0.031, 0.0295
1 0.2871666666666667, 0.346875, 0.034333333333333334, 0.0275
1 0.6531666666666667, 0.346875, 0.027666666666666666, 0.02575
1 0.32116666666666666, 0.347125, 0.033, 0.01875
1 0.7681666666666667, 0.347375, 0.022, 0.028
1 0.7501666666666666, 0.351125, 0.019, 0.02925
1 0.0011666666666666668, 0.348375, 0.04733333333333333, 0.01175
1 0.8098333333333333, 0.349125, 0.025333333333333333, 0.026
1 0.9381666666666667, 0.349125, 0.022333333333333334, 0.03325
1 0.6445, 0.349625, 0.025666666666666667, 0.02925
1 1.1501666666666666, 0.349875, 0.031, 0.02775
1 0.5035, 0.350875, 0.029666666666666668, 0.0165
1 0.08183333333333333, 0.351125, 0.041, 0.01175
1 0.6805, 0.351875, 0.019666666666666666, 0.023
1 0.9618333333333333, 0.351625, 0.017, 0.02025
1 0.12716666666666668, 0.352125, 0.032, 0.017
1 0.3511666666666667, 0.352125, 0.031, 0.0185
1 0.5311666666666667, 0.352875, 0.01633333333333333, 0.0245
1 1.0155, 0.353625, 0.027333333333333334, 0.01975
1 1.1011666666666666, 0.353625, 0.033666666666666664, 0.03025
1 1.0841666666666667, 0.357625, 0.046, 0.023
1 1.3145, 0.353875, 0.018333333333333333, 0.01825
1 0.5855, 0.354625, 0.023666666666666666, 0.03225
1 0.6001666666666666, 0.354875, 0.023666666666666666, 0.029
1 0.8801666666666667, 0.355375, 0.025, 0.0185
1 1.0588333333333333, 0.355625, 0.05333333333333334, 0.028
1 1.2741666666666667, 0.355625, 0.027666666666666666, 0.031
1 1.1281666666666668, 0.358375, 0.030666666666666665, 0.0315
1 0.9765, 0.359125, 0.025666666666666667, 0.03325
1 0.21683333333333332, 0.359875, 0.02033333333333333, 0.026
1 0.0085, 0.360375, 0.028333333333333332, 0.0085
1 0.49883333333333335, 0.360125, 0.019333333333333334, 0.03125
1 0.6058333333333333, 0.360875, 0.031, 0.026
1 0.7051666666666667, 0.361375, 0.029666666666666668, 0.03075
1 0.7281666666666666, 0.361375, 0.022, 0.0225
1 0.3065, 0.361625, 0.03833333333333333, 0.01775
1 0.29283333333333333, 0.372375, 0.019666666666666666, 0.0345
1 1.0285, 0.361875, 0.031, 0.02775
1 0.23016666666666666, 0.362375, 0.02033333333333333, 0.02375
1 0.6888333333333333, 0.362125, 0.028666666666666667, 0.02475
1 0.9045, 0.362875, 0.022, 0.01975
1 0.4725, 0.363875, 0.026, 0.03025
1 0.18916666666666668, 0.364125, 0.028666666666666667, 0.036
1 0.4435, 0.364875, 0.030333333333333334, 0.01425
1 0.9988333333333334, 0.365375, 0.03133333333333333, 0.03425
1 0.04583333333333333, 0.365875, 0.018, 0.018
1 0.8101666666666667, 0.366125, 0.030666666666666665, 0.01975
1 0.1165, 0.368125, 0.042333333333333334, 0.01425
1 0.7811666666666667, 0.368625, 0.031, 0.026
1 0.0275, 0.368625, 0.018, 0.01975
1 0.5671666666666667, 0.368625, 0.021333333333333333, 0.03075
1 1.2381666666666666, 0.368875, 0.03866666666666667, 0.0205
1 0.31116666666666665, 0.369125, 0.030666666666666665, 0.02925
1 0.33616666666666667, 0.369375, 0.023, 0.03175
1 0.8435, 0.369125, 0.04666666666666667, 0.02
1 0.16516666666666666, 0.369875, 0.02266666666666667, 0.03275
1 1.0521666666666667, 0.369625, 0.021, 0.02425
1 1.0695, 0.370125, 0.028333333333333332, 0.0245
1 0.7675, 0.372375, 0.021, 0.02075
1 0.4125, 0.372625, 0.04766666666666667, 0.01825
1 0.8835, 0.372625, 0.038, 0.01975
1 0.9395, 0.372625, 0.034333333333333334, 0.02175
1 0.6661666666666667, 0.374375, 0.015333333333333332, 0.02625
1 0.00016666666666666666, 0.374625, 0.024666666666666667, 0.03225
1 0.2275, 0.374875, 0.042333333333333334, 0.02075
1 0.37883333333333336, 0.375375, 0.023333333333333334, 0.02375
1 0.35983333333333334, 0.382875, 0.02266666666666667, 0.02125
1 0.2638333333333333, 0.376125, 0.031, 0.0325
1 0.6828333333333333, 0.376375, 0.019333333333333334, 0.028
1 1.2901666666666667, 0.376375, 0.024666666666666667, 0.025
1 0.9695, 0.377125, 0.024333333333333332, 0.021
1 0.9895, 0.393875, 0.03966666666666667, 0.0315
1 0.11416666666666667, 0.378125, 0.04, 0.03225
1 0.6491666666666667, 0.377875, 0.018666666666666668, 0.024
1 1.2008333333333334, 0.377875, 0.059666666666666666, 0.026
1 1.2028333333333334, 0.386625, 0.05566666666666667, 0.03125
1 1.2528333333333332, 0.412625, 0.03933333333333333, 0.03775
1 0.5205, 0.378125, 0.024666666666666667, 0.031
1 0.5365, 0.378625, 0.02666666666666667, 0.02575
1 0.8388333333333333, 0.378875, 0.042, 0.0125
1 0.035833333333333335, 0.379375, 0.034, 0.03
1 0.6118333333333333, 0.380375, 0.028666666666666667, 0.026
1 0.42683333333333334, 0.381125, 0.017333333333333333, 0.02825
1 0.7185, 0.381375, 0.018333333333333333, 0.02525
1 0.5525, 0.381875, 0.02033333333333333, 0.03325
1 0.7901666666666667, 0.381875, 0.03166666666666667, 0.02175
1 0.14116666666666666, 0.382375, 0.024666666666666667, 0.02775
1 0.17483333333333334, 0.382625, 0.017, 0.02325
1 0.8885, 0.383875, 0.039, 0.02725
1 1.3028333333333333, 0.383875, 0.03, 0.02575
1 0.22583333333333333, 0.384125, 0.035, 0.030719999999999997
1 0.2345, 0.384875, 0.035333333333333335, 0.0315
1 0.23516666666666666, 0.408875, 0.032, 0.0365
1 0.4375, 0.384375, 0.031, 0.034
1 0.3175, 0.385375, 0.021333333333333333, 0.03075
1 0.2688333333333333, 0.386125, 0.027, 0.02975
1 0.8271666666666667, 0.386375, 0.022, 0.02975
1 0.3418333333333333, 0.387875, 0.022333333333333334, 0.04125
1 1.1075, 0.388625, 0.026, 0.02825
1 1.2581666666666667, 0.388375, 0.026333333333333334, 0.0305
1 0.9628333333333333, 0.389375, 0.04033333333333333, 0.033
1 0.8035, 0.389625, 0.025333333333333333, 0.02325
1 0.8468333333333333, 0.390625, 0.04466666666666667, 0.013
1 0.052833333333333336, 0.391625, 0.050666666666666665, 0.01825
1 0.12116666666666667, 0.392875, 0.02666666666666667, 0.01975
1 0.47483333333333333, 0.393125, 0.03966666666666667, 0.0305
1 0.7695, 0.393625, 0.025, 0.03725
1 0.6718333333333333, 0.394875, 0.024666666666666667, 0.0265
1 0.7081666666666667, 0.394875, 0.019666666666666666, 0.01325
1 0.21109, 0.395125, 0.01874333333333333, 0.0255
1 0.4485, 0.395875, 0.04, 0.0305
1 0.9378333333333333, 0.395875, 0.030666666666666665, 0.03125
1 1.1348333333333334, 0.396125, 0.037333333333333336, 0.026
1 1.2835, 0.396875, 0.027666666666666666, 0.03575
1 0.19616666666666666, 0.397625, 0.019333333333333334, 0.02925
1 0.6951666666666667, 0.399125, 0.024666666666666667, 0.0415
1 0.7215, 0.399375, 0.023666666666666666, 0.033
1 1.0405, 0.399125, 0.04466666666666667, 0.0305
1 0.39216666666666666, 0.399875, 0.018666666666666668, 0.02375
1 0.6381666666666667, 0.399875, 0.030666666666666665, 0.036
1 0.36883333333333335, 0.400375, 0.024666666666666667, 0.03825
1 1.2118333333333333, 0.4005, 0.041, 0.020875
1 0.2895, 0.401625, 0.03, 0.03225
1 0.49583333333333335, 0.401625, 0.027666666666666666, 0.0325
1 1.0208333333333333, 0.403875, 0.020666666666666667, 0.01725
1 1.3088333333333333, 0.404875, 0.024, 0.013
1 1.3118333333333334, 0.417375, 0.020833333333333332, 0.015
1 0.7528333333333334, 0.405375, 0.025333333333333333, 0.0355
1 0.5141666666666667, 0.406125, 0.03133333333333333, 0.0265
1 0.8585, 0.406625, 0.020833333333333332, 0.02875
1 1.0695, 0.406625, 0.061, 0.026
1 0.8788333333333334, 0.407125, 0.022, 0.02875
1 1.1358333333333333, 0.408625, 0.03866666666666667, 0.033
1 0.8208333333333333, 0.409375, 0.043333333333333335, 0.0285
1 0.6178333333333333, 0.410125, 0.021333333333333333, 0.02775
1 0.8955, 0.410625, 0.035, 0.03225
1 1.2011666666666667, 0.410625, 0.052333333333333336, 0.03775
1 1.0341666666666667, 0.411375, 0.025666666666666667, 0.028
1 1.0491666666666666, 0.432125, 0.024666666666666667, 0.02825
1 1.1848333333333334, 0.411625, 0.041, 0.0425
1 1.2091666666666667, 0.450375, 0.03233333333333333, 0.03675
1 1.2168333333333334, 0.411875, 0.04033333333333333, 0.02575
1 0.9235, 0.412875, 0.02266666666666667, 0.0265
1 0.7398333333333333, 0.413625, 0.028, 0.03575
1 0.9655, 0.418625, 0.028333333333333332, 0.03325
1 1.3088333333333333, 0.435375, 0.023833333333333335, 0.0165
1 1.3131666666666666, 0.445875, 0.019666666666666666, 0.03925
1 0.9455, 0.419625, 0.021333333333333333, 0.02575
1 0.9815, 0.420125, 0.024333333333333332, 0.03125
1 0.7755, 0.421625, 0.036, 0.025
1 1.1208333333333333, 0.430875, 0.03233333333333333, 0.018
1 0.7881666666666667, 0.431875, 0.043333333333333335, 0.0255
1 0.8445, 0.434875, 0.034666666666666665, 0.01775
1 0.5975, 0.436875, 0.043, 0.0185
1 1.0665, 0.440125, 0.023, 0.0245
1 0.6378333333333334, 0.440875, 0.0325, 0.0400775
1 1.2531666666666668, 0.445125, 0.03166666666666667, 0.036
1 1.1621666666666666, 0.445625, 0.043333333333333335, 0.029
1 1.1135, 0.446875, 0.021666666666666667, 0.02775
1 0.8341666666666666, 0.447375, 0.047, 0.0235
1 0.9401666666666667, 0.448375, 0.043, 0.01425
1 1.0775, 0.448625, 0.035, 0.033
1 1.2818333333333334, 0.451125, 0.027333333333333334, 0.03225
1 1.2341666666666666, 0.458625, 0.034666666666666665, 0.03325
1 0.21783333333333332, 0.468875, 0.018333333333333333, 0.02175
1 1.0765, 0.474625, 0.05333333333333334, 0.02125
1 1.0951666666666666, 0.524625, 0.045, 0.02325
1 1.12304, 0.207, 0.023420000000000003, 0.018
1 1.11504, 0.2035, 0.017083333333333332, 0.01725
1 0.18449000000000002, 0.660625, 0.06367666666666667, 0.04375
1 0.00025, 0.2971875, 0.034673333333333334, 0.0221875
1 3.3333333333333333e-06, 0.3151875, 0.02358666666666667, 0.0175925
1 4.9999999999999996e-05, 0.3544575, 0.01125, 0.019697500000000003
1 0.3524233333333333, 0.332265, 0.02991333333333333, 0.027
1 0.35785, 0.3194925, 0.02817333333333333, 0.015195
1 1.2567633333333332, 0.2378125, 0.03450333333333334, 0.0105625
1 1.2512133333333333, 0.2315625, 0.03304666666666667, 0.0111575
1 1.29485, 0.4409375, 0.02275, 0.0388125
1 1.2795966666666667, 0.42, 0.02833666666666667, 0.0293125
1 1.1728433333333335, 0.3824375, 0.04709000000000001, 0.03025
1 1.1421733333333333, 0.3779375, 0.04867333333333334, 0.0231875
1 1.0120866666666668, 0.4213125, 0.02842, 0.0295
1 0.996, 0.4205625, 0.023753333333333335, 0.0325
1 0.39342333333333335, 0.30647, 0.036713333333333334, 0.013560000000000001
1 0.5317033333333333, 0.34382999999999997, 0.03413, 0.013375
1 0.00023333333333333333, 0.263625, 0.0105, 0.0112575
1 1.3263666666666667, 0.2936425, 0.007333333333333333, 0.0250725
