1 0.6065, 0.316875, 0.013333333333333334, 0.0095
1 0.6455, 0.320875, 0.009666666666666667, 0.01075
1 0.6338333333333334, 0.322375, 0.011666666666666667, 0.01275
1 0.6745, 0.325375, 0.028333333333333332, 0.0105
1 0.6678333333333333, 0.332375, 0.023333333333333334, 0.0115
1 0.6868333333333333, 0.333125, 0.013666666666666667, 0.01
1 0.7585, 0.329875, 0.022, 0.00875
1 0.6631666666666667, 0.328125, 0.010666666666666666, 0.008
1 0.7251666666666666, 0.329875, 0.012666666666666666, 0.013
1 0.7948333333333333, 0.331625, 0.016, 0.0115
1 0.6528333333333334, 0.332125, 0.014, 0.00825
1 0.7148333333333333, 0.332875, 0.010666666666666666, 0.0115
1 0.6045, 0.335625, 0.017333333333333333, 0.01225
1 0.5728333333333333, 0.336625, 0.012666666666666666, 0.012
1 0.6295, 0.336625, 0.017333333333333333, 0.01025
1 0.6465, 0.339625, 0.025333333333333333, 0.00975
1 0.6341666666666667, 0.357875, 0.012666666666666666, 0.012
1 0.6401666666666667, 0.3605, 0.015666666666666666, 0.012125
1 0.7575, 0.336625, 0.017333333333333333, 0.00875
1 0.7688333333333334, 0.338375, 0.012, 0.0075
1 0.7795, 0.336625, 0.019333333333333334, 0.01025
1 0.7388333333333333, 0.338125, 0.018333333333333333, 0.0125
1 0.5848333333333333, 0.339875, 0.023666666666666666, 0.007
1 0.6795, 0.340625, 0.014333333333333333, 0.011
1 0.5545, 0.3545, 0.023, 0.007875
1 0.5548333333333333, 0.343875, 0.014333333333333333, 0.01225
1 0.5841666666666666, 0.345875, 0.011333333333333334, 0.013
1 0.7501666666666666, 0.346125, 0.013666666666666667, 0.01025
1 0.6011666666666666, 0.346625, 0.014666666666666666, 0.013
1 0.7625, 0.347125, 0.013833333333333333, 0.00975
1 0.7668333333333334, 0.347375, 0.015666666666666666, 0.011
1 0.6145, 0.349625, 0.019333333333333334, 0.01325
1 0.6845, 0.349875, 0.019666666666666666, 0.00975
1 0.5311666666666667, 0.350875, 0.026, 0.008
1 0.7948333333333333, 0.351125, 0.015666666666666666, 0.01575
1 0.7431666666666666, 0.351875, 0.013666666666666667, 0.011
1 0.7358333333333333, 0.355875, 0.013, 0.011
1 0.7505, 0.358125, 0.014333333333333333, 0.01125
1 0.7618333333333334, 0.359125, 0.012333333333333333, 0.01475
1 0.7328333333333333, 0.366375, 0.033, 0.011
1 0.8145, 0.352125, 0.03, 0.0125
1 0.6968333333333333, 0.354375, 0.013, 0.009
1 0.6038333333333333, 0.357375, 0.01633333333333333, 0.01475
1 0.5741666666666667, 0.358375, 0.024666666666666667, 0.01425
1 0.6965, 0.364875, 0.01, 0.012
1 0.6115, 0.362125, 0.013333333333333334, 0.01375
1 0.6788333333333333, 0.362125, 0.013666666666666667, 0.01625
1 0.6578333333333334, 0.362875, 0.02033333333333333, 0.013
1 0.6241666666666666, 0.363625, 0.012333333333333333, 0.01675
1 0.5448333333333333, 0.365875, 0.01633333333333333, 0.01525
1 0.6491666666666667, 0.365625, 0.016, 0.01675
1 0.5715, 0.368875, 0.024666666666666667, 0.01525
1 0.7805, 0.370375, 0.030666666666666665, 0.00825
1 0.5955, 0.373125, 0.028666666666666667, 0.009
1 0.6315, 0.373375, 0.016666666666666666, 0.0185
1 0.6661666666666667, 0.377625, 0.013, 0.01675
1 0.5368333333333334, 0.378375, 0.016666666666666666, 0.01725
1 0.7061666666666667, 0.378125, 0.021333333333333333, 0.01775
1 0.6855, 0.380875, 0.012, 0.0205
1 0.7268333333333333, 0.380625, 0.016666666666666666, 0.018
1 0.6021666666666666, 0.381125, 0.018333333333333333, 0.01425
1 0.6975, 0.383125, 0.011, 0.01475
1 0.6745, 0.385625, 0.014666666666666666, 0.01675
1 0.6548333333333334, 0.392625, 0.013666666666666667, 0.012
1 0.5568333333333333, 0.394625, 0.026, 0.0095
1 0.5651666666666667, 0.398375, 0.027, 0.01425
1 0.8381666666666666, 0.395125, 0.015, 0.0185
1 0.7308333333333333, 0.395875, 0.019666666666666666, 0.01425
1 0.7021666666666667, 0.397875, 0.02, 0.014
1 0.5955, 0.398625, 0.015666666666666666, 0.016
1 0.8495, 0.399375, 0.02033333333333333, 0.018
1 0.7131666666666666, 0.400125, 0.02033333333333333, 0.01425
1 0.6998333333333333, 0.413875, 0.025, 0.01375
1 0.7411666666666666, 0.400375, 0.019666666666666666, 0.01475
1 0.78382, 0.401875, 0.01968, 0.015875
1 0.5831666666666667, 0.402375, 0.016, 0.01825
1 0.7595, 0.402875, 0.014, 0.0155
1 0.76799, 0.403875, 0.01951, 0.0138125
1 0.7955, 0.403875, 0.025, 0.0165
1 0.8781666666666667, 0.403875, 0.02, 0.01775
1 0.6848333333333333, 0.407375, 0.027, 0.01175
1 0.8204833333333332, 0.409375, 0.01435, 0.0156875
1 0.7195, 0.410125, 0.020666666666666667, 0.0185
1 0.8638333333333333, 0.410625, 0.015666666666666666, 0.015
1 0.8338333333333333, 0.411125, 0.014666666666666666, 0.01625
1 0.8445, 0.416875, 0.018, 0.016
1 0.8508333333333333, 0.421375, 0.016666666666666666, 0.018
1 0.8222333333333333, 0.42475, 0.0326, 0.017125
1 0.7348333333333333, 0.413625, 0.017, 0.0195
1 0.6788333333333333, 0.415125, 0.025666666666666667, 0.00875
1 0.7535, 0.415375, 0.015666666666666666, 0.0245
1 0.8961666666666667, 0.415375, 0.021, 0.015
1 0.8815, 0.415875, 0.019, 0.01225
1 0.8808333333333334, 0.427375, 0.030073333333333334, 0.01875
1 0.9081666666666667, 0.427875, 0.020666666666666667, 0.02175
1 0.9175, 0.417125, 0.02, 0.01725
1 0.7705, 0.420125, 0.01633333333333333, 0.01925
1 0.7965, 0.421125, 0.019666666666666666, 0.01875
1 0.9391666666666667, 0.421375, 0.030666666666666665, 0.02075
1 0.7848333333333334, 0.421625, 0.013, 0.02125
1 0.8681666666666666, 0.424625, 0.019666666666666666, 0.02225
1 0.7315, 0.426375, 0.024666666666666667, 0.0175
1 0.8608333333333333, 0.434375, 0.016666666666666666, 0.0215
1 0.9751666666666666, 0.435875, 0.024333333333333332, 0.02
1 0.5935, 0.437875, 0.017666666666666667, 0.0235
1 0.6318333333333334, 0.439625, 0.03333333333333333, 0.0145
1 0.8321666666666667, 0.440125, 0.030666666666666665, 0.0145
1 0.8345, 0.477375, 0.021666666666666667, 0.01925
1 0.5718333333333333, 0.524625, 0.025666666666666667, 0.01
1 0.5365, 0.560375, 0.018, 0.01125
1 0.9595, 0.632625, 0.054810000000000005, 0.04425
1 0.6989066666666666, 0.3328125, 0.015916666666666666, 0.0141875
1 0.7095799999999999, 0.345345, 0.017956666666666666, 0.011625
1 0.7187866666666667, 0.34275, 0.018913333333333334, 0.00872
1 0.7725733333333332, 0.3511875, 0.015080000000000001, 0.0085
1 0.7733266666666667, 0.357125, 0.01625, 0.014155
1 0.78441, 0.357875, 0.01654, 0.0134375
1 0.9350633333333334, 0.4325625, 0.02958, 0.02175
1 0.92723, 0.4274375, 0.016496666666666666, 0.0213125
1 0.8933166666666666, 0.4295625, 0.020413333333333335, 0.0204375
1 0.6286666666666667, 0.3995, 0.01858, 0.0225625
1 0.6229166666666667, 0.394625, 0.03299666666666667, 0.016345
1 0.55866, 0.350875, 0.027996666666666666, 0.0195
1 0.56633, 0.34309500000000004, 0.018666666666666668, 0.012625
1 0.6857466666666666, 0.35975, 0.01208, 0.01497
1 0.7031533333333333, 0.361875, 0.018840000000000003, 0.0205625
1 0.7139933333333334, 0.361, 0.018663333333333334, 0.01675
1 0.7254166666666667, 0.352845, 0.011853333333333334, 0.015625
1 0.71904, 0.35129750000000004, 0.023790000000000002, 0.01339
1 0.8037866666666668, 0.4179375, 0.027613333333333333, 0.0195625
1 0.6409133333333333, 0.39877999999999997, 0.01954, 0.019125
1 0.6607033333333333, 0.404625, 0.02266333333333333, 0.0158125
1 0.6475, 0.415845, 0.030703333333333332, 0.0077175
1 0.6699566666666666, 0.3565625, 0.014206666666666666, 0.010032500000000001
1 0.6684166666666667, 0.3481875, 0.016663333333333336, 0.0135625
1 0.76537, 0.4176875, 0.029163333333333333, 0.0089675
1 0.8101666666666667, 0.411125, 0.01208, 0.0091875
1 0.6516666666666666, 0.35322000000000003, 0.01725, 0.009967499999999999
1 0.6446666666666667, 0.3486875, 0.030793333333333332, 0.01
1 0.6306266666666667, 0.34390499999999996, 0.03391333333333333, 0.014065
1 0.7397933333333334, 0.3298125, 0.028413333333333332, 0.0075
1 0.7425833333333334, 0.3269375, 0.03195666666666667, 0.0054375
1 0.7808733333333333, 0.34272, 0.028666666666666667, 0.00956
1 0.7874166666666667, 0.3461875, 0.01471, 0.013657500000000001
