1 0.534265350877193, 0.4732730263157895, 0.013157894736842105, 0.01114766081871345
1 0.542671783625731, 0.47875548245614036, 0.013980263157894737, 0.010051169590643274
1 0.553453947368421, 0.48122258771929827, 0.017269736842105265, 0.007675438596491228
1 0.5593019005847953, 0.48204495614035087, 0.018914473684210526, 0.007309941520467836
1 0.5766173245614035, 0.48204495614035087, 0.015213815789473685, 0.01425438596491228
1 0.5771454678362573, 0.48542763157894736, 0.017269736842105265, 0.008589181286549707
1 0.5461440058479532, 0.48259320175438597, 0.013980263157894737, 0.008771929824561403
1 0.5664290935672515, 0.4842379385964912, 0.01617324561403509, 0.006030701754385965
1 0.5730080409356725, 0.4858826754385965, 0.02172423245614035, 0.00804093567251462
1 0.7285270467836257, 0.4888980263157895, 0.01617324561403509, 0.008589181286549707
1 0.6133954678362573, 0.49109100877192985, 0.014528508771929825, 0.015350877192982455
1 0.72359283625731, 0.49492872807017546, 0.011513157894736841, 0.00932017543859649
1 0.7248720760233918, 0.5028782894736842, 0.015076754385964912, 0.013523391812865496
1 0.7340095029239766, 0.5050712719298246, 0.007949561403508772, 0.015899122807017545
1 0.6720577485380117, 0.4965734649122807, 0.013706140350877192, 0.013523391812865496
1 0.5406615497076024, 0.49766995614035087, 0.009868421052631578, 0.016812865497076022
1 0.6890533625730995, 0.49766995614035087, 0.011787280701754386, 0.004934210526315789
1 0.6915661549707602, 0.5006853070175439, 0.018092105263157895, 0.0069901315789473685
1 0.7376644736842105, 0.49766995614035087, 0.009046052631578948, 0.01663011695906433
1 0.55953033625731, 0.49904057017543857, 0.015520833333333333, 0.015487938596491228
1 0.7164656432748538, 0.49904057017543857, 0.013500548245614035, 0.008874269005847953
1 0.7109831871345029, 0.4993146929824561, 0.015350877192982455, 0.007675438596491228
1 0.590734649122807, 0.5015076754385965, 0.017406798245614034, 0.01137609649122807
1 0.5471034356725146, 0.5017817982456141, 0.012541118421052632, 0.017315423976608187
1 0.6839364035087719, 0.5017817982456141, 0.02035361842105263, 0.006944444444444444
1 0.6983735380116959, 0.5020559210526315, 0.02275219298245614, 0.006761695906432748
1 0.6015168128654971, 0.5028782894736842, 0.01781798245614035, 0.00918311403508772
1 0.6780884502923976, 0.5037006578947368, 0.01206140350877193, 0.006761695906432748
1 0.7501827485380117, 0.5034265350877193, 0.011891447368421054, 0.014528508771929825
1 0.7042214912280702, 0.5056195175438597, 0.02055921052631579, 0.006396198830409356
1 0.6278326023391813, 0.5072642543859649, 0.021107456140350877, 0.007309941520467836
1 0.6440972222222222, 0.5075383771929824, 0.015350877192982455, 0.012609649122807017
1 0.6104714912280702, 0.5080866228070176, 0.014734100877192983, 0.012381213450292397
1 0.7108004385964912, 0.5102796052631579, 0.015350877192982455, 0.004568713450292397
1 0.7140899122807017, 0.5138432017543859, 0.013157894736842105, 0.010051169590643274
1 0.6705957602339181, 0.5105537280701754, 0.013706140350877192, 0.015533625730994151
1 0.7393092105263158, 0.510827850877193, 0.01836622807017544, 0.007675438596491228
1 0.7528782894736842, 0.5111019736842105, 0.00849780701754386, 0.015670687134502925
1 0.750639619883041, 0.5163103070175439, 0.01699561403508772, 0.010964912280701754
1 0.6356907894736842, 0.5127467105263158, 0.018777412280701754, 0.014071637426900584
1 0.7200292397660819, 0.5111019736842105, 0.015455043859649124, 0.009777046783625731
1 0.25941154970760233, 0.5149396929824561, 0.01617324561403509, 0.01206140350877193
1 0.26434576023391815, 0.5195997807017544, 0.012883771929824562, 0.015899122807017545
1 0.6932565789473685, 0.5152138157894737, 0.01864035087719298, 0.006578947368421052
1 0.7305372807017544, 0.5160361842105263, 0.018914473684210526, 0.01023391812865497
1 0.6612755847953217, 0.5176809210526315, 0.017269736842105265, 0.016264619883040937
1 0.22761330409356725, 0.5195997807017544, 0.02042214912280702, 0.012792397660818713
1 0.7276133040935673, 0.5195997807017544, 0.018092105263157895, 0.008406432748538011
1 0.7577668128654971, 0.5198739035087719, 0.00932017543859649, 0.01425438596491228
1 0.6961805555555556, 0.5228892543859649, 0.02055921052631579, 0.010782163742690058
1 0.6503106725146199, 0.5256304824561403, 0.016721491228070175, 0.010188230994152047
1 0.7188413742690059, 0.5256304824561403, 0.015899122807017545, 0.008223684210526315
1 0.6612755847953217, 0.5261787280701754, 0.018092105263157895, 0.009868421052631578
1 0.7029422514619883, 0.526452850877193, 0.01644736842105263, 0.013614766081871345
1 0.709703947368421, 0.5278234649122807, 0.01617324561403509, 0.010782163742690058
1 0.7380299707602339, 0.5278234649122807, 0.01425438596491228, 0.01206140350877193
1 0.7592288011695907, 0.530016447368421, 0.011787280701754386, 0.011513157894736841
1 0.7462536549707602, 0.5319353070175439, 0.017543859649122806, 0.00712719298245614
1 0.8049159356725146, 0.5328262061403509, 0.02460252192982456, 0.008406432748538011
1 0.6333150584795322, 0.5352247807017544, 0.019736842105263157, 0.008771929824561403
1 0.7155519005847953, 0.5374177631578947, 0.014802631578947368, 0.014802631578947368
1 0.3984831871345029, 0.5382401315789473, 0.018914473684210526, 0.007492690058479532
1 0.7261513157894737, 0.5379660087719298, 0.015076754385964912, 0.011513157894736841
1 0.4041483918128655, 0.5390625, 0.019292763157894736, 0.011513157894736841
1 0.7592288011695907, 0.5398848684210527, 0.013843201754385965, 0.01941703216374269
1 0.7382127192982456, 0.5404331140350878, 0.01864035087719298, 0.012792397660818713
1 0.8129568713450293, 0.5404331140350878, 0.016721491228070175, 0.005847953216374269
1 0.34384137426900585, 0.5415296052631579, 0.02138157894736842, 0.011513157894736841
1 0.45074926900584794, 0.5415296052631579, 0.011787280701754386, 0.012792397660818713
1 0.46189692982456143, 0.5418037280701754, 0.01381030701754386, 0.017017543859649122
1 0.5097770467836257, 0.542077850877193, 0.018914473684210526, 0.008223684210526315
1 0.4838267543859649, 0.5426260964912281, 0.0200109649122807, 0.00932017543859649
1 0.5671600877192983, 0.5426260964912281, 0.01699561403508772, 0.010782163742690058
1 0.5960343567251462, 0.5426260964912281, 0.011513157894736841, 0.007858187134502924
1 0.7721125730994152, 0.5409813596491229, 0.013157894736842105, 0.014894005847953216
1 0.705500730994152, 0.5434484649122807, 0.017269736842105265, 0.015899122807017545
1 0.3356176900584795, 0.5442708333333334, 0.022203947368421052, 0.010416666666666666
1 0.611750730994152, 0.5453673245614035, 0.01617324561403509, 0.007675438596491228
1 0.41228070175438597, 0.5467379385964912, 0.018914473684210526, 0.013797514619883041
1 0.6572551169590644, 0.5470120614035088, 0.019462719298245616, 0.010782163742690058
1 0.6680372807017544, 0.5475603070175439, 0.01781798245614035, 0.006761695906432748
1 0.3721673976608187, 0.5478344298245614, 0.012883771929824562, 0.010416666666666666
1 0.5826937134502924, 0.5478344298245614, 0.02055921052631579, 0.007675438596491228
1 0.5044773391812866, 0.5492050438596491, 0.014802631578947368, 0.006944444444444444
1 0.6475694444444444, 0.5489309210526315, 0.013706140350877192, 0.006396198830409356
1 0.3496893274853801, 0.5497532894736842, 0.01425438596491228, 0.012792397660818713
1 0.3637609649122807, 0.5494791666666666, 0.01699561403508772, 0.00932017543859649
1 0.3827668128654971, 0.5497532894736842, 0.011787280701754386, 0.015716374269005847
1 0.5603983918128655, 0.5492050438596491, 0.019736842105263157, 0.008885233918128654
1 0.6183296783625731, 0.5497532894736842, 0.0200109649122807, 0.007858187134502924
1 0.6790021929824561, 0.5497532894736842, 0.02055921052631579, 0.010599415204678362
1 0.6254568713450293, 0.5508497807017544, 0.01864035087719298, 0.008406432748538011
1 0.2722039473684211, 0.5520833333333334, 0.01768092105263158, 0.010873538011695907
1 0.2972404970760234, 0.5519462719298246, 0.0200109649122807, 0.009868421052631578
1 0.48620248538011696, 0.551672149122807, 0.022478070175438597, 0.01023391812865497
1 0.5991410818713451, 0.5519462719298246, 0.019462719298245616, 0.00932017543859649
1 0.2657858187134503, 0.5524945175438597, 0.01631030701754386, 0.011169590643274854
1 0.30528143274853803, 0.5522203947368421, 0.01836622807017544, 0.010279605263157895
1 0.6336805555555556, 0.5524945175438597, 0.015350877192982455, 0.005482456140350877
1 0.407781432748538, 0.5530427631578947, 0.017543859649122806, 0.00952485380116959
1 0.17790570175438597, 0.5533168859649122, 0.01644736842105263, 0.006030701754385965
1 0.5203764619883041, 0.5535910087719298, 0.019736842105263157, 0.007309941520467836
1 0.18448464912280702, 0.5543092105263158, 0.01737390350877193, 0.00804093567251462
1 0.2891995614035088, 0.5546875, 0.016721491228070175, 0.010599415204678362
1 0.1994700292397661, 0.5549616228070176, 0.02138157894736842, 0.00804093567251462
1 0.2819809941520468, 0.5549616228070176, 0.019736842105263157, 0.010142543859649123
1 0.5278691520467836, 0.5552357456140351, 0.020285087719298246, 0.00712719298245614
1 0.19325657894736842, 0.5560581140350878, 0.019462719298245616, 0.006944444444444444
1 0.31551535087719296, 0.5563322368421053, 0.017543859649122806, 0.00804093567251462
1 0.7076937134502924, 0.5563322368421053, 0.01918859649122807, 0.012244152046783625
1 0.4628106725146199, 0.5568804824561403, 0.018914473684210526, 0.009502923976608187
1 0.4768823099415205, 0.5566063596491229, 0.01918859649122807, 0.007675438596491228
1 0.6402595029239766, 0.5566063596491229, 0.019736842105263157, 0.00932017543859649
1 0.38770102339181284, 0.5571546052631579, 0.00932017543859649, 0.015350877192982455
1 0.41913377192982454, 0.5567434210526315, 0.0190515350877193, 0.006944444444444444
1 0.41072733918128657, 0.5722313596491229, 0.010142543859649123, 0.008954678362573099
1 0.5136147660818714, 0.5571546052631579, 0.02055921052631579, 0.007858187134502924
1 0.5357273391812866, 0.5571546052631579, 0.023848684210526317, 0.007309941520467836
1 0.576297514619883, 0.5574287280701754, 0.018092105263157895, 0.010782163742690058
1 0.37509137426900585, 0.557702850877193, 0.017543859649122806, 0.006944444444444444
1 0.2566703216374269, 0.5582510964912281, 0.013980263157894737, 0.006396198830409356
1 0.4913194444444444, 0.5585252192982456, 0.019736842105263157, 0.009137426900584795
1 0.5667945906432749, 0.5585252192982456, 0.021107456140350877, 0.00932017543859649
1 0.6855811403508771, 0.5587993421052632, 0.007401315789473684, 0.01114766081871345
1 0.6927083333333334, 0.5590734649122807, 0.016721491228070175, 0.010599415204678362
1 0.3206323099415205, 0.5593475877192983, 0.01918859649122807, 0.008406432748538011
1 0.32922149122807015, 0.5593475877192983, 0.015076754385964912, 0.010051169590643274
1 0.4978983918128655, 0.5593475877192983, 0.01644736842105263, 0.008771929824561403
1 0.16072733918128654, 0.5598958333333334, 0.019462719298245616, 0.010051169590643274
1 0.16931652046783627, 0.5598958333333334, 0.021929824561403508, 0.008954678362573099
1 0.4436220760233918, 0.5604440789473685, 0.01918859649122807, 0.008406432748538011
1 0.4463633040935672, 0.579358552631579, 0.022203947368421052, 0.008771929824561403
1 0.4492872807017544, 0.5598958333333334, 0.017543859649122806, 0.00712719298245614
1 0.5927448830409356, 0.5604440789473685, 0.018914473684210526, 0.00712719298245614
1 0.21993786549707603, 0.5609923245614035, 0.02055921052631579, 0.01023391812865497
1 0.20988669590643275, 0.5656524122807017, 0.021107456140350877, 0.01114766081871345
1 0.35827850877192985, 0.5620888157894737, 0.011787280701754386, 0.007675438596491228
1 0.3670504385964912, 0.5615405701754386, 0.01617324561403509, 0.00804093567251462
1 0.4222404970760234, 0.5620888157894737, 0.01617324561403509, 0.00932017543859649
1 0.23309576023391812, 0.5605126096491229, 0.018297697368421052, 0.006578947368421052
1 0.24259868421052633, 0.5626370614035088, 0.019462719298245616, 0.00804093567251462
1 0.3814875730994152, 0.5626370614035088, 0.010142543859649123, 0.0167671783625731
1 0.3760051169590643, 0.5711348684210527, 0.009868421052631578, 0.015533625730994151
1 0.3674159356725146, 0.5752467105263158, 0.020285087719298246, 0.008771929824561403
1 0.5424890350877193, 0.5626370614035088, 0.02138157894736842, 0.009502923976608187
1 0.6576206140350878, 0.5626370614035088, 0.02055921052631579, 0.008771929824561403
1 0.24954312865497075, 0.5620202850877193, 0.02035361842105263, 0.008589181286549707
1 0.3489583333333333, 0.5634594298245614, 0.011239035087719298, 0.00932017543859649
1 0.732547514619883, 0.5631853070175439, 0.02275219298245614, 0.008589181286549707
1 0.3041849415204678, 0.5640076754385965, 0.01864035087719298, 0.010782163742690058
1 0.704952485380117, 0.5640076754385965, 0.017269736842105265, 0.006396198830409356
1 0.4299159356725146, 0.5648300438596491, 0.019462719298245616, 0.0062134502923976605
1 0.4403326023391813, 0.5651041666666666, 0.021107456140350877, 0.006944444444444444
1 0.6126644736842105, 0.5648300438596491, 0.02138157894736842, 0.01114766081871345
1 0.6821089181286549, 0.5653782894736842, 0.015625, 0.01114766081871345
1 0.2732090643274854, 0.5662006578947368, 0.01644736842105263, 0.009594298245614035
1 0.5867141812865497, 0.5659265350877193, 0.01836622807017544, 0.006396198830409356
1 0.2638888888888889, 0.5656524122807017, 0.018092105263157895, 0.008863304093567252
1 0.40250365497076024, 0.5667489035087719, 0.013980263157894737, 0.00932017543859649
1 0.5578399122807017, 0.5670230263157895, 0.018914473684210526, 0.008771929824561403
1 0.20074926900584794, 0.567297149122807, 0.017269736842105265, 0.012792397660818713
1 0.3385416666666667, 0.5670230263157895, 0.018914473684210526, 0.007492690058479532
1 0.3376279239766082, 0.5853892543859649, 0.00849780701754386, 0.011970029239766082
1 0.3409173976608187, 0.5930646929824561, 0.014528508771929825, 0.009137426900584795
1 0.2221308479532164, 0.5675712719298246, 0.02055921052631579, 0.010964912280701754
1 0.5455957602339181, 0.5681195175438597, 0.0200109649122807, 0.011878654970760233
1 0.8330592105263158, 0.5675712719298246, 0.01617324561403509, 0.015716374269005847
1 0.4359466374269006, 0.5683936403508771, 0.010964912280701754, 0.004568713450292397
1 0.4361293859649123, 0.5782620614035088, 0.015625, 0.008771929824561403
1 0.6230811403508771, 0.5683936403508771, 0.009594298245614035, 0.013523391812865496
1 0.6307565789473685, 0.5686677631578947, 0.01644736842105263, 0.01023391812865497
1 0.6651133040935673, 0.5683936403508771, 0.021655701754385966, 0.009685672514619883
1 0.8513340643274854, 0.5692160087719298, 0.023026315789473683, 0.010964912280701754
1 0.1810124269005848, 0.5692160087719298, 0.014802631578947368, 0.007675438596491228
1 0.8046875, 0.5697642543859649, 0.02528782894736842, 0.01402595029239766
1 0.2891995614035088, 0.5697642543859649, 0.01781798245614035, 0.009594298245614035
1 0.2959612573099415, 0.5697642543859649, 0.015076754385964912, 0.010051169590643274
1 0.5094115497076024, 0.5697642543859649, 0.019736842105263157, 0.006578947368421052
1 0.7270650584795322, 0.5700383771929824, 0.017543859649122806, 0.0062134502923976605
1 0.12764985380116958, 0.5693859649122807, 0.022341008771929825, 0.011991959064327486
1 0.45476973684210525, 0.5703125, 0.01781798245614035, 0.007675438596491228
1 0.5993695175438597, 0.5690460526315789, 0.02100328947368421, 0.014574195906432748
1 0.6992872807017544, 0.5705866228070176, 0.022203947368421052, 0.008406432748538011
1 0.17315423976608188, 0.5714089912280702, 0.01836622807017544, 0.009502923976608187
1 0.2526498538011696, 0.5716831140350878, 0.01206140350877193, 0.013706140350877192
1 0.24335160818713447, 0.5831962719298246, 0.010827850877192983, 0.01624269005847953
1 0.6409904970760234, 0.5716831140350878, 0.013980263157894737, 0.010599415204678362
1 0.7413194444444444, 0.5716831140350878, 0.01699561403508772, 0.007309941520467836
1 0.7599597953216374, 0.5714089912280702, 0.020285087719298246, 0.007675438596491228
1 0.13749634502923977, 0.5719901315789473, 0.01381030701754386, 0.015875365497076025
1 0.39921418128654973, 0.5722313596491229, 0.01206140350877193, 0.007675438596491228
1 0.5315241228070176, 0.5722313596491229, 0.0200109649122807, 0.008771929824561403
1 0.8814875730994152, 0.5719572368421053, 0.018914473684210526, 0.013797514619883041
1 0.47944078947368424, 0.5724013157894736, 0.01764802631578947, 0.008976608187134503
1 0.6503106725146199, 0.573327850877193, 0.01836622807017544, 0.014071637426900584
1 0.6744334795321637, 0.5730537280701754, 0.014802631578947368, 0.009137426900584795
1 0.6726059941520468, 0.5788103070175439, 0.020285087719298246, 0.010964912280701754
1 0.7164656432748538, 0.573327850877193, 0.024396929824561403, 0.011695906432748537
1 0.7802448830409356, 0.5736019736842105, 0.01918859649122807, 0.01114766081871345
1 0.30857090643274854, 0.5744243421052632, 0.01343201754385965, 0.009137426900584795
1 0.4264437134502924, 0.5744243421052632, 0.011513157894736841, 0.0043859649122807015
1 0.4178545321637427, 0.5801809210526315, 0.017269736842105265, 0.009868421052631578
1 0.4613486842105263, 0.5741502192982456, 0.013980263157894737, 0.009868421052631578
1 0.5708150584795322, 0.5744243421052632, 0.01918859649122807, 0.008589181286549707
1 0.9037828947368421, 0.5741502192982456, 0.019736842105263157, 0.013386330409356726
1 0.3312317251461988, 0.5746984649122807, 0.015350877192982455, 0.006578947368421052
1 0.35754751461988304, 0.5752467105263158, 0.010416666666666666, 0.011878654970760233
1 0.38788377192982454, 0.5746984649122807, 0.006853070175438596, 0.009685672514619883
1 0.47213084795321636, 0.5738760964912281, 0.015625, 0.006761695906432748
1 0.5152595029239766, 0.5746984649122807, 0.016721491228070175, 0.011695906432748537
1 0.8189875730994152, 0.5746984649122807, 0.018914473684210526, 0.009137426900584795
1 0.8624817251461988, 0.5752467105263158, 0.0200109649122807, 0.01023391812865497
1 0.7535635964912281, 0.5755208333333334, 0.02138157894736842, 0.00804093567251462
1 0.18265716374269006, 0.5760690789473685, 0.01699561403508772, 0.014437134502923976
1 0.18247441520467836, 0.5916940789473685, 0.006578947368421052, 0.018092105263157895
1 0.2828033625730994, 0.5760690789473685, 0.015899122807017545, 0.008406432748538011
1 0.3103983918128655, 0.5760690789473685, 0.016721491228070175, 0.011330409356725146
1 0.49588815789473684, 0.5760690789473685, 0.01206140350877193, 0.009502923976608187
1 0.22341008771929824, 0.5763432017543859, 0.015899122807017545, 0.011330409356725146
1 0.7743969298245614, 0.5766173245614035, 0.020285087719298246, 0.006578947368421052
1 0.15688961988304093, 0.576891447368421, 0.020285087719298246, 0.007675438596491228
1 0.6373355263157895, 0.5779879385964912, 0.01425438596491228, 0.010599415204678362
1 0.684484649122807, 0.5777138157894737, 0.018092105263157895, 0.007858187134502924
1 0.35078581871345027, 0.5779879385964912, 0.015076754385964912, 0.010782163742690058
1 0.3504203216374269, 0.5845668859649122, 0.019462719298245616, 0.008406432748538011
1 0.7431469298245614, 0.5782620614035088, 0.015899122807017545, 0.010051169590643274
1 0.8484100877192983, 0.5782620614035088, 0.023300438596491228, 0.008406432748538011
1 0.39610745614035087, 0.5788103070175439, 0.012335526315789474, 0.005665204678362573
1 0.41584429824561403, 0.5788103070175439, 0.00712719298245614, 0.006761695906432748
1 0.5980445906432749, 0.5790844298245614, 0.019736842105263157, 0.0133406432748538
1 0.1171875, 0.5791529605263158, 0.021107456140350877, 0.011171418128654971
1 0.16493055555555555, 0.5801809210526315, 0.015625, 0.00804093567251462
1 0.549250730994152, 0.5801809210526315, 0.02275219298245614, 0.006944444444444444
1 0.5567434210526315, 0.5807291666666666, 0.013980263157894737, 0.011878654970760233
1 0.5854349415204678, 0.5804550438596491, 0.02138157894736842, 0.010599415204678362
1 0.6245431286549707, 0.5804550438596491, 0.016721491228070175, 0.008223684210526315
1 0.3688779239766082, 0.5812774122807017, 0.0200109649122807, 0.012609649122807017
1 0.7912097953216374, 0.5807291666666666, 0.021107456140350877, 0.007858187134502924
1 0.799250730994152, 0.5807291666666666, 0.023848684210526317, 0.007858187134502924
1 0.8306834795321637, 0.5810032894736842, 0.019736842105263157, 0.008771929824561403
1 0.2736659356725146, 0.5815515350877193, 0.012883771929824562, 0.013157894736842105
1 0.26069078947368424, 0.5831962719298246, 0.010416666666666666, 0.0133406432748538
1 0.5786732456140351, 0.5815515350877193, 0.02138157894736842, 0.006944444444444444
1 0.7669042397660819, 0.5815515350877193, 0.02138157894736842, 0.009685672514619883
1 0.8400036549707602, 0.5815515350877193, 0.022203947368421052, 0.00804093567251462
1 0.10389254385964912, 0.5823739035087719, 0.01836622807017544, 0.00826937134502924
1 0.7025767543859649, 0.5826480263157895, 0.01617324561403509, 0.012426900584795321
1 0.3211805555555556, 0.5830921052631579, 0.02018366228070175, 0.011878654970760233
1 0.405062134502924, 0.5831962719298246, 0.015350877192982455, 0.005482456140350877
1 0.41091008771929827, 0.5831962719298246, 0.01781798245614035, 0.006578947368421052
1 0.21281067251461988, 0.5837445175438597, 0.01644736842105263, 0.009685672514619883
1 0.19124634502923976, 0.5842927631578947, 0.00712719298245614, 0.014437134502923976
1 0.4851059941520468, 0.5831962719298246, 0.0200109649122807, 0.007766812865497076
1 0.5046600877192983, 0.5842927631578947, 0.016721491228070175, 0.006944444444444444
1 0.17059576023391812, 0.5848410087719298, 0.01425438596491228, 0.013706140350877192
1 0.5235526315789474, 0.5845668859649122, 0.020043859649122808, 0.012540204678362574
1 0.4003106725146199, 0.5853892543859649, 0.013706140350877192, 0.004751461988304093
1 0.4918676900584795, 0.5851151315789473, 0.01781798245614035, 0.006030701754385965
1 0.643000730994152, 0.5853892543859649, 0.015076754385964912, 0.012609649122807017
1 0.13331505847953215, 0.5860745614035088, 0.019599780701754384, 0.009685672514619883
1 0.1283808479532164, 0.6034813596491229, 0.014802631578947368, 0.005665204678362573
1 0.13770102339181287, 0.6100603070175439, 0.02055921052631579, 0.006578947368421052
1 0.12874634502923976, 0.6158168859649122, 0.01699561403508772, 0.010782163742690058
1 0.35878106725146197, 0.5859375, 0.0165515350877193, 0.00826937134502924
1 0.3559027777777778, 0.601047149122807, 0.022171052631578946, 0.010051169590643274
1 0.4319261695906433, 0.5862116228070176, 0.010964912280701754, 0.006396198830409356
1 0.5406615497076024, 0.5862116228070176, 0.02055921052631579, 0.012244152046783625
1 0.7776864035087719, 0.5856633771929824, 0.017543859649122806, 0.008589181286549707
1 0.6141264619883041, 0.5864857456140351, 0.014528508771929825, 0.014802631578947368
1 0.615953947368421, 0.5966282894736842, 0.008771929824561403, 0.011878654970760233
1 0.15250365497076024, 0.5859046052631579, 0.011546052631578946, 0.005482456140350877
1 0.29194078947368424, 0.5867598684210527, 0.016721491228070175, 0.005299707602339181
1 0.4186312134502924, 0.5870339912280702, 0.014802631578947368, 0.01274671052631579
1 0.7360197368421053, 0.5867598684210527, 0.01864035087719298, 0.006578947368421052
1 0.7402229532163743, 0.5914199561403509, 0.011787280701754386, 0.015533625730994151
1 0.7252375730994152, 0.5875822368421053, 0.022478070175438597, 0.010051169590643274
1 0.09347587719298246, 0.5869654605263158, 0.01870888157894737, 0.010416666666666666
1 0.2736659356725146, 0.5878563596491229, 0.011787280701754386, 0.011513157894736841
1 0.3890497076023392, 0.586828399122807, 0.015213815789473685, 0.009159356725146199
1 0.45805921052631576, 0.5881304824561403, 0.00712719298245614, 0.014071637426900584
1 0.4978983918128655, 0.5881304824561403, 0.017543859649122806, 0.006030701754385965
1 0.5984100877192983, 0.5878563596491229, 0.015625, 0.007858187134502924
1 0.5896381578947368, 0.5886787280701754, 0.01425438596491228, 0.008223684210526315
1 0.5183662280701754, 0.588952850877193, 0.015625, 0.006396198830409356
1 0.26672149122807015, 0.5897752192982456, 0.012609649122807017, 0.006396198830409356
1 0.4745065789473684, 0.5900493421052632, 0.007675438596491228, 0.010051169590643274
1 0.6495796783625731, 0.5900493421052632, 0.010416666666666666, 0.006761695906432748
1 0.6537828947368421, 0.5900493421052632, 0.01343201754385965, 0.007675438596491228
1 0.20056652046783627, 0.5905975877192983, 0.008223684210526315, 0.012975146198830409
1 0.3272112573099415, 0.5905975877192983, 0.008771929824561403, 0.014437134502923976
1 0.32666301169590645, 0.5969024122807017, 0.009046052631578948, 0.014437134502923976
1 0.3215460526315789, 0.6026589912280702, 0.02275219298245614, 0.00804093567251462
1 0.08123172514619884, 0.5919682017543859, 0.013706140350877192, 0.007264254385964912
1 0.2389437134502924, 0.5916940789473685, 0.010416666666666666, 0.014985380116959063
1 0.23601973684210525, 0.5974506578947368, 0.008771929824561403, 0.015899122807017545
1 0.22304459064327486, 0.592516447368421, 0.01206140350877193, 0.01226608187134503
1 0.1446454678362573, 0.5919353070175439, 0.01949561403508772, 0.008406432748538011
1 0.28591008771929827, 0.5930646929824561, 0.01918859649122807, 0.00804093567251462
1 0.45604897660818716, 0.5927905701754386, 0.01069078947368421, 0.012609649122807017
1 0.6572551169590644, 0.5927905701754386, 0.013706140350877192, 0.0133406432748538
1 0.711531432748538, 0.5930646929824561, 0.01781798245614035, 0.010416666666666666
1 0.7617872807017544, 0.5927905701754386, 0.021107456140350877, 0.007858187134502924
1 0.11186220760233918, 0.5940734649122806, 0.013157894736842105, 0.006761695906432748
1 0.10648757309941521, 0.5974588815789474, 0.012883771929824562, 0.005116959064327485
1 0.27074195906432746, 0.5936129385964912, 0.02138157894736842, 0.006396198830409356
1 0.3111293859649123, 0.5936129385964912, 0.011513157894736841, 0.009685672514619883
1 0.4677448830409357, 0.5933388157894737, 0.01781798245614035, 0.0062134502923976605
1 0.07520102339181287, 0.5938870614035088, 0.013706140350877192, 0.006030701754385965
1 0.1583516081871345, 0.5938870614035088, 0.01617324561403509, 0.007675438596491228
1 0.25963998538011696, 0.5979989035087719, 0.018092105263157895, 0.0068987573099415205
1 0.38185307017543857, 0.5938870614035088, 0.0200109649122807, 0.006761695906432748
1 0.37472587719298245, 0.5963541666666666, 0.022171052631578946, 0.00771016081871345
1 0.7820723684210527, 0.5932017543859649, 0.019325657894736843, 0.009937865497076023
1 0.7893823099415205, 0.6029331140350878, 0.01699561403508772, 0.008223684210526315
1 0.7786001461988304, 0.6092379385964912, 0.01699561403508772, 0.010964912280701754
1 0.8500548245614035, 0.5941611842105263, 0.015350877192982455, 0.013157894736842105
1 0.4390533625730994, 0.594983552631579, 0.015625, 0.01206140350877193
1 0.5693530701754386, 0.5947094298245614, 0.01918859649122807, 0.007858187134502924
1 0.08712536549707603, 0.5958059210526315, 0.01069078947368421, 0.007629751461988304
1 0.0868969298245614, 0.6067708333333334, 0.01864035087719298, 0.0062134502923976605
1 0.29797149122807015, 0.5952576754385965, 0.017543859649122806, 0.013157894736842105
1 0.8802083333333334, 0.594983552631579, 0.02055921052631579, 0.009137426900584795
1 0.34402412280701755, 0.5955317982456141, 0.022203947368421052, 0.010051169590643274
1 0.5225694444444444, 0.5955317982456141, 0.013157894736842105, 0.015716374269005847
1 0.8193530701754386, 0.5955317982456141, 0.0200109649122807, 0.010782163742690058
1 0.8102156432748538, 0.6040296052631579, 0.011513157894736841, 0.015350877192982455
1 0.17132675438596492, 0.5960800438596491, 0.008771929824561403, 0.013888888888888888
1 0.16876827485380116, 0.6015625, 0.014802631578947368, 0.004751461988304093
1 0.16237207602339182, 0.606326754385965, 0.014150219298245613, 0.006030701754385965
1 0.42827119883040937, 0.5952247807017544, 0.019769736842105264, 0.005116959064327485
1 0.5079495614035088, 0.5963541666666666, 0.02138157894736842, 0.007858187134502924
1 0.6998355263157895, 0.5963541666666666, 0.010964912280701754, 0.012792397660818713
1 0.15497076023391812, 0.5960800438596491, 0.02206688596491228, 0.015259502923976608
1 0.4522112573099415, 0.5969024122807017, 0.009868421052631578, 0.007492690058479532
1 0.45860745614035087, 0.5996436403508771, 0.008771929824561403, 0.008406432748538011
1 0.6278326023391813, 0.5969024122807017, 0.01864035087719298, 0.00712719298245614
1 0.7559393274853801, 0.5966282894736842, 0.018092105263157895, 0.006761695906432748
1 0.05180921052631579, 0.5974506578947368, 0.007675438596491228, 0.014071637426900584
1 0.12417763157894737, 0.5974506578947368, 0.012883771929824562, 0.009137426900584795
1 0.20385599415204678, 0.5971765350877193, 0.00849780701754386, 0.015533625730994151
1 0.19636330409356725, 0.6037554824561403, 0.01864035087719298, 0.008223684210526315
1 0.43320540935672514, 0.5971765350877193, 0.022478070175438597, 0.005665204678362573
1 0.47359283625730997, 0.5974506578947368, 0.01864035087719298, 0.008223684210526315
1 0.4796235380116959, 0.598547149122807, 0.02275219298245614, 0.01023391812865497
1 0.8685124269005848, 0.5971765350877193, 0.024945175438596492, 0.012792397660818713
1 0.8624817251461988, 0.5990953947368421, 0.023300438596491228, 0.008954678362573099
1 0.06240862573099415, 0.5979989035087719, 0.009868421052631578, 0.012792397660818713
1 0.15012792397660818, 0.5977247807017544, 0.018914473684210526, 0.008771929824561403
1 0.7948647660818714, 0.5977247807017544, 0.0200109649122807, 0.008223684210526315
1 0.18247441520467836, 0.598547149122807, 0.020285087719298246, 0.007675438596491228
1 0.6333150584795322, 0.5982730263157895, 0.018092105263157895, 0.007309941520467836
1 0.6837536549707602, 0.5982730263157895, 0.017269736842105265, 0.007675438596491228
1 0.8367141812865497, 0.5982730263157895, 0.01781798245614035, 0.007309941520467836
1 0.1897843567251462, 0.5988212719298246, 0.009594298245614035, 0.006396198830409356
1 0.19014985380116958, 0.5988212719298246, 0.016721491228070175, 0.013523391812865496
1 0.2760416666666667, 0.5988212719298246, 0.01836622807017544, 0.00712719298245614
1 0.6587171052631579, 0.5990953947368421, 0.014802631578947368, 0.012975146198830409
1 0.13441154970760233, 0.5993695175438597, 0.01864035087719298, 0.010051169590643274
1 0.40078947368421053, 0.5996436403508771, 0.009594298245614035, 0.014689327485380117
1 0.6705957602339181, 0.5993695175438597, 0.01864035087719298, 0.007858187134502924
1 0.10960343567251463, 0.5999177631578947, 0.012335526315789474, 0.0167671783625731
1 0.4390533625730994, 0.6001918859649122, 0.020285087719298246, 0.006578947368421052
1 0.49004020467836257, 0.6001918859649122, 0.021929824561403508, 0.006030701754385965
1 0.6391630116959064, 0.6001918859649122, 0.015076754385964912, 0.008954678362573099
1 0.30272295321637427, 0.6004660087719298, 0.020833333333333332, 0.010416666666666666
1 0.29815423976608185, 0.6133497807017544, 0.018914473684210526, 0.0062134502923976605
1 0.4226059941520468, 0.6005345394736842, 0.0161047149122807, 0.005665204678362573
1 0.09402412280701754, 0.6010142543859649, 0.015350877192982455, 0.006396198830409356
1 0.22194809941520469, 0.6010142543859649, 0.011787280701754386, 0.011513157894736841
1 0.28271198830409355, 0.6010142543859649, 0.017269736842105265, 0.007035818713450292
1 0.6439144736842105, 0.6010142543859649, 0.014528508771929825, 0.01206140350877193
1 0.6413559941520468, 0.6125274122807017, 0.01644736842105263, 0.009502923976608187
1 0.7413194444444444, 0.6010142543859649, 0.021107456140350877, 0.01206140350877193
1 0.8268457602339181, 0.6012883771929824, 0.01644736842105263, 0.01023391812865497
1 0.6941703216374269, 0.6015625, 0.011787280701754386, 0.017726608187134504
1 0.26398026315789475, 0.6021107456140351, 0.01918859649122807, 0.0062134502923976605
1 0.5008223684210527, 0.6021107456140351, 0.017543859649122806, 0.006761695906432748
1 0.5276864035087719, 0.6021107456140351, 0.020627741228070175, 0.009868421052631578
1 0.5335343567251462, 0.6023848684210527, 0.01617324561403509, 0.0133406432748538
1 0.08159722222222222, 0.6026589912280702, 0.015350877192982455, 0.007492690058479532
1 0.09859283625730994, 0.6029331140350878, 0.01617324561403509, 0.007309941520467836
1 0.2069627192982456, 0.6026589912280702, 0.009868421052631578, 0.012244152046783625
1 0.20221125730994152, 0.6075932017543859, 0.016721491228070175, 0.00712719298245614
1 0.3639437134502924, 0.6026589912280702, 0.019736842105263157, 0.010211988304093568
1 0.5121527777777778, 0.6026589912280702, 0.026932565789473683, 0.011765350877192982
1 0.8873355263157895, 0.6029331140350878, 0.020833333333333332, 0.00932017543859649
1 0.17260599415204678, 0.6034813596491229, 0.014802631578947368, 0.010051169590643274
1 0.5735562865497076, 0.6032072368421053, 0.011239035087719298, 0.011239035087719298
1 0.5794042397660819, 0.6032072368421053, 0.012883771929824562, 0.01425438596491228
1 0.5945723684210527, 0.6032072368421053, 0.009046052631578948, 0.015350877192982455
1 0.690515350877193, 0.6034813596491229, 0.013706140350877192, 0.013797514619883041
1 0.7676352339181286, 0.6032072368421053, 0.017543859649122806, 0.006396198830409356
1 0.7742141812865497, 0.6032072368421053, 0.02055921052631579, 0.007492690058479532
1 0.3074744152046784, 0.6037554824561403, 0.024671052631578948, 0.009502923976608187
1 0.749360380116959, 0.6037554824561403, 0.020833333333333332, 0.01425438596491228
1 0.7623355263157895, 0.6136239035087719, 0.01864035087719298, 0.006944444444444444
1 0.23327850877192982, 0.6043037280701754, 0.007675438596491228, 0.014437134502923976
1 0.29175804093567254, 0.604577850877193, 0.021655701754385966, 0.00712719298245614
1 0.3283077485380117, 0.604577850877193, 0.020285087719298246, 0.008223684210526315
1 0.33433845029239767, 0.6043037280701754, 0.023574561403508772, 0.00932017543859649
1 0.04157529239766082, 0.6048519736842105, 0.012883771929824562, 0.015899122807017545
1 0.05436769005847953, 0.606359649122807, 0.01493969298245614, 0.007492690058479532
1 0.041209795321637425, 0.6130756578947368, 0.011513157894736841, 0.012883771929824562
1 0.0644188596491228, 0.6138980263157895, 0.017201206140350877, 0.005847953216374269
1 0.060581140350877194, 0.6086211622807017, 0.01953125, 0.006396198830409356
1 0.055281432748538015, 0.6204769736842105, 0.014802631578947368, 0.00804093567251462
1 0.06702302631578948, 0.6051260964912281, 0.009251644736842105, 0.007629751461988304
1 0.21957236842105263, 0.6048519736842105, 0.019462719298245616, 0.007858187134502924
1 0.5588450292397661, 0.6048519736842105, 0.015899122807017545, 0.009777046783625731
1 0.5565606725146199, 0.6163651315789473, 0.023300438596491228, 0.006944444444444444
1 0.6152229532163743, 0.6048519736842105, 0.01836622807017544, 0.011513157894736841
1 0.07538377192982457, 0.6062225877192983, 0.02138157894736842, 0.007309941520467836
1 0.3144407894736842, 0.6033771929824561, 0.022308114035087718, 0.008819444444444444
1 0.4145650584795322, 0.6059484649122807, 0.01699561403508772, 0.009685672514619883
1 0.7349232456140351, 0.6059484649122807, 0.019736842105263157, 0.007675438596491228
1 0.7312682748538012, 0.6111567982456141, 0.0200109649122807, 0.00932017543859649
1 0.7996162280701754, 0.6049890350877193, 0.02042214912280702, 0.012929459064327485
1 0.2484466374269006, 0.6064967105263158, 0.03042763157894737, 0.011513157894736841
1 0.3981176900584795, 0.6075932017543859, 0.00712719298245614, 0.0133406432748538
1 0.4010416666666667, 0.6116008771929824, 0.019292763157894736, 0.008110380116959064
1 0.4540387426900585, 0.6070449561403509, 0.019736842105263157, 0.007309941520467836
1 0.07026681286549707, 0.6075932017543859, 0.021107456140350877, 0.007858187134502924
1 0.34859283625730997, 0.6078673245614035, 0.021655701754385966, 0.006761695906432748
1 0.4949744152046784, 0.6075932017543859, 0.021929824561403508, 0.007858187134502924
1 0.4608004385964912, 0.6084155701754386, 0.01781798245614035, 0.005665204678362573
1 0.5401133040935673, 0.608141447368421, 0.013157894736842105, 0.014345760233918129
1 0.6609100877192983, 0.6084155701754386, 0.019736842105263157, 0.008954678362573099
1 0.11558845029239766, 0.6089638157894737, 0.012335526315789474, 0.012426900584795321
1 0.8460343567251462, 0.6089638157894737, 0.017543859649122806, 0.017178362573099414
1 0.6005116959064327, 0.6095120614035088, 0.011239035087719298, 0.015259502923976608
1 0.6503106725146199, 0.6095120614035088, 0.02055921052631579, 0.007309941520467836
1 0.7124451754385965, 0.6097861842105263, 0.01343201754385965, 0.011513157894736841
1 0.20476973684210525, 0.610608552631579, 0.023848684210526317, 0.01023391812865497
1 0.7208516081871345, 0.6103344298245614, 0.011513157894736841, 0.010599415204678362
1 0.234375, 0.6111567982456141, 0.019462719298245616, 0.009685672514619883
1 0.4845577485380117, 0.6111567982456141, 0.012883771929824562, 0.005847953216374269
1 0.5938413742690059, 0.6108826754385965, 0.015899122807017545, 0.008771929824561403
1 0.10133406432748537, 0.6117050438596491, 0.021929824561403508, 0.008863304093567252
1 0.4668311403508772, 0.6117050438596491, 0.01617324561403509, 0.007675438596491228
1 0.1697733918128655, 0.6119791666666666, 0.015625, 0.009046052631578948
1 0.18210891812865498, 0.6119791666666666, 0.01699561403508772, 0.008223684210526315
1 0.24168494152046785, 0.6125274122807017, 0.02055921052631579, 0.008771929824561403
1 0.1442799707602339, 0.6125274122807017, 0.013980263157894737, 0.006578947368421052
1 0.4713998538011696, 0.6128015350877193, 0.01836622807017544, 0.009685672514619883
1 0.10827850877192982, 0.6130756578947368, 0.01206140350877193, 0.013888888888888888
1 0.11869517543859649, 0.6245888157894737, 0.01864035087719298, 0.006944444444444444
1 0.2120796783625731, 0.6133497807017544, 0.01644736842105263, 0.00712719298245614
1 0.4494700292397661, 0.6133497807017544, 0.019462719298245616, 0.007492690058479532
1 0.22743055555555555, 0.6138980263157895, 0.011239035087719298, 0.003837719298245614
1 0.23108552631578946, 0.6138980263157895, 0.02138157894736842, 0.007309941520467836
1 0.40670687134502925, 0.6136239035087719, 0.020833333333333332, 0.00804093567251462
1 0.5218384502923976, 0.6138980263157895, 0.023026315789473683, 0.007675438596491228
1 0.8114948830409356, 0.6136239035087719, 0.014528508771929825, 0.012975146198830409
1 0.08854166666666667, 0.6144462719298246, 0.02138157894736842, 0.00932017543859649
1 0.548702485380117, 0.6144462719298246, 0.020833333333333332, 0.008223684210526315
1 0.6561586257309941, 0.614172149122807, 0.015899122807017545, 0.004751461988304093
1 0.7044042397660819, 0.6144462719298246, 0.012609649122807017, 0.013706140350877192
1 0.18686038011695907, 0.6149945175438597, 0.02138157894736842, 0.008954678362573099
1 0.42388523391812866, 0.6147203947368421, 0.020285087719298246, 0.006944444444444444
1 0.5397478070175439, 0.6131441885964912, 0.01884594298245614, 0.01322733918128655
1 0.5324378654970761, 0.6206469298245614, 0.015317982456140352, 0.009457236842105263
1 0.5644188596491229, 0.6147203947368421, 0.023574561403508772, 0.00804093567251462
1 0.5724597953216374, 0.6147203947368421, 0.007949561403508772, 0.009502923976608187
1 0.5872624269005848, 0.6147203947368421, 0.018092105263157895, 0.012244152046783625
1 0.8423793859649122, 0.6147203947368421, 0.019462719298245616, 0.009502923976608187
1 0.8816703216374269, 0.6149945175438597, 0.019462719298245616, 0.008589181286549707
1 0.6908808479532164, 0.6152686403508771, 0.017269736842105265, 0.01206140350877193
1 0.6959978070175439, 0.6166392543859649, 0.012335526315789474, 0.009685672514619883
1 0.07428728070175439, 0.6160910087719298, 0.02055921052631579, 0.013523391812865496
1 0.8367141812865497, 0.6171875, 0.01699561403508772, 0.008406432748538011
1 0.8206323099415205, 0.6185581140350878, 0.00932017543859649, 0.01608187134502924
1 0.8164290935672515, 0.6254111842105263, 0.013706140350877192, 0.01023391812865497
1 0.8482273391812866, 0.6167763157894737, 0.014391447368421052, 0.010873538011695907
1 0.9021381578947368, 0.6166392543859649, 0.0200109649122807, 0.008954678362573099
1 0.5746984649122807, 0.6171875, 0.016962719298245613, 0.012015716374269006
1 0.6316703216374269, 0.6169133771929824, 0.013157894736842105, 0.01608187134502924
1 0.9147478070175439, 0.6169133771929824, 0.012335526315789474, 0.017178362573099414
1 0.6859466374269005, 0.6177357456140351, 0.015350877192982455, 0.006396198830409356
1 0.03188961988304093, 0.6180098684210527, 0.007401315789473684, 0.008954678362573099
1 0.1585343567251462, 0.6179413377192983, 0.02528782894736842, 0.010964912280701754
1 0.6647478070175439, 0.6188322368421053, 0.011239035087719298, 0.010782163742690058
1 0.7054093567251462, 0.6185581140350878, 0.015899122807017545, 0.01069078947368421
1 0.09292763157894737, 0.6193804824561403, 0.02275219298245614, 0.008954678362573099
1 0.36540570175438597, 0.6193804824561403, 0.010142543859649123, 0.017726608187134504
1 0.7855445906432749, 0.6191063596491229, 0.011787280701754386, 0.01516812865497076
1 0.04815423976608187, 0.6196546052631579, 0.0200109649122807, 0.008406432748538011
1 0.34055190058479534, 0.6196546052631579, 0.018914473684210526, 0.008406432748538011
1 0.4286366959064328, 0.6199287280701754, 0.019736842105263157, 0.0062134502923976605
1 0.5021016081871345, 0.6196546052631579, 0.021655701754385966, 0.007309941520467836
1 0.4978983918128655, 0.6308936403508771, 0.024396929824561403, 0.007309941520467836
1 0.6024305555555556, 0.6196546052631579, 0.007949561403508772, 0.009685672514619883
1 0.44069809941520466, 0.620202850877193, 0.02055921052631579, 0.008589181286549707
1 0.7700109649122807, 0.6204769736842105, 0.022478070175438597, 0.00712719298245614
1 0.8961074561403509, 0.6215734649122807, 0.010416666666666666, 0.006030701754385965
1 0.10882675438596491, 0.6223958333333334, 0.021929824561403508, 0.009868421052631578
1 0.12399488304093567, 0.6221217105263158, 0.02055921052631579, 0.008223684210526315
1 0.1897843567251462, 0.6218475877192983, 0.0200109649122807, 0.012792397660818713
1 0.34749634502923976, 0.6218475877192983, 0.02055921052631579, 0.015350877192982455
1 0.6115679824561403, 0.6223958333333334, 0.015899122807017545, 0.01023391812865497
1 0.10243055555555555, 0.6226699561403509, 0.018229166666666668, 0.009502923976608187
1 0.3862390350877193, 0.6226699561403509, 0.019462719298245616, 0.01114766081871345
1 0.8050986842105263, 0.6223958333333334, 0.018092105263157895, 0.010782163742690058
1 0.8032711988304093, 0.6259594298245614, 0.025219298245614034, 0.01114766081871345
1 0.2899305555555556, 0.6232182017543859, 0.015899122807017545, 0.007675438596491228
1 0.45915570175438597, 0.6234923245614035, 0.013706140350877192, 0.010416666666666666
1 0.4915021929824561, 0.623766447368421, 0.017269736842105265, 0.00712719298245614
1 0.7170138888888888, 0.623766447368421, 0.007949561403508772, 0.006578947368421052
1 0.7177448830409356, 0.6306195175438597, 0.02412280701754386, 0.00932017543859649
1 0.7484466374269005, 0.623766447368421, 0.021929824561403508, 0.012244152046783625
1 0.8610197368421053, 0.6350054824561403, 0.020285087719298246, 0.010416666666666666
1 0.411641081871345, 0.6243146929824561, 0.01781798245614035, 0.011695906432748537
1 0.03718932748538012, 0.6245888157894737, 0.014528508771929825, 0.01206140350877193
1 0.15085891812865498, 0.6248629385964912, 0.018914473684210526, 0.009685672514619883
1 0.48583698830409355, 0.6251370614035088, 0.021107456140350877, 0.010416666666666666
1 0.26690423976608185, 0.6256853070175439, 0.023574561403508772, 0.012244152046783625
1 0.6351425438596491, 0.6254111842105263, 0.018092105263157895, 0.010416666666666666
1 0.8842288011695907, 0.6251370614035088, 0.015899122807017545, 0.011695906432748537
1 0.13733552631578946, 0.6256853070175439, 0.019736842105263157, 0.012792397660818713
1 0.7257858187134503, 0.6259594298245614, 0.02055921052631579, 0.009137426900584795
1 0.734375, 0.6265076754385965, 0.015625, 0.014071637426900584
1 0.7226790935672515, 0.6267817982456141, 0.012883771929824562, 0.005299707602339181
1 0.7754934210526315, 0.6259594298245614, 0.018092105263157895, 0.01114766081871345
1 0.32631944444444444, 0.626233552631579, 0.009046052631578948, 0.01587719298245614
1 0.030975877192982455, 0.6267817982456141, 0.01206140350877193, 0.010782163742690058
1 0.26324926900584794, 0.6267817982456141, 0.007675438596491228, 0.007858187134502924
1 0.5839729532163743, 0.6273300438596491, 0.016721491228070175, 0.012975146198830409
1 0.6046235380116959, 0.6273300438596491, 0.018092105263157895, 0.01608187134502924
1 0.8749086257309941, 0.6276041666666666, 0.01069078947368421, 0.006944444444444444
1 0.46792763157894735, 0.6278782894736842, 0.013980263157894737, 0.010051169590643274
1 0.8241045321637427, 0.6278782894736842, 0.015350877192982455, 0.0133406432748538
1 0.9067068713450293, 0.6278782894736842, 0.020833333333333332, 0.010964912280701754
1 0.9129203216374269, 0.6489857456140351, 0.015076754385964912, 0.00804093567251462
1 0.3630299707602339, 0.6284265350877193, 0.011239035087719298, 0.018092105263157895
1 0.3732638888888889, 0.6287006578947368, 0.013706140350877192, 0.01206140350877193
1 0.438687865497076, 0.6292489035087719, 0.014528508771929825, 0.005482456140350877
1 0.48236476608187134, 0.6289747807017544, 0.020285087719298246, 0.01023391812865497
1 0.7829861111111112, 0.6289747807017544, 0.013980263157894737, 0.010599415204678362
1 0.9185855263157895, 0.6292489035087719, 0.015899122807017545, 0.015533625730994151
1 0.9341191520467836, 0.6369928728070176, 0.022683662280701754, 0.011330409356725146
1 0.17370248538011696, 0.629797149122807, 0.007949561403508772, 0.012609649122807017
1 0.6283808479532164, 0.6295230263157895, 0.020115131578947367, 0.015968567251461986
1 0.16639254385964913, 0.6300712719298246, 0.018914473684210526, 0.00712719298245614
1 0.21408991228070176, 0.6300712719298246, 0.021655701754385966, 0.009685672514619883
1 0.5686220760233918, 0.6303453947368421, 0.019841008771929822, 0.009548611111111112
1 0.8520650584795322, 0.6308936403508771, 0.020285087719298246, 0.007675438596491228
1 0.9467288011695907, 0.6308936403508771, 0.020833333333333332, 0.012792397660818713
1 0.9564144736842105, 0.6314418859649122, 0.01864035087719298, 0.010051169590643274
1 0.9655519005847953, 0.6391173245614035, 0.020833333333333332, 0.011513157894736841
1 0.9580592105263158, 0.6480263157894737, 0.019325657894736843, 0.01827485380116959
1 0.4565972222222222, 0.6314418859649122, 0.01781798245614035, 0.006761695906432748
1 0.5070358187134503, 0.6311677631578947, 0.021929824561403508, 0.006944444444444444
1 0.5982273391812866, 0.6311677631578947, 0.020389254385964912, 0.01882309941520468
1 0.42041301169590645, 0.6319901315789473, 0.019462719298245616, 0.006396198830409356
1 0.43393640350877194, 0.6317160087719298, 0.01918859649122807, 0.005847953216374269
1 0.6495796783625731, 0.6317160087719298, 0.023026315789473683, 0.006944444444444444
1 0.6731542397660819, 0.6319901315789473, 0.020833333333333332, 0.012792397660818713
1 0.7908442982456141, 0.6319901315789473, 0.012335526315789474, 0.015899122807017545
1 0.8279422514619883, 0.6319901315789473, 0.0200109649122807, 0.010599415204678362
1 0.4777960526315789, 0.6322642543859649, 0.01343201754385965, 0.004568713450292397
1 0.5359100877192983, 0.6325383771929824, 0.019462719298245616, 0.00804093567251462
1 0.6950840643274854, 0.6325383771929824, 0.01864035087719298, 0.011878654970760233
1 0.8370796783625731, 0.6325383771929824, 0.017269736842105265, 0.006761695906432748
1 0.8370796783625731, 0.6503563596491229, 0.0200109649122807, 0.008771929824561403
1 0.9048793859649122, 0.6396655701754386, 0.010964912280701754, 0.009137426900584795
1 0.6440972222222222, 0.6328125, 0.023196271929824562, 0.005116959064327485
1 0.7639802631578947, 0.6328125, 0.01836622807017544, 0.01114766081871345
1 0.31295687134502925, 0.6336348684210527, 0.022203947368421052, 0.007309941520467836
1 0.5454130116959064, 0.6336348684210527, 0.015076754385964912, 0.013523391812865496
1 0.7460709064327485, 0.6333607456140351, 0.02275219298245614, 0.009868421052631578
1 0.5304276315789473, 0.6341831140350878, 0.01699561403508772, 0.006761695906432748
1 0.844389619883041, 0.6339089912280702, 0.01617324561403509, 0.008223684210526315
1 0.2555738304093567, 0.6344572368421053, 0.011239035087719298, 0.0133406432748538
1 0.27202119883040937, 0.6347313596491229, 0.017543859649122806, 0.00804093567251462
1 0.35827850877192985, 0.6347313596491229, 0.016721491228070175, 0.008954678362573099
1 0.6793676900584795, 0.6350054824561403, 0.014528508771929825, 0.012244152046783625
1 0.6777923976608188, 0.6476151315789473, 0.011513157894736841, 0.007240497076023391
1 0.68265716374269, 0.6561129385964912, 0.013706140350877192, 0.006396198830409356
1 0.2965095029239766, 0.6352796052631579, 0.01699561403508772, 0.006396198830409356
1 0.3869700292397661, 0.6352796052631579, 0.01781798245614035, 0.010782163742690058
1 0.44764254385964913, 0.6352796052631579, 0.019736842105263157, 0.007675438596491228
1 0.5130665204678363, 0.6350054824561403, 0.01699561403508772, 0.012609649122807017
1 0.7104349415204678, 0.6352796052631579, 0.023300438596491228, 0.011878654970760233
1 0.12856359649122806, 0.6355537280701754, 0.016721491228070175, 0.009685672514619883
1 0.2033077485380117, 0.6355537280701754, 0.00849780701754386, 0.010051169590643274
1 0.2760416666666667, 0.6355537280701754, 0.021107456140350877, 0.009502923976608187
1 0.2879203216374269, 0.6355537280701754, 0.01617324561403509, 0.008223684210526315
1 0.28042763157894735, 0.6385690789473685, 0.025767543859649123, 0.00932017543859649
1 0.4635416666666667, 0.635827850877193, 0.021107456140350877, 0.007309941520467836
1 0.6565241228070176, 0.6355537280701754, 0.024945175438596492, 0.011513157894736841
1 0.14263523391812866, 0.6361019736842105, 0.01836622807017544, 0.006944444444444444
1 0.32958698830409355, 0.6363760964912281, 0.02412280701754386, 0.008954678362573099
1 0.7069627192982456, 0.6363760964912281, 0.023848684210526317, 0.010599415204678362
1 0.24972587719298245, 0.6369243421052632, 0.021929824561403508, 0.006578947368421052
1 0.24369517543859648, 0.6371984649122807, 0.017543859649122806, 0.006030701754385965
1 0.6671235380116959, 0.6370285087719298, 0.018536184210526316, 0.00829312865497076
1 0.3376279239766082, 0.6380208333333334, 0.019462719298245616, 0.009137426900584795
1 0.17863669590643275, 0.6385690789473685, 0.0200109649122807, 0.008406432748538011
1 0.3061951754385965, 0.6382949561403509, 0.0200109649122807, 0.008223684210526315
1 0.8153326023391813, 0.6385690789473685, 0.01644736842105263, 0.00804093567251462
1 0.42443347953216376, 0.639391447368421, 0.018092105263157895, 0.005116959064327485
1 0.522203947368421, 0.6396655701754386, 0.017543859649122806, 0.008406432748538011
1 0.5218384502923976, 0.6572094298245614, 0.01644736842105263, 0.006578947368421052
1 0.5636878654970761, 0.6385361842105264, 0.02525219298245614, 0.007858187134502924
1 0.6901498538011696, 0.639391447368421, 0.00849780701754386, 0.010051169590643274
1 0.6857638888888888, 0.6426809210526315, 0.022203947368421052, 0.006761695906432748
1 0.778234649122807, 0.6396655701754386, 0.01425438596491228, 0.017361111111111112
1 0.3502375730994152, 0.6402138157894737, 0.022203947368421052, 0.008589181286549707
1 0.35754751461988304, 0.6435032894736842, 0.017269736842105265, 0.005116959064327485
1 0.3675986842105263, 0.6402138157894737, 0.012883771929824562, 0.009685672514619883
1 0.37436038011695905, 0.6399396929824561, 0.016721491228070175, 0.010051169590643274
1 0.411641081871345, 0.6399396929824561, 0.02275219298245614, 0.00804093567251462
1 0.42790570175438597, 0.6399396929824561, 0.021107456140350877, 0.007309941520467836
1 0.18686038011695907, 0.6407620614035088, 0.018914473684210526, 0.006944444444444444
1 0.22012061403508773, 0.6509046052631579, 0.015350877192982455, 0.006944444444444444
1 0.4540387426900585, 0.6407620614035088, 0.020833333333333332, 0.006761695906432748
1 0.16255482456140352, 0.6413103070175439, 0.022203947368421052, 0.015350877192982455
1 0.5916483918128655, 0.6413103070175439, 0.010142543859649123, 0.010051169590643274
1 0.7349232456140351, 0.6413103070175439, 0.014802631578947368, 0.007492690058479532
1 0.20221125730994152, 0.6424067982456141, 0.012335526315789474, 0.007858187134502924
1 0.7422331871345029, 0.641858552631579, 0.01836622807017544, 0.01023391812865497
1 0.8825840643274854, 0.6424067982456141, 0.01918859649122807, 0.007858187134502924
1 0.5556469298245614, 0.6426809210526315, 0.022478070175438597, 0.007309941520467836
1 0.6205226608187134, 0.641515899122807, 0.01103344298245614, 0.01800073099415205
1 0.40286915204678364, 0.6435032894736842, 0.023848684210526317, 0.010964912280701754
1 0.47359283625730997, 0.6435032894736842, 0.021655701754385966, 0.00804093567251462
1 0.5479714912280702, 0.6432291666666666, 0.018092105263157895, 0.007492690058479532
1 0.5432200292397661, 0.6440515350877193, 0.02768640350877193, 0.006396198830409356
1 0.8217288011695907, 0.6435032894736842, 0.022478070175438597, 0.007492690058479532
1 0.08452119883040936, 0.6443256578947368, 0.01000548245614035, 0.012792397660818713
1 0.44124634502923976, 0.6440515350877193, 0.02549342105263158, 0.009502923976608187
1 0.4284539473684211, 0.651452850877193, 0.017269736842105265, 0.01206140350877193
1 0.43832236842105265, 0.655016447368421, 0.01644736842105263, 0.00804093567251462
1 0.2550255847953216, 0.6445997807017544, 0.02275219298245614, 0.007675438596491228
1 0.7906615497076024, 0.6451480263157895, 0.013157894736842105, 0.01644736842105263
1 0.480171783625731, 0.645422149122807, 0.010964912280701754, 0.012609649122807017
1 0.5847496345029239, 0.6437774122807017, 0.02631578947368421, 0.010370979532163743
1 0.6917945906432749, 0.6456962719298246, 0.020285087719298246, 0.011878654970760233
1 0.727796052631579, 0.6459703947368421, 0.01918859649122807, 0.01206140350877193
1 0.3447551169590643, 0.6462445175438597, 0.020285087719298246, 0.008954678362573099
1 0.5147112573099415, 0.6462445175438597, 0.015625, 0.00932017543859649
1 0.1267361111111111, 0.6465186403508771, 0.02055921052631579, 0.0133406432748538
1 0.3675986842105263, 0.6467927631578947, 0.021929824561403508, 0.007858187134502924
1 0.1528691520467836, 0.6473410087719298, 0.021107456140350877, 0.012426900584795321
1 0.23181652046783627, 0.6470668859649122, 0.019736842105263157, 0.011330409356725146
1 0.7574013157894737, 0.6473410087719298, 0.007949561403508772, 0.008771929824561403
1 0.7502741228070176, 0.6551535087719298, 0.009731359649122808, 0.01608187134502924
1 0.7661732456140351, 0.6555646929824561, 0.009594298245614035, 0.004751461988304093
1 0.7628837719298246, 0.6635142543859649, 0.02055921052631579, 0.006578947368421052
1 0.5296966374269005, 0.6478892543859649, 0.01644736842105263, 0.007492690058479532
1 0.5362755847953217, 0.6530975877192983, 0.022478070175438597, 0.00804093567251462
1 0.5273209064327485, 0.655016447368421, 0.023026315789473683, 0.010782163742690058
1 0.1314875730994152, 0.6484375, 0.018914473684210526, 0.012975146198830409
1 0.22633406432748537, 0.6487116228070176, 0.021107456140350877, 0.010964912280701754
1 0.30180921052631576, 0.6487116228070176, 0.010964912280701754, 0.008406432748538011
1 0.38770102339181284, 0.6484375, 0.018914473684210526, 0.009868421052631578
1 0.5786732456140351, 0.6479577850877193, 0.020490679824561403, 0.009685672514619883
1 0.5996893274853801, 0.6484375, 0.01864035087719298, 0.00804093567251462
1 0.6501736111111112, 0.6481633771929824, 0.024945175438596492, 0.01183296783625731
1 0.2888340643274854, 0.6489857456140351, 0.013980263157894737, 0.0062134502923976605
1 0.5026498538011696, 0.6487116228070176, 0.018092105263157895, 0.0062134502923976605
1 0.49515716374269003, 0.6525493421052632, 0.019462719298245616, 0.01023391812865497
1 0.48729897660818716, 0.6533717105263158, 0.017269736842105265, 0.007858187134502924
1 0.8429276315789473, 0.6492598684210527, 0.01836622807017544, 0.009502923976608187
1 0.19289108187134502, 0.6503563596491229, 0.015625, 0.008954678362573099
1 0.6313048245614035, 0.6500822368421053, 0.01918859649122807, 0.011513157894736841
1 0.9025036549707602, 0.6506304824561403, 0.015350877192982455, 0.01114766081871345
1 0.14738669590643275, 0.6511787280701754, 0.023300438596491228, 0.008771929824561403
1 0.4182200292397661, 0.6511787280701754, 0.019736842105263157, 0.010782163742690058
1 0.5664290935672515, 0.651452850877193, 0.02275219298245614, 0.010416666666666666
1 0.3630299707602339, 0.6522752192982456, 0.015625, 0.006030701754385965
1 0.792671783625731, 0.6522752192982456, 0.014802631578947368, 0.013523391812865496
1 0.8288559941520468, 0.6522752192982456, 0.02055921052631579, 0.012426900584795321
1 0.261421783625731, 0.6528234649122807, 0.017543859649122806, 0.007492690058479532
1 0.5932931286549707, 0.6525493421052632, 0.02055921052631579, 0.008589181286549707
1 0.6749817251461988, 0.6528234649122807, 0.017543859649122806, 0.006761695906432748
1 0.6747989766081871, 0.6665296052631579, 0.020833333333333332, 0.010782163742690058
1 0.20239400584795322, 0.6533717105263158, 0.01069078947368421, 0.015533625730994151
1 0.24113669590643275, 0.6530975877192983, 0.010964912280701754, 0.009502923976608187
1 0.22998903508771928, 0.6615953947368421, 0.016721491228070175, 0.011878654970760233
1 0.2970577485380117, 0.6530975877192983, 0.013157894736842105, 0.010051169590643274
1 0.5598501461988304, 0.6530975877192983, 0.015625, 0.004751461988304093
1 0.6228983918128655, 0.6541940789473685, 0.025767543859649123, 0.009137426900584795
1 0.7696454678362573, 0.6541940789473685, 0.021107456140350877, 0.007858187134502924
1 0.47889254385964913, 0.655016447368421, 0.015076754385964912, 0.010051169590643274
1 0.607547514619883, 0.655016447368421, 0.020833333333333332, 0.006944444444444444
1 0.7981542397660819, 0.655016447368421, 0.015899122807017545, 0.010782163742690058
1 0.8058296783625731, 0.655016447368421, 0.024945175438596492, 0.008406432748538011
1 0.6685855263157895, 0.6552905701754386, 0.02549342105263158, 0.007492690058479532
1 0.813139619883041, 0.6552905701754386, 0.020285087719298246, 0.008589181286549707
1 0.2864583333333333, 0.6558388157894737, 0.024671052631578948, 0.010964912280701754
1 0.852796052631579, 0.6561129385964912, 0.02768640350877193, 0.011330409356725146
1 0.3146016081871345, 0.6563870614035088, 0.010142543859649123, 0.009137426900584795
1 0.3074744152046784, 0.6607730263157895, 0.01343201754385965, 0.012883771929824562
1 0.694718567251462, 0.6569353070175439, 0.01699561403508772, 0.01023391812865497
1 0.24004020467836257, 0.657483552631579, 0.024396929824561403, 0.011878654970760233
1 0.2661732456140351, 0.6577576754385965, 0.022478070175438597, 0.013706140350877192
1 0.28188961988304095, 0.657483552631579, 0.015350877192982455, 0.007309941520467836
1 0.5026498538011696, 0.6577576754385965, 0.02275219298245614, 0.011878654970760233
1 0.2164656432748538, 0.6583059210526315, 0.021107456140350877, 0.010051169590643274
1 0.1355080409356725, 0.6594024122807017, 0.023026315789473683, 0.012244152046783625
1 0.1272843567251462, 0.6613212719298246, 0.02138157894736842, 0.014345760233918129
1 0.5464638157894737, 0.6594024122807017, 0.019462719298245616, 0.008452119883040937
1 0.5512609649122807, 0.6662554824561403, 0.015899122807017545, 0.009137426900584795
1 0.41310307017543857, 0.6596765350877193, 0.017543859649122806, 0.00804093567251462
1 0.5777595029239766, 0.6596765350877193, 0.01836622807017544, 0.006396198830409356
1 0.6033442982456141, 0.6599506578947368, 0.01918859649122807, 0.006030701754385965
1 0.7044042397660819, 0.6596765350877193, 0.009046052631578948, 0.017178362573099414
1 0.16547880116959066, 0.6604989035087719, 0.022203947368421052, 0.01023391812865497
1 0.20513523391812866, 0.6602247807017544, 0.020833333333333332, 0.010599415204678362
1 0.5158077485380117, 0.6602247807017544, 0.021107456140350877, 0.007858187134502924
1 0.6536220760233918, 0.661047149122807, 0.024945175438596492, 0.011125730994152047
1 0.5706323099415205, 0.6613212719298246, 0.0200109649122807, 0.008223684210526315
1 0.18612938596491227, 0.6621436403508771, 0.019462719298245616, 0.009137426900584795
1 0.6645650584795322, 0.6618695175438597, 0.022203947368421052, 0.00712719298245614
1 0.7517361111111112, 0.6621436403508771, 0.0200109649122807, 0.008223684210526315
1 0.24479166666666666, 0.6624177631578947, 0.021655701754385966, 0.010599415204678362
1 0.25063961988304095, 0.6665296052631579, 0.02631578947368421, 0.008406432748538011
1 0.2970577485380117, 0.6626918859649122, 0.022478070175438597, 0.006030701754385965
1 0.81734283625731, 0.6626918859649122, 0.01617324561403509, 0.008223684210526315
1 0.888797514619883, 0.6629660087719298, 0.016721491228070175, 0.01644736842105263
1 0.7303545321637427, 0.6640625, 0.023574561403508772, 0.007858187134502924
1 0.7440606725146199, 0.6640625, 0.023848684210526317, 0.010599415204678362
1 0.7776864035087719, 0.6643366228070176, 0.023300438596491228, 0.01023391812865497
1 0.19563230994152048, 0.6648848684210527, 0.015076754385964912, 0.01206140350877193
1 0.7380299707602339, 0.6646107456140351, 0.022478070175438597, 0.006578947368421052
1 0.7566703216374269, 0.6648848684210527, 0.0200109649122807, 0.0062134502923976605
1 0.7904788011695907, 0.6646107456140351, 0.026041666666666668, 0.009685672514619883
1 0.1716922514619883, 0.6651589912280702, 0.0200109649122807, 0.009137426900584795
1 0.21262792397660818, 0.6654331140350878, 0.02055921052631579, 0.01114766081871345
1 0.18210891812865498, 0.6662554824561403, 0.01617324561403509, 0.006396198830409356
1 0.7128106725146199, 0.6665296052631579, 0.011513157894736841, 0.010599415204678362
1 0.7734831871345029, 0.6668037280701754, 0.015625, 0.005116959064327485
1 0.29139254385964913, 0.6676260964912281, 0.017269736842105265, 0.006396198830409356
1 0.30308845029239767, 0.6673519736842105, 0.013157894736842105, 0.008589181286549707
1 0.3067434210526316, 0.6681743421052632, 0.010964912280701754, 0.01023391812865497
1 0.32264254385964913, 0.6676260964912281, 0.015625, 0.012792397660818713
1 0.5059393274853801, 0.6673519736842105, 0.02275219298245614, 0.009685672514619883
1 0.6846673976608187, 0.6673519736842105, 0.023026315789473683, 0.007675438596491228
1 0.8213633040935673, 0.6673519736842105, 0.01781798245614035, 0.008406432748538011
1 0.06460160818713451, 0.6679002192982456, 0.021107456140350877, 0.013523391812865496
1 0.07967836257309942, 0.6681743421052632, 0.024739583333333332, 0.01745248538011696
1 0.23017178362573099, 0.6679002192982456, 0.01864035087719298, 0.010599415204678362
1 0.5806834795321637, 0.6679002192982456, 0.01343201754385965, 0.00932017543859649
1 0.1768092105263158, 0.6684484649122807, 0.0200109649122807, 0.0062134502923976605
1 0.27713815789473684, 0.6687225877192983, 0.0200109649122807, 0.011513157894736841
1 0.638797514619883, 0.6684484649122807, 0.014528508771929825, 0.01206140350877193
1 0.7036732456140351, 0.6687225877192983, 0.019736842105263157, 0.004751461988304093
1 0.7076937134502924, 0.6692708333333334, 0.019736842105263157, 0.005482456140350877
1 0.8266630116959064, 0.6687225877192983, 0.01644736842105263, 0.01023391812865497
1 0.6919773391812866, 0.6689967105263158, 0.023300438596491228, 0.007309941520467836
1 0.634046052631579, 0.6700932017543859, 0.012883771929824562, 0.009868421052631578
1 0.6987390350877193, 0.6698190789473685, 0.020833333333333332, 0.005116959064327485
1 0.798702485380117, 0.6698190789473685, 0.021929824561403508, 0.006396198830409356
1 0.07081505847953216, 0.6709155701754386, 0.017543859649122806, 0.012426900584795321
1 0.5890899122807017, 0.6711896929824561, 0.01343201754385965, 0.008954678362573099
1 0.6080043859649122, 0.6717379385964912, 0.026041666666666668, 0.012198464912280702
1 0.016721491228070175, 0.6728344298245614, 0.015076754385964912, 0.010051169590643274
1 0.7137244152046783, 0.6728344298245614, 0.013706140350877192, 0.009502923976608187
1 0.8370796783625731, 0.6744791666666666, 0.020833333333333332, 0.011695906432748537
1 0.8328764619883041, 0.6769462719298246, 0.01864035087719298, 0.010782163742690058
1 0.14007675438596492, 0.6761239035087719, 0.01206140350877193, 0.017726608187134504
1 0.803453947368421, 0.6761239035087719, 0.021107456140350877, 0.008589181286549707
1 0.7639802631578947, 0.6769462719298246, 0.016721491228070175, 0.010782163742690058
1 0.7822551169590644, 0.6774945175438597, 0.014528508771929825, 0.009868421052631578
1 0.26800073099415206, 0.6816063596491229, 0.021929824561403508, 0.007309941520467836
1 0.8208150584795322, 0.6843475877192983, 0.017269736842105265, 0.011878654970760233
1 0.9295504385964912, 0.6873629385964912, 0.022203947368421052, 0.009868421052631578
1 0.7400402046783626, 0.6892817982456141, 0.018092105263157895, 0.014802631578947368
1 0.7909356725146199, 0.6931195175438597, 0.023848684210526317, 0.016721491228070175
1 0.25922880116959063, 0.7265625, 0.00712719298245614, 0.008954678362573099
1 0.0695358187134503, 0.7314967105263158, 0.02055921052631579, 0.009959795321637427
1 0.30683479532163743, 0.7364309210526315, 0.015350877192982455, 0.009228801169590644
1 0.4699835526315789, 0.7358826754385965, 0.015556469298245614, 0.00872624269005848
1 0.2652595029239766, 0.7408168859649122, 0.012883771929824562, 0.010416666666666666
1 0.7241410818713451, 0.7495888157894737, 0.019462719298245616, 0.007675438596491228
1 0.8754568713450293, 0.7495888157894737, 0.010964912280701754, 0.01425438596491228
1 0.7690972222222222, 0.7520559210526315, 0.011513157894736841, 0.008771929824561403
1 0.8844115497076024, 0.7635690789473685, 0.009868421052631578, 0.014985380116959063
1 0.16940789473684212, 0.7638432017543859, 0.01768092105263158, 0.005391081871345029
1 0.5840953947368421, 0.8089364035087719, 0.022510964912280704, 0.014862938596491227
1 0.5736933479532164, 0.8079084429824561, 0.010553728070175438, 0.02042214912280702
1 0.25410818713450295, 0.6049205043859649, 0.016110197368421054, 0.009594298245614035
1 0.2520796783625731, 0.5944353070175439, 0.017406798245614034, 0.01500730994152047
1 0.23313048245614035, 0.5734320175438596, 0.017132675438596492, 0.009925073099415205
1 0.22813961988304096, 0.5799396929824561, 0.01859100877192982, 0.018044590643274853
1 0.30009502923976605, 0.5821683114035088, 0.016378837719298246, 0.00945906432748538
1 0.2965095029239766, 0.5831962719298246, 0.018434758771929825, 0.006807383040935673
1 0.3151041666666667, 0.5802494517543859, 0.01864035087719298, 0.01251827485380117
1 0.32319078947368424, 0.5677768640350878, 0.01584703947368421, 0.010908260233918127
1 0.37815241228070173, 0.5800438596491229, 0.01528234649122807, 0.01768092105263158
1 0.38034904970760236, 0.585452302631579, 0.012820723684210528, 0.015237573099415204
1 0.38790570175438593, 0.5918695175438596, 0.019942434210526317, 0.011993786549707602
1 0.38861476608187134, 0.5973135964912281, 0.018125000000000002, 0.012655336257309942
1 0.5561494883040936, 0.5938870614035088, 0.007606907894736842, 0.01516812865497076
1 0.5542452485380117, 0.6005071271929825, 0.009936951754385965, 0.014345760233918129
1 0.6257309941520468, 0.6134539473684211, 0.01915296052631579, 0.010073099415204678
1 0.6199287280701754, 0.6156112938596491, 0.023884320175438595, 0.008817616959064328
1 0.671030701754386, 0.6223629385964913, 0.014904057017543859, 0.015052997076023393
1 0.6639711257309941, 0.6302083333333334, 0.01949561403508772, 0.007766812865497076
1 0.8905336257309941, 0.6336348684210527, 0.02261513157894737, 0.007675438596491228
1 0.897562134502924, 0.6325603070175438, 0.021929824561403508, 0.0069901315789473685
1 0.9162554824561403, 0.6363760964912281, 0.027275219298245616, 0.014482821637426901
1 0.9200091374269006, 0.6341529605263158, 0.021485745614035087, 0.017308114035087717
1 0.9445138888888889, 0.6364802631578947, 0.02261513157894737, 0.012653508771929823
1 0.9377046783625731, 0.6364172149122808, 0.023739035087719296, 0.014643640350877191
1 0.45515716374269005, 0.5572587719298245, 0.011683114035087719, 0.012039473684210525
1 0.45652777777777775, 0.5491008771929824, 0.012302631578947369, 0.013547149122807016
1 0.04015899122807018, 0.6726973684210527, 0.01206140350877193, 0.009731359649122808
1 0.14683845029239767, 0.5765487938596491, 0.015693530701754384, 0.011558845029239767
1 0.14165204678362572, 0.5898081140350877, 0.012335526315789474, 0.006352339181286549
1 0.19522112573099415, 0.6356250000000001, 0.022883771929824562, 0.010188230994152047
1 0.22203947368421054, 0.6446683114035088, 0.013086622807017544, 0.007309941520467836
1 0.22957785087719298, 0.6410389254385965, 0.010548245614035086, 0.015579312865497076
1 0.2530610380116959, 0.5836074561403509, 0.014865679824561403, 0.015716374269005847
1 0.3212262426900585, 0.6589775219298245, 0.018703399122807017, 0.010736476608187134
1 0.3185763888888889, 0.6606907894736842, 0.016373355263157894, 0.008589181286549707
1 0.3444809941520468, 0.5690131578947369, 0.019114583333333334, 0.0068987573099415205
1 0.6924798976608187, 0.5781332236842106, 0.02336074561403509, 0.009046052631578948
1 0.6784082602339181, 0.5934786184210527, 0.011236293859649124, 0.018777412280701754
1 0.6755299707602339, 0.6051288377192983, 0.020485197368421054, 0.009777046783625731
1 0.6795961257309941, 0.60328125, 0.019180372807017544, 0.008634868421052632
1 0.7528782894736842, 0.5302384868421053, 0.02246984649122807, 0.0066703216374269
1 0.7464364035087719, 0.5135005482456141, 0.018086622807017547, 0.009959795321637427
1 0.829952485380117, 0.6162225877192983, 0.007261513157894736, 0.007264254385964912
1 0.8752741228070176, 0.6338349780701754, 0.025622258771929824, 0.008954678362573099
1 0.868421052631579, 0.6291776315789473, 0.02363486842105263, 0.00826937134502924
1 0.862390350877193, 0.6230783991228069, 0.01315515350877193, 0.006304824561403508
1 0.8595577485380117, 0.6268475877192982, 0.018703399122807017, 0.0051626461988304095
