1 0.4623081140350877, 0.30875365497076024, 0.019736842105263157, 0.008771929824561403
1 0.47546600877192985, 0.3111293859649123, 0.021929824561403508, 0.008406432748538011
1 0.48204495614035087, 0.31204312865497075, 0.024945175438596492, 0.008589181286549707
1 0.501233552631579, 0.31259137426900585, 0.021929824561403508, 0.00932017543859649
1 0.5722313596491229, 0.31313961988304095, 0.025219298245614034, 0.01023391812865497
1 0.5620888157894737, 0.3142361111111111, 0.017543859649122806, 0.011878654970760233
1 0.5371436403508771, 0.3138706140350877, 0.015076754385964912, 0.011330409356725146
1 0.5132949561403509, 0.3146016081871345, 0.02412280701754386, 0.008771929824561403
1 0.46175986842105265, 0.3204495614035088, 0.032072368421052634, 0.008223684210526315
1 0.4751918859649123, 0.3215460526315789, 0.04303728070175439, 0.010964912280701754
1 0.5475603070175439, 0.3140533625730994, 0.019805372807017545, 0.01493969298245614
1 0.6572094298245614, 0.31679459064327486, 0.039473684210526314, 0.009868421052631578
1 0.9560032894736842, 0.31697733918128657, 0.02138157894736842, 0.006944444444444444
1 0.5140487938596491, 0.3184393274853801, 0.026726973684210526, 0.014756944444444444
1 0.8098958333333334, 0.3199013157894737, 0.034265350877192985, 0.007492690058479532
1 0.9902686403508771, 0.3199013157894737, 0.035910087719298246, 0.00712719298245614
1 0.9072094298245614, 0.32227704678362573, 0.04139254385964912, 0.01608187134502924
1 0.9118695175438597, 0.32282529239766083, 0.019462719298245616, 0.008223684210526315
1 0.9066611842105263, 0.32611476608187134, 0.01425438596491228, 0.007492690058479532
1 0.879797149122807, 0.3361659356725146, 0.038651315789473686, 0.013706140350877192
1 0.5903234649122807, 0.32264254385964913, 0.02850877192982456, 0.01425438596491228
1 0.8603344298245614, 0.32300804093567254, 0.0200109649122807, 0.008223684210526315
1 0.9727247807017544, 0.32300804093567254, 0.04331140350877193, 0.007309941520467836
1 0.9488760964912281, 0.3241045321637427, 0.027138157894736843, 0.005482456140350877
1 1.0160361842105263, 0.3233735380116959, 0.03728070175438596, 0.008406432748538011
1 0.7304002192982456, 0.3235562865497076, 0.022203947368421052, 0.01608187134502924
1 0.7084703947368421, 0.33050073099415206, 0.025219298245614034, 0.010964912280701754
1 0.8378563596491229, 0.3237390350877193, 0.022478070175438597, 0.013157894736842105
1 0.8241502192982456, 0.3250182748538012, 0.020285087719298246, 0.006578947368421052
1 0.8005756578947368, 0.3277595029239766, 0.039473684210526314, 0.010782163742690058
1 0.6158168859649122, 0.3246527777777778, 0.02631578947368421, 0.01114766081871345
1 0.8915844298245614, 0.32520102339181284, 0.01644736842105263, 0.011878654970760233
1 0.873766447368421, 0.3275767543859649, 0.01781798245614035, 0.008771929824561403
1 0.8663651315789473, 0.3352521929824561, 0.02850877192982456, 0.013888888888888888
1 0.6382949561403509, 0.32684576023391815, 0.029605263157894735, 0.011330409356725146
1 0.6783168859649122, 0.3272112573099415, 0.01699561403508772, 0.01425438596491228
1 0.9864309210526315, 0.32684576023391815, 0.01918859649122807, 0.01114766081871345
1 1.0291940789473684, 0.328125, 0.03289473684210526, 0.003654970760233918
1 1.0215186403508771, 0.33068347953216376, 0.023026315789473683, 0.010782163742690058
1 1.0327576754385965, 0.33104897660818716, 0.04139254385964912, 0.00804093567251462
1 0.8595120614035088, 0.3290387426900585, 0.01699561403508772, 0.01516812865497076
1 0.9612116228070176, 0.32958698830409355, 0.026589912280701754, 0.014071637426900584
1 0.951891447368421, 0.33031798245614036, 0.018092105263157895, 0.014985380116959063
1 0.9384594298245614, 0.32976973684210525, 0.01918859649122807, 0.005847953216374269
1 0.9280427631578947, 0.3348866959064328, 0.023300438596491228, 0.010782163742690058
1 1.0042489035087718, 0.33068347953216376, 0.021655701754385966, 0.007858187134502924
1 1.020970394736842, 0.3372624269005848, 0.017269736842105265, 0.01918859649122807
1 0.7748081140350878, 0.3321454678362573, 0.04111842105263158, 0.0133406432748538
1 0.7397203947368421, 0.33653143274853803, 0.022478070175438597, 0.015350877192982455
1 0.9814967105263158, 0.3363486842105263, 0.03289473684210526, 0.008954678362573099
1 1.0045230263157894, 0.33982090643274854, 0.01781798245614035, 0.013523391812865496
1 0.9804002192982456, 0.34502923976608185, 0.03481359649122807, 0.015076754385964912
1 0.7712445175438597, 0.3370796783625731, 0.025767543859649123, 0.014802631578947368
1 1.0376918859649122, 0.3379934210526316, 0.033717105263157895, 0.008223684210526315
1 0.9044682017543859, 0.3381761695906433, 0.027960526315789474, 0.010416666666666666
1 1.1659813596491229, 0.34055190058479534, 0.027138157894736843, 0.017543859649122806
1 1.1901041666666667, 0.34420687134502925, 0.015899122807017545, 0.010964912280701754
1 0.9466831140350878, 0.34365862573099415, 0.03262061403508772, 0.012244152046783625
1 1.0382401315789473, 0.34402412280701755, 0.04577850877192982, 0.01114766081871345
1 0.6840734649122807, 0.344937865497076, 0.025767543859649123, 0.014985380116959063
1 0.9176260964912281, 0.344937865497076, 0.03892543859649123, 0.010782163742690058
1 1.0757949561403508, 0.3454861111111111, 0.041666666666666664, 0.012426900584795321
1 0.05194627192982456, 0.3465826023391813, 0.03892543859649123, 0.015716374269005847
1 0.039884868421052634, 0.34694809941520466, 0.030153508771929825, 0.014985380116959063
1 0.8877467105263158, 0.34804459064327486, 0.04523026315789474, 0.01425438596491228
1 0.15995065789473684, 0.34841008771929827, 0.03453947368421053, 0.014619883040935672
1 0.18695175438596492, 0.34854714912280704, 0.03090734649122807, 0.010827850877192983
1 0.3444353070175439, 0.3493238304093567, 0.027412280701754384, 0.012609649122807017
1 0.19887609649122806, 0.3597404970760234, 0.0381030701754386, 0.015533625730994151
1 0.592516447368421, 0.3496893274853801, 0.017269736842105265, 0.008954678362573099
1 0.5069901315789473, 0.3500548245614035, 0.023848684210526317, 0.012975146198830409
1 0.2669270833333333, 0.35060307017543857, 0.04461348684210526, 0.014071637426900584
1 0.6259594298245614, 0.3518823099415205, 0.025767543859649123, 0.012609649122807017
1 0.07552083333333333, 0.3522478070175439, 0.04413377192982456, 0.013157894736842105
1 0.3279879385964912, 0.3522478070175439, 0.0200109649122807, 0.01114766081871345
1 0.7816611842105263, 0.3522478070175439, 0.02055921052631579, 0.01425438596491228
1 0.7553453947368421, 0.3526133040935672, 0.02631578947368421, 0.014985380116959063
1 0.00013706140350877192, 0.3586440058479532, 0.04523026315789474, 0.008954678362573099
1 0.8107182017543859, 0.35334429824561403, 0.046600877192982455, 0.016264619883040937
1 0.5415296052631579, 0.35352704678362573, 0.02652138157894737, 0.015899122807017545
1 0.6440515350877193, 0.3546235380116959, 0.023574561403508772, 0.014802631578947368
1 0.7246436403508771, 0.3546235380116959, 0.021107456140350877, 0.010782163742690058
1 0.48067434210526316, 0.355171783625731, 0.023848684210526317, 0.01425438596491228
1 0.6615953947368421, 0.355171783625731, 0.028782894736842105, 0.012792397660818713
1 0.2635690789473684, 0.3562682748538012, 0.044407894736842105, 0.01827485380116959
1 0.588952850877193, 0.3562682748538012, 0.02905701754385965, 0.014619883040935672
1 0.6865405701754386, 0.3560855263157895, 0.01836622807017544, 0.01206140350877193
1 0.8948739035087719, 0.35699926900584794, 0.02987938596491228, 0.016264619883040937
1 0.04701206140350877, 0.35718201754385964, 0.03262061403508772, 0.013157894736842105
1 0.02645285087719298, 0.3659539473684211, 0.02138157894736842, 0.008771929824561403
1 0.23917214912280702, 0.35736476608187134, 0.030496162280701754, 0.013523391812865496
1 0.3647203947368421, 0.35736476608187134, 0.023300438596491228, 0.015716374269005847
1 0.38253837719298245, 0.35791301169590645, 0.027138157894736843, 0.015350877192982455
1 0.8296326754385965, 0.3590095029239766, 0.03179824561403509, 0.00712719298245614
1 0.8479989035087719, 0.3591922514619883, 0.03399122807017544, 0.014071637426900584
1 0.40529057017543857, 0.3595577485380117, 0.023848684210526317, 0.01827485380116959
1 0.7016173245614035, 0.3595577485380117, 0.024671052631578948, 0.014985380116959063
1 0.16269188596491227, 0.3599232456140351, 0.02905701754385965, 0.016264619883040937
1 0.16625548245614036, 0.36778143274853803, 0.024945175438596492, 0.012609649122807017
1 0.1846217105263158, 0.3697916666666667, 0.02412280701754386, 0.011695906432748537
1 0.14788925438596492, 0.38569078947368424, 0.021655701754385966, 0.008771929824561403
1 0.5259046052631579, 0.3597404970760234, 0.021929824561403508, 0.016264619883040937
1 0.042077850877192985, 0.37033991228070173, 0.04358552631578947, 0.01516812865497076
1 0.08648574561403509, 0.3760051169590643, 0.021655701754385966, 0.00712719298245614
1 0.2748081140350877, 0.3601059941520468, 0.038651315789473686, 0.016812865497076022
1 0.3378563596491228, 0.3602887426900585, 0.02768640350877193, 0.01206140350877193
1 0.48807565789473684, 0.3602887426900585, 0.03399122807017544, 0.01663011695906433
1 0.9628563596491229, 0.36138523391812866, 0.025219298245614034, 0.018457602339181287
1 1.2509594298245614, 0.36120248538011696, 0.0512609649122807, 0.016812865497076022
1 0.5656524122807017, 0.36211622807017546, 0.022478070175438597, 0.014437134502923976
1 1.307154605263158, 0.36229897660818716, 0.03344298245614035, 0.017543859649122806
1 0.2923519736842105, 0.3624817251461988, 0.04523026315789474, 0.013523391812865496
1 0.27508223684210525, 0.373812134502924, 0.024671052631578948, 0.008954678362573099
1 0.25616776315789475, 0.37819809941520466, 0.01864035087719298, 0.013157894736842105
1 0.2372532894736842, 0.37911184210526316, 0.0200109649122807, 0.011513157894736841
1 0.26480263157894735, 0.37984283625730997, 0.036047149122807015, 0.015122441520467836
1 0.22957785087719298, 0.3875182748538012, 0.02905701754385965, 0.01699561403508772
1 0.8186677631578947, 0.3624817251461988, 0.03289473684210526, 0.014437134502923976
1 1.3977521929824561, 0.3626644736842105, 0.03549890350877193, 0.015716374269005847
1 0.7506853070175439, 0.3630299707602339, 0.02412280701754386, 0.014985380116959063
1 0.8855537280701754, 0.3630299707602339, 0.016721491228070175, 0.013706140350877192
1 1.4557291666666667, 0.3632127192982456, 0.04413377192982456, 0.016812865497076022
1 0.14734100877192982, 0.3637609649122807, 0.019462719298245616, 0.015533625730994151
1 1.164610745614035, 0.36430921052631576, 0.047697368421052634, 0.019371345029239765
1 1.3397752192982457, 0.36467470760233917, 0.023026315789473683, 0.016812865497076022
1 0.00013706140350877192, 0.36504020467836257, 0.013980263157894737, 0.006578947368421052
1 0.010279605263157895, 0.37033991228070173, 0.01617324561403509, 0.005847953216374269
1 0.003974780701754386, 0.37472587719298245, 0.02631578947368421, 0.010416666666666666
1 0.5459155701754386, 0.36558845029239767, 0.02055921052631579, 0.011330409356725146
1 0.6245888157894737, 0.36522295321637427, 0.024945175438596492, 0.014985380116959063
1 0.12979714912280702, 0.3661366959064328, 0.01918859649122807, 0.014802631578947368
1 0.0996436403508772, 0.37225877192982454, 0.031524122807017545, 0.012152777777777778
1 0.08703399122807018, 0.3782894736842105, 0.04358552631578947, 0.019828216374269007
1 0.07387609649122807, 0.3807565789473684, 0.025219298245614034, 0.016812865497076022
1 0.10731907894736842, 0.3811220760233918, 0.03344298245614035, 0.01425438596491228
1 0.46559758771929827, 0.3661366959064328, 0.021655701754385966, 0.01516812865497076
1 0.11143092105263158, 0.3666849415204678, 0.02055921052631579, 0.008954678362573099
1 0.6498081140350878, 0.3668676900584795, 0.0356359649122807, 0.009868421052631578
1 0.6698190789473685, 0.36778143274853803, 0.032072368421052634, 0.013706140350877192
1 0.6988760964912281, 0.3683296783625731, 0.02275219298245614, 0.009137426900584795
1 0.6851699561403509, 0.373812134502924, 0.026589912280701754, 0.011695906432748537
1 0.6964089912280702, 0.3776498538011696, 0.04331140350877193, 0.013157894736842105
1 1.0426260964912282, 0.3668676900584795, 0.019462719298245616, 0.01644736842105263
1 0.7624725877192983, 0.3670504385964912, 0.033717105263157895, 0.015899122807017545
1 0.8636239035087719, 0.3670504385964912, 0.0268640350877193, 0.01663011695906433
1 0.8743146929824561, 0.3763706140350877, 0.03837719298245614, 0.01114766081871345
1 0.8644462719298246, 0.3840460526315789, 0.023026315789473683, 0.006944444444444444
1 1.1004660087719298, 0.3672331871345029, 0.034265350877192985, 0.01608187134502924
1 1.0944353070175439, 0.37582236842105265, 0.023574561403508772, 0.014985380116959063
1 1.0831962719298245, 0.38916301169590645, 0.02631578947368421, 0.020650584795321638
1 0.9486019736842105, 0.3674159356725146, 0.01644736842105263, 0.014071637426900584
1 0.989172149122807, 0.36778143274853803, 0.021107456140350877, 0.013523391812865496
1 0.0834703947368421, 0.369608918128655, 0.015350877192982455, 0.007858187134502924
1 1.2147752192982457, 0.36814692982456143, 0.024671052631578948, 0.014619883040935672
1 0.3378563596491228, 0.3688779239766082, 0.03234649122807018, 0.013888888888888888
1 1.2408168859649122, 0.3690606725146199, 0.028782894736842105, 0.017909356725146198
1 1.3000274122807018, 0.3673702485380117, 0.02850877192982456, 0.022706505847953216
1 0.5837445175438597, 0.3663413742690058, 0.03289473684210526, 0.01843567251461988
1 0.9165296052631579, 0.3692434210526316, 0.033168859649122806, 0.018457602339181287
1 0.38555372807017546, 0.3697916666666667, 0.02275219298245614, 0.015533625730994151
1 0.34854714912280704, 0.3767361111111111, 0.04111842105263158, 0.012609649122807017
1 0.36417214912280704, 0.38459429824561403, 0.02631578947368421, 0.005299707602339181
1 1.0242598684210527, 0.369608918128655, 0.023574561403508772, 0.017361111111111112
1 0.2119654605263158, 0.3699744152046784, 0.04941063596491228, 0.011513157894736841
1 0.32387609649122806, 0.3699744152046784, 0.02055921052631579, 0.017178362573099414
1 0.7966008771929824, 0.37033991228070173, 0.024533991228070175, 0.01411732456140351
1 0.7879660087719298, 0.37436038011695905, 0.02987938596491228, 0.014437134502923976
1 1.0845668859649122, 0.37052266081871343, 0.019462719298245616, 0.017178362573099414
1 1.2621984649122806, 0.37033991228070173, 0.033168859649122806, 0.014437134502923976
1 0.7265625, 0.37070540935672514, 0.03536184210526316, 0.012609649122807017
1 0.4941063596491228, 0.37161915204678364, 0.02631578947368421, 0.0133406432748538
1 0.9919133771929824, 0.37180190058479534, 0.03125, 0.013706140350877192
1 1.1339089912280702, 0.37180190058479534, 0.02412280701754386, 0.01864035087719298
1 1.1566611842105263, 0.37180190058479534, 0.026041666666666668, 0.019554093567251463
1 0.8216831140350878, 0.3736293859649123, 0.02549342105263158, 0.01114766081871345
1 0.7745339912280702, 0.38824926900584794, 0.0424890350877193, 0.010051169590643274
1 0.8504660087719298, 0.39702119883040937, 0.025219298245614034, 0.012244152046783625
1 0.7569901315789473, 0.4111622807017544, 0.02138157894736842, 0.017291666666666667
1 0.5736019736842105, 0.37417763157894735, 0.033168859649122806, 0.015716374269005847
1 1.0629111842105263, 0.37417763157894735, 0.02905701754385965, 0.014985380116959063
1 1.0497532894736843, 0.38185307017543857, 0.02275219298245614, 0.02046783625730994
1 0.4233826754385965, 0.37125365497076024, 0.03741776315789474, 0.020650584795321638
1 0.42996162280701755, 0.3862390350877193, 0.044956140350877194, 0.010599415204678362
1 0.45024671052631576, 0.37545687134502925, 0.03262061403508772, 0.009868421052631578
1 0.5067160087719298, 0.3767361111111111, 0.026589912280701754, 0.012244152046783625
1 0.6481633771929824, 0.3765533625730994, 0.02275219298245614, 0.01023391812865497
1 0.20271381578947367, 0.3774671052631579, 0.035910087719298246, 0.008771929824561403
1 0.037143640350877194, 0.3776498538011696, 0.048793859649122806, 0.0133406432748538
1 0.2961896929824561, 0.37801535087719296, 0.027412280701754384, 0.009502923976608187
1 0.9719024122807017, 0.37892909356725146, 0.019462719298245616, 0.0133406432748538
1 1.4030975877192982, 0.37874634502923976, 0.026589912280701754, 0.019005847953216373
1 0.3926809210526316, 0.37984283625730997, 0.033168859649122806, 0.013157894736842105
1 1.3140076754385965, 0.3802083333333333, 0.035910087719298246, 0.01206140350877193
1 0.5662006578947368, 0.3805738304093567, 0.02275219298245614, 0.009868421052631578
1 0.9447642543859649, 0.3807565789473684, 0.026041666666666668, 0.01516812865497076
1 0.9883497807017544, 0.3813048245614035, 0.0424890350877193, 0.012426900584795321
1 0.3326480263157895, 0.38203581871345027, 0.023026315789473683, 0.014802631578947368
1 0.3449835526315789, 0.38934576023391815, 0.03234649122807018, 0.0133406432748538
1 0.16844846491228072, 0.3825840643274854, 0.02987938596491228, 0.012244152046783625
1 1.2726151315789473, 0.3824013157894737, 0.024945175438596492, 0.014802631578947368
1 1.243078399122807, 0.3866045321637427, 0.03227796052631579, 0.01183296783625731
1 0.05249451754385965, 0.3831323099415205, 0.02631578947368421, 0.01699561403508772
1 1.1089638157894737, 0.3833150584795322, 0.04468201754385965, 0.01663011695906433
1 1.0996436403508771, 0.3946454678362573, 0.03262061403508772, 0.010416666666666666
1 0.7353344298245614, 0.3834978070175439, 0.04303728070175439, 0.010964912280701754
1 1.1481633771929824, 0.3840460526315789, 0.02412280701754386, 0.017543859649122806
1 -0.00013706140350877192, 0.38422880116959063, 0.023300438596491228, 0.010051169590643274
1 0.4708059210526316, 0.38441154970760233, 0.03481359649122807, 0.0133406432748538
1 0.8981633771929824, 0.38459429824561403, 0.02987938596491228, 0.012609649122807017
1 1.4296875, 0.3858735380116959, 0.03399122807017544, 0.017909356725146198
1 0.22409539473684212, 0.386421783625731, 0.01781798245614035, 0.00932017543859649
1 0.28741776315789475, 0.386421783625731, 0.03782894736842105, 0.015350877192982455
1 0.2660361842105263, 0.38916301169590645, 0.026589912280701754, 0.015899122807017545
1 0.29454495614035087, 0.38934576023391815, 0.03782894736842105, 0.01918859649122807
1 0.24657346491228072, 0.4069809941520468, 0.04139254385964912, 0.019462719298245616
1 0.9277686403508771, 0.3867872807017544, 0.01644736842105263, 0.008954678362573099
1 1.0253563596491229, 0.3869700292397661, 0.0200109649122807, 0.01206140350877193
1 0.6465186403508771, 0.3871527777777778, 0.024396929824561403, 0.011513157894736841
1 0.0346765350877193, 0.38788377192982454, 0.02412280701754386, 0.008954678362573099
1 0.6613212719298246, 0.38806652046783624, 0.026041666666666668, 0.00932017543859649
1 0.8882949561403509, 0.38806652046783624, 0.024739583333333332, 0.011878654970760233
1 0.8962445175438597, 0.39642726608187134, 0.0424890350877193, 0.014300073099415205
1 0.9179002192982456, 0.3953764619883041, 0.03536184210526316, 0.009868421052631578
1 0.6950383771929824, 0.38843201754385964, 0.03673245614035088, 0.01023391812865497
1 0.7388980263157895, 0.38824926900584794, 0.043859649122807015, 0.009502923976608187
1 0.49821820175438597, 0.38708333333333333, 0.05239035087719299, 0.011948099415204678
1 0.8584155701754386, 0.38861476608187134, 0.02987938596491228, 0.011513157894736841
1 0.13253837719298245, 0.38898026315789475, 0.017543859649122806, 0.010782163742690058
1 0.13390899122807018, 0.39300073099415206, 0.025219298245614034, 0.01425438596491228
1 0.43654057017543857, 0.390625, 0.036458333333333336, 0.012244152046783625
1 0.4354440789473684, 0.3977521929824561, 0.038651315789473686, 0.019005847953216373
1 0.9804002192982456, 0.38952850877192985, 0.03125, 0.017361111111111112
1 1.0618146929824561, 0.38934576023391815, 0.024671052631578948, 0.015716374269005847
1 0.5472861842105263, 0.3897112573099415, 0.039473684210526314, 0.007858187134502924
1 0.5579769736842105, 0.39172149122807015, 0.05071271929824561, 0.01023391812865497
1 0.008634868421052632, 0.3904422514619883, 0.025767543859649123, 0.012792397660818713
1 0.604577850877193, 0.3909904970760234, 0.03974780701754386, 0.013888888888888888
1 1.1624177631578947, 0.3911732456140351, 0.0381030701754386, 0.015350877192982455
1 0.10704495614035088, 0.3913559941520468, 0.025219298245614034, 0.016812865497076022
1 1.3019462719298245, 0.3911732456140351, 0.055098684210526314, 0.012792397660818713
1 0.23917214912280702, 0.39190423976608185, 0.02823464912280702, 0.019554093567251463
1 0.9658717105263158, 0.39190423976608185, 0.02412280701754386, 0.014802631578947368
1 0.951891447368421, 0.39592470760233917, 0.027412280701754384, 0.014985380116959063
1 1.0028782894736843, 0.39263523391812866, 0.03673245614035088, 0.013888888888888888
1 0.7361567982456141, 0.3939144736842105, 0.0381030701754386, 0.01827485380116959
1 0.832922149122807, 0.3942799707602339, 0.03179824561403509, 0.017543859649122806
1 0.15145285087719298, 0.3946454678362573, 0.022478070175438597, 0.01425438596491228
1 0.17338267543859648, 0.3953764619883041, 0.022203947368421052, 0.015350877192982455
1 0.20956688596491227, 0.3944627192982456, 0.019736842105263157, 0.011330409356725146
1 0.20161732456140352, 0.4037828947368421, 0.02275219298245614, 0.021747076023391813
1 0.7087445175438597, 0.3946454678362573, 0.023300438596491228, 0.01644736842105263
1 0.6835252192982456, 0.39592470760233917, 0.02549342105263158, 0.014071637426900584
1 1.4148848684210527, 0.3944627192982456, 0.030975877192982455, 0.014802631578947368
1 0.5412554824561403, 0.3953764619883041, 0.01699561403508772, 0.013157894736842105
1 1.2007949561403508, 0.3953764619883041, 0.03700657894736842, 0.014071637426900584
1 1.2770010964912282, 0.39592470760233917, 0.0356359649122807, 0.017543859649122806
1 1.2945449561403508, 0.39610745614035087, 0.033168859649122806, 0.013706140350877192
1 1.3140076754385965, 0.3973866959064328, 0.034265350877192985, 0.00932017543859649
1 1.2250219298245615, 0.3983004385964912, 0.055268640350877196, 0.006944444444444444
1 1.217516447368421, 0.40232090643274854, 0.03234649122807018, 0.014071637426900584
1 1.2430098684210527, 0.40561038011695905, 0.03728070175438596, 0.014619883040935672
1 1.329358552631579, 0.40542763157894735, 0.030153508771929825, 0.020285087719298246
1 1.2857730263157894, 0.4079861111111111, 0.02138157894736842, 0.0133406432748538
1 1.3089364035087718, 0.40926535087719296, 0.026726973684210526, 0.013888888888888888
1 1.2791940789473684, 0.41895102339181284, 0.044407894736842105, 0.025767543859649123
1 1.3044133771929824, 0.41913377192982454, 0.03508771929824561, 0.021198830409356724
1 1.2605537280701755, 0.42388523391812866, 0.04851973684210526, 0.021564327485380116
1 1.4655975877192982, 0.39574195906432746, 0.034265350877192985, 0.015350877192982455
1 1.4294133771929824, 0.4029605263157895, 0.03974780701754386, 0.013066520467836257
1 0.013569078947368422, 0.39629020467836257, 0.04057017543859649, 0.017909356725146198
1 0.5190515350877193, 0.3972039473684211, 0.02823464912280702, 0.015350877192982455
1 1.0368695175438596, 0.3973866959064328, 0.022478070175438597, 0.014437134502923976
1 0.6330180921052632, 0.4069353070175439, 0.04118695175438596, 0.021153143274853802
1 0.7210800438596491, 0.3973866959064328, 0.021929824561403508, 0.015716374269005847
1 0.3638980263157895, 0.3979349415204678, 0.05016447368421053, 0.01516812865497076
1 0.6522752192982456, 0.3977521929824561, 0.044956140350877194, 0.012609649122807017
1 0.30441337719298245, 0.3986659356725146, 0.03453947368421053, 0.019371345029239765
1 0.3951480263157895, 0.39903143274853803, 0.028919956140350877, 0.01608187134502924
1 0.7627467105263158, 0.39903143274853803, 0.022478070175438597, 0.009137426900584795
1 0.7506853070175439, 0.40177266081871343, 0.012883771929824562, 0.00804093567251462
1 0.41872258771929827, 0.39921418128654973, 0.027138157894736843, 0.019736842105263157
1 0.8192160087719298, 0.39939692982456143, 0.01644736842105263, 0.015716374269005847
1 1.1149945175438596, 0.4061129385964912, 0.03405975877192982, 0.01411732456140351
1 0.48012609649122806, 0.3995796783625731, 0.0381030701754386, 0.01516812865497076
1 0.06702302631578948, 0.4001279239766082, 0.024671052631578948, 0.01882309941520468
1 0.09251644736842106, 0.4006761695906433, 0.019736842105263157, 0.013523391812865496
1 0.5593475877192983, 0.4006761695906433, 0.055098684210526314, 0.017543859649122806
1 0.8869243421052632, 0.4120065789473684, 0.036458333333333336, 0.021747076023391813
1 0.018229166666666668, 0.40232090643274854, 0.03536184210526316, 0.01608187134502924
1 0.00013706140350877192, 0.4185855263157895, 0.014528508771929825, 0.008954678362573099
1 1.3523848684210527, 0.40213815789473684, 0.0200109649122807, 0.019005847953216373
1 1.3910361842105263, 0.4048793859649123, 0.032072368421052634, 0.021655701754385966
1 1.370202850877193, 0.405062134502924, 0.02549342105263158, 0.020833333333333332
1 1.066200657894737, 0.40250365497076024, 0.023300438596491228, 0.019554093567251463
1 1.0527686403508771, 0.40926535087719296, 0.03618421052631579, 0.01827485380116959
1 1.1829769736842106, 0.40268640350877194, 0.03508771929824561, 0.01644736842105263
1 1.177220394736842, 0.4048793859649123, 0.03618421052631579, 0.021564327485380116
1 1.1435032894736843, 0.40963084795321636, 0.044956140350877194, 0.009685672514619883
1 1.102110745614035, 0.4138340643274854, 0.0537280701754386, 0.01608187134502924
1 0.3438870614035088, 0.40286915204678364, 0.024396929824561403, 0.012244152046783625
1 0.10814144736842106, 0.4088998538011696, 0.03179824561403509, 0.026498538011695907
1 0.00013706140350877192, 0.4039656432748538, 0.01644736842105263, 0.00932017543859649
1 1.0080866228070176, 0.4043311403508772, 0.04523026315789474, 0.017178362573099414
1 0.22327302631578946, 0.40561038011695905, 0.022203947368421052, 0.01644736842105263
1 0.5664747807017544, 0.40615862573099415, 0.04084429824561404, 0.019371345029239765
1 0.6585800438596491, 0.40597587719298245, 0.029331140350877194, 0.0133406432748538
1 0.14761513157894737, 0.40652412280701755, 0.02549342105263158, 0.013706140350877192
1 0.1640625, 0.41072733918128657, 0.02138157894736842, 0.011330409356725146
1 0.501233552631579, 0.40615862573099415, 0.03125, 0.015899122807017545
1 0.9332510964912281, 0.40634137426900585, 0.02768640350877193, 0.016812865497076022
1 0.9666940789473685, 0.40707236842105265, 0.042214912280701754, 0.013888888888888888
1 0.9576480263157895, 0.4118238304093567, 0.028782894736842105, 0.021747076023391813
1 0.18297697368421054, 0.407437865497076, 0.02275219298245614, 0.01882309941520468
1 1.4738212719298245, 0.4078033625730994, 0.026041666666666668, 0.02138157894736842
1 0.04618969298245614, 0.4083516081871345, 0.023026315789473683, 0.012975146198830409
1 0.004797149122807018, 0.417671783625731, 0.042214912280701754, 0.021747076023391813
1 0.00013706140350877192, 0.4185855263157895, 0.03700657894736842, 0.01882309941520468
1 1.258360745614035, 0.4085343567251462, 0.027960526315789474, 0.01663011695906433
1 0.5401589912280702, 0.4088998538011696, 0.0537280701754386, 0.01864035087719298
1 0.7446546052631579, 0.40926535087719296, 0.02138157894736842, 0.017543859649122806
1 0.44558662280701755, 0.40981359649122806, 0.031524122807017545, 0.019371345029239765
1 1.4532620614035088, 0.40981359649122806, 0.03179824561403509, 0.01918859649122807
1 0.32908442982456143, 0.41072733918128657, 0.015350877192982455, 0.018457602339181287
1 0.3441611842105263, 0.41072733918128657, 0.023026315789473683, 0.016264619883040937
1 0.6714638157894737, 0.41109283625730997, 0.027138157894736843, 0.01827485380116959
1 0.6933936403508771, 0.41109283625730997, 0.026041666666666668, 0.024853801169590642
1 0.6909265350877193, 0.42315423976608185, 0.038651315789473686, 0.025584795321637425
1 0.776452850877193, 0.41091008771929827, 0.04084429824561404, 0.013157894736842105
1 0.8353892543859649, 0.41109283625730997, 0.03974780701754386, 0.020285087719298246
1 1.4126918859649122, 0.41091008771929827, 0.025767543859649123, 0.019919590643274854
1 0.37924890350877194, 0.4114583333333333, 0.03536184210526316, 0.012975146198830409
1 1.0039747807017543, 0.4118238304093567, 0.026589912280701754, 0.022478070175438597
1 0.9902686403508771, 0.41895102339181284, 0.026589912280701754, 0.021929824561403508
1 0.7249177631578947, 0.4129203216374269, 0.0200109649122807, 0.021747076023391813
1 0.00027412280701754384, 0.41310307017543857, 0.01493969298245614, 0.008223684210526315
1 0.2643914473684211, 0.41310307017543857, 0.046052631578947366, 0.015899122807017545
1 1.2172423245614035, 0.4140168128654971, 0.023026315789473683, 0.013523391812865496
1 0.06949013157894737, 0.4141081871345029, 0.04296875, 0.011970029239766082
1 0.05742872807017544, 0.42297149122807015, 0.03700657894736842, 0.02010233918128655
1 0.526452850877193, 0.4147478070175439, 0.033717105263157895, 0.011878654970760233
1 1.4370888157894737, 0.4149305555555556, 0.026041666666666668, 0.018092105263157895
1 0.7907072368421053, 0.41566154970760233, 0.029605263157894735, 0.014985380116959063
1 0.8107182017543859, 0.41895102339181284, 0.015625, 0.02101608187134503
1 0.8225054824561403, 0.4226059941520468, 0.04029605263157895, 0.018092105263157895
1 0.7918037280701754, 0.42315423976608185, 0.02823464912280702, 0.019371345029239765
1 0.7931743421052632, 0.4390533625730994, 0.027960526315789474, 0.024671052631578948
1 0.49629934210526316, 0.41620979532163743, 0.031524122807017545, 0.014619883040935672
1 0.8266173245614035, 0.4173062865497076, 0.028782894736842105, 0.011695906432748537
1 0.028645833333333332, 0.4174890350877193, 0.042214912280701754, 0.028326023391812866
1 0.6021107456140351, 0.4187682748538012, 0.05455043859649123, 0.01023391812865497
1 0.876233552631579, 0.41895102339181284, 0.032072368421052634, 0.017909356725146198
1 1.2386239035087718, 0.41895102339181284, 0.026041666666666668, 0.01827485380116959
1 0.2904331140350877, 0.41949926900584794, 0.03179824561403509, 0.013157894736842105
1 0.2598684210526316, 0.42315423976608185, 0.0390625, 0.015716374269005847
1 0.2808388157894737, 0.4293676900584795, 0.0200109649122807, 0.019371345029239765
1 0.14268092105263158, 0.42004751461988304, 0.02275219298245614, 0.019371345029239765
1 0.3891173245614035, 0.41986476608187134, 0.0356359649122807, 0.018457602339181287
1 1.1402138157894737, 0.41968201754385964, 0.05701754385964912, 0.01425438596491228
1 1.1503563596491229, 0.4249817251461988, 0.03919956140350877, 0.014071637426900584
1 1.1654331140350878, 0.42699195906432746, 0.033717105263157895, 0.016812865497076022
1 1.1925712719298245, 0.42699195906432746, 0.025219298245614034, 0.02540204678362573
1 1.2166940789473684, 0.42735745614035087, 0.025219298245614034, 0.02010233918128655
1 0.3765076754385965, 0.42023026315789475, 0.019736842105263157, 0.017178362573099414
1 0.3508771929824561, 0.42041301169590645, 0.02645285087719298, 0.028188961988304093
1 0.766858552631579, 0.42077850877192985, 0.024671052631578948, 0.012244152046783625
1 0.9392817982456141, 0.421875, 0.04111842105263158, 0.018457602339181287
1 1.0311129385964912, 0.4227887426900585, 0.05016447368421053, 0.0133406432748538
1 0.3151041666666667, 0.4227887426900585, 0.02138157894736842, 0.01864035087719298
1 0.47190241228070173, 0.42351973684210525, 0.023300438596491228, 0.01827485380116959
1 0.5365953947368421, 0.42351973684210525, 0.0512609649122807, 0.010964912280701754
1 0.49191337719298245, 0.42406798245614036, 0.02275219298245614, 0.023940058479532164
1 0.635827850877193, 0.4255299707602339, 0.027138157894736843, 0.017361111111111112
1 0.7435581140350878, 0.4262609649122807, 0.02412280701754386, 0.026498538011695907
1 0.16680372807017543, 0.42680921052631576, 0.03728070175438596, 0.019371345029239765
1 0.21724232456140352, 0.42680921052631576, 0.02055921052631579, 0.012792397660818713
1 0.3236019736842105, 0.4266264619883041, 0.03042763157894737, 0.023940058479532164
1 0.19613486842105263, 0.42699195906432746, 0.024671052631578948, 0.019554093567251463
1 0.40063048245614036, 0.42717470760233917, 0.019462719298245616, 0.01699561403508772
1 0.006441885964912281, 0.4288194444444444, 0.03481359649122807, 0.019919590643274854
1 1.0812774122807018, 0.4284539473684211, 0.01617324561403509, 0.017726608187134504
1 1.0478344298245614, 0.44124634502923976, 0.03837719298245614, 0.020285087719298246
1 1.345531798245614, 0.4293676900584795, 0.035910087719298246, 0.025676169590643276
1 0.5982730263157895, 0.4295504385964912, 0.034265350877192985, 0.02549342105263158
1 0.7646655701754386, 0.4295504385964912, 0.02055921052631579, 0.02138157894736842
1 0.7619243421052632, 0.43338815789473684, 0.038651315789473686, 0.027046783625730993
1 0.5138432017543859, 0.4300986842105263, 0.022478070175438597, 0.020285087719298246
1 0.8290844298245614, 0.4311951754385965, 0.03618421052631579, 0.015716374269005847
1 0.8405975877192983, 0.43813961988304095, 0.022203947368421052, 0.024671052631578948
1 0.8584155701754386, 0.44216008771929827, 0.01644736842105263, 0.020285087719298246
1 0.2967379385964912, 0.4313779239766082, 0.02631578947368421, 0.020650584795321638
1 0.5511239035087719, 0.4319261695906433, 0.02055921052631579, 0.02010233918128655
1 0.5354989035087719, 0.4346673976608187, 0.01644736842105263, 0.017909356725146198
1 0.20545504385964913, 0.43265716374269003, 0.05455043859649123, 0.022478070175438597
1 1.0311129385964912, 0.4348501461988304, 0.021107456140350877, 0.025767543859649123
1 1.467516447368421, 0.43265716374269003, 0.03193530701754386, 0.01699561403508772
1 1.0157620614035088, 0.43338815789473684, 0.02055921052631579, 0.024671052631578948
1 0.46641995614035087, 0.433890716374269, 0.026041666666666668, 0.019782529239766082
1 0.24575109649122806, 0.43393640350877194, 0.036458333333333336, 0.02138157894736842
1 0.6986019736842105, 0.43393640350877194, 0.03673245614035088, 0.02540204678362573
1 1.230674342105263, 0.43393640350877194, 0.02412280701754386, 0.01864035087719298
1 0.9475054824561403, 0.4348501461988304, 0.02412280701754386, 0.025584795321637425
1 0.7298519736842105, 0.4350328947368421, 0.024671052631578948, 0.022478070175438597
1 0.9908168859649122, 0.43704312865497075, 0.03536184210526316, 0.024853801169590642
1 1.1018366228070176, 0.43667763157894735, 0.03125, 0.02412280701754386
1 1.116639254385965, 0.44800804093567254, 0.03481359649122807, 0.01699561403508772
1 1.1339775219298245, 0.43667763157894735, 0.043791118421052634, 0.026498538011695907
1 0.9713541666666666, 0.43777412280701755, 0.022478070175438597, 0.022478070175438597
1 1.2454769736842106, 0.43777412280701755, 0.0268640350877193, 0.019919590643274854
1 1.0911458333333333, 0.43832236842105265, 0.013980263157894737, 0.015899122807017545
1 0.9189967105263158, 0.4390533625730994, 0.03289473684210526, 0.019919590643274854
1 1.264391447368421, 0.4392361111111111, 0.03508771929824561, 0.01699561403508772
1 0.8732182017543859, 0.44034356725146195, 0.01699561403508772, 0.02319809941520468
1 0.6456962719298246, 0.44142909356725146, 0.04358552631578947, 0.014802631578947368
1 0.8904879385964912, 0.44179459064327486, 0.033717105263157895, 0.009502923976608187
1 0.8874725877192983, 0.4487390350877193, 0.03536184210526316, 0.0133406432748538
1 0.2070997807017544, 0.44216008771929827, 0.046875, 0.02138157894736842
1 0.8170230263157895, 0.44197733918128657, 0.02412280701754386, 0.02412280701754386
1 0.6300712719298246, 0.4430738304093567, 0.03481359649122807, 0.013706140350877192
1 0.5401589912280702, 0.44672880116959063, 0.04194078947368421, 0.02540204678362573
1 1.0582510964912282, 0.44727704678362573, 0.03618421052631579, 0.019554093567251463
1 1.2495888157894737, 0.45440423976608185, 0.03782894736842105, 0.019736842105263157
1 1.1456962719298245, 0.46390716374269003, 0.06524122807017543, 0.027960526315789474
1 0.00424890350877193, 0.4746893274853801, 0.06606359649122807, 0.01699561403508772
1 0.037075109649122806, 0.47852704678362573, 0.0463952850877193, 0.014345760233918129
1 0.8973410087719298, 0.5035635964912281, 0.02631578947368421, 0.018092105263157895
1 0.9516173245614035, 0.5055738304093568, 0.021929824561403508, 0.012244152046783625
1 0.9898574561403509, 0.5086805555555556, 0.03522478070175439, 0.012975146198830409
1 1.0640076754385965, 0.511421783625731, 0.03070175438596491, 0.017909356725146198
1 0.0003426535087719298, 0.35284173976608185, 0.03940515350877193, 0.007949561403508772
1 0.00013706140350877192, 0.37207602339181284, 0.011513157894736841, 0.00932017543859649
1 0.01747532894736842, 0.3738578216374269, 0.029673793859649123, 0.017041301169590642
1 0.04296875, 0.3702485380116959, 0.03138706140350877, 0.005482456140350877
1 0.07058662280701754, 0.36033442982456143, 0.04351699561403509, 0.012198464912280702
1 0.08217379385964912, 0.3636330409356725, 0.035978618421052634, 0.006853070175438596
1 0.0962171052631579, 0.36312134502923976, 0.028303179824561403, 0.012655336257309942
1 0.14226973684210525, 0.4264437134502924, 0.05249451754385965, 0.01864035087719298
1 0.16488486842105263, 0.42077850877192985, 0.03248355263157895, 0.009914108187134504
1 0.15508497807017543, 0.3795687134502924, 0.038308662280701754, 0.008817616959064328
1 0.2174122807017544, 0.3495065789473684, 0.042798793859649124, 0.011034356725146199
1 0.35718201754385964, 0.3892543859649123, 0.03919956140350877, 0.013980263157894737
1 0.3765076754385965, 0.38980263157894735, 0.04797149122807018, 0.012701023391812866
1 0.42009320175438597, 0.41620979532163743, 0.02905701754385965, 0.021107456140350877
1 0.41831140350877194, 0.4266264619883041, 0.04276315789473684, 0.0222953216374269
1 0.3551507675438596, 0.43030336257309937, 0.030737390350877192, 0.024091739766081872
1 0.36050438596491224, 0.43832236842105265, 0.03957785087719298, 0.016904239766081873
1 0.4239309210526316, 0.4390533625730994, 0.032003837719298246, 0.020924707602339183
1 0.4482236842105263, 0.43512426900584794, 0.02549342105263158, 0.019119152046783626
1 0.47176535087719296, 0.3972953216374269, 0.03337445175438596, 0.008406432748538011
1 0.4819078947368421, 0.38916301169590645, 0.03138706140350877, 0.0078125
1 0.4153645833333333, 0.3603801169590643, 0.035430372807017545, 0.0190515350877193
1 0.4206743421052631, 0.36540570175438597, 0.04595120614035088, 0.016858552631578948
1 0.45387883771929827, 0.38427448830409355, 0.026110197368421052, 0.00379203216374269
1 0.6766036184210527, 0.3913103070175439, 0.020490679824561403, 0.007949561403508772
1 0.8722587719298246, 0.39939692982456143, 0.05071271929824561, 0.02126827485380117
1 0.8863760964912281, 0.4010873538011696, 0.042694627192982455, 0.01640168128654971
1 1.170093201754386, 0.44088084795321636, 0.025219298245614034, 0.023117690058479533
1 1.1898985745614035, 0.44608918128654973, 0.028577302631578948, 0.02275219298245614
1 1.352796052631579, 0.3838633040935672, 0.028919956140350877, 0.01918859649122807
1 1.3682839912280702, 0.3828581871345029, 0.04303728070175439, 0.019919590643274854
1 0.35635964912280704, 0.5185489766081871, 0.04454495614035088, 0.017269736842105265
1 1.238829495614035, 0.5063961988304093, 0.03481359649122807, 0.009502923976608187
1 1.2362938596491229, 0.4940606725146199, 0.04022752192982456, 0.019828216374269007
1 1.2983826754385965, 0.44590643274853803, 0.046463815789473686, 0.02147295321637427
1 1.284608004385965, 0.44864766081871343, 0.048862390350877194, 0.020650584795321638
1 1.2550383771929825, 0.3967470760233918, 0.022579495614035088, 0.005138888888888889
1 1.229029605263158, 0.37984283625730997, 0.025219298245614034, 0.018344298245614035
1 1.1900712719298245, 0.38671783625730993, 0.05256030701754386, 0.013603801169590642
1 1.1188651315789473, 0.39900950292397663, 0.05746436403508772, 0.01340826023391813
1 1.0899122807017543, 0.40298245614035083, 0.03443530701754386, 0.01864035087719298
1 1.0347450657894737, 0.43238304093567254, 0.05146655701754386, 0.011101973684210526
1 0.8597532894736842, 0.4359466374269006, 0.060581140350877194, 0.009400584795321637
1 0.8468338815789473, 0.37173245614035083, 0.023026315789473683, 0.016951754385964912
1 0.8544736842105263, 0.3206103801169591, 0.014564144736842106, 0.006737938596491228
1 0.9455537280701755, 0.32111111111111107, 0.03262061403508772, 0.005712719298245615
1 0.8349095394736842, 0.3854166666666667, 0.04262609649122807, 0.016059941520467837
1 0.8249725877192983, 0.3823318713450292, 0.03186677631578947, 0.008362573099415205
1 0.8179824561403509, 0.38340643274853803, 0.010896381578947368, 0.007264254385964912
1 0.8035224780701754, 0.38932383040935675, 0.03296326754385965, 0.019576023391812865
1 0.7656935307017544, 0.3998081140350877, 0.04118695175438596, 0.017154605263157895
1 0.7848464912280702, 0.39318347953216376, 0.033854166666666664, 0.020056652046783627
1 0.7258771929824561, 0.3805738304093567, 0.029983552631578946, 0.013362573099415206
1 0.7113815789473684, 0.3819663742690058, 0.027258771929824562, 0.007790570175438597
1 0.6134868421052632, 0.39715826023391815, 0.03042763157894737, 0.021107456140350877
1 0.6350054824561403, 0.3972258771929824, 0.02374451754385965, 0.01496345029239766
1 0.6161595394736842, 0.38598684210526313, 0.035430372807017545, 0.010921052631578948
1 0.6158497807017543, 0.37929459064327486, 0.040230263157894734, 0.011741593567251463
1 0.5422478070175438, 0.37698830409356726, 0.027790570175438595, 0.014184941520467837
1 0.5274451754385965, 0.3740862573099415, 0.04125548245614035, 0.01450657894736842
1 0.24544407894736842, 0.4012701023391813, 0.04920504385964912, 0.01797697368421053
1 0.22923519736842105, 0.4166447368421053, 0.03570449561403509, 0.0192562134502924
1 0.19640899122807018, 0.38596491228070173, 0.030496162280701754, 0.01964546783625731
1 0.18582236842105262, 0.3831779970760234, 0.030630482456140348, 0.018024488304093568
1 0.19178179824561403, 0.3504897660818714, 0.046875, 0.018958333333333334
1 0.19126918859649122, 0.3534813596491228, 0.03244791666666667, 0.010964912280701754
1 0.11931195175438597, 0.4034173976608187, 0.03289473684210526, 0.014985380116959063
1 0.10478344298245613, 0.40529057017543857, 0.026006030701754387, 0.02261513157894737
