1 1.1234923245614035, 0.31734283625730997, 0.012335526315789474, 0.0062134502923976605
1 1.1399396929824561, 0.3208150584795322, 0.011787280701754386, 0.004568713450292397
1 1.1078673245614035, 0.3184393274853801, 0.011239035087719298, 0.006030701754385965
1 1.072779605263158, 0.3200840643274854, 0.014528508771929825, 0.00804093567251462
1 1.0944353070175439, 0.3200840643274854, 0.010416666666666666, 0.007675438596491228
1 1.1204769736842106, 0.3208150584795322, 0.009046052631578948, 0.00932017543859649
1 1.1265076754385965, 0.32300804093567254, 0.00849780701754386, 0.009137426900584795
1 1.0401589912280702, 0.3215460526315789, 0.01343201754385965, 0.008954678362573099
1 1.0845668859649122, 0.32172880116959063, 0.014528508771929825, 0.007675438596491228
1 1.0511239035087718, 0.32282529239766083, 0.010416666666666666, 0.008589181286549707
1 1.0341282894736843, 0.32319078947368424, 0.013980263157894737, 0.00804093567251462
1 1.0711348684210527, 0.3241045321637427, 0.009868421052631578, 0.009137426900584795
1 1.1051260964912282, 0.3248355263157895, 0.015076754385964912, 0.004568713450292397
1 1.135827850877193, 0.32538377192982454, 0.015625, 0.005116959064327485
1 1.168174342105263, 0.32574926900584794, 0.011239035087719298, 0.005299707602339181
1 1.1777686403508771, 0.3279422514619883, 0.011513157894736841, 0.0062134502923976605
1 1.061266447368421, 0.32611476608187134, 0.011101973684210526, 0.007675438596491228
1 1.1541940789473684, 0.3273940058479532, 0.014528508771929825, 0.0062134502923976605
1 1.2125822368421053, 0.3272112573099415, 0.009046052631578948, 0.007675438596491228
1 1.2101151315789473, 0.33324195906432746, 0.014528508771929825, 0.0062134502923976605
1 1.0341282894736843, 0.328125, 0.01206140350877193, 0.008954678362573099
1 1.0988212719298245, 0.3284904970760234, 0.014528508771929825, 0.00804093567251462
1 1.2221765350877194, 0.3283077485380117, 0.011513157894736841, 0.010051169590643274
1 1.0826480263157894, 0.3288559941520468, 0.012883771929824562, 0.009868421052631578
1 1.1084155701754386, 0.32940423976608185, 0.018092105263157895, 0.005482456140350877
1 0.8819901315789473, 0.32995248538011696, 0.012609649122807017, 0.010051169590643274
1 1.0206962719298245, 0.32995248538011696, 0.01644736842105263, 0.005665204678362573
1 1.1355537280701755, 0.33031798245614036, 0.013706140350877192, 0.009502923976608187
1 1.1695449561403508, 0.33031798245614036, 0.00849780701754386, 0.008406432748538011
1 1.0936129385964912, 0.33050073099415206, 0.01699561403508772, 0.008406432748538011
1 1.2005208333333333, 0.33050073099415206, 0.011787280701754386, 0.008954678362573099
1 0.905016447368421, 0.3312317251461988, 0.01069078947368421, 0.006761695906432748
1 1.0596217105263157, 0.3317799707602339, 0.012335526315789474, 0.006396198830409356
1 0.8965186403508771, 0.3319627192982456, 0.007675438596491228, 0.009868421052631578
1 1.186266447368421, 0.332328216374269, 0.015899122807017545, 0.005116959064327485
1 1.163514254385965, 0.332328216374269, 0.007675438596491228, 0.007858187134502924
1 1.1223958333333333, 0.3326937134502924, 0.012609649122807017, 0.005847953216374269
1 1.1563870614035088, 0.3326937134502924, 0.00712719298245614, 0.009137426900584795
1 1.0513980263157894, 0.33379020467836257, 0.010416666666666666, 0.006578947368421052
1 1.0467379385964912, 0.3361659356725146, 0.013294956140350877, 0.006396198830409356
1 0.8866502192982456, 0.33415570175438597, 0.009594298245614035, 0.00932017543859649
1 1.073327850877193, 0.3356176900584795, 0.008771929824561403, 0.005847953216374269
1 1.0278234649122806, 0.3359831871345029, 0.018092105263157895, 0.005116959064327485
1 1.1462445175438596, 0.33689692982456143, 0.010142543859649123, 0.007492690058479532
1 1.0629111842105263, 0.3374451754385965, 0.01343201754385965, 0.006396198830409356
1 1.1125274122807018, 0.3374451754385965, 0.022478070175438597, 0.006030701754385965
1 0.8981633771929824, 0.338358918128655, 0.014528508771929825, 0.006761695906432748
1 1.0881304824561404, 0.34347587719298245, 0.022203947368421052, 0.007309941520467836
1 1.1796875, 0.33890716374269003, 0.02055921052631579, 0.004568713450292397
1 1.170093201754386, 0.34018640350877194, 0.011787280701754386, 0.008771929824561403
1 1.176672149122807, 0.34073464912280704, 0.015350877192982455, 0.008954678362573099
1 1.0782620614035088, 0.33945540935672514, 0.01069078947368421, 0.006578947368421052
1 1.0231633771929824, 0.34018640350877194, 0.01206140350877193, 0.008771929824561403
1 1.1092379385964912, 0.34073464912280704, 0.011787280701754386, 0.010782163742690058
1 1.1602247807017543, 0.3409173976608187, 0.010964912280701754, 0.006944444444444444
1 1.1591282894736843, 0.34384137426900585, 0.013980263157894737, 0.008954678362573099
1 1.0412554824561404, 0.3411001461988304, 0.018914473684210526, 0.005116959064327485
1 0.5412554824561403, 0.342562134502924, 0.00932017543859649, 0.006944444444444444
1 1.1265076754385965, 0.3427448830409357, 0.018914473684210526, 0.006578947368421052
1 1.1879111842105263, 0.34292763157894735, 0.013706140350877192, 0.004934210526315789
1 1.0681195175438596, 0.34329312865497075, 0.009594298245614035, 0.00712719298245614
1 1.2024396929824561, 0.34329312865497075, 0.015350877192982455, 0.004751461988304093
1 1.1407620614035088, 0.344937865497076, 0.016241776315789474, 0.005665204678362573
1 1.1325383771929824, 0.34804459064327486, 0.00849780701754386, 0.007675438596491228
1 1.123766447368421, 0.35060307017543857, 0.013706140350877192, 0.010599415204678362
1 0.5771655701754386, 0.3453033625730994, 0.014802631578947368, 0.006944444444444444
1 0.5875822368421053, 0.3462171052631579, 0.01617324561403509, 0.005847953216374269
1 0.5664747807017544, 0.3522478070175439, 0.01343201754385965, 0.009137426900584795
1 1.0796326754385965, 0.3451206140350877, 0.007401315789473684, 0.007675438596491228
1 1.208470394736842, 0.3462171052631579, 0.015350877192982455, 0.007309941520467836
1 0.5598958333333334, 0.34694809941520466, 0.009868421052631578, 0.010051169590643274
1 0.5286458333333334, 0.34749634502923976, 0.009868421052631578, 0.009685672514619883
1 0.5363212719298246, 0.34749634502923976, 0.008771929824561403, 0.009868421052631578
1 0.8109923245614035, 0.34731359649122806, 0.010142543859649123, 0.010051169590643274
1 1.0508497807017543, 0.34822733918128657, 0.0200109649122807, 0.006944444444444444
1 1.2177905701754386, 0.34804459064327486, 0.01425438596491228, 0.007309941520467836
1 1.2051809210526316, 0.35389254385964913, 0.014528508771929825, 0.003654970760233918
1 1.2087445175438596, 0.35681652046783624, 0.017543859649122806, 0.004934210526315789
1 0.5662006578947368, 0.3487755847953216, 0.009868421052631578, 0.008771929824561403
1 1.0736019736842106, 0.34841008771929827, 0.009594298245614035, 0.006944444444444444
1 1.1966831140350878, 0.34859283625730997, 0.011239035087719298, 0.007858187134502924
1 1.1744791666666667, 0.349141081871345, 0.020285087719298246, 0.0062134502923976605
1 0.5094572368421053, 0.3493238304093567, 0.014528508771929825, 0.005299707602339181
1 0.8019462719298246, 0.349141081871345, 0.00932017543859649, 0.007309941520467836
1 0.5812774122807017, 0.35078581871345027, 0.01206140350877193, 0.008589181286549707
1 0.5815515350877193, 0.35699926900584794, 0.011239035087719298, 0.006396198830409356
1 1.138843201754386, 0.35060307017543857, 0.011513157894736841, 0.008954678362573099
1 1.2246436403508771, 0.35078581871345027, 0.019462719298245616, 0.006578947368421052
1 0.5237116228070176, 0.3520650584795322, 0.00932017543859649, 0.010051169590643274
1 0.5078125, 0.355171783625731, 0.01617324561403509, 0.005847953216374269
1 1.0845668859649122, 0.35297880116959063, 0.018092105263157895, 0.009137426900584795
1 1.1155427631578947, 0.35407529239766083, 0.012335526315789474, 0.006030701754385965
1 1.1626918859649122, 0.35444078947368424, 0.020285087719298246, 0.005665204678362573
1 1.2304002192982457, 0.3548062865497076, 0.023026315789473683, 0.005299707602339181
1 1.2360197368421053, 0.35809576023391815, 0.01631030701754386, 0.004934210526315789
1 1.2238212719298245, 0.3591922514619883, 0.01918859649122807, 0.005116959064327485
1 1.104577850877193, 0.3549890350877193, 0.009868421052631578, 0.009868421052631578
1 0.4965734649122807, 0.35645102339181284, 0.006304824561403508, 0.008589181286549707
1 0.48917214912280704, 0.35736476608187134, 0.010142543859649123, 0.009868421052631578
1 0.3743146929824561, 0.35681652046783624, 0.01069078947368421, 0.008589181286549707
1 0.3685581140350877, 0.3624817251461988, 0.010827850877192983, 0.003472222222222222
1 1.0741502192982457, 0.35681652046783624, 0.015350877192982455, 0.005299707602339181
1 1.1975054824561404, 0.35718201754385964, 0.014528508771929825, 0.009502923976608187
1 1.1796875, 0.35736476608187134, 0.011239035087719298, 0.010051169590643274
1 1.1868146929824561, 0.35736476608187134, 0.012883771929824562, 0.0062134502923976605
1 0.5028782894736842, 0.35754751461988304, 0.007401315789473684, 0.00932017543859649
1 0.34004934210526316, 0.35809576023391815, 0.009046052631578948, 0.004751461988304093
1 1.1122532894736843, 0.35809576023391815, 0.007675438596491228, 0.008771929824561403
1 0.3288103070175439, 0.35827850877192985, 0.012266995614035088, 0.005299707602339181
1 0.38445723684210525, 0.3586440058479532, 0.015076754385964912, 0.007309941520467836
1 1.1396655701754386, 0.3599232456140351, 0.01836622807017544, 0.0043859649122807015
1 1.1602247807017543, 0.3599232456140351, 0.01699561403508772, 0.006030701754385965
1 1.1191063596491229, 0.36065423976608185, 0.00932017543859649, 0.010782163742690058
1 1.1273300438596492, 0.3641264619883041, 0.015350877192982455, 0.009502923976608187
1 1.090049342105263, 0.36101973684210525, 0.01617324561403509, 0.01114766081871345
1 1.132264254385965, 0.36211622807017546, 0.013980263157894737, 0.009137426900584795
1 1.1692708333333333, 0.36193347953216376, 0.01206140350877193, 0.010051169590643274
1 1.102110745614035, 0.3630299707602339, 0.01343201754385965, 0.007858187134502924
1 0.32579495614035087, 0.3632127192982456, 0.019462719298245616, 0.007309941520467836
1 0.3458059210526316, 0.3630299707602339, 0.018092105263157895, 0.004568713450292397
1 1.2123081140350878, 0.3630299707602339, 0.010142543859649123, 0.010782163742690058
1 1.2304002192982457, 0.3637609649122807, 0.015350877192982455, 0.010782163742690058
1 1.241639254385965, 0.3639437134502924, 0.010142543859649123, 0.010416666666666666
1 1.1944901315789473, 0.3641264619883041, 0.018914473684210526, 0.007492690058479532
1 0.713952850877193, 0.36540570175438597, 0.012609649122807017, 0.009502923976608187
1 0.5508497807017544, 0.36558845029239767, 0.009046052631578948, 0.010782163742690058
1 0.37020285087719296, 0.3659539473684211, 0.020285087719298246, 0.005299707602339181
1 0.3345668859649123, 0.3663194444444444, 0.019736842105263157, 0.004934210526315789
1 0.26192434210526316, 0.3692434210526316, 0.012335526315789474, 0.008771929824561403
1 1.1511787280701755, 0.3688779239766082, 0.014802631578947368, 0.010416666666666666
1 0.25287828947368424, 0.37052266081871343, 0.01069078947368421, 0.009868421052631578
1 0.7882401315789473, 0.37198464912280704, 0.00849780701754386, 0.008771929824561403
1 0.6700932017543859, 0.3723501461988304, 0.00932017543859649, 0.009685672514619883
1 1.116639254385965, 0.3725328947368421, 0.009594298245614035, 0.007492690058479532
1 1.2005208333333333, 0.3721673976608187, 0.021655701754385966, 0.006030701754385965
1 0.4993146929824561, 0.3725328947368421, 0.009868421052631578, 0.01023391812865497
1 1.1870888157894737, 0.3725328947368421, 0.010142543859649123, 0.011695906432748537
1 1.1917489035087718, 0.380391081871345, 0.013706140350877192, 0.006578947368421052
1 0.7032620614035088, 0.3728983918128655, 0.009868421052631578, 0.01023391812865497
1 0.7783717105263158, 0.3730811403508772, 0.00712719298245614, 0.008954678362573099
1 1.166529605263158, 0.3732638888888889, 0.011239035087719298, 0.00932017543859649
1 0.19777960526315788, 0.3739948830409357, 0.011513157894736841, 0.010782163742690058
1 0.5626370614035088, 0.37417763157894735, 0.008223684210526315, 0.008954678362573099
1 0.6977796052631579, 0.3739948830409357, 0.006304824561403508, 0.008771929824561403
1 0.7430098684210527, 0.37490862573099415, 0.011239035087719298, 0.01114766081871345
1 0.639391447368421, 0.37527412280701755, 0.010416666666666666, 0.010416666666666666
1 0.5130208333333334, 0.37563961988304095, 0.008771929824561403, 0.010051169590643274
1 0.5875822368421053, 0.37563961988304095, 0.011239035087719298, 0.009685672514619883
1 1.226014254385965, 0.37545687134502925, 0.023300438596491228, 0.005847953216374269
1 0.5056195175438597, 0.3763706140350877, 0.009594298245614035, 0.01114766081871345
1 0.48149671052631576, 0.3767361111111111, 0.00712719298245614, 0.010416666666666666
1 0.48752741228070173, 0.3767361111111111, 0.010964912280701754, 0.011330409356725146
1 0.5472861842105263, 0.3767361111111111, 0.01069078947368421, 0.00932017543859649
1 0.7849506578947368, 0.3765533625730994, 0.006578947368421052, 0.008954678362573099
1 0.5979989035087719, 0.3774671052631579, 0.011513157894736841, 0.01114766081871345
1 0.6870888157894737, 0.3776498538011696, 0.01069078947368421, 0.009685672514619883
1 0.5568804824561403, 0.37819809941520466, 0.012335526315789474, 0.009868421052631578
1 0.5700383771929824, 0.37819809941520466, 0.01069078947368421, 0.009868421052631578
1 0.4390076754385965, 0.37838084795321636, 0.012335526315789474, 0.011330409356725146
1 0.7262883771929824, 0.37856359649122806, 0.01206140350877193, 0.007675438596491228
1 1.0286458333333333, 0.37838084795321636, 0.017269736842105265, 0.010964912280701754
1 0.47354714912280704, 0.37874634502923976, 0.00932017543859649, 0.00932017543859649
1 0.44997258771929827, 0.37947733918128657, 0.009868421052631578, 0.00932017543859649
1 0.5371436403508771, 0.37966008771929827, 0.009594298245614035, 0.011695906432748537
1 0.38692434210526316, 0.37984283625730997, 0.011239035087719298, 0.012244152046783625
1 0.6185581140350878, 0.3800255847953216, 0.014528508771929825, 0.009502923976608187
1 0.7136787280701754, 0.37984283625730997, 0.00932017543859649, 0.010782163742690058
1 0.8471765350877193, 0.37984283625730997, 0.01918859649122807, 0.006944444444444444
1 1.2021655701754386, 0.37984283625730997, 0.011513157894736841, 0.009502923976608187
1 1.2493146929824561, 0.37984283625730997, 0.011787280701754386, 0.00932017543859649
1 0.37815241228070173, 0.3802083333333333, 0.01069078947368421, 0.013523391812865496
1 0.3715734649122807, 0.38843201754385964, 0.01069078947368421, 0.010416666666666666
1 0.6750274122807017, 0.3802083333333333, 0.010964912280701754, 0.012609649122807017
1 0.5812774122807017, 0.3809393274853801, 0.007949561403508772, 0.00932017543859649
1 1.2131304824561404, 0.3813048245614035, 0.0200109649122807, 0.007492690058479532
1 0.3425164473684211, 0.3816703216374269, 0.013706140350877192, 0.010782163742690058
1 0.4217379385964912, 0.38185307017543857, 0.01836622807017544, 0.004751461988304093
1 0.5195997807017544, 0.3816703216374269, 0.009046052631578948, 0.010416666666666666
1 0.5289199561403509, 0.38185307017543857, 0.008223684210526315, 0.01114766081871345
1 0.46175986842105265, 0.38203581871345027, 0.011787280701754386, 0.011513157894736841
1 0.6245888157894737, 0.38221856725146197, 0.013980263157894737, 0.008771929824561403
1 0.6095120614035088, 0.38806652046783624, 0.00849780701754386, 0.011513157894736841
1 0.6180098684210527, 0.38952850877192985, 0.007401315789473684, 0.007309941520467836
1 0.6169133771929824, 0.3913559941520468, 0.012609649122807017, 0.010051169590643274
1 0.6498081140350878, 0.3825840643274854, 0.009046052631578948, 0.010964912280701754
1 0.8978892543859649, 0.3825840643274854, 0.007949561403508772, 0.01206140350877193
1 0.5423519736842105, 0.3827668128654971, 0.011787280701754386, 0.011513157894736841
1 0.8891173245614035, 0.3833150584795322, 0.010142543859649123, 0.00932017543859649
1 0.49438048245614036, 0.3834978070175439, 0.01343201754385965, 0.010051169590643274
1 0.6402138157894737, 0.3834978070175439, 0.00932017543859649, 0.01114766081871345
1 0.7619243421052632, 0.3834978070175439, 0.011787280701754386, 0.00932017543859649
1 0.7648711622807017, 0.38866045321637427, 0.01459703947368421, 0.005802266081871345
1 0.11828399122807018, 0.3840460526315789, 0.021107456140350877, 0.010051169590643274
1 1.005345394736842, 0.3840460526315789, 0.007401315789473684, 0.008406432748538011
1 0.7027138157894737, 0.38441154970760233, 0.009046052631578948, 0.009868421052631578
1 0.7961896929824561, 0.38477704678362573, 0.00932017543859649, 0.00804093567251462
1 0.3567708333333333, 0.38514254385964913, 0.011787280701754386, 0.009868421052631578
1 0.3608826754385965, 0.38532529239766083, 0.01644736842105263, 0.01206140350877193
1 0.7504111842105263, 0.38514254385964913, 0.011239035087719298, 0.010599415204678362
1 0.9962993421052632, 0.38532529239766083, 0.010964912280701754, 0.010416666666666666
1 0.8748629385964912, 0.38532529239766083, 0.018092105263157895, 0.01023391812865497
1 0.9743695175438597, 0.38550804093567254, 0.009868421052631578, 0.011878654970760233
1 0.9842379385964912, 0.39190423976608185, 0.01206140350877193, 0.008223684210526315
1 0.39569627192982454, 0.38569078947368424, 0.01069078947368421, 0.010964912280701754
1 0.594983552631579, 0.3858735380116959, 0.010416666666666666, 0.005482456140350877
1 0.8101699561403509, 0.3858735380116959, 0.00849780701754386, 0.008589181286549707
1 0.34690241228070173, 0.3862390350877193, 0.011787280701754386, 0.00932017543859649
1 0.7183388157894737, 0.3860562865497076, 0.01644736842105263, 0.00804093567251462
1 0.9847861842105263, 0.3866045321637427, 0.015899122807017545, 0.009685672514619883
1 0.10923793859649122, 0.3869700292397661, 0.007675438596491228, 0.008223684210526315
1 0.7805646929824561, 0.3867872807017544, 0.009594298245614035, 0.006944444444444444
1 0.7885142543859649, 0.3867872807017544, 0.008223684210526315, 0.00804093567251462
1 1.0892269736842106, 0.3867872807017544, 0.009868421052631578, 0.010416666666666666
1 0.09827302631578948, 0.3871527777777778, 0.010964912280701754, 0.006761695906432748
1 0.44174890350877194, 0.3873355263157895, 0.007675438596491228, 0.011330409356725146
1 0.5097313596491229, 0.3871527777777778, 0.00932017543859649, 0.009685672514619883
1 0.5683936403508771, 0.3871527777777778, 0.010416666666666666, 0.01114766081871345
1 0.6835252192982456, 0.3871527777777778, 0.017543859649122806, 0.014802631578947368
1 0.9047423245614035, 0.38770102339181284, 0.00932017543859649, 0.009502923976608187
1 0.9612116228070176, 0.38770102339181284, 0.013157894736842105, 0.010782163742690058
1 0.5884046052631579, 0.38843201754385964, 0.012335526315789474, 0.011695906432748537
1 0.6004660087719298, 0.3900767543859649, 0.00849780701754386, 0.008223684210526315
1 0.5862116228070176, 0.39318347953216376, 0.011239035087719298, 0.010782163742690058
1 0.6306195175438597, 0.38843201754385964, 0.009594298245614035, 0.010782163742690058
1 0.9414747807017544, 0.38824926900584794, 0.01343201754385965, 0.010599415204678362
1 1.0283717105263157, 0.38861476608187134, 0.015899122807017545, 0.010051169590643274
1 0.41707785087719296, 0.38898026315789475, 0.013157894736842105, 0.01114766081871345
1 0.45737390350877194, 0.38879751461988304, 0.010416666666666666, 0.010599415204678362
1 0.6552905701754386, 0.38861476608187134, 0.006578947368421052, 0.007858187134502924
1 0.8460800438596491, 0.38861476608187134, 0.009046052631578948, 0.01114766081871345
1 0.2553453947368421, 0.38898026315789475, 0.011787280701754386, 0.010416666666666666
1 0.8013980263157895, 0.38916301169590645, 0.011513157894736841, 0.010051169590643274
1 1.052220394736842, 0.38898026315789475, 0.009594298245614035, 0.010051169590643274
1 0.4496984649122807, 0.38952850877192985, 0.007675438596491228, 0.007858187134502924
1 0.47765899122807015, 0.38934576023391815, 0.01069078947368421, 0.00804093567251462
1 0.8170230263157895, 0.38952850877192985, 0.012883771929824562, 0.01206140350877193
1 0.8285361842105263, 0.3897112573099415, 0.014802631578947368, 0.009502923976608187
1 0.9247532894736842, 0.3898940058479532, 0.008771929824561403, 0.009868421052631578
1 1.0439967105263157, 0.3898940058479532, 0.011239035087719298, 0.009868421052631578
1 0.2904331140350877, 0.3902595029239766, 0.012609649122807017, 0.01114766081871345
1 0.22491776315789475, 0.390625, 0.012335526315789474, 0.008771929824561403
1 0.5596217105263158, 0.390625, 0.008223684210526315, 0.008954678362573099
1 0.5766173245614035, 0.390625, 0.010142543859649123, 0.011878654970760233
1 0.2641173245614035, 0.3911732456140351, 0.015076754385964912, 0.011330409356725146
1 1.3543037280701755, 0.3911732456140351, 0.017543859649122806, 0.00932017543859649
1 0.24629934210526316, 0.3915387426900585, 0.009046052631578948, 0.008954678362573099
1 1.004797149122807, 0.39172149122807015, 0.014802631578947368, 0.009137426900584795
1 0.3364857456140351, 0.39208698830409355, 0.008771929824561403, 0.009502923976608187
1 0.8356633771929824, 0.39208698830409355, 0.010964912280701754, 0.01023391812865497
1 0.9083059210526315, 0.39190423976608185, 0.01617324561403509, 0.007675438596491228
1 0.5171326754385965, 0.39245248538011696, 0.011513157894736841, 0.008771929824561403
1 0.5250822368421053, 0.39226973684210525, 0.012335526315789474, 0.007858187134502924
1 0.7695997807017544, 0.39226973684210525, 0.00712719298245614, 0.010416666666666666
1 1.0220668859649122, 0.39245248538011696, 0.014528508771929825, 0.007492690058479532
1 1.0736019736842106, 0.39245248538011696, 0.009594298245614035, 0.01206140350877193
1 0.4702576754385965, 0.39300073099415206, 0.008223684210526315, 0.009502923976608187
1 0.46367872807017546, 0.3977521929824561, 0.009868421052631578, 0.010416666666666666
1 0.7336896929824561, 0.39318347953216376, 0.008223684210526315, 0.005299707602339181
1 0.7748081140350878, 0.39300073099415206, 0.008771929824561403, 0.012426900584795321
1 0.8597861842105263, 0.39300073099415206, 0.010416666666666666, 0.01114766081871345
1 0.8778782894736842, 0.39318347953216376, 0.009868421052631578, 0.00932017543859649
1 0.6600877192982456, 0.3930921052631579, 0.014665570175438597, 0.005526315789473684
1 0.6615953947368421, 0.3951937134502924, 0.015076754385964912, 0.00712719298245614
1 0.7158717105263158, 0.39336622807017546, 0.017543859649122806, 0.005299707602339181
1 0.7923519736842105, 0.39354897660818716, 0.01644736842105263, 0.006396198830409356
1 0.4941063596491228, 0.3939144736842105, 0.014528508771929825, 0.005116959064327485
1 0.6774945175438597, 0.3939144736842105, 0.008223684210526315, 0.01023391812865497
1 1.057702850877193, 0.3939144736842105, 0.015076754385964912, 0.008406432748538011
1 1.0557839912280702, 0.3994883040935672, 0.019462719298245616, 0.007218567251461988
1 0.3066063596491228, 0.3942799707602339, 0.007401315789473684, 0.010782163742690058
1 0.37815241228070173, 0.3942799707602339, 0.010142543859649123, 0.009868421052631578
1 0.43325109649122806, 0.3942799707602339, 0.009594298245614035, 0.009502923976608187
1 0.6478892543859649, 0.3940972222222222, 0.012609649122807017, 0.009502923976608187
1 0.7841282894736842, 0.3942799707602339, 0.006853070175438596, 0.008954678362573099
1 0.5390625, 0.3946454678362573, 0.01836622807017544, 0.005847953216374269
1 0.5396107456140351, 0.3981176900584795, 0.01918859649122807, 0.005116959064327485
1 0.2128563596491228, 0.3950109649122807, 0.009594298245614035, 0.010964912280701754
1 0.8142817982456141, 0.3950109649122807, 0.011513157894736841, 0.008771929824561403
1 0.9305098684210527, 0.3951937134502924, 0.009868421052631578, 0.009502923976608187
1 0.9179002192982456, 0.40250365497076024, 0.014802631578947368, 0.005299707602339181
1 0.9085800438596491, 0.4041483918128655, 0.012609649122807017, 0.010964912280701754
1 0.9104989035087719, 0.40999634502923976, 0.012335526315789474, 0.007675438596491228
1 0.47491776315789475, 0.39555921052631576, 0.009594298245614035, 0.011513157894736841
1 0.12760416666666666, 0.39592470760233917, 0.009594298245614035, 0.010782163742690058
1 0.3521107456140351, 0.39592470760233917, 0.00932017543859649, 0.010599415204678362
1 0.1366502192982456, 0.39629020467836257, 0.00932017543859649, 0.01114766081871345
1 0.1465186403508772, 0.39647295321637427, 0.012609649122807017, 0.011878654970760233
1 0.26877741228070173, 0.39647295321637427, 0.01617324561403509, 0.010964912280701754
1 0.2972861842105263, 0.39629020467836257, 0.012883771929824562, 0.010782163742690058
1 0.7364309210526315, 0.39629020467836257, 0.011239035087719298, 0.01114766081871345
1 0.9617598684210527, 0.39647295321637427, 0.013706140350877192, 0.007675438596491228
1 0.9576480263157895, 0.3975694444444444, 0.013706140350877192, 0.008406432748538011
1 0.9932839912280702, 0.39647295321637427, 0.01069078947368421, 0.006944444444444444
1 0.32579495614035087, 0.39665570175438597, 0.009868421052631578, 0.010964912280701754
1 0.8710252192982456, 0.39665570175438597, 0.00932017543859649, 0.01023391812865497
1 0.3880208333333333, 0.3972039473684211, 0.013980263157894737, 0.00402046783625731
1 0.38582785087719296, 0.3995796783625731, 0.01206140350877193, 0.010964912280701754
1 0.41488486842105265, 0.3973866959064328, 0.013157894736842105, 0.011513157894736841
1 0.23643092105263158, 0.3975694444444444, 0.00932017543859649, 0.00932017543859649
1 0.4433936403508772, 0.3975694444444444, 0.01699561403508772, 0.005116959064327485
1 0.4368146929824561, 0.40158991228070173, 0.009868421052631578, 0.012426900584795321
1 0.44558662280701755, 0.40286915204678364, 0.006578947368421052, 0.010599415204678362
1 0.5127467105263158, 0.3975694444444444, 0.011513157894736841, 0.008954678362573099
1 0.5598958333333334, 0.3973866959064328, 0.01343201754385965, 0.011695906432748537
1 0.7095668859649122, 0.3973866959064328, 0.014802631578947368, 0.006944444444444444
1 0.8962445175438597, 0.3973866959064328, 0.010416666666666666, 0.011878654970760233
1 0.9746436403508771, 0.3975694444444444, 0.012335526315789474, 0.009685672514619883
1 1.0936129385964912, 0.3973866959064328, 0.020285087719298246, 0.00712719298245614
1 0.48341557017543857, 0.3979349415204678, 0.007675438596491228, 0.012426900584795321
1 0.5039747807017544, 0.3979349415204678, 0.008223684210526315, 0.01206140350877193
1 1.0091831140350878, 0.3977521929824561, 0.017543859649122806, 0.005482456140350877
1 1.0157620614035088, 0.39921418128654973, 0.01699561403508772, 0.006944444444444444
1 1.2772752192982457, 0.3977521929824561, 0.015625, 0.009868421052631578
1 1.2923519736842106, 0.3979349415204678, 0.012609649122807017, 0.009502923976608187
1 0.5993695175438597, 0.3981176900584795, 0.010416666666666666, 0.011513157894736841
1 0.6281524122807017, 0.3981176900584795, 0.019736842105263157, 0.008771929824561403
1 0.7929002192982456, 0.3983004385964912, 0.01781798245614035, 0.0062134502923976605
1 0.21943530701754385, 0.3984831871345029, 0.007675438596491228, 0.00712719298245614
1 0.22711074561403508, 0.39939692982456143, 0.00849780701754386, 0.008406432748538011
1 0.7005208333333334, 0.3986659356725146, 0.009046052631578948, 0.011695906432748537
1 0.7471217105263158, 0.3986659356725146, 0.008771929824561403, 0.011330409356725146
1 0.8548519736842105, 0.3984831871345029, 0.011239035087719298, 0.01023391812865497
1 0.9061129385964912, 0.3984831871345029, 0.018092105263157895, 0.009502923976608187
1 0.17831688596491227, 0.39903143274853803, 0.012609649122807017, 0.00932017543859649
1 0.36691337719298245, 0.3988486842105263, 0.011239035087719298, 0.01114766081871345
1 0.49136513157894735, 0.39903143274853803, 0.004934210526315789, 0.007309941520467836
1 0.4965734649122807, 0.3988486842105263, 0.006304824561403508, 0.008771929824561403
1 0.8115405701754386, 0.39903143274853803, 0.00849780701754386, 0.012244152046783625
1 0.9477796052631579, 0.3988486842105263, 0.008223684210526315, 0.010416666666666666
1 1.1604989035087718, 0.3988486842105263, 0.012883771929824562, 0.010051169590643274
1 0.723547149122807, 0.39939692982456143, 0.009046052631578948, 0.010782163742690058
1 0.4036458333333333, 0.3995796783625731, 0.010964912280701754, 0.010782163742690058
1 0.6821546052631579, 0.3997624269005848, 0.01069078947368421, 0.009502923976608187
1 0.7325932017543859, 0.3997624269005848, 0.004934210526315789, 0.007492690058479532
1 0.3422423245614035, 0.4001279239766082, 0.011513157894736841, 0.009137426900584795
1 0.7835800438596491, 0.4004934210526316, 0.012883771929824562, 0.009868421052631578
1 0.2040844298245614, 0.400858918128655, 0.010142543859649123, 0.010416666666666666
1 0.19010416666666666, 0.40286915204678364, 0.015350877192982455, 0.007907529239766082
1 0.532483552631579, 0.4006761695906433, 0.007401315789473684, 0.011330409356725146
1 1.086485745614035, 0.400858918128655, 0.01343201754385965, 0.011513157894736841
1 0.1572094298245614, 0.4012244152046784, 0.011239035087719298, 0.009868421052631578
1 0.4565515350877193, 0.4012244152046784, 0.013980263157894737, 0.010416666666666666
1 0.5248081140350878, 0.4010416666666667, 0.00849780701754386, 0.01023391812865497
1 0.5681195175438597, 0.4010416666666667, 0.010142543859649123, 0.008589181286549707
1 0.6465186403508771, 0.4010416666666667, 0.009868421052631578, 0.010416666666666666
1 0.6544682017543859, 0.40323464912280704, 0.01644736842105263, 0.006578947368421052
1 0.7101151315789473, 0.4012244152046784, 0.012609649122807017, 0.00932017543859649
1 0.7090186403508771, 0.40579312865497075, 0.008771929824561403, 0.004934210526315789
1 0.8386787280701754, 0.40158991228070173, 0.01918859649122807, 0.006944444444444444
1 1.0453673245614035, 0.40158991228070173, 0.009594298245614035, 0.010051169590643274
1 0.27261513157894735, 0.40177266081871343, 0.01343201754385965, 0.009868421052631578
1 0.28741776315789475, 0.40195540935672514, 0.010416666666666666, 0.010782163742690058
1 0.2961896929824561, 0.4043311403508772, 0.006853070175438596, 0.004934210526315789
1 1.1149945175438596, 0.40195540935672514, 0.009594298245614035, 0.010964912280701754
1 0.11554276315789473, 0.40213815789473684, 0.010142543859649123, 0.008771929824561403
1 0.8759594298245614, 0.40213815789473684, 0.015625, 0.009502923976608187
1 0.9565515350877193, 0.40213815789473684, 0.012609649122807017, 0.01023391812865497
1 1.254797149122807, 0.40213815789473684, 0.012883771929824562, 0.008223684210526315
1 1.263843201754386, 0.40250365497076024, 0.012883771929824562, 0.008954678362573099
1 0.9291392543859649, 0.40250365497076024, 0.01644736842105263, 0.008223684210526315
1 0.09662828947368421, 0.40305190058479534, 0.012609649122807017, 0.009502923976608187
1 0.0918311403508772, 0.411641081871345, 0.01000548245614035, 0.008406432748538011
1 0.08278508771929824, 0.4137390350877193, 0.01137609649122807, 0.009049707602339183
1 0.08703399122807018, 0.41913377192982454, 0.00849780701754386, 0.009502923976608187
1 0.4516173245614035, 0.40286915204678364, 0.008223684210526315, 0.010599415204678362
1 0.7904331140350878, 0.40286915204678364, 0.011239035087719298, 0.010051169590643274
1 0.9850603070175439, 0.40305190058479534, 0.020285087719298246, 0.005847953216374269
1 0.9913651315789473, 0.40579312865497075, 0.013980263157894737, 0.009502923976608187
1 1.0322094298245614, 0.40286915204678364, 0.011513157894736841, 0.007309941520467836
1 0.3600603070175439, 0.4034173976608187, 0.01206140350877193, 0.010416666666666666
1 0.6086896929824561, 0.4034173976608187, 0.011239035087719298, 0.01206140350877193
1 0.8266173245614035, 0.4034173976608187, 0.012883771929824562, 0.011695906432748537
1 0.8359375, 0.4058845029239766, 0.012883771929824562, 0.005573830409356725
1 1.074424342105263, 0.40323464912280704, 0.012335526315789474, 0.009868421052631578
1 1.123218201754386, 0.40323464912280704, 0.010416666666666666, 0.01114766081871345
1 0.5407072368421053, 0.4036001461988304, 0.018092105263157895, 0.005847953216374269
1 1.1684484649122806, 0.4037828947368421, 0.01699561403508772, 0.007675438596491228
1 1.1709155701754386, 0.40926535087719296, 0.015625, 0.010599415204678362
1 1.1344572368421053, 0.4041483918128655, 0.011787280701754386, 0.011513157894736841
1 1.1330866228070176, 0.41054459064327486, 0.00849780701754386, 0.00712719298245614
1 1.2035361842105263, 0.4039656432748538, 0.007675438596491228, 0.008771929824561403
1 0.6330866228070176, 0.4043311403508772, 0.012609649122807017, 0.00932017543859649
1 1.004797149122807, 0.4043311403508772, 0.010964912280701754, 0.010782163742690058
1 1.0111019736842106, 0.4083516081871345, 0.007675438596491228, 0.007858187134502924
1 0.2545230263157895, 0.4046966374269006, 0.015899122807017545, 0.004203216374269006
1 0.25890899122807015, 0.4079861111111111, 0.016721491228070175, 0.007492690058479532
1 0.3729440789473684, 0.4046966374269006, 0.012609649122807017, 0.011695906432748537
1 0.8203125, 0.4046966374269006, 0.010416666666666666, 0.010599415204678362
1 0.7964638157894737, 0.405062134502924, 0.010553728070175438, 0.00932017543859649
1 0.8044133771929824, 0.4052448830409357, 0.00849780701754386, 0.00932017543859649
1 0.9697094298245614, 0.405062134502924, 0.007949561403508772, 0.009502923976608187
1 1.0163103070175439, 0.405062134502924, 0.010416666666666666, 0.009137426900584795
1 1.1487116228070176, 0.405062134502924, 0.010964912280701754, 0.012792397660818713
1 1.2408168859649122, 0.405062134502924, 0.011513157894736841, 0.011695906432748537
1 0.21313048245614036, 0.40542763157894735, 0.014528508771929825, 0.009689327485380117
1 0.20764802631578946, 0.40597587719298245, 0.01425438596491228, 0.009502923976608187
1 0.19558662280701755, 0.40999634502923976, 0.012335526315789474, 0.006578947368421052
1 1.2109375, 0.40579312865497075, 0.011513157894736841, 0.011513157894736841
1 0.10128837719298246, 0.40615862573099415, 0.012883771929824562, 0.009868421052631578
1 0.33429276315789475, 0.40579312865497075, 0.013980263157894737, 0.010599415204678362
1 0.39158442982456143, 0.40597587719298245, 0.011513157894736841, 0.011330409356725146
1 1.3814418859649122, 0.40579312865497075, 0.02055921052631579, 0.01023391812865497
1 0.7347861842105263, 0.40615862573099415, 0.008771929824561403, 0.009137426900584795
1 0.1846217105263158, 0.40652412280701755, 0.010142543859649123, 0.010964912280701754
1 0.23122258771929824, 0.40652412280701755, 0.009046052631578948, 0.008406432748538011
1 0.23972039473684212, 0.4076206140350877, 0.013157894736842105, 0.004751461988304093
1 0.47382127192982454, 0.40670687134502925, 0.009046052631578948, 0.008771929824561403
1 0.6191063596491229, 0.40670687134502925, 0.009594298245614035, 0.010964912280701754
1 0.9329769736842105, 0.40652412280701755, 0.015350877192982455, 0.008771929824561403
1 0.9466831140350878, 0.4085343567251462, 0.01617324561403509, 0.008771929824561403
1 0.9444901315789473, 0.40981359649122806, 0.006030701754385965, 0.004934210526315789
1 1.0615405701754386, 0.40652412280701755, 0.009594298245614035, 0.008589181286549707
1 1.1007401315789473, 0.40652412280701755, 0.01069078947368421, 0.011513157894736841
1 0.2778234649122807, 0.40688961988304095, 0.009594298245614035, 0.010051169590643274
1 0.48862390350877194, 0.40707236842105265, 0.011513157894736841, 0.006396198830409356
1 0.4765625, 0.41310307017543857, 0.02138157894736842, 0.00712719298245614
1 0.12623355263157895, 0.4072551169590643, 0.01069078947368421, 0.011330409356725146
1 0.14816337719298245, 0.4076206140350877, 0.014528508771929825, 0.007309941520467836
1 0.3444353070175439, 0.4076206140350877, 0.01425438596491228, 0.011878654970760233
1 0.33511513157894735, 0.4141995614035088, 0.009594298245614035, 0.012792397660818713
1 0.8466282894736842, 0.407437865497076, 0.010964912280701754, 0.012792397660818713
1 0.8836348684210527, 0.407437865497076, 0.00932017543859649, 0.009868421052631578
1 1.1870888157894737, 0.4072551169590643, 0.015350877192982455, 0.008406432748538011
1 0.5730537280701754, 0.4076206140350877, 0.01918859649122807, 0.007858187134502924
1 0.6725603070175439, 0.4079861111111111, 0.015350877192982455, 0.008406432748538011
1 1.2323190789473684, 0.4078033625730994, 0.011239035087719298, 0.009502923976608187
1 0.8586896929824561, 0.4079861111111111, 0.011513157894736841, 0.008954678362573099
1 0.8998081140350878, 0.4081688596491228, 0.007949561403508772, 0.009685672514619883
1 1.2890625, 0.4081688596491228, 0.011787280701754386, 0.009137426900584795
1 1.288514254385965, 0.41346856725146197, 0.015350877192982455, 0.010782163742690058
1 1.0250822368421053, 0.4085343567251462, 0.012609649122807017, 0.005665204678362573
1 0.17365679824561403, 0.411779970760234, 0.009046052631578948, 0.00972953216374269
1 0.2865953947368421, 0.4088998538011696, 0.01918859649122807, 0.008406432748538011
1 0.889391447368421, 0.4088998538011696, 0.009594298245614035, 0.012244152046783625
1 0.7438322368421053, 0.40926535087719296, 0.009868421052631578, 0.010964912280701754
1 0.9784813596491229, 0.4090826023391813, 0.015625, 0.005116959064327485
1 0.22519188596491227, 0.40944809941520466, 0.00849780701754386, 0.011513157894736841
1 1.159950657894737, 0.40963084795321636, 0.010416666666666666, 0.01206140350877193
1 0.4009046052631579, 0.40999634502923976, 0.015076754385964912, 0.008954678362573099
1 0.7070997807017544, 0.40981359649122806, 0.019462719298245616, 0.007309941520467836
1 0.5662006578947368, 0.41017909356725146, 0.015076754385964912, 0.008771929824561403
1 0.9225603070175439, 0.41017909356725146, 0.009868421052631578, 0.013888888888888888
1 0.9296875, 0.4178545321637427, 0.011239035087719298, 0.008954678362573099
1 1.0873081140350878, 0.41017909356725146, 0.010416666666666666, 0.008771929824561403
1 0.25287828947368424, 0.41072733918128657, 0.008223684210526315, 0.010964912280701754
1 0.6588541666666666, 0.41072733918128657, 0.020833333333333332, 0.005299707602339181
1 0.38390899122807015, 0.41109283625730997, 0.010416666666666666, 0.010964912280701754
1 0.5971765350877193, 0.41109283625730997, 0.011239035087719298, 0.014071637426900584
1 0.8131853070175439, 0.41091008771929827, 0.010142543859649123, 0.008954678362573099
1 1.3564967105263157, 0.41109283625730997, 0.012883771929824562, 0.01114766081871345
1 0.24465460526315788, 0.4112755847953216, 0.00849780701754386, 0.009685672514619883
1 0.6251370614035088, 0.4112755847953216, 0.007401315789473684, 0.00932017543859649
1 1.0344024122807018, 0.4112755847953216, 0.01069078947368421, 0.0043859649122807015
1 1.219983552631579, 0.411641081871345, 0.013980263157894737, 0.010599415204678362
1 0.04317434210526316, 0.4118238304093567, 0.01343201754385965, 0.00712719298245614
1 0.14103618421052633, 0.4118238304093567, 0.013706140350877192, 0.00712719298245614
1 0.13418311403508773, 0.4127375730994152, 0.009868421052631578, 0.012244152046783625
1 0.15282346491228072, 0.4136513157894737, 0.01343201754385965, 0.008543494152046784
1 0.15200109649122806, 0.4171235380116959, 0.013363486842105263, 0.010782163742690058
1 0.14432565789473684, 0.41968201754385964, 0.009868421052631578, 0.01023391812865497
1 0.4354440789473684, 0.411641081871345, 0.011239035087719298, 0.008771929824561403
1 0.6879111842105263, 0.411641081871345, 0.01617324561403509, 0.00932017543859649
1 0.8715734649122807, 0.411641081871345, 0.01206140350877193, 0.012609649122807017
1 0.020970394736842105, 0.4120065789473684, 0.011787280701754386, 0.006944444444444444
1 0.5873081140350878, 0.4120065789473684, 0.009868421052631578, 0.010599415204678362
1 1.3282620614035088, 0.4121893274853801, 0.009868421052631578, 0.005665204678362573
1 1.0448190789473684, 0.4123720760233918, 0.008771929824561403, 0.010964912280701754
1 1.036595394736842, 0.4149305555555556, 0.00849780701754386, 0.012975146198830409
1 1.1273300438596492, 0.4127375730994152, 0.012609649122807017, 0.013523391812865496
1 1.1876370614035088, 0.4129203216374269, 0.009046052631578948, 0.011513157894736841
1 1.1451480263157894, 0.41328581871345027, 0.014322916666666666, 0.011695906432748537
1 1.2060032894736843, 0.41328581871345027, 0.010416666666666666, 0.011513157894736841
1 0.04125548245614035, 0.4216922514619883, 0.012335526315789474, 0.010599415204678362
1 0.20764802631578946, 0.41346856725146197, 0.01617324561403509, 0.011513157894736841
1 0.22053179824561403, 0.41547880116959063, 0.009046052631578948, 0.008406432748538011
1 0.2002467105263158, 0.41657529239766083, 0.011650219298245614, 0.009868421052631578
1 0.23807565789473684, 0.41346856725146197, 0.008223684210526315, 0.012792397660818713
1 0.9595668859649122, 0.4136513157894737, 0.02275219298245614, 0.0062134502923976605
1 1.0028782894736843, 0.4136513157894737, 0.00712719298245614, 0.006396198830409356
1 1.0494791666666667, 0.41346856725146197, 0.013157894736842105, 0.010051169590643274
1 0.2621984649122807, 0.4140168128654971, 0.009594298245614035, 0.007492690058479532
1 0.6308936403508771, 0.4138340643274854, 0.012609649122807017, 0.012792397660818713
1 1.027549342105263, 0.4138340643274854, 0.008771929824561403, 0.011878654970760233
1 1.3970668859649122, 0.4141995614035088, 0.015350877192982455, 0.008223684210526315
1 1.4055646929824561, 0.4171235380116959, 0.011513157894736841, 0.006761695906432748
1 0.35265899122807015, 0.4141995614035088, 0.018092105263157895, 0.004934210526315789
1 1.0094572368421053, 0.4147478070175439, 0.011513157894736841, 0.010599415204678362
1 1.061266447368421, 0.4149305555555556, 0.010142543859649123, 0.00712719298245614
1 0.4603892543859649, 0.4149305555555556, 0.014802631578947368, 0.006578947368421052
1 0.5450932017543859, 0.4151133040935672, 0.01644736842105263, 0.008954678362573099
1 0.7901589912280702, 0.4151133040935672, 0.01343201754385965, 0.011878654970760233
1 0.8027686403508771, 0.4151133040935672, 0.01069078947368421, 0.009868421052631578
1 0.9118695175438597, 0.4151133040935672, 0.009594298245614035, 0.00932017543859649
1 1.0201480263157894, 0.4151133040935672, 0.00712719298245614, 0.006578947368421052
1 1.0182291666666667, 0.4211440058479532, 0.00932017543859649, 0.011695906432748537
1 1.320860745614035, 0.4151133040935672, 0.010142543859649123, 0.00804093567251462
1 0.0322094298245614, 0.41547880116959063, 0.01918859649122807, 0.0062134502923976605
1 0.03193530701754386, 0.4185855263157895, 0.01206140350877193, 0.006030701754385965
1 0.1621436403508772, 0.41547880116959063, 0.011239035087719298, 0.011330409356725146
1 0.18023574561403508, 0.4152960526315789, 0.010416666666666666, 0.011513157894736841
1 0.41680372807017546, 0.41547880116959063, 0.01644736842105263, 0.0062134502923976605
1 0.9965734649122807, 0.4152960526315789, 0.011239035087719298, 0.01206140350877193
1 1.2600054824561404, 0.41547880116959063, 0.011787280701754386, 0.010416666666666666
1 1.266858552631579, 0.42406798245614036, 0.01206140350877193, 0.012244152046783625
1 1.2767269736842106, 0.4311951754385965, 0.005756578947368421, 0.007492690058479532
1 1.2786458333333333, 0.4364948830409357, 0.011787280701754386, 0.013888888888888888
1 0.8367598684210527, 0.41584429824561403, 0.014802631578947368, 0.009137426900584795
1 0.9845120614035088, 0.41584429824561403, 0.010964912280701754, 0.008406432748538011
1 1.251781798245614, 0.41566154970760233, 0.010416666666666666, 0.010049342105263159
1 1.2419133771929824, 0.41694078947368424, 0.014459978070175438, 0.01192251461988304
1 1.2358826754385965, 0.4240204678362573, 0.015076754385964912, 0.008271198830409356
1 1.3074287280701755, 0.41566154970760233, 0.01343201754385965, 0.01023391812865497
1 0.40254934210526316, 0.41639254385964913, 0.015350877192982455, 0.004934210526315789
1 0.49904057017543857, 0.41602704678362573, 0.01069078947368421, 0.011878654970760233
1 0.7035361842105263, 0.41639254385964913, 0.013980263157894737, 0.008954678362573099
1 0.7490405701754386, 0.41620979532163743, 0.011513157894736841, 0.01206140350877193
1 0.8183936403508771, 0.41602704678362573, 0.010964912280701754, 0.011330409356725146
1 1.0782620614035088, 0.41602704678362573, 0.01206140350877193, 0.010416666666666666
1 0.19476425438596492, 0.41639254385964913, 0.008771929824561403, 0.010051169590643274
1 0.2890625, 0.41657529239766083, 0.014802631578947368, 0.01023391812865497
1 0.3178453947368421, 0.41639254385964913, 0.01343201754385965, 0.012244152046783625
1 0.6056743421052632, 0.41657529239766083, 0.01069078947368421, 0.011330409356725146
1 1.116639254385965, 0.41657529239766083, 0.00849780701754386, 0.010051169590643274
1 1.1969572368421053, 0.41639254385964913, 0.00932017543859649, 0.011513157894736841
1 0.07168311403508772, 0.41675804093567254, 0.010416666666666666, 0.005847953216374269
1 0.26466557017543857, 0.4171235380116959, 0.014528508771929825, 0.011878654970760233
1 1.348547149122807, 0.41675804093567254, 0.010416666666666666, 0.012244152046783625
1 1.3397752192982457, 0.41931652046783624, 0.01069078947368421, 0.011878654970760233
1 0.6158168859649122, 0.4173062865497076, 0.007401315789473684, 0.010051169590643274
1 0.6881853070175439, 0.4173062865497076, 0.014802631578947368, 0.007858187134502924
1 1.1073190789473684, 0.4173062865497076, 0.009868421052631578, 0.011330409356725146
1 0.9477796052631579, 0.417671783625731, 0.015899122807017545, 0.0043859649122807015
1 1.0971765350877194, 0.417671783625731, 0.010142543859649123, 0.007675438596491228
1 1.1404879385964912, 0.4174890350877193, 0.009046052631578948, 0.01206140350877193
1 1.425575657894737, 0.426078216374269, 0.015350877192982455, 0.010599415204678362
1 1.0648300438596492, 0.4180372807017544, 0.015625, 0.007675438596491228
1 0.38308662280701755, 0.4184027777777778, 0.014802631578947368, 0.011878654970760233
1 0.6391173245614035, 0.4184027777777778, 0.014802631578947368, 0.008223684210526315
1 0.7282072368421053, 0.4184027777777778, 0.018914473684210526, 0.004751461988304093
1 0.9924616228070176, 0.4182200292397661, 0.00932017543859649, 0.011513157894736841
1 1.331825657894737, 0.4187682748538012, 0.007949561403508772, 0.008771929824561403
1 0.02206688596491228, 0.4187682748538012, 0.011513157894736841, 0.00712719298245614
1 1.1223958333333333, 0.4185855263157895, 0.010142543859649123, 0.007858187134502924
1 0.5228892543859649, 0.41913377192982454, 0.00849780701754386, 0.012792397660818713
1 0.9409265350877193, 0.41895102339181284, 0.010416666666666666, 0.01206140350877193
1 0.9499725877192983, 0.4227887426900585, 0.00932017543859649, 0.011330409356725146
1 0.9743695175438597, 0.41931652046783624, 0.015899122807017545, 0.011330409356725146
1 0.48259320175438597, 0.41931652046783624, 0.009594298245614035, 0.008589181286549707
1 0.11334978070175439, 0.41968201754385964, 0.01699561403508772, 0.011330409356725146
1 0.5302905701754386, 0.41986476608187134, 0.011513157894736841, 0.013157894736842105
1 0.09580592105263158, 0.42004751461988304, 0.008771929824561403, 0.010782163742690058
1 0.5700383771929824, 0.42004751461988304, 0.01069078947368421, 0.008771929824561403
1 0.6668037280701754, 0.42004751461988304, 0.007675438596491228, 0.01023391812865497
1 0.8523848684210527, 0.42023026315789475, 0.015899122807017545, 0.009868421052631578
1 0.9642269736842105, 0.42004751461988304, 0.011787280701754386, 0.011878654970760233
1 1.2246436403508771, 0.42023026315789475, 0.011787280701754386, 0.011878654970760233
1 0.4565515350877193, 0.42041301169590645, 0.007401315789473684, 0.011513157894736841
1 0.4683388157894737, 0.42059576023391815, 0.01644736842105263, 0.008406432748538011
1 0.5132949561403509, 0.42059576023391815, 0.008771929824561403, 0.012609649122807017
1 0.5533168859649122, 0.42077850877192985, 0.014528508771929825, 0.007309941520467836
1 0.006716008771929825, 0.42077850877192985, 0.013706140350877192, 0.008771929824561403
1 0.002055921052631579, 0.4295504385964912, 0.008086622807017545, 0.008406432748538011
1 1.2131304824561404, 0.42077850877192985, 0.011787280701754386, 0.009137426900584795
1 1.3570449561403508, 0.42077850877192985, 0.012609649122807017, 0.010051169590643274
1 0.39871162280701755, 0.4211440058479532, 0.015899122807017545, 0.005482456140350877
1 0.7101151315789473, 0.4213267543859649, 0.00932017543859649, 0.012975146198830409
1 0.07497258771929824, 0.4226059941520468, 0.014528508771929825, 0.007492690058479532
1 0.053865131578947366, 0.42406798245614036, 0.010142543859649123, 0.011513157894736841
1 0.1835252192982456, 0.4216922514619883, 0.011787280701754386, 0.012792397660818713
1 0.7528782894736842, 0.4216922514619883, 0.01425438596491228, 0.010599415204678362
1 0.41762609649122806, 0.4222404970760234, 0.015076754385964912, 0.007309941520467836
1 0.8331962719298246, 0.4222404970760234, 0.01425438596491228, 0.009137426900584795
1 1.090049342105263, 0.4222404970760234, 0.01781798245614035, 0.012609649122807017
1 0.5851151315789473, 0.4222404970760234, 0.01069078947368421, 0.007309941520467836
1 0.7260142543859649, 0.4222404970760234, 0.010964912280701754, 0.01114766081871345
1 1.154810855263158, 0.4222404970760234, 0.017201206140350877, 0.011694078947368422
1 1.158374451754386, 0.42808845029239767, 0.010622258771929825, 0.010599415204678362
1 1.1840734649122806, 0.4222404970760234, 0.018914473684210526, 0.008223684210526315
1 0.43928179824561403, 0.4226059941520468, 0.009868421052631578, 0.00932017543859649
1 0.7794682017543859, 0.4227887426900585, 0.010142543859649123, 0.011695906432748537
1 0.9560032894736842, 0.4226059941520468, 0.011513157894736841, 0.012244152046783625
1 0.34799890350877194, 0.42297149122807015, 0.022203947368421052, 0.005665204678362573
1 0.6445997807017544, 0.42315423976608185, 0.010142543859649123, 0.006578947368421052
1 1.0459155701754386, 0.42297149122807015, 0.015350877192982455, 0.00712719298245614
1 1.045641447368421, 0.4292763157894737, 0.014528508771929825, 0.006304824561403508
1 1.2791940789473684, 0.42297149122807015, 0.010416666666666666, 0.012244152046783625
1 0.04454495614035088, 0.42370248538011696, 0.014528508771929825, 0.012609649122807017
1 0.019599780701754384, 0.4262097953216374, 0.015213815789473685, 0.010650584795321638
1 0.02837171052631579, 0.4291849415204678, 0.01617324561403509, 0.00804093567251462
1 0.6939418859649122, 0.42351973684210525, 0.01206140350877193, 0.01206140350877193
1 0.019325657894736843, 0.42388523391812866, 0.008771929824561403, 0.006944444444444444
1 0.12102521929824561, 0.42370248538011696, 0.01864035087719298, 0.007309941520467836
1 0.39350328947368424, 0.42388523391812866, 0.01918859649122807, 0.006396198830409356
1 0.6226699561403509, 0.42370248538011696, 0.011787280701754386, 0.010964912280701754
1 1.288514254385965, 0.42406798245614036, 0.011239035087719298, 0.006761695906432748
1 0.42886513157894735, 0.42425073099415206, 0.010964912280701754, 0.011513157894736841
1 0.8290844298245614, 0.42425073099415206, 0.01343201754385965, 0.011513157894736841
1 0.5393366228070176, 0.42461622807017546, 0.012883771929824562, 0.00932017543859649
1 0.03522478070175439, 0.42479897660818716, 0.006304824561403508, 0.006578947368421052
1 0.5736019736842105, 0.42479897660818716, 0.010964912280701754, 0.010051169590643274
1 0.5653782894736842, 0.43375365497076024, 0.010416666666666666, 0.006944444444444444
1 0.5678453947368421, 0.4346673976608187, 0.01644736842105263, 0.00804093567251462
1 0.6744791666666666, 0.42479897660818716, 0.008771929824561403, 0.007309941520467836
1 0.6695449561403509, 0.432108918128655, 0.010142543859649123, 0.010599415204678362
1 0.7153234649122807, 0.4249817251461988, 0.010416666666666666, 0.01206140350877193
1 0.6824287280701754, 0.4251644736842105, 0.008771929824561403, 0.013888888888888888
1 0.8976151315789473, 0.4251644736842105, 0.021655701754385966, 0.007858187134502924
1 1.067297149122807, 0.4253472222222222, 0.01069078947368421, 0.00402046783625731
1 1.0837445175438596, 0.4253472222222222, 0.010964912280701754, 0.009502923976608187
1 1.2578125, 0.4253472222222222, 0.013157894736842105, 0.012244152046783625
1 1.246299342105263, 0.4293676900584795, 0.01699561403508772, 0.00932017543859649
1 1.2369791666666667, 0.43302266081871343, 0.01343201754385965, 0.007492690058479532
1 0.010553728070175438, 0.4257127192982456, 0.009594298245614035, 0.012426900584795321
1 0.6525493421052632, 0.4255299707602339, 0.010964912280701754, 0.012426900584795321
1 1.0028782894736843, 0.4255299707602339, 0.014802631578947368, 0.005116959064327485
1 0.31674890350877194, 0.426078216374269, 0.015350877192982455, 0.010964912280701754
1 0.848547149122807, 0.426078216374269, 0.009868421052631578, 0.012609649122807017
1 1.2907072368421053, 0.426078216374269, 0.018092105263157895, 0.008406432748538011
1 1.385827850877193, 0.42827119883040937, 0.011239035087719298, 0.010051169590643274
1 1.389391447368421, 0.43686038011695905, 0.02055921052631579, 0.005116959064327485
1 0.5582510964912281, 0.4264437134502924, 0.010964912280701754, 0.006578947368421052
1 0.5933388157894737, 0.4264437134502924, 0.010964912280701754, 0.011513157894736841
1 1.1054002192982457, 0.4264437134502924, 0.011239035087719298, 0.009868421052631578
1 0.7926260964912281, 0.42680921052631576, 0.009046052631578948, 0.01206140350877193
1 0.8156524122807017, 0.42680921052631576, 0.013157894736842105, 0.008771929824561403
1 0.8866502192982456, 0.4266264619883041, 0.011787280701754386, 0.010416666666666666
1 0.548108552631579, 0.42717470760233917, 0.00932017543859649, 0.008406432748538011
1 0.5853892543859649, 0.42717470760233917, 0.009868421052631578, 0.013523391812865496
1 0.7715186403508771, 0.42735745614035087, 0.010142543859649123, 0.008954678362573099
1 1.0242598684210527, 0.42699195906432746, 0.010142543859649123, 0.010782163742690058
1 1.1169133771929824, 0.42717470760233917, 0.011513157894736841, 0.012244152046783625
1 0.21504934210526316, 0.42754020467836257, 0.01206140350877193, 0.008771929824561403
1 0.20353618421052633, 0.4284539473684211, 0.015350877192982455, 0.01023391812865497
1 0.7323190789473685, 0.42735745614035087, 0.017269736842105265, 0.010599415204678362
1 0.9283168859649122, 0.42754020467836257, 0.007675438596491228, 0.014619883040935672
1 1.1456962719298245, 0.42735745614035087, 0.011239035087719298, 0.010599415204678362
1 1.1750274122807018, 0.42754020467836257, 0.018914473684210526, 0.010964912280701754
1 1.1942160087719298, 0.4357638888888889, 0.012335526315789474, 0.008406432748538011
1 1.3090405701754386, 0.4274269005847953, 0.02360745614035088, 0.012357456140350878
1 0.17173793859649122, 0.42790570175438597, 0.010416666666666666, 0.00932017543859649
1 0.47053179824561403, 0.42790570175438597, 0.00932017543859649, 0.00932017543859649
1 0.6056743421052632, 0.42772295321637427, 0.015625, 0.008589181286549707
1 1.0752467105263157, 0.42772295321637427, 0.01069078947368421, 0.009137426900584795
1 0.1215734649122807, 0.42808845029239767, 0.016721491228070175, 0.01114766081871345
1 0.9165296052631579, 0.42808845029239767, 0.009868421052631578, 0.012244152046783625
1 1.1870888157894737, 0.42827119883040937, 0.017269736842105265, 0.007675438596491228
1 0.7632949561403509, 0.4284539473684211, 0.00849780701754386, 0.012244152046783625
1 0.9041940789473685, 0.4286366959064328, 0.014802631578947368, 0.006944444444444444
1 0.07881030701754387, 0.4290021929824561, 0.01699561403508772, 0.006030701754385965
1 1.0640076754385965, 0.4290021929824561, 0.01206140350877193, 0.005665204678362573
1 0.936266447368421, 0.4293676900584795, 0.007949561403508772, 0.0133406432748538
1 1.2101151315789473, 0.4293676900584795, 0.015625, 0.011695906432748537
1 0.3403234649122807, 0.4295504385964912, 0.015625, 0.0043859649122807015
1 0.6385690789473685, 0.4297331871345029, 0.01836622807017544, 0.00932017543859649
1 0.9417489035087719, 0.4297331871345029, 0.01206140350877193, 0.008954678362573099
1 1.0344024122807018, 0.4297331871345029, 0.011513157894736841, 0.012426900584795321
1 0.6909265350877193, 0.4300986842105263, 0.009594298245614035, 0.011330409356725146
1 0.7558936403508771, 0.4299159356725146, 0.007949561403508772, 0.010416666666666666
1 0.8589638157894737, 0.4300986842105263, 0.00849780701754386, 0.009502923976608187
1 1.395422149122807, 0.4299159356725146, 0.010964912280701754, 0.004568713450292397
1 0.40803179824561403, 0.43028143274853803, 0.018297697368421052, 0.004934210526315789
1 0.3847313596491228, 0.4308296783625731, 0.012883771929824562, 0.008771929824561403
1 0.6626918859649122, 0.43064692982456143, 0.007675438596491228, 0.009502923976608187
1 0.799923245614035, 0.42859100877192985, 0.011343201754385966, 0.010645102339181287
1 0.21504934210526316, 0.4313779239766082, 0.017543859649122806, 0.010964912280701754
1 1.3532072368421053, 0.4310124269005848, 0.013569078947368422, 0.009685672514619883
1 1.4102247807017543, 0.4310124269005848, 0.011239035087719298, 0.012426900584795321
1 1.2257401315789473, 0.4315606725146199, 0.018914473684210526, 0.010416666666666666
1 0.5154879385964912, 0.4319261695906433, 0.00932017543859649, 0.012792397660818713
1 0.3482730263157895, 0.432108918128655, 0.012609649122807017, 0.01425438596491228
1 0.43078399122807015, 0.4322916666666667, 0.015899122807017545, 0.0133406432748538
1 0.9192708333333334, 0.4322916666666667, 0.010142543859649123, 0.010964912280701754
1 0.9628563596491229, 0.432108918128655, 0.015076754385964912, 0.0062134502923976605
1 0.33867872807017546, 0.4324744152046784, 0.011239035087719298, 0.006396198830409356
1 0.33127741228070173, 0.43265716374269003, 0.015625, 0.008954678362573099
1 0.5483826754385965, 0.43265716374269003, 0.019462719298245616, 0.010599415204678362
1 1.1709155701754386, 0.4324744152046784, 0.009046052631578948, 0.009502923976608187
1 1.432702850877193, 0.4324744152046784, 0.01206140350877193, 0.01023391812865497
1 0.6273300438596491, 0.43283991228070173, 0.013157894736842105, 0.013706140350877192
1 0.9058388157894737, 0.43283991228070173, 0.010964912280701754, 0.011878654970760233
1 0.9749177631578947, 0.43302266081871343, 0.01781798245614035, 0.006030701754385965
1 1.0653782894736843, 0.43338815789473684, 0.013157894736842105, 0.011513157894736841
1 0.2441063596491228, 0.43393640350877194, 0.011239035087719298, 0.009502923976608187
1 0.5239857456140351, 0.43411915204678364, 0.014528508771929825, 0.00712719298245614
1 0.6747532894736842, 0.43393640350877194, 0.00932017543859649, 0.009502923976608187
1 0.9527138157894737, 0.43393640350877194, 0.008223684210526315, 0.005847953216374269
1 0.15638706140350878, 0.43430190058479534, 0.01343201754385965, 0.010416666666666666
1 0.31537828947368424, 0.43430190058479534, 0.014528508771929825, 0.0133406432748538
1 1.1805098684210527, 0.43430190058479534, 0.010142543859649123, 0.010782163742690058
1 0.5982730263157895, 0.4350328947368421, 0.010142543859649123, 0.005847953216374269
1 1.1371984649122806, 0.4346673976608187, 0.009046052631578948, 0.012609649122807017
1 0.30386513157894735, 0.4350328947368421, 0.010142543859649123, 0.011513157894736841
1 1.0842927631578947, 0.4350328947368421, 0.00849780701754386, 0.011878654970760233
1 0.8364857456140351, 0.4353983918128655, 0.01069078947368421, 0.012426900584795321
1 1.0598958333333333, 0.4355811403508772, 0.010964912280701754, 0.0133406432748538
1 0.5445449561403509, 0.43494152046783624, 0.011891447368421054, 0.006487573099415204
1 1.0760690789473684, 0.4359466374269006, 0.008771929824561403, 0.01023391812865497
1 1.155016447368421, 0.4359466374269006, 0.007675438596491228, 0.010599415204678362
1 0.42283442982456143, 0.436312134502924, 0.00932017543859649, 0.011878654970760233
1 0.48259320175438597, 0.4361293859649123, 0.015350877192982455, 0.01114766081871345
1 0.4790296052631579, 0.43686038011695905, 0.010416666666666666, 0.009137426900584795
1 0.6136239035087719, 0.4361293859649123, 0.01343201754385965, 0.008954678362573099
1 0.8304550438596491, 0.4361293859649123, 0.007675438596491228, 0.009685672514619883
1 1.0513980263157894, 0.4361293859649123, 0.01069078947368421, 0.013157894736842105
1 1.3038651315789473, 0.4361293859649123, 0.01699561403508772, 0.008589181286549707
1 0.20792214912280702, 0.4397843567251462, 0.01069078947368421, 0.005299707602339181
1 0.4439418859649123, 0.43667763157894735, 0.015076754385964912, 0.009868421052631578
1 0.43078399122807015, 0.44106359649122806, 0.013843201754385965, 0.008223684210526315
1 1.1467927631578947, 0.43667763157894735, 0.007401315789473684, 0.011878654970760233
1 0.17365679824561403, 0.43686038011695905, 0.00932017543859649, 0.010599415204678362
1 0.23615679824561403, 0.43704312865497075, 0.01069078947368421, 0.00804093567251462
1 0.45682565789473684, 0.43704312865497075, 0.012609649122807017, 0.004934210526315789
1 0.7134046052631579, 0.43704312865497075, 0.01493969298245614, 0.00712719298245614
1 0.7084703947368421, 0.4390533625730994, 0.013843201754385965, 0.004751461988304093
1 1.2654879385964912, 0.43686038011695905, 0.011787280701754386, 0.013157894736842105
1 0.22765899122807018, 0.43740862573099415, 0.01069078947368421, 0.010964912280701754
1 0.40145285087719296, 0.43740862573099415, 0.01425438596491228, 0.00804093567251462
1 0.4941063596491228, 0.43722587719298245, 0.012609649122807017, 0.00932017543859649
1 0.7635690789473685, 0.43740862573099415, 0.013706140350877192, 0.01114766081871345
1 1.2265625, 0.43759137426900585, 0.012883771929824562, 0.01206140350877193
1 1.110608552631579, 0.43759137426900585, 0.013157894736842105, 0.012792397660818713
1 1.373218201754386, 0.43759137426900585, 0.015076754385964912, 0.008223684210526315
1 0.3274396929824561, 0.43813961988304095, 0.01617324561403509, 0.010964912280701754
1 0.8189418859649122, 0.43832236842105265, 0.012609649122807017, 0.009502923976608187
1 1.1256853070175439, 0.43795687134502925, 0.011239035087719298, 0.009502923976608187
1 0.5700383771929824, 0.43832236842105265, 0.01699561403508772, 0.010051169590643274
1 0.8441611842105263, 0.4385051169590643, 0.009594298245614035, 0.013706140350877192
1 1.1034813596491229, 0.43832236842105265, 0.008771929824561403, 0.01114766081871345
1 0.18297697368421054, 0.4388706140350877, 0.011513157894736841, 0.010416666666666666
1 0.25315241228070173, 0.4388706140350877, 0.011787280701754386, 0.008954678362573099
1 0.24739583333333334, 0.44709429824561403, 0.00849780701754386, 0.007492690058479532
1 0.36609100877192985, 0.4388706140350877, 0.012335526315789474, 0.013157894736842105
1 0.37924890350877194, 0.438687865497076, 0.015350877192982455, 0.007309941520467836
1 0.3776041666666667, 0.44142909356725146, 0.011787280701754386, 0.007858187134502924
1 0.6996984649122807, 0.4388706140350877, 0.011513157894736841, 0.013157894736842105
1 1.308799342105263, 0.4388706140350877, 0.017406798245614034, 0.010964912280701754
1 0.4518914473684211, 0.4390533625730994, 0.020833333333333332, 0.009685672514619883
1 0.5971765350877193, 0.4396016081871345, 0.019736842105263157, 0.007492690058479532
1 0.6835252192982456, 0.4392361111111111, 0.009868421052631578, 0.011513157894736841
1 0.7709703947368421, 0.4392361111111111, 0.015350877192982455, 0.009685672514619883
1 1.0905975877192982, 0.4399141081871345, 0.006030701754385965, 0.009190423976608186
1 1.0951206140350878, 0.4388633040935673, 0.011924342105263159, 0.013165204678362574
1 1.1602247807017543, 0.4392361111111111, 0.009868421052631578, 0.013706140350877192
1 0.2709703947368421, 0.4396016081871345, 0.009868421052631578, 0.008406432748538011
1 0.6330866228070176, 0.4396016081871345, 0.022478070175438597, 0.008771929824561403
1 0.6459703947368421, 0.4438048245614035, 0.013706140350877192, 0.006761695906432748
1 0.7819353070175439, 0.4396016081871345, 0.012883771929824562, 0.009868421052631578
1 0.9828673245614035, 0.4394188596491228, 0.021655701754385966, 0.006944444444444444
1 0.1953125, 0.4403326023391813, 0.010964912280701754, 0.01023391812865497
1 1.3617050438596492, 0.4403326023391813, 0.015625, 0.012609649122807017
1 1.4189967105263157, 0.4401498538011696, 0.01343201754385965, 0.01114766081871345
1 0.8548519736842105, 0.44051535087719296, 0.009594298245614035, 0.013888888888888888
1 0.8649945175438597, 0.44051535087719296, 0.007675438596491228, 0.011513157894736841
1 1.292077850877193, 0.44051535087719296, 0.010964912280701754, 0.010416666666666666
1 1.2007949561403508, 0.44088084795321636, 0.013157894736842105, 0.009685672514619883
1 0.22245065789473684, 0.44124634502923976, 0.009046052631578948, 0.009685672514619883
1 0.21175986842105263, 0.4449013157894737, 0.012198464912280702, 0.0043859649122807015
1 0.2621984649122807, 0.44124634502923976, 0.010142543859649123, 0.012792397660818713
1 0.2778234649122807, 0.44124634502923976, 0.01918859649122807, 0.009685672514619883
1 0.6931195175438597, 0.44124634502923976, 0.008223684210526315, 0.009137426900584795
1 1.3543037280701755, 0.44161184210526316, 0.012335526315789474, 0.011513157894736841
1 1.364172149122807, 0.45184576023391815, 0.01069078947368421, 0.013157894736842105
1 1.3861019736842106, 0.44197733918128657, 0.010142543859649123, 0.0062134502923976605
1 1.2731633771929824, 0.44197733918128657, 0.00849780701754386, 0.010416666666666666
1 1.3926809210526316, 0.4425255847953216, 0.01343201754385965, 0.010599415204678362
1 0.15200109649122806, 0.4425255847953216, 0.010416666666666666, 0.01023391812865497
1 0.8721217105263158, 0.44234283625730997, 0.012883771929824562, 0.010782163742690058
1 1.1662554824561404, 0.4425255847953216, 0.010416666666666666, 0.01206140350877193
1 1.1769462719298245, 0.4425255847953216, 0.010964912280701754, 0.011878654970760233
1 1.2504111842105263, 0.4427083333333333, 0.01617324561403509, 0.005847953216374269
1 0.16269188596491227, 0.4427083333333333, 0.010142543859649123, 0.011878654970760233
1 0.7092927631578947, 0.442891081871345, 0.01644736842105263, 0.006396198830409356
1 1.3411458333333333, 0.4427083333333333, 0.012883771929824562, 0.010416666666666666
1 1.2394462719298245, 0.4432565789473684, 0.013157894736842105, 0.014619883040935672
1 0.6136239035087719, 0.4434393274853801, 0.011513157894736841, 0.011878654970760233
1 0.11417214912280702, 0.4438048245614035, 0.01069078947368421, 0.012975146198830409
1 0.09936951754385964, 0.44453581871345027, 0.01343201754385965, 0.012609649122807017
1 0.10704495614035088, 0.448921783625731, 0.010416666666666666, 0.009137426900584795
1 0.19997258771929824, 0.4439875730994152, 0.009868421052631578, 0.0133406432748538
1 1.3225054824561404, 0.4439875730994152, 0.01617324561403509, 0.011878654970760233
1 0.23423793859649122, 0.4441703216374269, 0.00932017543859649, 0.01023391812865497
1 0.2353344298245614, 0.44453581871345027, 0.01644736842105263, 0.011878654970760233
1 1.411595394736842, 0.44453581871345027, 0.01918859649122807, 0.01425438596491228
1 1.2172423245614035, 0.44471856725146197, 0.012883771929824562, 0.011878654970760233
1 0.17009320175438597, 0.4454495614035088, 0.01069078947368421, 0.012244152046783625
1 0.9428453947368421, 0.4452668128654971, 0.010416666666666666, 0.010051169590643274
1 0.13555372807017543, 0.4458150584795322, 0.01343201754385965, 0.012609649122807017
1 0.9063870614035088, 0.4456323099415205, 0.02055921052631579, 0.006944444444444444
1 1.473547149122807, 0.4458150584795322, 0.012335526315789474, 0.010782163742690058
1 1.129797149122807, 0.4461805555555556, 0.01425438596491228, 0.011330409356725146
1 1.3781524122807018, 0.4461805555555556, 0.01343201754385965, 0.01516812865497076
1 1.461485745614035, 0.4465460526315789, 0.014802631578947368, 0.012792397660818713
1 0.12349232456140351, 0.44672880116959063, 0.015625, 0.005847953216374269
1 0.8778782894736842, 0.4465460526315789, 0.013980263157894737, 0.009137426900584795
1 1.079906798245614, 0.4465460526315789, 0.01781798245614035, 0.008954678362573099
1 0.08950109649122807, 0.44709429824561403, 0.011239035087719298, 0.01206140350877193
1 0.24821820175438597, 0.44727704678362573, 0.013980263157894737, 0.01023391812865497
1 0.4077576754385965, 0.44727704678362573, 0.015076754385964912, 0.006761695906432748
1 0.7479440789473685, 0.44727704678362573, 0.018092105263157895, 0.006944444444444444
1 0.20956688596491227, 0.44782529239766083, 0.009868421052631578, 0.012609649122807017
1 0.21641995614035087, 0.448921783625731, 0.009046052631578948, 0.008406432748538011
1 1.1207510964912282, 0.44782529239766083, 0.01206140350877193, 0.012975146198830409
1 1.2611019736842106, 0.44782529239766083, 0.010416666666666666, 0.010416666666666666
1 1.2685032894736843, 0.4571454678362573, 0.015625, 0.015350877192982455
1 0.14076206140350878, 0.4483735380116959, 0.012883771929824562, 0.013157894736842105
1 0.14322916666666666, 0.45422149122807015, 0.013157894736842105, 0.012975146198830409
1 1.0719572368421053, 0.44819078947368424, 0.010964912280701754, 0.013888888888888888
1 1.2528782894736843, 0.4487390350877193, 0.007949561403508772, 0.010051169590643274
1 0.00013706140350877192, 0.448921783625731, 0.006578947368421052, 0.008954678362573099
1 0.07086074561403509, 0.4491045321637427, 0.012609649122807017, 0.01206140350877193
1 0.18626644736842105, 0.4491045321637427, 0.01069078947368421, 0.013157894736842105
1 1.0519462719298245, 0.4491045321637427, 0.018914473684210526, 0.0062134502923976605
1 1.2298519736842106, 0.4494700292397661, 0.00849780701754386, 0.011513157894736841
1 1.2347861842105263, 0.45915570175438597, 0.008771929824561403, 0.0133406432748538
1 1.1481633771929824, 0.4498355263157895, 0.015899122807017545, 0.013523391812865496
1 0.22299890350877194, 0.45020102339181284, 0.010416666666666666, 0.007858187134502924
1 0.42365679824561403, 0.45020102339181284, 0.009594298245614035, 0.008954678362573099
1 1.273985745614035, 0.45129751461988304, 0.012609649122807017, 0.0133406432748538
1 1.2887883771929824, 0.45166301169590645, 0.011239035087719298, 0.010782163742690058
1 0.06071820175438596, 0.4522112573099415, 0.011513157894736841, 0.013523391812865496
1 0.19586074561403508, 0.4523940058479532, 0.009594298245614035, 0.006944444444444444
1 1.101014254385965, 0.4522112573099415, 0.009868421052631578, 0.011513157894736841
1 1.1942160087719298, 0.4522112573099415, 0.013980263157894737, 0.012792397660818713
1 0.17502741228070176, 0.4529422514619883, 0.013157894736842105, 0.012975146198830409
1 0.15583881578947367, 0.4529422514619883, 0.014528508771929825, 0.006761695906432748
1 1.3910361842105263, 0.453125, 0.012883771929824562, 0.008954678362573099
1 1.2076480263157894, 0.4540387426900585, 0.016721491228070175, 0.004203216374269006
1 1.1440515350877194, 0.45476973684210525, 0.013157894736842105, 0.010599415204678362
1 0.0026041666666666665, 0.45568347953216376, 0.02138157894736842, 0.006030701754385965
1 1.4094024122807018, 0.4565972222222222, 0.013980263157894737, 0.011513157894736841
1 1.0826480263157894, 0.4575109649122807, 0.016721491228070175, 0.006396198830409356
1 1.2186129385964912, 0.45824195906432746, 0.00849780701754386, 0.01206140350877193
1 1.3290844298245614, 0.45860745614035087, 0.013157894736842105, 0.015350877192982455
1 0.07497258771929824, 0.45897295321637427, 0.009594298245614035, 0.01023391812865497
1 0.19120065789473684, 0.45879020467836257, 0.0200109649122807, 0.006944444444444444
1 1.2095668859649122, 0.45952119883040937, 0.009046052631578948, 0.013157894736842105
1 1.2279331140350878, 0.45952119883040937, 0.006578947368421052, 0.010051169590643274
1 0.06099232456140351, 0.4620796783625731, 0.015076754385964912, 0.01206140350877193
1 0.055509868421052634, 0.46482090643274854, 0.008223684210526315, 0.008406432748538011
1 1.2835800438596492, 0.4620796783625731, 0.01069078947368421, 0.011695906432748537
1 1.298108552631579, 0.4637244152046784, 0.015076754385964912, 0.014985380116959063
1 0.47299890350877194, 0.4671966374269006, 0.009594298245614035, 0.009502923976608187
1 0.7986567982456141, 0.4677448830409357, 0.01069078947368421, 0.008954678362573099
1 1.1117050438596492, 0.47194809941520466, 0.015076754385964912, 0.005665204678362573
1 1.3447094298245614, 0.47304459064327486, 0.015350877192982455, 0.013888888888888888
1 0.6966831140350878, 0.4743238304093567, 0.01069078947368421, 0.009502923976608187
1 0.44750548245614036, 0.4746893274853801, 0.008771929824561403, 0.009685672514619883
1 0.32716557017543857, 0.4799890350877193, 0.011513157894736841, 0.008223684210526315
1 1.0272752192982457, 0.4799890350877193, 0.01343201754385965, 0.007858187134502924
1 0.6807839912280702, 0.4803545321637427, 0.009594298245614035, 0.0062134502923976605
1 0.3628015350877193, 0.48236476608187134, 0.009868421052631578, 0.014437134502923976
1 0.13692434210526316, 0.4849232456140351, 0.010142543859649123, 0.005482456140350877
1 0.12458881578947369, 0.49077119883040937, 0.013157894736842105, 0.008589181286549707
1 1.2180646929824561, 0.4924159356725146, 0.01425438596491228, 0.0043859649122807015
1 0.07743969298245613, 0.4933296783625731, 0.012335526315789474, 0.00932017543859649
1 1.3405975877192982, 0.4949744152046784, 0.021107456140350877, 0.005482456140350877
1 0.01768092105263158, 0.49643640350877194, 0.011239035087719298, 0.009137426900584795
1 1.4055646929824561, 0.503015350877193, 0.01918859649122807, 0.007492690058479532
1 1.3935032894736843, 0.50484283625731, 0.01781798245614035, 0.00712719298245614
1 1.1265076754385965, 0.5117872807017544, 0.012883771929824562, 0.003289473684210526
1 1.0883360745614035, 0.3381761695906433, 0.02158717105263158, 0.004797149122807018
1 1.0942297149122806, 0.34160270467836257, 0.01425438596491228, 0.00402046783625731
1 1.1503563596491229, 0.34594298245614036, 0.01240405701754386, 0.009914108187134504
1 1.1547423245614035, 0.35265899122807015, 0.019805372807017545, 0.004797149122807018
1 1.1488486842105263, 0.32442434210526316, 0.017269736842105265, 0.006259137426900585
1 1.1451809210526316, 0.3294499269005848, 0.011239035087719298, 0.00815606725146199
1 1.1764665570175439, 0.31779970760233917, 0.012815241228070175, 0.00758406432748538
1 1.1785910087719298, 0.3213633040935672, 0.015899122807017545, 0.006259137426900585
1 1.2177220394736843, 0.36152229532163743, 0.016378837719298246, 0.009914108187134504
1 1.2219709429824561, 0.36727887426900585, 0.015213815789473685, 0.009137426900584795
1 1.2399945175438596, 0.3824470029239766, 0.012883771929824562, 0.005345394736842105
1 1.2258086622807018, 0.3814875730994152, 0.02042214912280702, 0.00712719298245614
1 1.2311540570175439, 0.3875182748538012, 0.02240953947368421, 0.004979897660818714
1 1.315408442982456, 0.4239565058479532, 0.018741776315789476, 0.012244152046783625
1 1.3203810307017543, 0.42160087719298245, 0.019325657894736843, 0.013888888888888888
1 1.3438870614035088, 0.43265716374269003, 0.011444627192982455, 0.007447002923976608
1 1.3320997807017543, 0.4368146929824561, 0.011581688596491228, 0.006350511695906433
1 1.3323053728070176, 0.44069809941520466, 0.011513157894736841, 0.011558845029239767
1 1.2981770833333333, 0.4323373538011696, 0.016927083333333332, 0.005436769005847953
1 1.2870751096491229, 0.43475877192982454, 0.015145285087719298, 0.010416666666666666
1 1.413171600877193, 0.41744334795321636, 0.01391173245614035, 0.01000548245614035
1 1.4208470394736843, 0.4213724415204678, 0.01137609649122807, 0.01000548245614035
1 1.3678728070175439, 0.428499634502924, 0.00932017543859649, 0.012107090643274854
1 1.3768503289473684, 0.4253015350877193, 0.008223684210526315, 0.012929459064327485
1 1.3449150219298245, 0.4521198830409357, 0.007675438596491228, 0.007858187134502924
1 1.3507401315789473, 0.45020102339181284, 0.01274671052631579, 0.016036184210526317
1 1.4359237938596492, 0.44864766081871343, 0.017064144736842105, 0.011421783625730994
1 1.4482593201754386, 0.4533534356725146, 0.008018092105263159, 0.00872624269005848
1 1.4539473684210527, 0.44805372807017546, 0.009799890350877192, 0.011467470760233918
1 1.2381441885964912, 0.45339912280701755, 0.012678179824561403, 0.012792397660818713
1 1.243626644736842, 0.46345029239766083, 0.008292214912280702, 0.009685672514619883
1 1.2510279605263157, 0.45929276315789475, 0.01021107456140351, 0.011695906432748537
1 1.2515076754385965, 0.465140716374269, 0.019257127192982455, 0.009639985380116959
1 1.2597998903508771, 0.45682565789473684, 0.008771929824561403, 0.00849780701754386
1 1.0941611842105263, 0.43304459064327483, 0.009388706140350877, 0.007425073099415205
1 0.8085581140350877, 0.4211440058479532, 0.00925438596491228, 0.012883771929824562
1 0.8024259868421053, 0.42475328947368424, 0.009799890350877192, 0.010508040935672515
1 0.7574698464912281, 0.40789473684210525, 0.015487938596491228, 0.01137609649122807
1 0.7652823464912281, 0.40894554093567254, 0.01000548245614035, 0.00918311403508772
1 0.7550027412280702, 0.39418859649122806, 0.01069078947368421, 0.011467470760233918
1 0.7612390350877193, 0.3957876461988304, 0.008771929824561403, 0.011101973684210526
1 0.6907209429824561, 0.3892543859649123, 0.011992872807017545, 0.0044773391812865495
1 0.69140625, 0.3928636695906433, 0.01816063596491228, 0.005802266081871345
1 0.3931962719298246, 0.42733552631578947, 0.014528508771929825, 0.013499634502923977
1 0.28817160087719296, 0.44179459064327486, 0.015419407894736841, 0.01411732456140351
1 0.28227796052631576, 0.44691154970760233, 0.009731359649122808, 0.010553728070175438
1 0.3051672149122807, 0.41588998538011696, 0.00918311403508772, 0.012015716374269006
1 0.31469298245614036, 0.41657529239766083, 0.006716008771929825, 0.01023391812865497
1 0.27569901315789475, 0.41602704678362573, 0.010416666666666666, 0.010873538011695907
1 0.28227796052631576, 0.41762609649122806, 0.007848135964912281, 0.010714546783625732
1 0.30557839912280704, 0.40688961988304095, 0.022203947368421052, 0.004203216374269006
1 0.3053728070175439, 0.4107730263157895, 0.01963267543859649, 0.004568713450292397
1 0.31359649122807015, 0.39505665204678364, 0.00746984649122807, 0.011284722222222222
1 0.3188733552631579, 0.3961988304093567, 0.00952576754385965, 0.010508040935672515
1 0.3316200657894737, 0.4009046052631579, 0.009388706140350877, 0.011239035087719298
1 0.31873629385964913, 0.4072551169590643, 0.014322916666666666, 0.009777046783625731
1 0.12095668859649122, 0.37943165204678364, 0.013774671052631578, 0.009777046783625731
1 0.11067708333333333, 0.37892909356725146, 0.011307565789473685, 0.010051169590643274
1 0.0634594298245614, 0.42128106725146197, 0.007401315789473684, 0.011878654970760233
1 0.07003837719298246, 0.42370248538011696, 0.00884046052631579, 0.008817616959064328
1 0.062088815789473686, 0.41332967836257306, 0.01000548245614035, 0.009683845029239767
1 0.0537280701754386, 0.41556834795321634, 0.00918311403508772, 0.008404605263157896
1 1.183799342105263, 0.33529788011695905, 0.01411732456140351, 0.00424890350877193
1 1.178248355263158, 0.334749634502924, 0.007058662280701755, 0.004203216374269006
1 1.1341831140350878, 0.3172514619883041, 0.0078125, 0.009409722222222222
1 0.5494791666666666, 0.3525657894736842, 0.010622258771929825, 0.009773391812865496
1 0.5529742324561403, 0.3475858918128655, 0.00815515350877193, 0.009409722222222222
1 0.5415625, 0.34868421052631576, 0.014528508771929825, 0.006918859649122807
1 0.5350548245614035, 0.35284173976608185, 0.01538377192982456, 0.008770102339181287
1 0.11218475877192982, 0.4095833333333333, 0.014391447368421052, 0.006714181286549708
1 0.1088952850877193, 0.41401315789473686, 0.01884594298245614, 0.0068512426900584796
1 0.10492050438596491, 0.41816885964912276, 0.014665570175438597, 0.011008771929824562
1 0.10375548245614036, 0.4130080409356725, 0.009046052631578948, 0.011555190058479532
1 0.08292214912280702, 0.40606542397660816, 0.013980263157894737, 0.010963084795321638
1 0.07449287280701754, 0.4092635233918128, 0.009868421052631578, 0.010824195906432748
1 0.1650219298245614, 0.40876644736842105, 0.010553728070175438, 0.0069426169590643275
1 0.17708333333333334, 0.40858369883040935, 0.008360745614035088, 0.007262426900584796
1 0.16742050438596492, 0.401686769005848, 0.011307565789473685, 0.011463815789473683
1 0.41104714912280704, 0.38884137426900584, 0.008292214912280702, 0.008495979532163743
1 0.40337171052631576, 0.38970942982456136, 0.01274671052631579, 0.010641447368421052
1 0.41913377192982454, 0.40318530701754385, 0.017269736842105265, 0.010869883040935672
1 0.42495888157894735, 0.39624451754385964, 0.009046052631578948, 0.010413011695906433
1 0.5033580043859649, 0.4251699561403509, 0.010074013157894737, 0.00968201754385965
1 0.49191337719298245, 0.42334247076023396, 0.015830592105263157, 0.012605994152046784
1 0.6615953947368421, 0.3804861111111111, 0.012609649122807017, 0.011235380116959064
1 0.658922697368421, 0.3841849415204679, 0.01103344298245614, 0.0107328216374269
1 1.4394188596491229, 0.44052083333333336, 0.01069078947368421, 0.010778508771929825
1 1.4280427631578947, 0.4405190058479532, 0.012335526315789474, 0.013748172514619884
