1 0.9765168128654971, 0.3071546052631579, 0.008771929824561403, 0.009685672514619883
1 0.7621527777777778, 0.48012609649122806, 0.013706140350877192, 0.011695906432748537
1 0.769828216374269, 0.4809484649122807, 0.006853070175438596, 0.00402046783625731
1 0.7515533625730995, 0.48122258771929827, 0.009594298245614035, 0.008223684210526315
1 0.7981542397660819, 0.4817708333333333, 0.01425438596491228, 0.011878654970760233
1 0.727796052631579, 0.48341557017543857, 0.012335526315789474, 0.010051169590643274
1 0.7354714912280702, 0.4858826754385965, 0.01206140350877193, 0.009868421052631578
1 0.7422331871345029, 0.4836896929824561, 0.012335526315789474, 0.006944444444444444
1 0.749360380116959, 0.4908168859649123, 0.00712719298245614, 0.01023391812865497
1 0.7058662280701754, 0.4856085526315789, 0.012883771929824562, 0.009137426900584795
1 0.7129934210526315, 0.48752741228070173, 0.013980263157894737, 0.007309941520467836
1 0.7599597953216374, 0.4850603070175439, 0.01425438596491228, 0.005847953216374269
1 0.763797514619883, 0.4883497807017544, 0.01425438596491228, 0.005665204678362573
1 0.7731176900584795, 0.4856085526315789, 0.006853070175438596, 0.00804093567251462
1 0.7018457602339181, 0.48752741228070173, 0.012335526315789474, 0.008954678362573099
1 0.7265168128654971, 0.48944627192982454, 0.013980263157894737, 0.006761695906432748
1 0.7793311403508771, 0.49109100877192985, 0.009868421052631578, 0.010416666666666666
1 0.7767726608187134, 0.49904057017543857, 0.010142543859649123, 0.006761695906432748
1 0.7201206140350878, 0.4921875, 0.012883771929824562, 0.00804093567251462
1 0.7701937134502924, 0.4927357456140351, 0.00712719298245614, 0.010599415204678362
1 0.7915752923976608, 0.49328399122807015, 0.00849780701754386, 0.00804093567251462
1 0.798702485380117, 0.4965734649122807, 0.00932017543859649, 0.007492690058479532
1 0.7018457602339181, 0.4954769736842105, 0.013157894736842105, 0.007492690058479532
1 0.5995065789473685, 0.49575109649122806, 0.014802631578947368, 0.00804093567251462
1 0.7826206140350878, 0.49575109649122806, 0.00932017543859649, 0.009685672514619883
1 0.74515716374269, 0.4965734649122807, 0.01206140350877193, 0.009868421052631578
1 0.8219115497076024, 0.4965734649122807, 0.011239035087719298, 0.006396198830409356
1 0.8204495614035088, 0.5056195175438597, 0.009046052631578948, 0.009685672514619883
1 0.7345577485380117, 0.49684758771929827, 0.014802631578947368, 0.008589181286549707
1 0.6925255847953217, 0.4973958333333333, 0.00849780701754386, 0.010964912280701754
1 0.6148574561403509, 0.49821820175438597, 0.009046052631578948, 0.006944444444444444
1 0.6091922514619883, 0.4987664473684211, 0.01425438596491228, 0.005847953216374269
1 0.7519188596491229, 0.49821820175438597, 0.007949561403508772, 0.011878654970760233
1 0.8284904970760234, 0.4979440789473684, 0.015076754385964912, 0.007492690058479532
1 0.7696454678362573, 0.4998629385964912, 0.01425438596491228, 0.009502923976608187
1 0.7928545321637427, 0.5004111842105263, 0.012883771929824562, 0.005665204678362573
1 0.7418676900584795, 0.5009594298245614, 0.01069078947368421, 0.009685672514619883
1 0.8135051169590644, 0.501233552631579, 0.013157894736842105, 0.008223684210526315
1 0.7186586257309941, 0.5017817982456141, 0.009868421052631578, 0.009137426900584795
1 0.6026133040935673, 0.5023300438596491, 0.013706140350877192, 0.006578947368421052
1 0.7888340643274854, 0.5031524122807017, 0.011787280701754386, 0.004934210526315789
1 0.7133589181286549, 0.5039747807017544, 0.010416666666666666, 0.00712719298245614
1 0.7605080409356725, 0.5034265350877193, 0.008771929824561403, 0.008954678362573099
1 0.7539290935672515, 0.5100054824561403, 0.00932017543859649, 0.015716374269005847
1 0.7840826023391813, 0.5034265350877193, 0.01425438596491228, 0.004751461988304093
1 0.8043676900584795, 0.5034265350877193, 0.007401315789473684, 0.010599415204678362
1 0.7283442982456141, 0.5042489035087719, 0.011513157894736841, 0.006396198830409356
1 0.6970942982456141, 0.5067160087719298, 0.007675438596491228, 0.012426900584795321
1 0.799250730994152, 0.5069901315789473, 0.00712719298245614, 0.01206140350877193
1 0.709703947368421, 0.5072642543859649, 0.010416666666666666, 0.01023391812865497
1 0.6101059941520468, 0.5080866228070176, 0.010416666666666666, 0.009502923976608187
1 0.7206688596491229, 0.5091831140350878, 0.010964912280701754, 0.008954678362573099
1 0.7771381578947368, 0.5097313596491229, 0.011513157894736841, 0.006761695906432748
1 0.37180190058479534, 0.510827850877193, 0.009868421052631578, 0.006578947368421052
1 0.7299890350877193, 0.5116502192982456, 0.009868421052631578, 0.008589181286549707
1 0.7241410818713451, 0.5209703947368421, 0.00849780701754386, 0.00932017543859649
1 0.7393092105263158, 0.5116502192982456, 0.006304824561403508, 0.012609649122807017
1 0.6939875730994152, 0.5130208333333334, 0.013157894736842105, 0.008223684210526315
1 0.798702485380117, 0.5132949561403509, 0.015625, 0.015533625730994151
1 0.8067434210526315, 0.5198739035087719, 0.007401315789473684, 0.007858187134502924
1 0.39665570175438597, 0.5141173245614035, 0.010964912280701754, 0.008406432748538011
1 0.7062317251461988, 0.5149396929824561, 0.007675438596491228, 0.012792397660818713
1 0.7519188596491229, 0.5152138157894737, 0.01617324561403509, 0.007858187134502924
1 0.7930372807017544, 0.5152138157894737, 0.012883771929824562, 0.008771929824561403
1 0.7866410818713451, 0.5157620614035088, 0.011513157894736841, 0.007858187134502924
1 0.7857273391812866, 0.5212445175438597, 0.012883771929824562, 0.00932017543859649
1 0.40323464912280704, 0.5160361842105263, 0.00849780701754386, 0.010599415204678362
1 0.7431469298245614, 0.5160361842105263, 0.005482456140350877, 0.008406432748538011
1 0.38459429824561403, 0.516858552631579, 0.014802631578947368, 0.006761695906432748
1 0.37801535087719296, 0.5182291666666666, 0.021655701754385966, 0.007401315789473684
1 0.3639437134502924, 0.5171326754385965, 0.014528508771929825, 0.006578947368421052
1 0.3688779239766082, 0.5171326754385965, 0.014802631578947368, 0.006030701754385965
1 0.7636147660818714, 0.5182291666666666, 0.010416666666666666, 0.012792397660818713
1 0.38861476608187134, 0.5187774122807017, 0.013706140350877192, 0.007309941520467836
1 0.7371162280701754, 0.5190515350877193, 0.011239035087719298, 0.015533625730994151
1 0.3513340643274854, 0.5195997807017544, 0.007949561403508772, 0.009502923976608187
1 0.3685124269005848, 0.5201480263157895, 0.01864035087719298, 0.01114766081871345
1 0.8149671052631579, 0.520422149122807, 0.006578947368421052, 0.01023391812865497
1 0.5519919590643275, 0.5209703947368421, 0.014802631578947368, 0.006578947368421052
1 0.7321820175438597, 0.5215186403508771, 0.011239035087719298, 0.005116959064327485
1 0.7731176900584795, 0.5220668859649122, 0.00849780701754386, 0.010782163742690058
1 0.7804276315789473, 0.5239857456140351, 0.01699561403508772, 0.013523391812865496
1 0.7676352339181286, 0.5267269736842105, 0.010964912280701754, 0.005847953216374269
1 0.7616045321637427, 0.530016447368421, 0.01644736842105263, 0.009868421052631578
1 0.3988486842105263, 0.5226151315789473, 0.01206140350877193, 0.007675438596491228
1 0.3602887426900585, 0.5239857456140351, 0.015076754385964912, 0.0062134502923976605
1 0.5461440058479532, 0.5237116228070176, 0.01069078947368421, 0.005847953216374269
1 0.38898026315789475, 0.5253563596491229, 0.01343201754385965, 0.008954678362573099
1 0.8189875730994152, 0.5248081140350878, 0.011513157894736841, 0.010416666666666666
1 0.7126279239766082, 0.5256304824561403, 0.010416666666666666, 0.013523391812865496
1 0.7283442982456141, 0.5272752192982456, 0.00932017543859649, 0.005847953216374269
1 0.8109466374269005, 0.5280975877192983, 0.01206140350877193, 0.007675438596491228
1 0.8246527777777778, 0.5275493421052632, 0.012335526315789474, 0.01023391812865497
1 0.8166118421052632, 0.5365953947368421, 0.005208333333333333, 0.009685672514619883
1 0.3500548245614035, 0.5286458333333334, 0.008771929824561403, 0.01023391812865497
1 0.7959612573099415, 0.5283717105263158, 0.009594298245614035, 0.013888888888888888
1 0.342562134502924, 0.530016447368421, 0.013157894736842105, 0.0043859649122807015
1 0.3374451754385965, 0.5313870614035088, 0.014802631578947368, 0.006944444444444444
1 0.2389437134502924, 0.5305646929824561, 0.00712719298245614, 0.005847953216374269
1 0.7716557017543859, 0.5302905701754386, 0.01343201754385965, 0.00804093567251462
1 0.23145102339181287, 0.5308388157894737, 0.007675438596491228, 0.00712719298245614
1 0.829952485380117, 0.5316611842105263, 0.009594298245614035, 0.013157894736842105
1 0.26818347953216376, 0.5319353070175439, 0.010964912280701754, 0.009868421052631578
1 0.34676535087719296, 0.5322094298245614, 0.013706140350877192, 0.004934210526315789
1 0.3988486842105263, 0.5319353070175439, 0.009594298245614035, 0.007492690058479532
1 0.7351059941520468, 0.5333059210526315, 0.013706140350877192, 0.01206140350877193
1 0.7561220760233918, 0.5354989035087719, 0.008771929824561403, 0.008406432748538011
1 0.7486293859649122, 0.5365953947368421, 0.014802631578947368, 0.006761695906432748
1 0.7879203216374269, 0.5365953947368421, 0.00849780701754386, 0.013706140350877192
1 0.2290752923976608, 0.5379660087719298, 0.011239035087719298, 0.013157894736842105
1 0.242781432748538, 0.5379660087719298, 0.006853070175438596, 0.011513157894736841
1 0.8361659356725146, 0.5385142543859649, 0.008223684210526315, 0.013157894736842105
1 0.8334247076023392, 0.5407072368421053, 0.010142543859649123, 0.014985380116959063
1 0.8294042397660819, 0.5448190789473685, 0.007675438596491228, 0.012792397660818713
1 0.7279788011695907, 0.5396107456140351, 0.007401315789473684, 0.010599415204678362
1 0.7994334795321637, 0.5409813596491229, 0.015350877192982455, 0.007309941520467836
1 0.8114948830409356, 0.5412554824561403, 0.01425438596491228, 0.009868421052631578
1 0.7537463450292398, 0.5412554824561403, 0.012883771929824562, 0.005482456140350877
1 0.8045504385964912, 0.5412554824561403, 0.009868421052631578, 0.008406432748538011
1 0.8191703216374269, 0.5412554824561403, 0.006853070175438596, 0.012244152046783625
1 0.23492324561403508, 0.5426260964912281, 0.007401315789473684, 0.0133406432748538
1 0.2586805555555556, 0.5429002192982456, 0.007675438596491228, 0.013706140350877192
1 0.772203947368421, 0.5442708333333334, 0.00712719298245614, 0.012792397660818713
1 0.37856359649122806, 0.5445449561403509, 0.015899122807017545, 0.005847953216374269
1 0.7862755847953217, 0.5445449561403509, 0.009046052631578948, 0.011513157894736841
1 0.7387609649122807, 0.545641447368421, 0.01699561403508772, 0.01114766081871345
1 0.7583150584795322, 0.5450932017543859, 0.016721491228070175, 0.006578947368421052
1 0.763797514619883, 0.5505756578947368, 0.014802631578947368, 0.010599415204678362
1 0.18704312865497075, 0.5459155701754386, 0.013157894736842105, 0.008406432748538011
1 0.1806469298245614, 0.5478344298245614, 0.014802631578947368, 0.007492690058479532
1 0.48675073099415206, 0.5470120614035088, 0.013980263157894737, 0.008589181286549707
1 0.7672697368421053, 0.5475603070175439, 0.013706140350877192, 0.009502923976608187
1 0.7923062865497076, 0.548108552631579, 0.015076754385964912, 0.008223684210526315
1 0.8250182748538012, 0.548108552631579, 0.013157894736842105, 0.010325292397660819
1 0.8283077485380117, 0.5571546052631579, 0.013706140350877192, 0.010416666666666666
1 0.7468019005847953, 0.5486567982456141, 0.011787280701754386, 0.00932017543859649
1 0.8213633040935673, 0.5503015350877193, 0.01617324561403509, 0.006761695906432748
1 0.8336074561403509, 0.5513980263157895, 0.016721491228070175, 0.010416666666666666
1 0.809484649122807, 0.5519462719298246, 0.010964912280701754, 0.012426900584795321
1 0.8412828947368421, 0.5519462719298246, 0.015899122807017545, 0.00712719298245614
1 0.1446454678362573, 0.5522203947368421, 0.015625, 0.007675438596491228
1 0.34420687134502925, 0.5541392543859649, 0.015625, 0.006578947368421052
1 0.4575109649122807, 0.5563322368421053, 0.013980263157894737, 0.005665204678362573
1 0.5357273391812866, 0.5574287280701754, 0.013706140350877192, 0.006030701754385965
1 0.386421783625731, 0.557702850877193, 0.01343201754385965, 0.005299707602339181
1 0.4798062865497076, 0.5579769736842105, 0.015076754385964912, 0.006396198830409356
1 0.7800621345029239, 0.5582510964912281, 0.015625, 0.009868421052631578
1 0.35352704678362573, 0.5590734649122807, 0.014802631578947368, 0.005665204678362573
1 0.47596856725146197, 0.5593475877192983, 0.012883771929824562, 0.0043859649122807015
1 0.3363486842105263, 0.5601699561403509, 0.017269736842105265, 0.007309941520467836
1 0.34841008771929827, 0.5598958333333334, 0.01699561403508772, 0.0062134502923976605
1 0.40286915204678364, 0.5601699561403509, 0.014528508771929825, 0.00712719298245614
1 0.5278691520467836, 0.5601699561403509, 0.01425438596491228, 0.004934210526315789
1 0.3317799707602339, 0.5604440789473685, 0.015076754385964912, 0.005299707602339181
1 0.43704312865497075, 0.5607182017543859, 0.015625, 0.00712719298245614
1 0.3760051169590643, 0.5609923245614035, 0.01425438596491228, 0.006944444444444444
1 0.5059393274853801, 0.561266447368421, 0.01644736842105263, 0.007492690058479532
1 0.3041849415204678, 0.5626370614035088, 0.016721491228070175, 0.00804093567251462
1 0.32702850877192985, 0.5629111842105263, 0.014528508771929825, 0.0062134502923976605
1 0.40963084795321636, 0.5631853070175439, 0.016721491228070175, 0.007675438596491228
1 0.3824013157894737, 0.563733552631579, 0.014802631578947368, 0.00804093567251462
1 0.4609831871345029, 0.5631853070175439, 0.030153508771929825, 0.008406432748538011
1 0.5329861111111112, 0.5634594298245614, 0.013980263157894737, 0.004751461988304093
1 0.7568530701754386, 0.5631853070175439, 0.010964912280701754, 0.0062134502923976605
1 0.2694627192982456, 0.563733552631579, 0.018092105263157895, 0.007492690058479532
1 0.311312134502924, 0.5640076754385965, 0.013980263157894737, 0.006396198830409356
1 0.3908077485380117, 0.5640076754385965, 0.014802631578947368, 0.007309941520467836
1 0.813139619883041, 0.5640076754385965, 0.008771929824561403, 0.014619883040935672
1 0.26361476608187134, 0.5642817982456141, 0.019462719298245616, 0.007309941520467836
1 0.25922880116959063, 0.5763432017543859, 0.015625, 0.006944444444444444
1 0.46884137426900585, 0.5645559210526315, 0.01425438596491228, 0.006944444444444444
1 0.8041849415204678, 0.5642817982456141, 0.01781798245614035, 0.00712719298245614
1 0.8072916666666666, 0.5766173245614035, 0.00932017543859649, 0.00932017543859649
1 0.29431652046783624, 0.5651041666666666, 0.00849780701754386, 0.010964912280701754
1 0.24022295321637427, 0.5656524122807017, 0.01617324561403509, 0.008406432748538011
1 0.3690606725146199, 0.5653782894736842, 0.017269736842105265, 0.006578947368421052
1 0.790296052631579, 0.5653782894736842, 0.013706140350877192, 0.007492690058479532
1 0.0920138888888889, 0.5664747807017544, 0.014528508771929825, 0.013888888888888888
1 0.49515716374269003, 0.5667489035087719, 0.011239035087719298, 0.007858187134502924
1 0.42315423976608185, 0.5675712719298246, 0.013980263157894737, 0.01023391812865497
1 0.3191703216374269, 0.5678453947368421, 0.017269736842105265, 0.007492690058479532
1 0.3984831871345029, 0.5678453947368421, 0.01425438596491228, 0.005299707602339181
1 0.35754751461988304, 0.5681195175438597, 0.015625, 0.005847953216374269
1 0.3637609649122807, 0.5683936403508771, 0.01699561403508772, 0.005482456140350877
1 0.45074926900584794, 0.5683936403508771, 0.020833333333333332, 0.009502923976608187
1 0.44819078947368424, 0.5799067982456141, 0.012335526315789474, 0.004203216374269006
1 0.48656798245614036, 0.5683936403508771, 0.01617324561403509, 0.006030701754385965
1 0.830500730994152, 0.5697642543859649, 0.00849780701754386, 0.015716374269005847
1 0.0783077485380117, 0.5708607456140351, 0.009868421052631578, 0.007675438596491228
1 0.08616593567251463, 0.5705866228070176, 0.012335526315789474, 0.005299707602339181
1 0.34055190058479534, 0.5708607456140351, 0.015076754385964912, 0.009137426900584795
1 0.3725328947368421, 0.5705866228070176, 0.01699561403508772, 0.007675438596491228
1 0.4224232456140351, 0.5840186403508771, 0.015076754385964912, 0.00804093567251462
1 0.575749269005848, 0.5703125, 0.010416666666666666, 0.012792397660818713
1 0.6972770467836257, 0.5708607456140351, 0.01644736842105263, 0.011695906432748537
1 0.24954312865497075, 0.5711348684210527, 0.014802631578947368, 0.007675438596491228
1 0.2521016081871345, 0.5714089912280702, 0.018092105263157895, 0.01114766081871345
1 0.4441703216374269, 0.5714089912280702, 0.016721491228070175, 0.0062134502923976605
1 0.2751279239766082, 0.5725054824561403, 0.01644736842105263, 0.00712719298245614
1 0.43777412280701755, 0.5727796052631579, 0.016721491228070175, 0.0062134502923976605
1 0.2429641812865497, 0.5730537280701754, 0.01343201754385965, 0.00804093567251462
1 0.29102704678362573, 0.5730537280701754, 0.01781798245614035, 0.00712719298245614
1 0.5185489766081871, 0.5744243421052632, 0.013980263157894737, 0.007858187134502924
1 0.5207419590643275, 0.5818256578947368, 0.008223684210526315, 0.010782163742690058
1 0.6095577485380117, 0.5746984649122807, 0.016721491228070175, 0.005299707602339181
1 0.6108369883040936, 0.582922149122807, 0.013706140350877192, 0.009137426900584795
1 0.18229166666666666, 0.5752467105263158, 0.015625, 0.007858187134502924
1 0.3060124269005848, 0.5755208333333334, 0.01699561403508772, 0.006761695906432748
1 0.40707236842105265, 0.5757949561403509, 0.008223684210526315, 0.007309941520467836
1 0.47944078947368424, 0.5752467105263158, 0.014802631578947368, 0.005847953216374269
1 0.6037097953216374, 0.5757949561403509, 0.01425438596491228, 0.006396198830409356
1 0.8144188596491229, 0.5757949561403509, 0.01425438596491228, 0.008223684210526315
1 0.8462171052631579, 0.5760690789473685, 0.01425438596491228, 0.007858187134502924
1 0.35096856725146197, 0.5763432017543859, 0.014528508771929825, 0.0062134502923976605
1 0.16237207602339182, 0.5774396929824561, 0.013157894736842105, 0.007858187134502924
1 0.28079312865497075, 0.5771655701754386, 0.01617324561403509, 0.009502923976608187
1 0.3898940058479532, 0.576891447368421, 0.016721491228070175, 0.006944444444444444
1 0.5106907894736842, 0.576891447368421, 0.015625, 0.007858187134502924
1 0.5417580409356725, 0.576891447368421, 0.011787280701754386, 0.0062134502923976605
1 0.46847587719298245, 0.5777138157894737, 0.00932017543859649, 0.009868421052631578
1 0.20531798245614036, 0.5782620614035088, 0.01617324561403509, 0.008589181286549707
1 0.48967470760233917, 0.5782620614035088, 0.011787280701754386, 0.010964912280701754
1 0.8217288011695907, 0.5779879385964912, 0.011239035087719298, 0.013706140350877192
1 0.8319627192982456, 0.5782620614035088, 0.011513157894736841, 0.012609649122807017
1 0.8418311403508771, 0.5810032894736842, 0.007401315789473684, 0.0062134502923976605
1 0.8359831871345029, 0.5862116228070176, 0.009594298245614035, 0.013706140350877192
1 0.18795687134502925, 0.5788103070175439, 0.017269736842105265, 0.01023391812865497
1 0.31642909356725146, 0.5785361842105263, 0.014802631578947368, 0.006944444444444444
1 0.5507127192982456, 0.5785361842105263, 0.012609649122807017, 0.005847953216374269
1 0.594389619883041, 0.5788103070175439, 0.015899122807017545, 0.01114766081871345
1 0.17626096491228072, 0.5790844298245614, 0.01343201754385965, 0.006030701754385965
1 0.32958698830409355, 0.579358552631579, 0.011787280701754386, 0.006944444444444444
1 0.41694078947368424, 0.579358552631579, 0.017269736842105265, 0.005847953216374269
1 0.6811951754385965, 0.5790844298245614, 0.013157894736842105, 0.004934210526315789
1 0.4034173976608187, 0.5796326754385965, 0.017269736842105265, 0.007858187134502924
1 0.41109283625730997, 0.5820997807017544, 0.011787280701754386, 0.005665204678362573
1 0.40158991228070173, 0.5867598684210527, 0.015899122807017545, 0.007675438596491228
1 0.5309758771929824, 0.5799067982456141, 0.010142543859649123, 0.0062134502923976605
1 0.53609283625731, 0.5796326754385965, 0.012335526315789474, 0.005847953216374269
1 0.4311951754385965, 0.5801809210526315, 0.015899122807017545, 0.0062134502923976605
1 0.6755299707602339, 0.5804550438596491, 0.01617324561403509, 0.007675438596491228
1 0.6609100877192983, 0.5807291666666666, 0.017543859649122806, 0.006396198830409356
1 0.23601973684210525, 0.5812774122807017, 0.013157894736842105, 0.005665204678362573
1 0.667671783625731, 0.5815515350877193, 0.015350877192982455, 0.010782163742690058
1 0.3836805555555556, 0.5818256578947368, 0.013706140350877192, 0.005847953216374269
1 0.3103983918128655, 0.5826480263157895, 0.008771929824561403, 0.006030701754385965
1 0.3951937134502924, 0.5823739035087719, 0.01781798245614035, 0.006944444444444444
1 0.4701206140350877, 0.582922149122807, 0.01343201754385965, 0.0133406432748538
1 0.5746527777777778, 0.5831962719298246, 0.01699561403508772, 0.006030701754385965
1 0.1543311403508772, 0.5837445175438597, 0.016721491228070175, 0.0062134502923976605
1 0.14629020467836257, 0.5922423245614035, 0.015625, 0.008954678362573099
1 0.6517726608187134, 0.5834703947368421, 0.01617324561403509, 0.008771929824561403
1 0.09767909356725146, 0.5840186403508771, 0.01617324561403509, 0.006761695906432748
1 0.21610014619883042, 0.5840186403508771, 0.01617324561403509, 0.005116959064327485
1 0.3246527777777778, 0.5840186403508771, 0.014528508771929825, 0.005482456140350877
1 0.3202668128654971, 0.5916940789473685, 0.015899122807017545, 0.006396198830409356
1 0.3555372807017544, 0.5842927631578947, 0.01343201754385965, 0.007858187134502924
1 0.36083698830409355, 0.5845668859649122, 0.011239035087719298, 0.00804093567251462
1 0.545047514619883, 0.5840186403508771, 0.014528508771929825, 0.007492690058479532
1 0.555281432748538, 0.5840186403508771, 0.01836622807017544, 0.008771929824561403
1 0.6389802631578947, 0.5842927631578947, 0.015899122807017545, 0.008589181286549707
1 0.7380299707602339, 0.5840186403508771, 0.015899122807017545, 0.006578947368421052
1 0.10389254385964912, 0.5848410087719298, 0.01617324561403509, 0.006396198830409356
1 0.5629568713450293, 0.5848410087719298, 0.013980263157894737, 0.009868421052631578
1 0.10992324561403509, 0.5851151315789473, 0.018092105263157895, 0.008589181286549707
1 0.26343201754385964, 0.5851151315789473, 0.014802631578947368, 0.006944444444444444
1 0.2999817251461988, 0.5853892543859649, 0.014802631578947368, 0.006578947368421052
1 0.2210343567251462, 0.5856633771929824, 0.01644736842105263, 0.004751461988304093
1 0.22468932748538012, 0.5873081140350878, 0.014802631578947368, 0.005665204678362573
1 0.6963633040935673, 0.5862116228070176, 0.015350877192982455, 0.011695906432748537
1 0.19106359649122806, 0.5870339912280702, 0.015899122807017545, 0.010964912280701754
1 0.34018640350877194, 0.5864857456140351, 0.007401315789473684, 0.010051169590643274
1 0.6272843567251462, 0.5864857456140351, 0.015076754385964912, 0.006396198830409356
1 0.7128106725146199, 0.5864857456140351, 0.015350877192982455, 0.0062134502923976605
1 0.707328216374269, 0.5884046052631579, 0.014802631578947368, 0.008406432748538011
1 0.21006944444444445, 0.5870339912280702, 0.01617324561403509, 0.008223684210526315
1 0.24625365497076024, 0.5873081140350878, 0.015625, 0.0062134502923976605
1 0.45074926900584794, 0.5875822368421053, 0.013706140350877192, 0.01114766081871345
1 0.49936038011695905, 0.5878563596491229, 0.008771929824561403, 0.005665204678362573
1 0.16986476608187134, 0.5881304824561403, 0.013980263157894737, 0.0062134502923976605
1 0.22852704678362573, 0.5878563596491229, 0.015350877192982455, 0.006944444444444444
1 0.3275767543859649, 0.5881304824561403, 0.01699561403508772, 0.006396198830409356
1 0.37033991228070173, 0.5881304824561403, 0.007401315789473684, 0.011695906432748537
1 0.5236659356725146, 0.5878563596491229, 0.015350877192982455, 0.004934210526315789
1 0.4427083333333333, 0.5884046052631579, 0.014528508771929825, 0.008223684210526315
1 0.56734283625731, 0.5886787280701754, 0.015350877192982455, 0.007858187134502924
1 0.15844298245614036, 0.588952850877193, 0.011239035087719298, 0.005208333333333333
1 0.163468567251462, 0.5903234649122807, 0.012609649122807017, 0.005482456140350877
1 0.4620796783625731, 0.588952850877193, 0.015625, 0.005847953216374269
1 0.4887609649122807, 0.5892269736842105, 0.007675438596491228, 0.010599415204678362
1 0.5271381578947368, 0.588952850877193, 0.01864035087719298, 0.005847953216374269
1 0.13130482456140352, 0.5895010964912281, 0.013706140350877192, 0.008406432748538011
1 0.2703764619883041, 0.5897752192982456, 0.006304824561403508, 0.009137426900584795
1 0.26854897660818716, 0.5933388157894737, 0.01617324561403509, 0.008223684210526315
1 0.5388340643274854, 0.5900493421052632, 0.009594298245614035, 0.010964912280701754
1 0.6165021929824561, 0.5895010964912281, 0.011239035087719298, 0.010782163742690058
1 0.2877375730994152, 0.5903234649122807, 0.01699561403508772, 0.008954678362573099
1 0.29102704678362573, 0.5903234649122807, 0.025219298245614034, 0.010051169590643274
1 0.5841557017543859, 0.5900493421052632, 0.01699561403508772, 0.006578947368421052
1 0.6677631578947368, 0.5905975877192983, 0.01206140350877193, 0.008132309941520468
1 0.30235745614035087, 0.5911458333333334, 0.024396929824561403, 0.015899122807017545
1 0.5175438596491229, 0.5934758771929824, 0.016036184210526317, 0.0061220760233918125
1 0.5333516081871345, 0.5908717105263158, 0.013157894736842105, 0.004568713450292397
1 0.5960343567251462, 0.5905975877192983, 0.013980263157894737, 0.006578947368421052
1 0.2561220760233918, 0.5914199561403509, 0.017269736842105265, 0.007309941520467836
1 0.6810124269005848, 0.5911458333333334, 0.01343201754385965, 0.010782163742690058
1 0.33305921052631576, 0.5919682017543859, 0.01836622807017544, 0.005482456140350877
1 0.11741593567251463, 0.592516447368421, 0.013706140350877192, 0.007309941520467836
1 0.34676535087719296, 0.5922423245614035, 0.018092105263157895, 0.005665204678362573
1 0.35297880116959063, 0.5927905701754386, 0.012609649122807017, 0.007492690058479532
1 0.38422880116959063, 0.5922423245614035, 0.017543859649122806, 0.008589181286549707
1 0.5532711988304093, 0.5922423245614035, 0.013706140350877192, 0.00804093567251462
1 0.7274305555555556, 0.5922423245614035, 0.01836622807017544, 0.006396198830409356
1 0.08982090643274854, 0.5927905701754386, 0.01343201754385965, 0.006761695906432748
1 0.23985745614035087, 0.5930646929824561, 0.013980263157894737, 0.007492690058479532
1 0.22633406432748537, 0.5933388157894737, 0.023300438596491228, 0.012792397660818713
1 0.28061038011695905, 0.5936129385964912, 0.015899122807017545, 0.006944444444444444
1 0.37052266081871343, 0.5936129385964912, 0.007401315789473684, 0.012792397660818713
1 0.5015533625730995, 0.5933388157894737, 0.016721491228070175, 0.00712719298245614
1 0.12289839181286549, 0.5938870614035088, 0.01918859649122807, 0.007858187134502924
1 0.19380482456140352, 0.5944353070175439, 0.015076754385964912, 0.008771929824561403
1 0.3385416666666667, 0.5938870614035088, 0.01069078947368421, 0.003472222222222222
1 0.3421966374269006, 0.5938870614035088, 0.012609649122807017, 0.00402046783625731
1 0.41017909356725146, 0.5941611842105263, 0.017269736842105265, 0.006944444444444444
1 0.4290021929824561, 0.5941611842105263, 0.013706140350877192, 0.013523391812865496
1 0.6313048245614035, 0.5941611842105263, 0.01425438596491228, 0.006761695906432748
1 0.7164656432748538, 0.5938870614035088, 0.013157894736842105, 0.01023391812865497
1 0.06843932748538012, 0.594983552631579, 0.02850877192982456, 0.017361111111111112
1 0.07410453216374269, 0.6086896929824561, 0.01069078947368421, 0.006030701754385965
1 0.07081505847953216, 0.6182839912280702, 0.013980263157894737, 0.005665204678362573
1 0.4836440058479532, 0.5944353070175439, 0.010142543859649123, 0.009685672514619883
1 0.6963633040935673, 0.5944353070175439, 0.011787280701754386, 0.009685672514619883
1 0.13898026315789475, 0.5952576754385965, 0.00932017543859649, 0.008406432748538011
1 0.2034904970760234, 0.5952576754385965, 0.015899122807017545, 0.006578947368421052
1 0.20915570175438597, 0.598547149122807, 0.007675438596491228, 0.004568713450292397
1 0.9171235380116959, 0.594983552631579, 0.01425438596491228, 0.012244152046783625
1 0.5912828947368421, 0.5958059210526315, 0.015625, 0.0062134502923976605
1 0.3153326023391813, 0.5966282894736842, 0.015625, 0.009502923976608187
1 0.46536915204678364, 0.5960800438596491, 0.015350877192982455, 0.007675438596491228
1 0.4772478070175439, 0.5963541666666666, 0.017543859649122806, 0.0062134502923976605
1 0.3659539473684211, 0.5966282894736842, 0.017269736842105265, 0.004751461988304093
1 0.5390168128654971, 0.5969024122807017, 0.009868421052631578, 0.01206140350877193
1 0.6493969298245614, 0.5969024122807017, 0.014528508771929825, 0.01206140350877193
1 0.38934576023391815, 0.5974506578947368, 0.01343201754385965, 0.006761695906432748
1 0.5086805555555556, 0.5971765350877193, 0.016721491228070175, 0.005665204678362573
1 0.6079130116959064, 0.5974506578947368, 0.017543859649122806, 0.007309941520467836
1 0.6731542397660819, 0.5974506578947368, 0.010416666666666666, 0.007309941520467836
1 0.36083698830409355, 0.5977247807017544, 0.014802631578947368, 0.005482456140350877
1 0.49278143274853803, 0.5977247807017544, 0.01617324561403509, 0.006030701754385965
1 0.2513706140350877, 0.5982730263157895, 0.015899122807017545, 0.00804093567251462
1 0.498812134502924, 0.5982730263157895, 0.010964912280701754, 0.003289473684210526
1 0.5516264619883041, 0.598547149122807, 0.01836622807017544, 0.005482456140350877
1 0.580500730994152, 0.5982730263157895, 0.015350877192982455, 0.007675438596491228
1 0.6607273391812866, 0.598547149122807, 0.014802631578947368, 0.008223684210526315
1 0.06332236842105263, 0.5993695175438597, 0.018092105263157895, 0.01425438596491228
1 0.08013523391812866, 0.5993695175438597, 0.014528508771929825, 0.008771929824561403
1 0.18174342105263158, 0.5990953947368421, 0.005756578947368421, 0.010051169590643274
1 0.30820540935672514, 0.5988212719298246, 0.012883771929824562, 0.004203216374269006
1 0.311312134502924, 0.5993695175438597, 0.015350877192982455, 0.006030701754385965
1 0.15597587719298245, 0.5996436403508771, 0.012883771929824562, 0.007858187134502924
1 0.15049342105263158, 0.6004660087719298, 0.013980263157894737, 0.009502923976608187
1 0.44142909356725146, 0.5993695175438597, 0.015625, 0.006578947368421052
1 0.44691154970760233, 0.6023848684210527, 0.010964912280701754, 0.011330409356725146
1 0.6146747076023392, 0.5996436403508771, 0.013706140350877192, 0.012244152046783625
1 0.6835709064327485, 0.5993695175438597, 0.00849780701754386, 0.010416666666666666
1 0.48327850877192985, 0.5999177631578947, 0.014802631578947368, 0.008954678362573099
1 0.6426352339181286, 0.6001918859649122, 0.015625, 0.005665204678362573
1 0.740953947368421, 0.6004660087719298, 0.010964912280701754, 0.013706140350877192
1 0.09676535087719298, 0.6007401315789473, 0.01699561403508772, 0.007309941520467836
1 0.1356907894736842, 0.6007401315789473, 0.01644736842105263, 0.006578947368421052
1 0.13258406432748537, 0.6138980263157895, 0.016721491228070175, 0.006944444444444444
1 0.25995979532163743, 0.6007401315789473, 0.017543859649122806, 0.008406432748538011
1 0.5324378654970761, 0.6004660087719298, 0.014528508771929825, 0.009137426900584795
1 0.6888706140350878, 0.6007401315789473, 0.010964912280701754, 0.010051169590643274
1 0.11138523391812866, 0.6015625, 0.011239035087719298, 0.009868421052631578
1 0.16602704678362573, 0.6010142543859649, 0.012883771929824562, 0.012975146198830409
1 0.37107090643274854, 0.6010142543859649, 0.00932017543859649, 0.012244152046783625
1 0.234375, 0.6018366228070176, 0.015625, 0.00932017543859649
1 0.41657529239766083, 0.6021107456140351, 0.01781798245614035, 0.007492690058479532
1 0.19672880116959066, 0.6029331140350878, 0.014528508771929825, 0.006578947368421052
1 0.2153691520467836, 0.6029331140350878, 0.005756578947368421, 0.008954678362573099
1 0.21573464912280702, 0.6032072368421053, 0.012335526315789474, 0.012792397660818713
1 0.2723866959064328, 0.6026589912280702, 0.01699561403508772, 0.00712719298245614
1 0.5695358187134503, 0.6029331140350878, 0.010416666666666666, 0.012975146198830409
1 0.12819809941520469, 0.6056743421052632, 0.017269736842105265, 0.007675438596491228
1 0.18375365497076024, 0.6037554824561403, 0.010964912280701754, 0.011878654970760233
1 0.4324744152046784, 0.6037554824561403, 0.013980263157894737, 0.008406432748538011
1 0.5373720760233918, 0.6037554824561403, 0.015076754385964912, 0.007675438596491228
1 0.594389619883041, 0.6040296052631579, 0.014528508771929825, 0.010964912280701754
1 0.7151864035087719, 0.6037554824561403, 0.009868421052631578, 0.013157894736842105
1 0.7859100877192983, 0.6037554824561403, 0.014802631578947368, 0.008589181286549707
1 0.8648574561403509, 0.6037554824561403, 0.015076754385964912, 0.010416666666666666
1 0.8754568713450293, 0.6040296052631579, 0.014528508771929825, 0.008406432748538011
1 0.08379020467836257, 0.604577850877193, 0.01617324561403509, 0.0133406432748538
1 0.08086622807017543, 0.6130756578947368, 0.01343201754385965, 0.006030701754385965
1 0.08287646198830409, 0.6171875, 0.015350877192982455, 0.009137426900584795
1 0.24095394736842105, 0.604577850877193, 0.01781798245614035, 0.009685672514619883
1 0.2347404970760234, 0.614172149122807, 0.018914473684210526, 0.006304824561403508
1 0.32702850877192985, 0.604577850877193, 0.013980263157894737, 0.005847953216374269
1 0.6486659356725146, 0.6048519736842105, 0.015899122807017545, 0.008223684210526315
1 0.736202485380117, 0.6054002192982456, 0.01781798245614035, 0.008771929824561403
1 0.14263523391812866, 0.6059484649122807, 0.010142543859649123, 0.00804093567251462
1 0.14190423976608188, 0.6155427631578947, 0.015076754385964912, 0.005847953216374269
1 0.16218932748538012, 0.6056743421052632, 0.01699561403508772, 0.005665204678362573
1 0.15908260233918128, 0.6147203947368421, 0.012335526315789474, 0.006030701754385965
1 0.20239400584795322, 0.6056743421052632, 0.012883771929824562, 0.0133406432748538
1 0.19618055555555555, 0.6171875, 0.016721491228070175, 0.008223684210526315
1 0.33671418128654973, 0.6056743421052632, 0.009594298245614035, 0.007675438596491228
1 0.3284904970760234, 0.6147203947368421, 0.010416666666666666, 0.014071637426900584
1 0.6227156432748538, 0.6056743421052632, 0.007675438596491228, 0.009868421052631578
1 0.6163194444444444, 0.6075932017543859, 0.015899122807017545, 0.008589181286549707
1 0.6174159356725146, 0.6166392543859649, 0.010964912280701754, 0.008589181286549707
1 0.6303910818713451, 0.6056743421052632, 0.01206140350877193, 0.010416666666666666
1 0.7080592105263158, 0.6056743421052632, 0.015076754385964912, 0.006396198830409356
1 0.041758040935672515, 0.6067708333333334, 0.010416666666666666, 0.00932017543859649
1 0.027320906432748537, 0.6067708333333334, 0.010142543859649123, 0.007675438596491228
1 0.42297149122807015, 0.6070449561403509, 0.01644736842105263, 0.0062134502923976605
1 0.5417580409356725, 0.6073190789473685, 0.013706140350877192, 0.006944444444444444
1 0.5466922514619883, 0.6075932017543859, 0.013980263157894737, 0.005665204678362573
1 0.5572916666666666, 0.6070449561403509, 0.01617324561403509, 0.006944444444444444
1 0.667671783625731, 0.6073190789473685, 0.008771929824561403, 0.013706140350877192
1 0.6994700292397661, 0.6073190789473685, 0.011513157894736841, 0.007858187134502924
1 0.1069078947368421, 0.6078673245614035, 0.010416666666666666, 0.00849780701754386
1 0.10206505847953216, 0.6089638157894737, 0.017269736842105265, 0.006578947368421052
1 0.1804641812865497, 0.6078673245614035, 0.01617324561403509, 0.005482456140350877
1 0.39263523391812866, 0.6078673245614035, 0.01206140350877193, 0.012792397660818713
1 0.7552083333333334, 0.6078673245614035, 0.01617324561403509, 0.006396198830409356
1 0.17516447368421054, 0.6084155701754386, 0.014528508771929825, 0.005299707602339181
1 0.5002741228070176, 0.608141447368421, 0.013706140350877192, 0.005847953216374269
1 0.27823464912280704, 0.6092379385964912, 0.01343201754385965, 0.010051169590643274
1 0.7279788011695907, 0.6086896929824561, 0.014528508771929825, 0.00804093567251462
1 0.6810124269005848, 0.6092379385964912, 0.018092105263157895, 0.009137426900584795
1 0.7606907894736842, 0.6095120614035088, 0.016721491228070175, 0.006944444444444444
1 0.04851973684210526, 0.6097861842105263, 0.013706140350877192, 0.013157894736842105
1 0.06076388888888889, 0.6130756578947368, 0.009868421052631578, 0.006761695906432748
1 0.040113304093567254, 0.6212993421052632, 0.015899122807017545, 0.008589181286549707
1 0.45933845029239767, 0.6097861842105263, 0.012883771929824562, 0.009868421052631578
1 0.6567068713450293, 0.6100603070175439, 0.01425438596491228, 0.0062134502923976605
1 0.8496893274853801, 0.6100603070175439, 0.01206140350877193, 0.008771929824561403
1 0.8557200292397661, 0.6103344298245614, 0.013980263157894737, 0.008406432748538011
1 0.26726973684210525, 0.6103344298245614, 0.01644736842105263, 0.006761695906432748
1 0.11321271929824561, 0.6108826754385965, 0.013980263157894737, 0.009868421052631578
1 0.1137609649122807, 0.6174616228070176, 0.014528508771929825, 0.008406432748538011
1 0.10809576023391813, 0.6193804824561403, 0.015350877192982455, 0.00712719298245614
1 0.6888706140350878, 0.6108826754385965, 0.013157894736842105, 0.006396198830409356
1 0.7681834795321637, 0.6108826754385965, 0.01836622807017544, 0.00804093567251462
1 0.7672697368421053, 0.6204769736842105, 0.011239035087719298, 0.006030701754385965
1 0.7912097953216374, 0.6111567982456141, 0.011239035087719298, 0.011513157894736841
1 0.792671783625731, 0.620202850877193, 0.015076754385964912, 0.010782163742690058
1 0.03481359649122807, 0.6117050438596491, 0.009594298245614035, 0.012792397660818713
1 0.03463084795321637, 0.6166392543859649, 0.008771929824561403, 0.008223684210526315
1 0.15031067251461988, 0.6117050438596491, 0.01699561403508772, 0.010782163742690058
1 0.1457419590643275, 0.6158168859649122, 0.014528508771929825, 0.007949561403508772
1 0.3012609649122807, 0.6117050438596491, 0.013157894736842105, 0.007675438596491228
1 0.38806652046783624, 0.6117050438596491, 0.013157894736842105, 0.010051169590643274
1 0.5750182748538012, 0.6117050438596491, 0.018914473684210526, 0.007309941520467836
1 0.6327668128654971, 0.6114309210526315, 0.013157894736842105, 0.01023391812865497
1 0.6716922514619883, 0.6117050438596491, 0.013706140350877192, 0.009502923976608187
1 0.17059576023391812, 0.6119791666666666, 0.018914473684210526, 0.005482456140350877
1 0.5998720760233918, 0.6119791666666666, 0.015076754385964912, 0.006030701754385965
1 0.8149671052631579, 0.6122532894736842, 0.012883771929824562, 0.005299707602339181
1 0.18667763157894737, 0.6128015350877193, 0.011513157894736841, 0.007309941520467836
1 0.5828764619883041, 0.6125274122807017, 0.01343201754385965, 0.007492690058479532
1 0.7776864035087719, 0.6128015350877193, 0.018914473684210526, 0.007492690058479532
1 0.48181652046783624, 0.6130756578947368, 0.011239035087719298, 0.012975146198830409
1 0.5063048245614035, 0.6130756578947368, 0.01617324561403509, 0.006761695906432748
1 0.4085343567251462, 0.6136239035087719, 0.02055921052631579, 0.007492690058479532
1 0.42735745614035087, 0.6136239035087719, 0.014528508771929825, 0.004934210526315789
1 0.4496527777777778, 0.6136239035087719, 0.008223684210526315, 0.013888888888888888
1 0.6102887426900585, 0.6136239035087719, 0.014528508771929825, 0.005482456140350877
1 0.8403691520467836, 0.6138980263157895, 0.017543859649122806, 0.007309941520467836
1 0.12033991228070176, 0.614172149122807, 0.01617324561403509, 0.007492690058479532
1 0.6035270467836257, 0.6144462719298246, 0.01864035087719298, 0.0062134502923976605
1 0.719389619883041, 0.614172149122807, 0.012883771929824562, 0.006761695906432748
1 0.7455226608187134, 0.614172149122807, 0.017269736842105265, 0.007309941520467836
1 0.8199013157894737, 0.6147203947368421, 0.017543859649122806, 0.007675438596491228
1 0.24643640350877194, 0.6147203947368421, 0.006853070175438596, 0.011878654970760233
1 0.40177266081871343, 0.6147203947368421, 0.015899122807017545, 0.006944444444444444
1 0.6420869883040936, 0.6147203947368421, 0.013157894736842105, 0.010599415204678362
1 0.6402595029239766, 0.6169133771929824, 0.00849780701754386, 0.0043859649122807015
1 0.46902412280701755, 0.6158168859649122, 0.01343201754385965, 0.010599415204678362
1 0.6632858187134503, 0.6158168859649122, 0.007675438596491228, 0.010782163742690058
1 0.027869152046783627, 0.6163651315789473, 0.011239035087719298, 0.007492690058479532
1 0.22121710526315788, 0.6163651315789473, 0.01699561403508772, 0.004934210526315789
1 0.21500365497076024, 0.6166392543859649, 0.017543859649122806, 0.006396198830409356
1 0.5525402046783626, 0.6163651315789473, 0.01343201754385965, 0.006030701754385965
1 0.6254568713450293, 0.6166392543859649, 0.021107456140350877, 0.006944444444444444
1 0.6309393274853801, 0.6289747807017544, 0.012883771929824562, 0.006944444444444444
1 0.6943530701754386, 0.6163651315789473, 0.007949561403508772, 0.008771929824561403
1 0.8036366959064327, 0.6163651315789473, 0.013157894736842105, 0.01023391812865497
1 0.22322733918128654, 0.6171875, 0.01864035087719298, 0.008954678362573099
1 0.3177083333333333, 0.6171875, 0.009868421052631578, 0.009868421052631578
1 0.20422149122807018, 0.6174616228070176, 0.017543859649122806, 0.010051169590643274
1 0.8343384502923976, 0.6177357456140351, 0.014802631578947368, 0.007675438596491228
1 0.9357638888888888, 0.6177357456140351, 0.015350877192982455, 0.014071637426900584
1 0.18832236842105263, 0.6182839912280702, 0.017543859649122806, 0.009502923976608187
1 0.2798793859649123, 0.6182839912280702, 0.007949561403508772, 0.009868421052631578
1 0.27677266081871343, 0.6248629385964912, 0.00932017543859649, 0.010782163742690058
1 0.2886513157894737, 0.6180098684210527, 0.00849780701754386, 0.011330409356725146
1 0.4310124269005848, 0.6182839912280702, 0.01918859649122807, 0.008406432748538011
1 0.5914656432748538, 0.6180098684210527, 0.019462719298245616, 0.00804093567251462
1 0.734375, 0.6180098684210527, 0.017269736842105265, 0.006944444444444444
1 0.37417763157894735, 0.6185581140350878, 0.01343201754385965, 0.010599415204678362
1 0.017635233918128657, 0.6196546052631579, 0.012609649122807017, 0.008954678362573099
1 0.01471125730994152, 0.6322642543859649, 0.012609649122807017, 0.005299707602339181
1 0.07648026315789473, 0.6193804824561403, 0.01617324561403509, 0.006030701754385965
1 0.08817616959064327, 0.6193804824561403, 0.01781798245614035, 0.011695906432748537
1 0.09329312865497076, 0.6254111842105263, 0.011513157894736841, 0.00941154970760234
1 0.1006030701754386, 0.6259594298245614, 0.018914473684210526, 0.006944444444444444
1 0.34347587719298245, 0.6196546052631579, 0.017269736842105265, 0.006944444444444444
1 0.7855445906432749, 0.6196546052631579, 0.01836622807017544, 0.006578947368421052
1 0.8734466374269005, 0.6196546052631579, 0.012335526315789474, 0.00712719298245614
1 0.7002010233918129, 0.620202850877193, 0.006304824561403508, 0.007675438596491228
1 0.2661732456140351, 0.6218475877192983, 0.017269736842105265, 0.009868421052631578
1 0.4141995614035088, 0.6212993421052632, 0.017269736842105265, 0.006944444444444444
1 0.04851973684210526, 0.6221217105263158, 0.0200109649122807, 0.01114766081871345
1 0.06295687134502924, 0.6232182017543859, 0.010964912280701754, 0.009868421052631578
1 0.05687134502923977, 0.6251370614035088, 0.01425438596491228, 0.008095760233918128
1 0.5362755847953217, 0.6221217105263158, 0.015899122807017545, 0.00712719298245614
1 0.7076937134502924, 0.6218475877192983, 0.01699561403508772, 0.005847953216374269
1 0.4209612573099415, 0.6226699561403509, 0.015350877192982455, 0.005299707602339181
1 0.4796235380116959, 0.6226699561403509, 0.013157894736842105, 0.00932017543859649
1 0.5452302631578947, 0.6223958333333334, 0.014802631578947368, 0.006944444444444444
1 0.13441154970760233, 0.6229440789473685, 0.019462719298245616, 0.007858187134502924
1 0.5095942982456141, 0.6232182017543859, 0.018092105263157895, 0.007675438596491228
1 0.6504934210526315, 0.6229440789473685, 0.00932017543859649, 0.01516812865497076
1 0.6795504385964912, 0.6232182017543859, 0.010142543859649123, 0.004934210526315789
1 0.332328216374269, 0.623766447368421, 0.013157894736842105, 0.006578947368421052
1 0.5682565789473685, 0.6234923245614035, 0.01425438596491228, 0.009868421052631578
1 0.7108004385964912, 0.6234923245614035, 0.015899122807017545, 0.008954678362573099
1 0.8261147660818714, 0.6234923245614035, 0.01617324561403509, 0.00932017543859649
1 0.026224415204678362, 0.6240405701754386, 0.010416666666666666, 0.005665204678362573
1 0.0424890350877193, 0.6245888157894737, 0.018092105263157895, 0.009868421052631578
1 0.036823830409356724, 0.6259594298245614, 0.009046052631578948, 0.003837719298245614
1 0.026224415204678362, 0.6265816885964912, 0.017195723684210525, 0.01078764619883041
1 0.03205409356725146, 0.6319901315789473, 0.012335526315789474, 0.010617690058479533
1 0.46902412280701755, 0.6240405701754386, 0.01206140350877193, 0.010051169590643274
1 0.5558296783625731, 0.6240405701754386, 0.016721491228070175, 0.00712719298245614
1 0.6186951754385965, 0.6243146929824561, 0.01343201754385965, 0.0062134502923976605
1 0.6961805555555556, 0.6243146929824561, 0.017543859649122806, 0.006030701754385965
1 0.7636147660818714, 0.6243146929824561, 0.020285087719298246, 0.008223684210526315
1 0.3591922514619883, 0.6245888157894737, 0.018914473684210526, 0.005847953216374269
1 0.436312134502924, 0.6245888157894737, 0.012883771929824562, 0.010051169590643274
1 0.3153326023391813, 0.6254111842105263, 0.016721491228070175, 0.004934210526315789
1 0.6837536549707602, 0.6251370614035088, 0.015899122807017545, 0.008223684210526315
1 0.7756761695906432, 0.6254111842105263, 0.017269736842105265, 0.010051169590643274
1 0.8038194444444444, 0.6251370614035088, 0.017543859649122806, 0.006396198830409356
1 0.9185855263157895, 0.6251370614035088, 0.017269736842105265, 0.008589181286549707
1 0.3233735380116959, 0.6256853070175439, 0.012335526315789474, 0.010599415204678362
1 0.3641264619883041, 0.6259594298245614, 0.019462719298245616, 0.008406432748538011
1 0.6910635964912281, 0.6259594298245614, 0.010142543859649123, 0.004934210526315789
1 0.7020285087719298, 0.6256853070175439, 0.019462719298245616, 0.005847953216374269
1 0.7186586257309941, 0.6256853070175439, 0.011513157894736841, 0.006761695906432748
1 0.8164290935672515, 0.6259594298245614, 0.01699561403508772, 0.007309941520467836
1 0.390625, 0.6267817982456141, 0.012883771929824562, 0.006944444444444444
1 0.49607090643274854, 0.6265076754385965, 0.006853070175438596, 0.012244152046783625
1 0.6674890350877193, 0.6265076754385965, 0.01206140350877193, 0.006944444444444444
1 0.6757127192982456, 0.626233552631579, 0.01781798245614035, 0.006761695906432748
1 0.8984831871345029, 0.6267817982456141, 0.007949561403508772, 0.007858187134502924
1 0.0201937134502924, 0.6267817982456141, 0.01864035087719298, 0.006396198830409356
1 0.35316154970760233, 0.6267817982456141, 0.018092105263157895, 0.005482456140350877
1 0.37929459064327486, 0.6270559210526315, 0.011239035087719298, 0.009685672514619883
1 0.2431469298245614, 0.6276041666666666, 0.008771929824561403, 0.014985380116959063
1 0.2891995614035088, 0.6273300438596491, 0.011239035087719298, 0.01023391812865497
1 0.45476973684210525, 0.6276041666666666, 0.015899122807017545, 0.005299707602339181
1 0.3034539473684211, 0.6281524122807017, 0.014802631578947368, 0.006944444444444444
1 0.7299890350877193, 0.6281524122807017, 0.015625, 0.007492690058479532
1 0.6422697368421053, 0.6284265350877193, 0.006853070175438596, 0.010964912280701754
1 0.8721673976608187, 0.6284265350877193, 0.015350877192982455, 0.010964912280701754
1 0.27403143274853803, 0.629797149122807, 0.009868421052631578, 0.01206140350877193
1 0.2738486842105263, 0.6344572368421053, 0.019462719298245616, 0.008589181286549707
1 0.7559393274853801, 0.6295230263157895, 0.015076754385964912, 0.006030701754385965
1 0.8940972222222222, 0.6300712719298246, 0.012335526315789474, 0.006578947368421052
1 0.4004934210526316, 0.6300712719298246, 0.01069078947368421, 0.007309941520467836
1 0.4836440058479532, 0.6303453947368421, 0.019736842105263157, 0.006396198830409356
1 0.6377010233918129, 0.6300712719298246, 0.01781798245614035, 0.007309941520467836
1 0.6439144736842105, 0.6363760964912281, 0.01699561403508772, 0.006396198830409356
1 0.6726059941520468, 0.6300712719298246, 0.017543859649122806, 0.0062134502923976605
1 0.721765350877193, 0.6300712719298246, 0.01206140350877193, 0.009868421052631578
1 0.7424159356725146, 0.6300712719298246, 0.012609649122807017, 0.007309941520467836
1 0.8102156432748538, 0.6303453947368421, 0.01781798245614035, 0.006578947368421052
1 0.8473135964912281, 0.6300712719298246, 0.014802631578947368, 0.00712719298245614
1 0.8529788011695907, 0.6303453947368421, 0.015350877192982455, 0.007675438596491228
1 0.9461805555555556, 0.6303453947368421, 0.012609649122807017, 0.010416666666666666
1 0.950749269005848, 0.6350054824561403, 0.011513157894736841, 0.00932017543859649
1 0.296875, 0.6308936403508771, 0.01699561403508772, 0.006944444444444444
1 0.56734283625731, 0.6306195175438597, 0.01617324561403509, 0.007675438596491228
1 0.5786732456140351, 0.6308936403508771, 0.01617324561403509, 0.011513157894736841
1 0.7497258771929824, 0.6306195175438597, 0.01699561403508772, 0.006761695906432748
1 0.8849597953216374, 0.6308936403508771, 0.015899122807017545, 0.009502923976608187
1 0.33927266081871343, 0.6314418859649122, 0.01617324561403509, 0.012792397660818713
1 0.5123355263157895, 0.6319901315789473, 0.015350877192982455, 0.009137426900584795
1 0.6603618421052632, 0.6314418859649122, 0.01699561403508772, 0.010782163742690058
1 0.772203947368421, 0.6311677631578947, 0.01836622807017544, 0.0062134502923976605
1 0.4399671052631579, 0.6319901315789473, 0.009868421052631578, 0.006761695906432748
1 0.4944261695906433, 0.6319901315789473, 0.01699561403508772, 0.007309941520467836
1 0.840734649122807, 0.6319901315789473, 0.01699561403508772, 0.01114766081871345
1 0.1265533625730994, 0.6322642543859649, 0.013980263157894737, 0.00712719298245614
1 0.1489455409356725, 0.6325383771929824, 0.02597313596491228, 0.01379203216374269
1 0.14775219298245615, 0.6336348684210527, 0.015076754385964912, 0.009868421052631578
1 0.22231359649122806, 0.6322642543859649, 0.015625, 0.01023391812865497
1 0.3699744152046784, 0.6328125, 0.013706140350877192, 0.008406432748538011
1 0.4258954678362573, 0.6325383771929824, 0.016721491228070175, 0.007309941520467836
1 0.5452302631578947, 0.6322642543859649, 0.0200109649122807, 0.010416666666666666
1 0.6534173976608187, 0.6322642543859649, 0.01781798245614035, 0.007675438596491228
1 0.0651498538011696, 0.6328125, 0.009046052631578948, 0.011695906432748537
1 0.7599597953216374, 0.6328125, 0.011787280701754386, 0.006944444444444444
1 0.9131030701754386, 0.6330866228070176, 0.018914473684210526, 0.00712719298245614
1 0.9015899122807017, 0.635827850877193, 0.01781798245614035, 0.006396198830409356
1 0.906889619883041, 0.6371984649122807, 0.018092105263157895, 0.007309941520467836
1 0.39281798245614036, 0.6336348684210527, 0.013980263157894737, 0.00712719298245614
1 0.3875182748538012, 0.6467927631578947, 0.009868421052631578, 0.006761695906432748
1 0.38879751461988304, 0.6478892543859649, 0.012335526315789474, 0.01114766081871345
1 0.47304459064327486, 0.6333607456140351, 0.018092105263157895, 0.008223684210526315
1 0.5298793859649122, 0.6336348684210527, 0.01781798245614035, 0.006944444444444444
1 0.45933845029239767, 0.6352796052631579, 0.011513157894736841, 0.006396198830409356
1 0.4564144736842105, 0.6462445175438597, 0.015625, 0.006944444444444444
1 0.6897843567251462, 0.6350054824561403, 0.017269736842105265, 0.0062134502923976605
1 0.3825840643274854, 0.635827850877193, 0.009868421052631578, 0.00712719298245614
1 0.4449013157894737, 0.6355537280701754, 0.018914473684210526, 0.006944444444444444
1 0.46518640350877194, 0.635827850877193, 0.020833333333333332, 0.006030701754385965
1 0.48711622807017546, 0.635827850877193, 0.018092105263157895, 0.006944444444444444
1 0.9646381578947368, 0.6489857456140351, 0.015899122807017545, 0.011330409356725146
1 0.2382127192982456, 0.6361019736842105, 0.00712719298245614, 0.010416666666666666
1 0.40597587719298245, 0.6361019736842105, 0.017543859649122806, 0.00712719298245614
1 0.563139619883041, 0.6363760964912281, 0.01781798245614035, 0.009137426900584795
1 0.6479349415204678, 0.6363760964912281, 0.01781798245614035, 0.007858187134502924
1 0.3244700292397661, 0.6366502192982456, 0.01425438596491228, 0.006030701754385965
1 0.3760051169590643, 0.6366502192982456, 0.01206140350877193, 0.006030701754385965
1 0.7378472222222222, 0.6371984649122807, 0.01918859649122807, 0.011695906432748537
1 0.8292214912280702, 0.6369243421052632, 0.017543859649122806, 0.007858187134502924
1 0.4004934210526316, 0.6374725877192983, 0.019736842105263157, 0.006578947368421052
1 0.8202668128654971, 0.6371984649122807, 0.011787280701754386, 0.008406432748538011
1 0.4141995614035088, 0.6385690789473685, 0.012883771929824562, 0.010051169590643274
1 0.707328216374269, 0.6382949561403509, 0.01206140350877193, 0.011695906432748537
1 0.7086074561403509, 0.6500822368421053, 0.00712719298245614, 0.009685672514619883
1 0.26745248538011696, 0.6388432017543859, 0.013980263157894737, 0.008771929824561403
1 0.6088267543859649, 0.6391173245614035, 0.011513157894736841, 0.014437134502923976
1 0.7820723684210527, 0.6388432017543859, 0.015625, 0.010782163742690058
1 0.784265350877193, 0.6525493421052632, 0.010964912280701754, 0.006396198830409356
1 0.2829861111111111, 0.639391447368421, 0.007949561403508772, 0.011330409356725146
1 0.5245796783625731, 0.6396655701754386, 0.01425438596491228, 0.006761695906432748
1 0.5538194444444444, 0.6396655701754386, 0.013706140350877192, 0.009137426900584795
1 0.5759320175438597, 0.639391447368421, 0.018914473684210526, 0.006578947368421052
1 0.9185855263157895, 0.6396655701754386, 0.015350877192982455, 0.008954678362573099
1 0.9158442982456141, 0.6547423245614035, 0.015076754385964912, 0.010051169590643274
1 0.4982638888888889, 0.6402138157894737, 0.015625, 0.011695906432748537
1 0.5386513157894737, 0.6402138157894737, 0.01781798245614035, 0.006396198830409356
1 0.5439510233918129, 0.6459703947368421, 0.012609649122807017, 0.006944444444444444
1 0.8940972222222222, 0.6399396929824561, 0.02055921052631579, 0.0133406432748538
1 0.890625, 0.6440515350877193, 0.01781798245614035, 0.012426900584795321
1 0.8014437134502924, 0.6404879385964912, 0.011513157894736841, 0.012975146198830409
1 0.11595394736842106, 0.6413103070175439, 0.015899122807017545, 0.008589181286549707
1 0.2429641812865497, 0.6413103070175439, 0.021107456140350877, 0.008771929824561403
1 0.6013340643274854, 0.6410361842105263, 0.015899122807017545, 0.00804093567251462
1 0.6797331871345029, 0.6413103070175439, 0.007675438596491228, 0.009685672514619883
1 0.865953947368421, 0.6413103070175439, 0.01918859649122807, 0.00712719298245614
1 0.23199926900584794, 0.6415844298245614, 0.01343201754385965, 0.009868421052631578
1 0.23812134502923976, 0.6424067982456141, 0.010142543859649123, 0.006304824561403508
1 0.4361293859649123, 0.641858552631579, 0.01425438596491228, 0.012244152046783625
1 0.5185489766081871, 0.641858552631579, 0.01864035087719298, 0.0062134502923976605
1 0.5139802631578947, 0.6437774122807017, 0.015899122807017545, 0.005482456140350877
1 0.721765350877193, 0.6421326754385965, 0.008223684210526315, 0.007492690058479532
1 0.7336440058479532, 0.6421326754385965, 0.01836622807017544, 0.007309941520467836
1 0.15634137426900585, 0.6429550438596491, 0.015899122807017545, 0.009685672514619883
1 0.17443347953216373, 0.6426809210526315, 0.013706140350877192, 0.007492690058479532
1 0.2977887426900585, 0.6429550438596491, 0.019462719298245616, 0.010599415204678362
1 0.292671783625731, 0.6487116228070176, 0.017543859649122806, 0.0062134502923976605
1 0.4708516081871345, 0.6429550438596491, 0.01699561403508772, 0.0062134502923976605
1 0.6294773391812866, 0.6429550438596491, 0.022203947368421052, 0.004934210526315789
1 0.8721673976608187, 0.6432291666666666, 0.010416666666666666, 0.008223684210526315
1 0.35389254385964913, 0.6435032894736842, 0.018914473684210526, 0.006396198830409356
1 0.22139985380116958, 0.6437774122807017, 0.0200109649122807, 0.009868421052631578
1 0.45202850877192985, 0.6437774122807017, 0.013980263157894737, 0.005116959064327485
1 0.6214364035087719, 0.6437774122807017, 0.01864035087719298, 0.006578947368421052
1 0.6230811403508771, 0.6492598684210527, 0.01699561403508772, 0.00712719298245614
1 0.6936220760233918, 0.6437774122807017, 0.01617324561403509, 0.006944444444444444
1 0.7482638888888888, 0.6443256578947368, 0.015076754385964912, 0.007675438596491228
1 0.6124817251461988, 0.6443256578947368, 0.010416666666666666, 0.010964912280701754
1 0.21372441520467836, 0.6451480263157895, 0.01699561403508772, 0.006761695906432748
1 0.376187865497076, 0.6451480263157895, 0.015625, 0.012792397660818713
1 0.3734466374269006, 0.6482839912280702, 0.010021929824561404, 0.008031798245614036
1 0.850968567251462, 0.6448739035087719, 0.01836622807017544, 0.00932017543859649
1 0.12764985380116958, 0.6456962719298246, 0.015899122807017545, 0.006396198830409356
1 0.5828764619883041, 0.6456962719298246, 0.01425438596491228, 0.005665204678362573
1 0.6347770467836257, 0.6456962719298246, 0.019736842105263157, 0.004934210526315789
1 0.7561220760233918, 0.645422149122807, 0.01864035087719298, 0.007858187134502924
1 0.7753106725146199, 0.6459703947368421, 0.01644736842105263, 0.007858187134502924
1 0.16913377192982457, 0.6465186403508771, 0.012335526315789474, 0.00712719298245614
1 0.3597404970760234, 0.6467927631578947, 0.01069078947368421, 0.009502923976608187
1 0.42808845029239767, 0.6465186403508771, 0.02055921052631579, 0.00932017543859649
1 0.638249269005848, 0.6465186403508771, 0.01343201754385965, 0.00804093567251462
1 0.7281615497076024, 0.6467927631578947, 0.015625, 0.005665204678362573
1 0.8736293859649122, 0.6470668859649122, 0.012335526315789474, 0.012244152046783625
1 0.16401681286549707, 0.6476151315789473, 0.01644736842105263, 0.006578947368421052
1 0.7003837719298246, 0.6478892543859649, 0.01864035087719298, 0.007858187134502924
1 0.7954130116959064, 0.6476151315789473, 0.01836622807017544, 0.013888888888888888
1 0.9262609649122807, 0.6478892543859649, 0.022478070175438597, 0.011878654970760233
1 0.7179276315789473, 0.6484375, 0.006578947368421052, 0.005482456140350877
1 0.803453947368421, 0.6481633771929824, 0.01206140350877193, 0.01114766081871345
1 0.13404605263157895, 0.6489857456140351, 0.015625, 0.007492690058479532
1 0.4088998538011696, 0.6489857456140351, 0.008771929824561403, 0.007675438596491228
1 0.4597039473684211, 0.6487116228070176, 0.014528508771929825, 0.006396198830409356
1 0.8867872807017544, 0.6487116228070176, 0.01836622807017544, 0.015350877192982455
1 0.27823464912280704, 0.6495339912280702, 0.012335526315789474, 0.009685672514619883
1 0.3063779239766082, 0.6495339912280702, 0.014528508771929825, 0.010416666666666666
1 0.3318073830409357, 0.6495339912280702, 0.016450109649122805, 0.010389254385964913
1 0.17936769005847952, 0.6498081140350878, 0.013157894736842105, 0.008589181286549707
1 0.19197733918128654, 0.6509046052631579, 0.013157894736842105, 0.006578947368421052
1 0.3151498538011696, 0.6503563596491229, 0.00712719298245614, 0.007858187134502924
1 0.31167763157894735, 0.6536458333333334, 0.013980263157894737, 0.013706140350877192
1 0.6141264619883041, 0.6506304824561403, 0.01781798245614035, 0.007492690058479532
1 0.6523209064327485, 0.6506304824561403, 0.009046052631578948, 0.010051169590643274
1 0.8188048245614035, 0.6506304824561403, 0.017543859649122806, 0.009384137426900585
1 0.14208698830409358, 0.6511787280701754, 0.015899122807017545, 0.00712719298245614
1 0.25484283625730997, 0.6511787280701754, 0.0200109649122807, 0.008589181286549707
1 0.2640716374269006, 0.6511787280701754, 0.011239035087719298, 0.009777046783625731
1 0.26288377192982454, 0.6555646929824561, 0.01206140350877193, 0.007675438596491228
1 0.41931652046783624, 0.6511787280701754, 0.013157894736842105, 0.008771929824561403
1 0.2290752923976608, 0.651452850877193, 0.017269736842105265, 0.00932017543859649
1 0.34000365497076024, 0.6517269736842105, 0.012883771929824562, 0.00804093567251462
1 0.7219480994152047, 0.6522752192982456, 0.01864035087719298, 0.007675438596491228
1 0.7292580409356725, 0.6635142543859649, 0.011787280701754386, 0.005482456140350877
1 0.9383223684210527, 0.651452850877193, 0.015899122807017545, 0.007675438596491228
1 0.9533077485380117, 0.6517269736842105, 0.019736842105263157, 0.008223684210526315
1 0.15250365497076024, 0.6522752192982456, 0.008223684210526315, 0.0031067251461988302
1 0.6605445906432749, 0.6525493421052632, 0.00849780701754386, 0.011695906432748537
1 0.6457419590643275, 0.6525493421052632, 0.009046052631578948, 0.005116959064327485
1 0.8432931286549707, 0.6525493421052632, 0.012335526315789474, 0.011878654970760233
1 0.740953947368421, 0.6530975877192983, 0.011239035087719298, 0.005665204678362573
1 0.1859466374269006, 0.6536458333333334, 0.01918859649122807, 0.006944444444444444
1 0.3904422514619883, 0.6539199561403509, 0.014802631578947368, 0.010964912280701754
1 0.5675255847953217, 0.6536458333333334, 0.01836622807017544, 0.007492690058479532
1 0.8297697368421053, 0.6539199561403509, 0.015899122807017545, 0.012609649122807017
1 0.11302997076023392, 0.6544682017543859, 0.014528508771929825, 0.00712719298245614
1 0.12015716374269006, 0.6541940789473685, 0.017269736842105265, 0.006944444444444444
1 0.16072733918128654, 0.6541940789473685, 0.013157894736842105, 0.004934210526315789
1 0.48583698830409355, 0.6541940789473685, 0.009594298245614035, 0.00932017543859649
1 0.7923062865497076, 0.6544682017543859, 0.01425438596491228, 0.006396198830409356
1 0.5636878654970761, 0.6547423245614035, 0.01425438596491228, 0.005116959064327485
1 0.8367141812865497, 0.655016447368421, 0.012609649122807017, 0.009685672514619883
1 0.9452668128654971, 0.6547423245614035, 0.005482456140350877, 0.007309941520467836
1 0.08854166666666667, 0.6555646929824561, 0.01918859649122807, 0.006761695906432748
1 0.07849049707602339, 0.6561129385964912, 0.018914473684210526, 0.008954678362573099
1 0.07209429824561403, 0.6596765350877193, 0.018092105263157895, 0.007675438596491228
1 0.08397295321637427, 0.6626918859649122, 0.013706140350877192, 0.0062134502923976605
1 0.5194627192982456, 0.6558388157894737, 0.01644736842105263, 0.008954678362573099
1 0.29797149122807015, 0.6561129385964912, 0.011787280701754386, 0.008863304093567252
1 0.4081688596491228, 0.6558388157894737, 0.011513157894736841, 0.013157894736842105
1 0.8789290935672515, 0.6558388157894737, 0.010142543859649123, 0.011695906432748537
1 0.8712536549707602, 0.6596765350877193, 0.013706140350877192, 0.008771929824561403
1 0.7327302631578947, 0.6563870614035088, 0.01864035087719298, 0.006030701754385965
1 0.7696454678362573, 0.6566611842105263, 0.019462719298245616, 0.0062134502923976605
1 0.9081688596491229, 0.6569353070175439, 0.010142543859649123, 0.009868421052631578
1 0.1457419590643275, 0.6569353070175439, 0.01918859649122807, 0.005665204678362573
1 0.46573464912280704, 0.6569353070175439, 0.01699561403508772, 0.006578947368421052
1 0.4765168128654971, 0.6569353070175439, 0.019462719298245616, 0.007492690058479532
1 0.48236476608187134, 0.6572094298245614, 0.00712719298245614, 0.008771929824561403
1 0.48291301169590645, 0.6624177631578947, 0.009594298245614035, 0.010964912280701754
1 0.5561951754385965, 0.6577576754385965, 0.013980263157894737, 0.008223684210526315
1 0.7175621345029239, 0.6572094298245614, 0.020285087719298246, 0.007309941520467836
1 0.7990679824561403, 0.6572094298245614, 0.016721491228070175, 0.00712719298245614
1 0.16748903508771928, 0.6577576754385965, 0.015076754385964912, 0.006396198830409356
1 0.7117141812865497, 0.6580317982456141, 0.019736842105263157, 0.00712719298245614
1 0.12527412280701755, 0.6583059210526315, 0.01836622807017544, 0.00712719298245614
1 0.16876827485380116, 0.6583059210526315, 0.017543859649122806, 0.010416666666666666
1 0.524031432748538, 0.6585800438596491, 0.013980263157894737, 0.01023391812865497
1 0.5728252923976608, 0.6580317982456141, 0.02055921052631579, 0.006578947368421052
1 0.9703033625730995, 0.6580317982456141, 0.01617324561403509, 0.007858187134502924
1 0.10224780701754387, 0.6585800438596491, 0.018914473684210526, 0.008954678362573099
1 0.5309758771929824, 0.6585800438596491, 0.015350877192982455, 0.008771929824561403
1 0.09475511695906433, 0.6599506578947368, 0.00849780701754386, 0.009868421052631578
1 0.15506213450292397, 0.6591282894736842, 0.005482456140350877, 0.005482456140350877
1 0.15122441520467836, 0.6621436403508771, 0.018092105263157895, 0.0062134502923976605
1 0.15597587719298245, 0.6651589912280702, 0.01343201754385965, 0.005847953216374269
1 0.7817068713450293, 0.6591282894736842, 0.01644736842105263, 0.005299707602339181
1 0.47213084795321636, 0.6596765350877193, 0.013980263157894737, 0.005299707602339181
1 0.010142543859649123, 0.6602247807017544, 0.018914473684210526, 0.00804093567251462
1 0.579952485380117, 0.6607730263157895, 0.021655701754385966, 0.006396198830409356
1 0.7517361111111112, 0.661047149122807, 0.019462719298245616, 0.008771929824561403
1 0.77640716374269, 0.6607730263157895, 0.01781798245614035, 0.004934210526315789
1 0.5867141812865497, 0.6615953947368421, 0.017269736842105265, 0.005116959064327485
1 0.05985014619883041, 0.6624177631578947, 0.018092105263157895, 0.008771929824561403
1 0.10572002923976608, 0.6621436403508771, 0.019462719298245616, 0.008589181286549707
1 0.10736476608187134, 0.6714638157894737, 0.01918859649122807, 0.008954678362573099
1 0.17626096491228072, 0.6618695175438597, 0.011239035087719298, 0.005482456140350877
1 0.41913377192982454, 0.6621436403508771, 0.018092105263157895, 0.006761695906432748
1 0.6656615497076024, 0.6618695175438597, 0.010142543859649123, 0.014619883040935672
1 0.746984649122807, 0.6618695175438597, 0.016721491228070175, 0.005665204678362573
1 0.761421783625731, 0.6618695175438597, 0.01425438596491228, 0.008223684210526315
1 0.8824013157894737, 0.6621436403508771, 0.012609649122807017, 0.011878654970760233
1 0.1769919590643275, 0.6626918859649122, 0.015076754385964912, 0.009137426900584795
1 0.8301352339181286, 0.6629660087719298, 0.01836622807017544, 0.008589181286549707
1 0.865953947368421, 0.6626918859649122, 0.02055921052631579, 0.007309941520467836
1 0.8562682748538012, 0.6632401315789473, 0.01918859649122807, 0.008406432748538011
1 0.8615679824561403, 0.6700932017543859, 0.01617324561403509, 0.005847953216374269
1 0.8462171052631579, 0.6709155701754386, 0.009046052631578948, 0.011878654970760233
1 0.1358735380116959, 0.6643366228070176, 0.019462719298245616, 0.00712719298245614
1 0.5914656432748538, 0.6643366228070176, 0.01617324561403509, 0.008589181286549707
1 0.7853618421052632, 0.6643366228070176, 0.02055921052631579, 0.006396198830409356
1 0.7890168128654971, 0.6698190789473685, 0.01781798245614035, 0.00712719298245614
1 0.2826206140350877, 0.6646107456140351, 0.010142543859649123, 0.009868421052631578
1 0.9295504385964912, 0.6651589912280702, 0.012335526315789474, 0.010599415204678362
1 0.9014985380116959, 0.6651589912280702, 0.009594298245614035, 0.01251827485380117
1 0.9014985380116959, 0.6711896929824561, 0.015625, 0.006304824561403508
1 0.9078033625730995, 0.6725603070175439, 0.015625, 0.008589181286549707
1 0.9410635964912281, 0.6651589912280702, 0.00849780701754386, 0.014619883040935672
1 0.16054459064327486, 0.6662554824561403, 0.011513157894736841, 0.006578947368421052
1 0.6384320175438597, 0.6665296052631579, 0.013706140350877192, 0.00804093567251462
1 0.8856907894736842, 0.6662554824561403, 0.01644736842105263, 0.012975146198830409
1 0.05272295321637427, 0.667077850877193, 0.0200109649122807, 0.007675438596491228
1 0.05290570175438596, 0.6816063596491229, 0.018092105263157895, 0.010051169590643274
1 0.049433479532163746, 0.6857182017543859, 0.012609649122807017, 0.005665204678362573
1 0.8129568713450293, 0.6684484649122807, 0.013980263157894737, 0.007309941520467836
1 0.874360380116959, 0.6684484649122807, 0.015899122807017545, 0.007675438596491228
1 0.14226973684210525, 0.6689967105263158, 0.01069078947368421, 0.0062134502923976605
1 0.2932200292397661, 0.6692708333333334, 0.013980263157894737, 0.005847953216374269
1 0.7959612573099415, 0.6689967105263158, 0.01864035087719298, 0.007309941520467836
1 0.9220577485380117, 0.6692708333333334, 0.01918859649122807, 0.010051169590643274
1 0.11577119883040936, 0.6695449561403509, 0.010416666666666666, 0.009502923976608187
1 0.1283808479532164, 0.6700932017543859, 0.01864035087719298, 0.008589181286549707
1 0.5084978070175439, 0.6695449561403509, 0.01069078947368421, 0.012244152046783625
1 0.6146747076023392, 0.6700932017543859, 0.010416666666666666, 0.013706140350877192
1 0.9602521929824561, 0.6703673245614035, 0.01699561403508772, 0.00932017543859649
1 0.9746893274853801, 0.6700932017543859, 0.016055372807017545, 0.008771929824561403
1 0.9668311403508771, 0.6709155701754386, 0.019462719298245616, 0.009868421052631578
1 0.5953033625730995, 0.6709155701754386, 0.013706140350877192, 0.009502923976608187
1 0.9167580409356725, 0.6711896929824561, 0.016721491228070175, 0.00804093567251462
1 0.9233369883040936, 0.6868146929824561, 0.0200109649122807, 0.007309941520467836
1 0.01471125730994152, 0.6714638157894737, 0.009046052631578948, 0.013706140350877192
1 0.83890716374269, 0.6720120614035088, 0.021929824561403508, 0.008771929824561403
1 0.8951937134502924, 0.6725603070175439, 0.0200109649122807, 0.011330409356725146
1 0.9385051169590644, 0.6728344298245614, 0.010142543859649123, 0.008406432748538011
1 0.8235562865497076, 0.6739309210526315, 0.018092105263157895, 0.009137426900584795
1 0.9470942982456141, 0.6733826754385965, 0.01644736842105263, 0.00804093567251462
1 0.7645285087719298, 0.6747532894736842, 0.01699561403508772, 0.009685672514619883
1 0.9558662280701754, 0.6744791666666666, 0.016721491228070175, 0.00712719298245614
1 0.7314510233918129, 0.6763980263157895, 0.01206140350877193, 0.014619883040935672
1 0.7584978070175439, 0.6763980263157895, 0.0200109649122807, 0.007858187134502924
1 0.7252375730994152, 0.676672149122807, 0.020833333333333332, 0.007309941520467836
1 0.06240862573099415, 0.6774945175438597, 0.014802631578947368, 0.006396198830409356
1 0.7118969298245614, 0.6777686403508771, 0.009594298245614035, 0.012975146198830409
1 0.9324744152046783, 0.6780427631578947, 0.022203947368421052, 0.008406432748538011
1 0.13898026315789475, 0.6788651315789473, 0.010416666666666666, 0.012975146198830409
1 0.8531615497076024, 0.6794133771929824, 0.014802631578947368, 0.007675438596491228
1 0.8524305555555556, 0.6917489035087719, 0.013157894736842105, 0.006396198830409356
1 0.8463998538011696, 0.6953125, 0.01864035087719298, 0.006944444444444444
1 0.8465826023391813, 0.7038103070175439, 0.01644736842105263, 0.013706140350877192
1 0.9898574561403509, 0.6802357456140351, 0.0200109649122807, 0.010051169590643274
1 0.7769554093567251, 0.6807839912280702, 0.0200109649122807, 0.010782163742690058
1 0.8321454678362573, 0.6807839912280702, 0.01781798245614035, 0.005665204678362573
1 0.8352521929824561, 0.6955866228070176, 0.020833333333333332, 0.0062134502923976605
1 0.8480445906432749, 0.6805098684210527, 0.015350877192982455, 0.005116959064327485
1 0.74515716374269, 0.6824287280701754, 0.017543859649122806, 0.006761695906432748
1 0.8080226608187134, 0.6846217105263158, 0.019462719298245616, 0.00932017543859649
1 0.8621162280701754, 0.6846217105263158, 0.019736842105263157, 0.00804093567251462
1 0.871984649122807, 0.6854440789473685, 0.01617324561403509, 0.007858187134502924
1 0.8378106725146199, 0.6859923245614035, 0.01864035087719298, 0.00804093567251462
1 0.8403691520467836, 0.7032620614035088, 0.01644736842105263, 0.0062134502923976605
1 0.9606176900584795, 0.6865405701754386, 0.017543859649122806, 0.007675438596491228
1 0.8171600877192983, 0.6870888157894737, 0.006578947368421052, 0.011330409356725146
1 0.9410635964912281, 0.6873629385964912, 0.015899122807017545, 0.007675438596491228
1 0.7743969298245614, 0.6876370614035088, 0.01617324561403509, 0.008771929824561403
1 0.732547514619883, 0.6901041666666666, 0.010142543859649123, 0.011695906432748537
1 0.8582785087719298, 0.6944901315789473, 0.021929824561403508, 0.010599415204678362
1 0.8242872807017544, 0.6942160087719298, 0.01781798245614035, 0.0062134502923976605
1 0.9542214912280702, 0.6942160087719298, 0.018092105263157895, 0.00932017543859649
1 0.8182565789473685, 0.6955866228070176, 0.0200109649122807, 0.0062134502923976605
1 0.8306834795321637, 0.6958607456140351, 0.015076754385964912, 0.004568713450292397
1 0.8992141812865497, 0.6969572368421053, 0.02275219298245614, 0.009137426900584795
1 0.3241045321637427, 0.6977796052631579, 0.011513157894736841, 0.0062134502923976605
1 0.8683296783625731, 0.7007949561403509, 0.01781798245614035, 0.00712719298245614
1 0.8783808479532164, 0.7038103070175439, 0.022478070175438597, 0.01023391812865497
1 0.542671783625731, 0.704358552631579, 0.011787280701754386, 0.007492690058479532
1 0.2528326023391813, 0.7054550438596491, 0.012883771929824562, 0.008223684210526315
1 0.30857090643274854, 0.7065515350877193, 0.01343201754385965, 0.006396198830409356
1 0.4739583333333333, 0.7112116228070176, 0.01343201754385965, 0.00712719298245614
1 0.7521016081871345, 0.713952850877193, 0.008771929824561403, 0.01023391812865497
1 0.22487207602339182, 0.7142269736842105, 0.01069078947368421, 0.007858187134502924
1 0.10297880116959064, 0.7164199561403509, 0.007401315789473684, 0.00712719298245614
1 0.4611659356725146, 0.7180646929824561, 0.01069078947368421, 0.008589181286549707
1 0.9099963450292398, 0.7186129385964912, 0.021107456140350877, 0.01023391812865497
1 0.694718567251462, 0.7232730263157895, 0.010964912280701754, 0.009502923976608187
1 0.09493786549707603, 0.7249177631578947, 0.012609649122807017, 0.00804093567251462
1 0.7113486842105263, 0.7265625, 0.01918859649122807, 0.006944444444444444
1 0.06313961988304094, 0.7276589912280702, 0.013980263157894737, 0.008406432748538011
1 0.01160453216374269, 0.7416392543859649, 0.01069078947368421, 0.014619883040935672
1 0.8273940058479532, 0.745202850877193, 0.006578947368421052, 0.008406432748538011
1 0.9065241228070176, 0.7517817982456141, 0.007949561403508772, 0.014437134502923976
1 0.9509320175438597, 0.7654879385964912, 0.011239035087719298, 0.012792397660818713
1 0.9143823099415205, 0.7731633771929824, 0.014287280701754385, 0.019828216374269007
1 0.26133040935672514, 0.5297998903508772, 0.011038925438596492, 0.007309941520467836
1 0.256624634502924, 0.5376178728070176, 0.005249451754385965, 0.010564692982456141
1 0.32965095029239766, 0.6492543859649123, 0.01540844298245614, 0.007306286549707602
1 0.4315241228070176, 0.6574506578947369, 0.012719298245614035, 0.01608187134502924
1 0.44032529239766083, 0.6624917763157895, 0.010671600877192983, 0.010462353801169591
1 0.5138706140350877, 0.5900356359649123, 0.015874451754385965, 0.007699195906432749
1 0.5615497076023392, 0.6048163377192982, 0.018119517543859646, 0.008585526315789472
1 0.5676900584795321, 0.6083634868421053, 0.009566885964912281, 0.00941154970760234
1 0.7384411549707602, 0.6638651315789474, 0.016252741228070175, 0.004157529239766082
1 0.7407255116959064, 0.6631112938596492, 0.019405153508771932, 0.00826937134502924
1 0.8084886695906434, 0.6597944078947368, 0.01474232456140351, 0.0066703216374269
1 0.8127832602339181, 0.6623985745614035, 0.006927083333333333, 0.003472222222222222
1 0.8361933479532163, 0.6404879385964912, 0.01474232456140351, 0.010964912280701754
1 0.9101334064327485, 0.6864281798245614, 0.013645833333333334, 0.0061220760233918125
1 0.9143183479532163, 0.6839583333333333, 0.02198464912280702, 0.009064327485380117
1 0.9725420321637427, 0.6813486842105263, 0.018171600877192984, 0.014300073099415205
1 0.9854714912280702, 0.6825000000000001, 0.017587719298245614, 0.005687134502923977
1 0.9814729532163743, 0.6911019736842104, 0.012924890350877193, 0.0041593567251461995
1 0.9622624269005848, 0.6408388157894738, 0.016387061403508773, 0.007629751461988304
1 0.9571911549707602, 0.6352138157894738, 0.015430372807017544, 0.0100968567251462
1 0.8580500730994152, 0.6433881578947368, 0.021529605263157895, 0.0061220760233918125
1 0.8639437134502924, 0.6496957236842106, 0.016115679824561403, 0.00424890350877193
1 0.5209703947368421, 0.6120504385964913, 0.014194078947368422, 0.005847953216374269
1 0.5161275584795322, 0.6112280701754387, 0.018171600877192984, 0.008360745614035088
1 0.4227704678362573, 0.5806661184210526, 0.011998355263157895, 0.004934210526315789
1 0.4272478070175439, 0.5703782894736842, 0.012549342105263157, 0.009777046783625731
1 0.19552266081871347, 0.6535416666666667, 0.016047149122807018, 0.014894005847953216
1 0.19873538011695907, 0.6611896929824561, 0.01724780701754386, 0.007538377192982456
1 0.20430372807017544, 0.6546847587719298, 0.021669407894736842, 0.00941154970760234
1 0.08667763157894737, 0.5586595394736842, 0.016389802631578947, 0.007949561403508772
1 0.09366776315789473, 0.5581112938596491, 0.016321271929824563, 0.009161184210526316
1 0.05476973684210526, 0.6246189692982457, 0.015290570175438598, 0.004523026315789474
