1 0.9675621345029239, 0.25616776315789475, 0.03974780701754386, 0.023026315789473683
1 0.955500730994152, 0.27124451754385964, 0.054218749999999996, 0.017284356725146197
1 0.9699378654970761, 0.2857730263157895, 0.04331140350877193, 0.017178362573099414
1 0.9893092105263158, 0.27261513157894735, 0.03559484649122807, 0.01060672514619883
1 0.9847404970760234, 0.2954906798245614, 0.051411732456140356, 0.015118786549707603
1 0.9257127192982456, 0.29454495614035087, 0.0200109649122807, 0.02631578947368421
1 0.9478033625730994, 0.29454495614035087, 0.05756578947368421, 0.02432748538011696
1 0.9222404970760234, 0.31483004385964913, 0.028922697368421055, 0.033625730994152045
1 0.6702302631578947, 0.29591557017543857, 0.04421600877192983, 0.027830774853801168
1 0.607547514619883, 0.2981085526315789, 0.028294956140350876, 0.021725146198830408
1 0.5879934210526315, 0.29865679824561403, 0.02939144736842105, 0.02805190058479532
1 0.6894188596491229, 0.30934758771929827, 0.0356359649122807, 0.03369517543859649
1 0.9136513157894737, 0.32332785087719296, 0.04742324561403509, 0.01918859649122807
1 0.5885416666666666, 0.32431469298245613, 0.033278508771929824, 0.03679276315789474
1 0.6235380116959064, 0.3266173245614035, 0.021929824561403508, 0.033717105263157895
1 0.6625164473684211, 0.32908442982456143, 0.02149122807017544, 0.03266630116959064
1 0.6049890350877193, 0.3392269736842105, 0.024671052631578948, 0.038559941520467836
1 0.4807200292397661, 0.34059758771929827, 0.04358552631578947, 0.017726608187134504
1 0.671875, 0.3436239035087719, 0.02657894736842105, 0.0397624269005848
1 0.46408991228070173, 0.34588267543859647, 0.050126096491228074, 0.018616593567251462
1 0.3661366959064328, 0.3490953947368421, 0.06519736842105263, 0.019371345029239765
1 0.21235380116959066, 0.3616200657894737, 0.055559210526315794, 0.024144736842105264
1 0.23450475146198832, 0.3652686403508772, 0.057390350877192985, 0.020604897660818713
1 0.23254751461988304, 0.39140899122807016, 0.04732456140350877, 0.03540752923976608
1 0.2122624269005848, 0.3965186403508772, 0.04559758771929825, 0.020285087719298246
1 0.19838084795321637, 0.39869791666666665, 0.035923793859649125, 0.022934941520467836
1 0.9059758771929824, 0.39953399122807015, 0.06468201754385965, 0.029148391812865496
1 0.628015350877193, 0.4083059210526316, 0.06605537280701754, 0.019950657894736844
1 0.9432565789473685, 0.41049890350877194, 0.0654358552631579, 0.019736842105263157
1 0.8813048245614035, 0.4107730263157895, 0.06358826754385966, 0.021906067251461988
1 0.8975694444444444, 0.4159813596491228, 0.05043859649122807, 0.02010233918128655
1 0.7881030701754386, 0.41296600877192985, 0.04084429824561404, 0.024853801169590642
1 0.7144554093567251, 0.41296600877192985, 0.057839912280701754, 0.015899122807017545
1 0.6903088450292397, 0.41285910087719296, 0.06724506578947369, 0.025281432748538012
1 0.8074744152046783, 0.4135142543859649, 0.05646929824561404, 0.02046783625730994
1 0.9291849415204678, 0.41433662280701755, 0.0537280701754386, 0.023940058479532164
1 0.8292214912280702, 0.4198190789473684, 0.04742324561403509, 0.015899122807017545
1 0.8696089181286549, 0.4198190789473684, 0.04823464912280702, 0.024671052631578948
1 0.7742141812865497, 0.4283168859649123, 0.06524122807017543, 0.0222953216374269
1 0.4731140350877193, 0.43188048245614036, 0.05016447368421053, 0.026451023391812867
1 0.6591282894736842, 0.4316063596491228, 0.05370888157894737, 0.02444261695906433
1 0.6665222953216374, 0.4332922149122807, 0.06054002192982456, 0.027830774853801168
1 0.4215095029239766, 0.4335252192982456, 0.04851973684210526, 0.02631578947368421
1 0.8475274122807017, 0.4348958333333333, 0.05619517543859649, 0.029756944444444447
1 0.9940606725146199, 0.4359923245614035, 0.051535087719298246, 0.005847953216374269
1 0.6388285818713451, 0.4379111842105263, 0.043859649122807015, 0.02372624269005848
1 0.9613486842105263, 0.44037828947368424, 0.05400219298245614, 0.02101608187134503
1 0.45915570175438597, 0.44120065789473684, 0.047121710526315794, 0.02253106725146199
1 0.2519334795321637, 0.44503837719298245, 0.052198464912280695, 0.021001461988304094
1 0.7279788011695907, 0.44503837719298245, 0.052658991228070176, 0.01918859649122807
1 0.9807200292397661, 0.4453125, 0.05646929824561404, 0.01699561403508772
1 0.27055921052631576, 0.4466831140350877, 0.06131030701754386, 0.018457602339181287
1 0.4908168859649123, 0.44503837719298245, 0.05604989035087719, 0.027549342105263157
1 0.6888706140350878, 0.4472313596491228, 0.05701754385964912, 0.02081140350877193
1 0.286641081871345, 0.45134320175438597, 0.06692708333333333, 0.021564327485380116
1 0.39889437134502925, 0.4515515350877193, 0.06026589912280702, 0.02358918128654971
1 0.3909904970760234, 0.47824013157894735, 0.06363486842105263, 0.01961440058479532
1 0.40999634502923976, 0.5034018640350877, 0.05155975877192982, 0.026498538011695907
1 0.4006761695906433, 0.5122258771929824, 0.038075657894736846, 0.018457602339181287
1 0.37609649122807015, 0.5189912280701754, 0.045290570175438596, 0.028417397660818713
1 0.405062134502924, 0.5426260964912281, 0.01644736842105263, 0.009137426900584795
1 0.920047514619883, 0.4538103070175439, 0.047697368421052634, 0.026133040935672515
1 0.9427083333333334, 0.46970942982456143, 0.044407894736842105, 0.021929824561403508
1 0.9178691520467837, 0.49929550438596493, 0.08515899122807018, 0.04958698830409356
1 0.9562317251461988, 0.5132949561403509, 0.0578344298245614, 0.036229897660818716
1 0.9226059941520468, 0.5223410087719298, 0.04468201754385965, 0.016264619883040937
1 0.9262609649122807, 0.5660444078947368, 0.033322368421052635, 0.02104714912280702
1 0.9078033625730995, 0.5965597587719298, 0.034882127192982455, 0.03819444444444445
1 0.8162463450292398, 0.4536705043859649, 0.06791118421052632, 0.01918859649122807
1 0.8004385964912281, 0.4876535087719298, 0.051408991228070175, 0.02823464912280702
1 0.7606907894736842, 0.4576480263157895, 0.04550438596491228, 0.016264619883040937
1 0.7471673976608187, 0.4628563596491228, 0.05016447368421053, 0.02722953216374269
1 0.7725694444444444, 0.4984923245614035, 0.06756304824561403, 0.021929824561403508
1 0.7912774122807017, 0.4987664473684211, 0.049473684210526316, 0.017110745614035087
1 0.6196089181286549, 0.4595668859649123, 0.04550438596491228, 0.021929824561403508
1 0.6097404970760234, 0.4804002192982456, 0.05345394736842105, 0.024466374269005848
1 0.5711805555555556, 0.4672423245614035, 0.05317982456140351, 0.022478070175438597
1 0.593718932748538, 0.47820723684210525, 0.049890350877192985, 0.018397295321637426
1 0.846765350877193, 0.46696820175438597, 0.061677631578947366, 0.0266812865497076
1 0.8747258771929824, 0.4869791666666667, 0.05674342105263158, 0.017361111111111112
1 0.34365862573099415, 0.4683388157894737, 0.047149122807017545, 0.024396929824561403
1 0.20083333333333334, 0.4713541666666667, 0.049342105263157895, 0.022028508771929824
1 0.19892178362573099, 0.5159895833333333, 0.040890899122807016, 0.017543859649122806
1 0.4127375730994152, 0.4706304824561403, 0.050339912280701754, 0.019150219298245615
1 0.4279824561403509, 0.47645285087719297, 0.048903508771929824, 0.019347587719298245
1 0.44709429824561403, 0.47162828947368424, 0.04839364035087719, 0.01864035087719298
1 0.8829495614035088, 0.47190241228070173, 0.04550438596491228, 0.027777777777777776
1 0.2340095029239766, 0.4727247807017544, 0.04276315789473684, 0.0222953216374269
1 0.8319627192982456, 0.47130208333333334, 0.04500822368421053, 0.015891812865497075
1 0.30875365497076024, 0.4740953947368421, 0.04468201754385965, 0.02101608187134503
1 0.3275767543859649, 0.48067434210526316, 0.05290570175438596, 0.019736842105263157
1 0.32076937134502925, 0.5180482456140351, 0.037796052631578946, 0.028941885964912283
1 0.34509868421052636, 0.5320723684210527, 0.04618969298245614, 0.016332236842105264
1 0.3542269736842105, 0.5455345394736841, 0.07091831140350877, 0.022509137426900586
1 0.7044042397660819, 0.4791968201754386, 0.0701672149122807, 0.02030701754385965
1 0.5558296783625731, 0.4805180921052632, 0.05470394736842105, 0.025950292397660817
1 0.6552448830409356, 0.48182291666666666, 0.055046600877192986, 0.021564327485380116
1 0.17463815789473686, 0.4845120614035088, 0.06675712719298246, 0.03013157894736842
1 0.1673062865497076, 0.5026041666666666, 0.04599232456140351, 0.0167671783625731
1 0.11229897660818713, 0.5042489035087719, 0.04258771929824562, 0.028326023391812866
1 0.14884868421052633, 0.5149396929824561, 0.05290570175438596, 0.01915204678362573
1 0.09388706140350878, 0.5215186403508771, 0.03234649122807018, 0.038697002923976605
1 0.1366045321637427, 0.5226151315789473, 0.04358552631578947, 0.014437134502923976
1 0.09731359649122807, 0.5332264254385966, 0.03352247807017544, 0.03102156432748538
1 0.1179641812865497, 0.548108552631579, 0.053933662280701754, 0.01882309941520468
1 0.07629751461988304, 0.5519462719298246, 0.04797149122807018, 0.0201937134502924
1 0.10827850877192982, 0.5584292763157895, 0.031620065789473684, 0.011513157894736841
1 0.12025584795321637, 0.5643996710526316, 0.05849506578947368, 0.030785818713450295
1 0.08088815789473684, 0.566798245614035, 0.061551535087719295, 0.02908077485380117
1 0.09950657894736842, 0.5859375, 0.037094298245614034, 0.026498538011695907
1 0.21244517543859648, 0.4883497807017544, 0.054279057017543854, 0.019919590643274854
1 0.3614985380116959, 0.48862390350877194, 0.03289473684210526, 0.026750730994152046
1 0.3866045321637427, 0.4973958333333333, 0.02847861842105263, 0.010964912280701754
1 0.25703581871345027, 0.497373903508772, 0.05457236842105263, 0.02266081871345029
1 0.9644554093567251, 0.49383223684210525, 0.05263157894736842, 0.03033625730994152
1 0.9783442982456141, 0.4941063596491228, 0.04632675438596491, 0.02138157894736842
1 0.9913194444444444, 0.5396107456140351, 0.04797149122807018, 0.008589181286549707
1 0.2977887426900585, 0.49712171052631576, 0.04577850877192982, 0.02412280701754386
1 0.7208516081871345, 0.4973958333333333, 0.02823464912280702, 0.029239766081871343
1 0.06971125730994152, 0.4979440789473684, 0.04303728070175439, 0.01879934210526316
1 0.44124634502923976, 0.4993146929824561, 0.05921052631578947, 0.01882309941520468
1 0.6835709064327485, 0.4998629385964912, 0.06798245614035088, 0.02540204678362573
1 0.6404422514619883, 0.5004111842105263, 0.049890350877192985, 0.02540204678362573
1 0.8913559941520468, 0.5037006578947368, 0.06332236842105263, 0.02010233918128655
1 0.9076206140350878, 0.5176809210526315, 0.06661184210526316, 0.01882309941520468
1 0.23081140350877194, 0.5053453947368421, 0.03696546052631579, 0.028760964912280702
1 0.6241776315789473, 0.5053453947368421, 0.06832236842105263, 0.019371345029239765
1 0.7488048245614035, 0.5086348684210527, 0.06140350877192982, 0.029429824561403507
1 0.8213596491228069, 0.5697861842105263, 0.052609649122807016, 0.03052266081871345
1 0.479188596491228, 0.5084128289473684, 0.029048793859649123, 0.0409904970760234
1 0.5519608918128655, 0.5082839912280702, 0.04583607456140351, 0.021778143274853803
1 0.7221308479532164, 0.5104440789473684, 0.053289473684210525, 0.020833333333333332
1 0.707328216374269, 0.5289199561403509, 0.06262883771929824, 0.02448830409356725
1 0.3463998538011696, 0.5138432017543859, 0.019736842105263157, 0.012426900584795321
1 0.5272368421052631, 0.5127083333333333, 0.06500548245614035, 0.020917397660818713
1 0.4534904970760234, 0.5195997807017544, 0.02997532894736842, 0.03884868421052632
1 0.48375, 0.534109100877193, 0.0592297149122807, 0.021198830409356724
1 0.6131213450292398, 0.5198739035087719, 0.06352247807017544, 0.014894005847953216
1 0.2840058479532164, 0.5214117324561404, 0.06469024122807018, 0.02678179824561404
1 0.2781286549707602, 0.5242598684210527, 0.05941063596491228, 0.020650584795321638
1 0.2648940058479532, 0.5242598684210527, 0.06639254385964911, 0.016812865497076022
1 0.432108918128655, 0.5251425438596491, 0.06463267543859649, 0.02358918128654971
1 0.43028143274853803, 0.5560581140350878, 0.04139254385964912, 0.01918859649122807
1 0.1915880847953216, 0.5486567982456141, 0.0512609649122807, 0.0188468567251462
1 0.1731158625730994, 0.5662061403508772, 0.04183936403508772, 0.03508040935672515
1 0.18240497076023393, 0.5963541666666666, 0.02823464912280702, 0.03241593567251462
1 0.4885928362573099, 0.526452850877193, 0.0441748903508772, 0.04204861111111111
1 0.08159722222222222, 0.5270010964912281, 0.047697368421052634, 0.02266081871345029
1 0.6347770467836257, 0.5289199561403509, 0.07156524122807018, 0.02266081871345029
1 0.6102887426900585, 0.5847286184210527, 0.059048793859649125, 0.026118421052631575
1 0.30570723684210527, 0.5290104166666666, 0.06642269736842105, 0.024702119883040934
1 0.30875365497076024, 0.5492379385964912, 0.0531469298245614, 0.024510233918128656
1 0.2963267543859649, 0.552516447368421, 0.06122532894736842, 0.018784722222222223
1 0.8370796783625731, 0.5322094298245614, 0.06286184210526316, 0.015899122807017545
1 0.8495979532163743, 0.5376918859649122, 0.051535087719298246, 0.021107456140350877
1 0.6714948830409356, 0.5345696271929824, 0.043144188596491224, 0.016279239766081872
1 0.787828947368421, 0.5352247807017544, 0.05393640350877193, 0.030610380116959063
1 0.5436165935672514, 0.5390625, 0.048336074561403514, 0.03706688596491228
1 0.5334119152046783, 0.5700383771929824, 0.050923793859649125, 0.01402595029239766
1 0.469937865497076, 0.5383059210526315, 0.04982456140350877, 0.019919590643274854
1 0.7372989766081871, 0.5386540570175439, 0.06181195175438597, 0.030519005847953216
1 0.7557108918128655, 0.563733552631579, 0.048418311403508774, 0.030930190058479533
1 0.05619517543859649, 0.5397779605263158, 0.047530153508771926, 0.024967105263157895
1 0.6552448830409356, 0.5392269736842105, 0.05959429824561404, 0.01864035087719298
1 0.3288559941520468, 0.5427604166666666, 0.05496436403508772, 0.017361111111111112
1 0.45425255847953216, 0.5494791666666666, 0.06778508771929824, 0.02317799707602339
1 0.39665570175438597, 0.5494791666666666, 0.05642269736842106, 0.03764619883040936
1 0.5019188596491229, 0.5526288377192983, 0.04537006578947368, 0.02121345029239766
1 0.38441154970760233, 0.5546875, 0.054024122807017544, 0.014619883040935672
1 0.24095394736842105, 0.554873903508772, 0.05875, 0.024639985380116962
1 0.8933662280701754, 0.5566063596491229, 0.049890350877192985, 0.022478070175438597
1 0.724735014619883, 0.5620888157894737, 0.06524122807017543, 0.024990862573099414
1 0.06460160818713451, 0.5656195175438596, 0.07107730263157895, 0.01864035087719298
1 0.04998172514619883, 0.5814254385964912, 0.05219024122807017, 0.019508406432748537
1 0.642452485380117, 0.5675712719298246, 0.07273026315789473, 0.020133406432748538
1 0.5154733187134503, 0.5755208333333334, 0.05990405701754386, 0.021167763157894738
1 0.5545504385964912, 0.5748601973684211, 0.06151589912280701, 0.033717105263157895
1 0.6026133040935673, 0.5757949561403509, 0.06195175438596491, 0.015899122807017545
1 0.5811860380116959, 0.5760690789473685, 0.0581140350877193, 0.024899488304093567
1 0.3692434210526316, 0.5725904605263158, 0.07091282894736842, 0.021076388888888888
1 0.5452302631578947, 0.5791995614035088, 0.052754934210526315, 0.016661184210526318
1 0.14208698830409358, 0.5812774122807017, 0.054276315789473686, 0.02020833333333333
1 0.7910270467836257, 0.5891173245614035, 0.029076206140350877, 0.04312865497076023
1 0.8712536549707602, 0.5999177631578947, 0.033717105263157895, 0.03289473684210526
1 0.8684557748538011, 0.6273300438596491, 0.06467379385964912, 0.023662280701754385
1 0.25251279239766083, 0.6034813596491229, 0.03070175438596491, 0.04756030701754386
1 0.3487755847953216, 0.6078673245614035, 0.044262609649122805, 0.022158260233918127
1 0.7331871345029239, 0.608141447368421, 0.058686951754385965, 0.024945175438596492
1 0.7592288011695907, 0.6075932017543859, 0.027782346491228068, 0.044484649122807016
1 0.9514802631578947, 0.6130756578947368, 0.06277412280701754, 0.0266812865497076
1 0.6886805555555555, 0.6133497807017544, 0.05674342105263158, 0.03180555555555555
1 0.6651133040935673, 0.6160635964912281, 0.03333607456140351, 0.04169773391812865
1 0.4267324561403509, 0.6149945175438597, 0.04523026315789474, 0.019919590643274854
1 0.4085343567251462, 0.6177357456140351, 0.047149122807017545, 0.026133040935672515
1 0.7627010233918129, 0.6243146929824561, 0.037982456140350875, 0.03383954678362573
1 0.7506853070175439, 0.6333607456140351, 0.03525493421052632, 0.042428728070175434
1 0.7817214912280701, 0.6606524122807017, 0.02862938596491228, 0.03708333333333333
1 0.924250730994152, 0.6254111842105263, 0.044956140350877194, 0.017178362573099414
1 0.6144919590643275, 0.6176233552631579, 0.06507949561403509, 0.027260599415204676
1 0.6168676900584795, 0.667891995614035, 0.06387883771929824, 0.02412280701754386
1 0.8966557017543859, 0.6303453947368421, 0.04139254385964912, 0.031980994152046784
1 0.7946673976608187, 0.6296875, 0.036567982456140354, 0.03597039473684211
1 0.32574926900584794, 0.633969298245614, 0.053393640350877195, 0.032072368421052634
1 0.835420321637427, 0.6366502192982456, 0.05838815789473684, 0.024685672514619884
1 0.9810855263157895, 0.6360635964912281, 0.07021381578947368, 0.01864035087719298
1 0.8181652046783626, 0.6407620614035088, 0.06085526315789474, 0.024762426900584795
1 0.6601790935672515, 0.6424067982456141, 0.027412280701754384, 0.028326023391812866
1 0.35791301169590645, 0.6487116228070176, 0.05455043859649123, 0.02101608187134503
1 0.3559027777777778, 0.6909265350877193, 0.061419956140350875, 0.023086622807017544
1 0.4796235380116959, 0.6487116228070176, 0.048793859649122806, 0.02448830409356725
1 0.4662828947368421, 0.6626918859649122, 0.04413377192982456, 0.025767543859649123
1 0.7577668128654971, 0.6492598684210527, 0.06516173245614035, 0.028326023391812866
1 0.9439875730994152, 0.6503453947368422, 0.06059210526315789, 0.03453216374269006
1 0.9713998538011696, 0.6618695175438597, 0.046052631578947366, 0.017543859649122806
1 0.6426352339181286, 0.6564144736842105, 0.05561951754385965, 0.03545321637426901
1 0.6587938596491228, 0.6679002192982456, 0.04797149122807018, 0.025508040935672518
1 0.6366045321637427, 0.6821546052631579, 0.058991228070175435, 0.03919956140350877
1 0.4350328947368421, 0.654109100877193, 0.07143914473684211, 0.023331505847953217
1 0.4576937134502924, 0.6659813596491229, 0.059901315789473684, 0.019005847953216373
1 0.47286184210526316, 0.6961348684210527, 0.05345394736842105, 0.015533625730994151
1 0.43064692982456143, 0.6599506578947368, 0.0356359649122807, 0.014802631578947368
1 0.7396747076023392, 0.6596765350877193, 0.04632675438596491, 0.029148391812865496
1 0.4127375730994152, 0.6607730263157895, 0.023026315789473683, 0.024671052631578948
1 0.373812134502924, 0.6618695175438597, 0.05838815789473684, 0.024853801169590642
1 0.6839364035087719, 0.6605674342105263, 0.07933936403508772, 0.02389437134502924
1 0.5919298245614035, 0.6648848684210527, 0.07329495614035088, 0.019455409356725146
1 0.9046966374269005, 0.6659813596491229, 0.04797149122807018, 0.01864035087719298
1 0.39921418128654973, 0.6700932017543859, 0.05838815789473684, 0.02266081871345029
1 0.41054459064327486, 0.6936677631578947, 0.07154605263157894, 0.02138157894736842
1 0.4046966374269006, 0.7323190789473685, 0.03700657894736842, 0.020650584795321638
1 0.25269554093567254, 0.6680729166666667, 0.06972861842105263, 0.025173611111111112
1 0.24698464912280702, 0.6944106359649123, 0.048050986842105264, 0.017543859649122806
1 0.050347222222222224, 0.6742050438596491, 0.05866228070175439, 0.02266081871345029
1 0.06295687134502924, 0.713952850877193, 0.025219298245614034, 0.0356359649122807
1 0.5002138157894737, 0.6739309210526315, 0.05737116228070175, 0.027198464912280704
1 0.23273026315789475, 0.6744791666666666, 0.06931743421052632, 0.01918859649122807
1 0.3206323099415205, 0.6747532894736842, 0.04906798245614035, 0.029292763157894735
1 0.3416483918128655, 0.6755756578947368, 0.06204221491228071, 0.01682748538011696
1 0.5331688596491229, 0.6763980263157895, 0.04742324561403509, 0.025188230994152048
1 0.27165570175438597, 0.6747203947368421, 0.04115131578947369, 0.03079312865497076
1 0.2170138888888889, 0.6837993421052632, 0.057839912280701754, 0.017543859649122806
1 0.29833698830409355, 0.6840734649122807, 0.057839912280701754, 0.018457602339181287
1 0.8369042397660819, 0.6837911184210526, 0.06577576754385965, 0.02649122807017544
1 0.8206323099415205, 0.6986019736842105, 0.061677631578947366, 0.019013157894736843
1 0.8353051900584795, 0.723547149122807, 0.039473684210526314, 0.030100511695906433
1 0.5205592105263158, 0.6826315789473684, 0.07134320175438597, 0.022478070175438597
1 0.4938559941520468, 0.725359100877193, 0.04232182017543859, 0.03236842105263158
1 0.5501644736842105, 0.6825740131578948, 0.05577576754385965, 0.037463450292397664
1 0.18375365497076024, 0.6901041666666666, 0.06112938596491228, 0.017909356725146198
1 0.31295687134502925, 0.6955866228070176, 0.0581140350877193, 0.02046783625730994
1 0.30915021929824565, 0.7383497807017544, 0.04550438596491228, 0.02866045321637427
1 0.5764345760233918, 0.6969572368421053, 0.07818256578947368, 0.021929824561403508
1 0.561860380116959, 0.7177220394736842, 0.061463815789473686, 0.019082602339181288
1 0.715703581871345, 0.6880674342105264, 0.07742050438596491, 0.023377192982456142
1 0.47288377192982456, 0.7004495614035087, 0.05783168859649123, 0.027755847953216374
1 0.7755391081871345, 0.6995285087719298, 0.03882127192982456, 0.02919407894736842
1 0.863578216374269, 0.7045065789473685, 0.04891995614035088, 0.023940058479532164
1 0.4978983918128655, 0.7073739035087719, 0.04276315789473684, 0.015533625730994151
1 0.42808845029239767, 0.7081962719298246, 0.028177083333333335, 0.02163377192982456
1 0.42370248538011696, 0.7155975877192983, 0.06970668859649122, 0.027412280701754384
1 0.432953216374269, 0.7290186403508772, 0.03901315789473684, 0.02346125730994152
1 0.8845942982456141, 0.7112116228070176, 0.03125, 0.025356359649122806
1 0.3818146929824561, 0.7125822368421053, 0.06962719298245613, 0.024709429824561403
1 0.37107090643274854, 0.7257894736842104, 0.06711074561403509, 0.018260233918128654
1 0.9402412280701754, 0.7131304824561403, 0.05504385964912281, 0.024396929824561403
1 0.930281432748538, 0.7153234649122807, 0.04632675438596491, 0.018092105263157895
1 0.9551736111111111, 0.7240953947368421, 0.04564144736842105, 0.027008406432748537
1 0.33104897660818716, 0.7219024122807017, 0.03344298245614035, 0.030519005847953216
1 0.8792945906432749, 0.7198081140350877, 0.04787280701754386, 0.03737207602339181
1 0.19544956140350878, 0.7375274122807017, 0.04906798245614035, 0.014985380116959063
1 0.17388523391812866, 0.7506853070175439, 0.05921052631578947, 0.02266081871345029
1 0.795047514619883, 0.7517817982456141, 0.03481359649122807, 0.0353015350877193
1 0.4003106725146199, 0.7617406798245614, 0.036093749999999994, 0.038011695906432746
1 0.26190972222222225, 0.7628426535087719, 0.06569353070175439, 0.025950292397660817
1 0.13861476608187134, 0.8726699561403509, 0.05455043859649123, 0.021198830409356724
1 0.9469115497076024, 0.8765076754385965, 0.0381030701754386, 0.01864035087719298
1 0.8807565789473685, 0.8915844298245614, 0.0356359649122807, 0.019919590643274854
1 0.1007858187134503, 0.8987116228070176, 0.025767543859649123, 0.02046783625730994
1 0.01745248538011696, 0.9006304824561403, 0.05866228070175439, 0.0222953216374269
1 0.7555738304093568, 0.9017269736842105, 0.05537280701754386, 0.01699561403508772
1 0.6716922514619883, 0.9028234649122807, 0.02987938596491228, 0.02320906432748538
1 0.21792763157894737, 0.9165296052631579, 0.04413377192982456, 0.020833333333333332
1 0.5852521929824561, 0.9475054824561403, 0.033168859649122806, 0.025950292397660817
1 0.8997934941520468, 0.315578399122807, 0.04836622807017544, 0.018457602339181287
1 0.8873154239766082, 0.31995065789473687, 0.041038925438596496, 0.02617872807017544
1 0.14593932748538013, 0.5598848684210527, 0.05501644736842105, 0.02857090643274854
1 0.16398391812865498, 0.5622998903508772, 0.05216282894736842, 0.01817799707602339
1 0.20900402046783628, 0.5415158991228071, 0.06981633771929824, 0.02010233918128655
1 0.21725694444444443, 0.5192571271929824, 0.06873355263157895, 0.0193640350877193
1 0.2246747076023392, 0.5484868421052632, 0.057960526315789476, 0.025767543859649123
1 0.22988304093567252, 0.5269736842105264, 0.03773300438596491, 0.034568713450292395
1 0.45550073099415206, 0.7203892543859649, 0.04302631578947368, 0.021198830409356724
1 0.448921783625731, 0.6801891447368421, 0.059270833333333335, 0.025219298245614034
1 0.7356688596491228, 0.7026151315789473, 0.03980537280701755, 0.0301078216374269
1 0.7357145467836257, 0.7152220394736842, 0.04076480263157895, 0.026498538011695907
1 0.936343201754386, 0.5284868421052632, 0.04864309210526316, 0.013706140350877192
1 0.8176480263157895, 0.5085087719298246, 0.03665570175438596, 0.04187865497076023
1 0.8206853070175438, 0.5351370614035088, 0.061192434210526316, 0.026019736842105262
1 0.8524616228070175, 0.5236376096491228, 0.04439692982456141, 0.04061586257309942
1 0.8662737573099415, 0.5112828947368421, 0.049465460526315785, 0.02549342105263158
1 0.5066392543859649, 0.47176535087719296, 0.05583881578947368, 0.02942251461988304
1 0.5158351608187135, 0.4951918859649123, 0.05228070175438596, 0.022478070175438597
1 0.5359411549707602, 0.4413733552631579, 0.061524122807017544, 0.026041666666666668
1 0.5436769005847953, 0.49179824561403507, 0.06858004385964912, 0.01640168128654971
1 0.5800127923976608, 0.5420805921052632, 0.030627741228070177, 0.0360014619883041
1 0.5797386695906432, 0.5208991228070176, 0.03009046052631579, 0.03686951754385965
1 0.5798611111111112, 0.47236293859649126, 0.05934210526315789, 0.0202156432748538
1 0.5694627192982455, 0.9044353070175439, 0.017417763157894738, 0.027732090643274854
1 0.12554824561403508, 0.6918256578947369, 0.0498656798245614, 0.0360014619883041
1 0.1629203216374269, 0.7594517543859649, 0.0438843201754386, 0.01781798245614035
1 0.1685672514619883, 0.7011266447368422, 0.06699013157894737, 0.016182383040935673
1 0.1549981725146199, 0.5361376096491228, 0.03241776315789474, 0.03509137426900585
1 0.18542580409356724, 0.5232127192982456, 0.04824287280701755, 0.014528508771929825
1 0.35372807017543856, 0.5041255482456141, 0.05570449561403509, 0.027293494152046783
1 0.35383771929824565, 0.5308305921052632, 0.03255482456140351, 0.011370614035087719
