1 0.44161184210526316, 0.24328399122807018, 0.012609649122807017, 0.012792397660818713
1 0.5119700292397661, 0.24520285087719298, 0.017269736842105265, 0.013888888888888888
1 0.5671600877192983, 0.24739583333333334, 0.020285087719298246, 0.010051169590643274
1 0.45148026315789475, 0.24794407894736842, 0.010142543859649123, 0.01827485380116959
1 0.4536732456140351, 0.2539747807017544, 0.011787280701754386, 0.014985380116959063
1 0.4348501461988304, 0.26137609649122806, 0.0066474780701754384, 0.018092105263157895
1 0.4677448830409357, 0.2635690789473684, 0.010964912280701754, 0.008406432748538011
1 0.46847587719298245, 0.2526041666666667, 0.01343201754385965, 0.011695906432748537
1 0.5841557017543859, 0.25287828947368424, 0.014528508771929825, 0.009868421052631578
1 0.48327850877192985, 0.2553453947368421, 0.015076754385964912, 0.008771929824561403
1 0.4807200292397661, 0.26740679824561403, 0.01864035087719298, 0.010599415204678362
1 0.5148940058479532, 0.25561951754385964, 0.014802631578947368, 0.01827485380116959
1 0.5965826023391813, 0.25616776315789475, 0.01425438596491228, 0.021198830409356724
1 0.606999269005848, 0.25945723684210525, 0.009868421052631578, 0.02046783625730994
1 0.5052083333333334, 0.25753837719298245, 0.023574561403508772, 0.00932017543859649
1 0.5112390350877193, 0.27316337719298245, 0.01617324561403509, 0.014619883040935672
1 0.6621893274853801, 0.2591831140350877, 0.017269736842105265, 0.010416666666666666
1 0.42023026315789475, 0.2597313596491228, 0.017269736842105265, 0.010051169590643274
1 0.4913194444444444, 0.26000548245614036, 0.023026315789473683, 0.007492690058479532
1 0.3999451754385965, 0.26082785087719296, 0.012883771929824562, 0.015533625730994151
1 0.5183662280701754, 0.26137609649122806, 0.014528508771929825, 0.01781798245614035
1 0.5234831871345029, 0.26795504385964913, 0.015899122807017545, 0.013523391812865496
1 0.4750548245614035, 0.2616502192982456, 0.01864035087719298, 0.007858187134502924
1 0.5616776315789473, 0.2621984649122807, 0.024396929824561403, 0.00932017543859649
1 0.5890899122807017, 0.26247258771929827, 0.022478070175438597, 0.009868421052631578
1 0.6843019005847953, 0.2621984649122807, 0.022478070175438597, 0.010051169590643274
1 0.6755299707602339, 0.27425986842105265, 0.018914473684210526, 0.01425438596491228
1 0.5370065789473685, 0.2635690789473684, 0.01747532894736842, 0.011330409356725146
1 0.5258589181286549, 0.27617872807017546, 0.019736842105263157, 0.014619883040935672
1 0.549250730994152, 0.2635690789473684, 0.02055921052631579, 0.012244152046783625
1 0.638797514619883, 0.2635690789473684, 0.012883771929824562, 0.0133406432748538
1 0.43064692982456143, 0.2657620614035088, 0.011787280701754386, 0.013824926900584796
1 0.43740862573099415, 0.27042214912280704, 0.016721491228070175, 0.020833333333333332
1 0.44179459064327486, 0.27754934210526316, 0.009868421052631578, 0.02284356725146199
1 0.4452668128654971, 0.2871436403508772, 0.015076754385964912, 0.018731725146198832
1 0.6726059941520468, 0.2654879385964912, 0.018092105263157895, 0.011695906432748537
1 0.5737390350877193, 0.2663103070175439, 0.022203947368421052, 0.009685672514619883
1 0.5828764619883041, 0.2660361842105263, 0.02138157894736842, 0.007309941520467836
1 0.7027595029239766, 0.2663103070175439, 0.015350877192982455, 0.007858187134502924
1 0.6938048245614035, 0.26658442982456143, 0.018914473684210526, 0.008771929824561403
1 0.7391264619883041, 0.2668585526315789, 0.012609649122807017, 0.01827485380116959
1 0.6508589181286549, 0.2682291666666667, 0.013157894736842105, 0.01516812865497076
1 0.6230811403508771, 0.2701480263157895, 0.018092105263157895, 0.008589181286549707
1 0.3908077485380117, 0.27042214912280704, 0.017269736842105265, 0.013523391812865496
1 0.6313048245614035, 0.27042214912280704, 0.013157894736842105, 0.006944444444444444
1 0.4041483918128655, 0.2715186403508772, 0.017543859649122806, 0.016264619883040937
1 0.7113486842105263, 0.27179276315789475, 0.015625, 0.011330409356725146
1 0.6064510233918129, 0.2734375, 0.020285087719298246, 0.009868421052631578
1 0.6355080409356725, 0.2739857456140351, 0.01699561403508772, 0.013706140350877192
1 0.5646016081871345, 0.27425986842105265, 0.021929824561403508, 0.010599415204678362
1 0.5452302631578947, 0.2748081140350877, 0.01781798245614035, 0.016264619883040937
1 0.6508589181286549, 0.27508223684210525, 0.017543859649122806, 0.015899122807017545
1 0.7659904970760234, 0.2759046052631579, 0.0200109649122807, 0.011513157894736841
1 0.4140168128654971, 0.27617872807017546, 0.011239035087719298, 0.021747076023391813
1 0.6656615497076024, 0.2759046052631579, 0.015625, 0.009137426900584795
1 0.7190241228070176, 0.27700109649122806, 0.01206140350877193, 0.009137426900584795
1 0.7241410818713451, 0.2833059210526316, 0.023574561403508772, 0.011513157894736841
1 0.7586805555555556, 0.2772752192982456, 0.021107456140350877, 0.01206140350877193
1 0.6411732456140351, 0.2791940789473684, 0.01864035087719298, 0.01206140350877193
1 0.8027229532163743, 0.2800164473684211, 0.015625, 0.011513157894736841
1 0.7796966374269005, 0.2816611842105263, 0.017269736842105265, 0.008223684210526315
1 0.7736659356725146, 0.2885142543859649, 0.020833333333333332, 0.010599415204678362
1 0.47176535087719296, 0.2819353070175439, 0.019462719298245616, 0.010051169590643274
1 0.6959978070175439, 0.2824835526315789, 0.012883771929824562, 0.01827485380116959
1 0.5063048245614035, 0.28303179824561403, 0.011787280701754386, 0.01882309941520468
1 0.5302448830409356, 0.2833059210526316, 0.01836622807017544, 0.014802631578947368
1 0.795047514619883, 0.2833059210526316, 0.01699561403508772, 0.010964912280701754
1 0.6534173976608187, 0.28440241228070173, 0.01644736842105263, 0.011878654970760233
1 0.5435855263157895, 0.2846765350877193, 0.02549342105263158, 0.00932017543859649
1 0.6241776315789473, 0.2846765350877193, 0.01644736842105263, 0.010599415204678362
1 0.47925804093567254, 0.28549890350877194, 0.01781798245614035, 0.010599415204678362
1 0.5881761695906432, 0.29783442982456143, 0.02055921052631579, 0.010142543859649123
1 0.613578216374269, 0.2857730263157895, 0.022478070175438597, 0.010599415204678362
1 0.7846308479532164, 0.28632127192982454, 0.01918859649122807, 0.011878654970760233
1 0.39208698830409355, 0.28796600877192985, 0.015076754385964912, 0.013523391812865496
1 0.4390533625730994, 0.28824013157894735, 0.013706140350877192, 0.017543859649122806
1 0.6800986842105263, 0.28824013157894735, 0.012883771929824562, 0.012426900584795321
1 0.7155519005847953, 0.28824013157894735, 0.020285087719298246, 0.01425438596491228
1 0.36047149122807015, 0.28933662280701755, 0.025219298245614034, 0.011513157894736841
1 0.4043311403508772, 0.28933662280701755, 0.009457236842105263, 0.026555190058479533
1 0.4308296783625731, 0.2896107456140351, 0.01781798245614035, 0.013523391812865496
1 0.42443347953216376, 0.2964638157894737, 0.016721491228070175, 0.015716374269005847
1 0.3950109649122807, 0.2972861842105263, 0.012335526315789474, 0.020285087719298246
1 0.3834978070175439, 0.2975603070175439, 0.01918859649122807, 0.011330409356725146
1 0.40140716374269003, 0.2987938596491228, 0.01631030701754386, 0.02046783625730994
1 0.41017909356725146, 0.30304276315789475, 0.023026315789473683, 0.01206140350877193
1 0.4180372807017544, 0.31071820175438597, 0.011239035087719298, 0.012609649122807017
1 0.42077850877192985, 0.3109923245614035, 0.02768640350877193, 0.01781798245614035
1 0.4920504385964912, 0.2890625, 0.012335526315789474, 0.02101608187134503
1 0.4850712719298246, 0.2975603070175439, 0.020833333333333332, 0.015385599415204678
1 0.3211805555555556, 0.2896107456140351, 0.019736842105263157, 0.018457602339181287
1 0.7025767543859649, 0.2904331140350877, 0.019736842105263157, 0.009137426900584795
1 0.7341922514619883, 0.2904331140350877, 0.01918859649122807, 0.011878654970760233
1 0.6912463450292398, 0.2909813596491228, 0.021655701754385966, 0.011878654970760233
1 0.7108004385964912, 0.2915296052631579, 0.01699561403508772, 0.011330409356725146
1 0.5529057017543859, 0.29180372807017546, 0.013157894736842105, 0.019736842105263157
1 0.6324013157894737, 0.29180372807017546, 0.02055921052631579, 0.008771929824561403
1 0.6669407894736842, 0.29207785087719296, 0.018092105263157895, 0.01827485380116959
1 0.3661366959064328, 0.29262609649122806, 0.021655701754385966, 0.014437134502923976
1 0.6408077485380117, 0.2923519736842105, 0.01644736842105263, 0.016264619883040937
1 0.35060307017543857, 0.2929002192982456, 0.02138157894736842, 0.011330409356725146
1 0.4602521929824561, 0.2934484649122807, 0.021107456140350877, 0.01206140350877193
1 0.6055372807017544, 0.2942708333333333, 0.019736842105263157, 0.011878654970760233
1 0.80765716374269, 0.2942708333333333, 0.023026315789473683, 0.014071637426900584
1 0.509046052631579, 0.2953673245614035, 0.014802631578947368, 0.026133040935672515
1 0.795047514619883, 0.2961896929824561, 0.021929824561403508, 0.01699561403508772
1 0.5357273391812866, 0.2970120614035088, 0.022478070175438597, 0.014619883040935672
1 0.59859283625731, 0.2989309210526316, 0.02275219298245614, 0.012975146198830409
1 0.5784904970760234, 0.29975328947368424, 0.015625, 0.009685672514619883
1 0.7636147660818714, 0.2989309210526316, 0.01781798245614035, 0.019005847953216373
1 0.4224232456140351, 0.30002741228070173, 0.011513157894736841, 0.005482456140350877
1 0.6210709064327485, 0.30057565789473684, 0.018914473684210526, 0.010599415204678362
1 0.44782529239766083, 0.30112390350877194, 0.02412280701754386, 0.012609649122807017
1 0.4916849415204678, 0.30112390350877194, 0.020833333333333332, 0.017726608187134504
1 0.6569426169590643, 0.3003700657894737, 0.022135416666666668, 0.01986659356725146
1 0.5033808479532164, 0.30194627192982454, 0.013157894736842105, 0.022478070175438597
1 0.6870431286549707, 0.3022203947368421, 0.015076754385964912, 0.011513157894736841
1 0.467562134502924, 0.30249451754385964, 0.020285087719298246, 0.010416666666666666
1 0.6697733918128655, 0.30249451754385964, 0.017269736842105265, 0.01160453216374269
1 0.5591191520467836, 0.30304276315789475, 0.02275219298245614, 0.016264619883040937
1 0.5704495614035088, 0.30359100877192985, 0.023848684210526317, 0.01114766081871345
1 0.7829861111111112, 0.3027686403508772, 0.021929824561403508, 0.012244152046783625
1 0.3776498538011696, 0.30386513157894735, 0.015076754385964912, 0.00712719298245614
1 0.6499451754385965, 0.30441337719298245, 0.023574561403508772, 0.01644736842105263
1 0.6574378654970761, 0.30550986842105265, 0.02138157894736842, 0.014619883040935672
1 0.819718567251462, 0.30578399122807015, 0.01781798245614035, 0.013523391812865496
1 0.6822916666666666, 0.30564692982456143, 0.021038925438596492, 0.016458333333333335
1 0.8319627192982456, 0.30633223684210525, 0.016721491228070175, 0.017726608187134504
1 0.4394188596491228, 0.3066063596491228, 0.021107456140350877, 0.014619883040935672
1 0.795047514619883, 0.30688048245614036, 0.01781798245614035, 0.01425438596491228
1 0.6431834795321637, 0.3079769736842105, 0.02549342105263158, 0.021198830409356724
1 0.3447551169590643, 0.3085252192982456, 0.020285087719298246, 0.014802631578947368
1 0.5229349415204678, 0.30825109649122806, 0.021929824561403508, 0.017178362573099414
1 0.5947551169590644, 0.3085252192982456, 0.023848684210526317, 0.012975146198830409
1 0.5995065789473685, 0.33045504385964913, 0.02768640350877193, 0.0133406432748538
1 0.7038559941520468, 0.30825109649122806, 0.01343201754385965, 0.025584795321637425
1 0.6088267543859649, 0.30934758771929827, 0.0200109649122807, 0.011513157894736841
1 0.32940423976608185, 0.31016995614035087, 0.013980263157894737, 0.014985380116959063
1 0.32245979532163743, 0.31537828947368424, 0.022478070175438597, 0.011330409356725146
1 0.3829495614035088, 0.31071820175438597, 0.020285087719298246, 0.01918859649122807
1 0.5333516081871345, 0.31154057017543857, 0.01425438596491228, 0.012609649122807017
1 0.6334978070175439, 0.3112664473684211, 0.025219298245614034, 0.011513157894736841
1 0.7694627192982456, 0.3118146929824561, 0.023574561403508772, 0.01644736842105263
1 0.5505299707602339, 0.3120888157894737, 0.023848684210526317, 0.012426900584795321
1 0.45422149122807015, 0.3129111842105263, 0.020833333333333332, 0.012975146198830409
1 0.45422149122807015, 0.3279879385964912, 0.015625, 0.013523391812865496
1 0.45184576023391815, 0.34004934210526316, 0.01699561403508772, 0.008223684210526315
1 0.7128106725146199, 0.3137335526315789, 0.013706140350877192, 0.017909356725146198
1 0.5094115497076024, 0.31428179824561403, 0.021655701754385966, 0.012244152046783625
1 0.7314510233918129, 0.3145559210526316, 0.016721491228070175, 0.02010233918128655
1 0.7466191520467836, 0.3151041666666667, 0.00932017543859649, 0.017726608187134504
1 0.36101973684210525, 0.31483004385964913, 0.012883771929824562, 0.0222953216374269
1 0.3981176900584795, 0.3151041666666667, 0.023026315789473683, 0.012975146198830409
1 0.47341008771929827, 0.31483004385964913, 0.01781798245614035, 0.014802631578947368
1 0.4936951754385965, 0.3151041666666667, 0.020285087719298246, 0.01864035087719298
1 0.5817799707602339, 0.31565241228070173, 0.0268640350877193, 0.0133406432748538
1 0.6285635964912281, 0.31674890350877194, 0.02768640350877193, 0.011878654970760233
1 0.6208881578947368, 0.32003837719298245, 0.027412280701754384, 0.01114766081871345
1 0.8100328947368421, 0.31729714912280704, 0.020285087719298246, 0.019554093567251463
1 0.5220211988304093, 0.31757127192982454, 0.016721491228070175, 0.014802631578947368
1 0.7246893274853801, 0.3197642543859649, 0.014802631578947368, 0.018457602339181287
1 0.7625182748538012, 0.3197642543859649, 0.023300438596491228, 0.017178362573099414
1 0.40542763157894735, 0.32195723684210525, 0.018914473684210526, 0.017909356725146198
1 0.4673793859649123, 0.32195723684210525, 0.01343201754385965, 0.011695906432748537
1 0.5611293859649122, 0.3222313596491228, 0.014528508771929825, 0.02046783625730994
1 0.6799159356725146, 0.3227796052631579, 0.015899122807017545, 0.022112573099415205
1 0.4253472222222222, 0.32305372807017546, 0.023574561403508772, 0.01827485380116959
1 0.6451937134502924, 0.32305372807017546, 0.017543859649122806, 0.018457602339181287
1 0.6994700292397661, 0.32387609649122806, 0.01864035087719298, 0.015350877192982455
1 0.7086074561403509, 0.32387609649122806, 0.023300438596491228, 0.011330409356725146
1 0.780610380116959, 0.3236019736842105, 0.020833333333333332, 0.01663011695906433
1 0.7519188596491229, 0.32442434210526316, 0.01617324561403509, 0.01699561403508772
1 0.7919407894736842, 0.3241502192982456, 0.01918859649122807, 0.019736842105263157
1 0.3904422514619883, 0.32497258771929827, 0.017269736842105265, 0.00932017543859649
1 0.718110380116959, 0.3246984649122807, 0.02823464912280702, 0.010051169590643274
1 0.3697916666666667, 0.3285361842105263, 0.0200109649122807, 0.01114766081871345
1 0.4319261695906433, 0.3288103070175439, 0.024396929824561403, 0.013157894736842105
1 0.44161184210526316, 0.3285361842105263, 0.02768640350877193, 0.011695906432748537
1 0.611202485380117, 0.3285361842105263, 0.025767543859649123, 0.01114766081871345
1 0.6643823099415205, 0.3285361842105263, 0.024945175438596492, 0.014802631578947368
1 0.49515716374269003, 0.33127741228070173, 0.0200109649122807, 0.012975146198830409
1 0.6768092105263158, 0.3307291666666667, 0.02631578947368421, 0.013523391812865496
1 0.7387609649122807, 0.33182565789473684, 0.009868421052631578, 0.02266081871345029
1 0.6872258771929824, 0.33292214912280704, 0.02412280701754386, 0.01425438596491228
1 0.7285270467836257, 0.33237390350877194, 0.02138157894736842, 0.010051169590643274
1 0.7318165204678363, 0.3425164473684211, 0.016721491228070175, 0.016264619883040937
1 0.46865862573099415, 0.33374451754385964, 0.013157894736842105, 0.02503654970760234
1 0.5187317251461988, 0.3334703947368421, 0.021929824561403508, 0.014071637426900584
1 0.5519919590643275, 0.33374451754385964, 0.01425438596491228, 0.028326023391812866
1 0.6356907894736842, 0.3340186403508772, 0.02138157894736842, 0.016812865497076022
1 0.5925621345029239, 0.33511513157894735, 0.027138157894736843, 0.010599415204678362
1 0.5024671052631579, 0.33675986842105265, 0.01617324561403509, 0.01663011695906433
1 0.45476973684210525, 0.3373081140350877, 0.02768640350877193, 0.018092105263157895
1 0.8082054093567251, 0.3373081140350877, 0.02412280701754386, 0.014437134502923976
1 0.7972404970760234, 0.33813048245614036, 0.020285087719298246, 0.013706140350877192
1 0.6987390350877193, 0.3397752192982456, 0.018914473684210526, 0.018092105263157895
1 0.40232090643274854, 0.3403234649122807, 0.014528508771929825, 0.00932017543859649
1 0.5746527777777778, 0.34059758771929827, 0.02987938596491228, 0.012792397660818713
1 0.7513706140350878, 0.34059758771929827, 0.023574561403508772, 0.010782163742690058
1 0.7425986842105263, 0.34141995614035087, 0.02549342105263158, 0.0133406432748538
1 0.3809393274853801, 0.34141995614035087, 0.017543859649122806, 0.02138157894736842
1 0.6440972222222222, 0.3416940789473684, 0.020285087719298246, 0.021564327485380116
1 0.7694627192982456, 0.3416940789473684, 0.01644736842105263, 0.012609649122807017
1 0.759046052631579, 0.3458059210526316, 0.021929824561403508, 0.008954678362573099
1 0.7608735380116959, 0.35046600877192985, 0.0268640350877193, 0.015350877192982455
1 0.5644188596491229, 0.34608004385964913, 0.027412280701754384, 0.012426900584795321
1 0.7895650584795322, 0.34690241228070173, 0.020833333333333332, 0.01114766081871345
1 0.48985745614035087, 0.34991776315789475, 0.027138157894736843, 0.01608187134502924
1 0.5872624269005848, 0.35074013157894735, 0.027960526315789474, 0.00932017543859649
1 0.7796966374269005, 0.35046600877192985, 0.02768640350877193, 0.01023391812865497
1 0.6143092105263158, 0.3510142543859649, 0.014802631578947368, 0.022478070175438597
1 0.6726059941520468, 0.35238486842105265, 0.02905701754385965, 0.013888888888888888
1 0.5203764619883041, 0.3529331140350877, 0.030153508771929825, 0.012244152046783625
1 0.5068530701754386, 0.35320723684210525, 0.025219298245614034, 0.016264619883040937
1 0.7122624269005848, 0.3534813596491228, 0.023300438596491228, 0.010599415204678362
1 0.6998355263157895, 0.3540296052631579, 0.02823464912280702, 0.014802631578947368
1 0.4138340643274854, 0.3548519736842105, 0.02275219298245614, 0.011330409356725146
1 0.7228618421052632, 0.35457785087719296, 0.025767543859649123, 0.019554093567251463
1 0.4704861111111111, 0.35567434210526316, 0.014528508771929825, 0.02284356725146199
1 0.5996893274853801, 0.35649671052631576, 0.030153508771929825, 0.011695906432748537
1 0.6309393274853801, 0.3573190789473684, 0.028782894736842105, 0.012426900584795321
1 0.736750730994152, 0.3573190789473684, 0.025219298245614034, 0.012609649122807017
1 0.7970577485380117, 0.35759320175438597, 0.013980263157894737, 0.02412280701754386
1 0.6576206140350878, 0.3581414473684211, 0.02823464912280702, 0.0133406432748538
1 0.6843019005847953, 0.35841557017543857, 0.025767543859649123, 0.009685672514619883
1 0.307108918128655, 0.3589638157894737, 0.029331140350877194, 0.012609649122807017
1 0.5554641812865497, 0.3592379385964912, 0.020833333333333332, 0.01663011695906433
1 0.6462902046783626, 0.3597861842105263, 0.05071271929824561, 0.022112573099415205
1 0.6894188596491229, 0.3592379385964912, 0.02987938596491228, 0.012244152046783625
1 0.4626279239766082, 0.36033442982456143, 0.021929824561403508, 0.010599415204678362
1 0.6113852339181286, 0.3608826754385965, 0.023848684210526317, 0.009868421052631578
1 0.7729349415204678, 0.3606085526315789, 0.027960526315789474, 0.015899122807017545
1 0.33433845029239767, 0.36115679824561403, 0.025767543859649123, 0.01425438596491228
1 0.3588267543859649, 0.36115679824561403, 0.023574561403508772, 0.009868421052631578
1 0.2584978070175439, 0.3619791666666667, 0.021107456140350877, 0.014802631578947368
1 0.34804459064327486, 0.3628015350877193, 0.018092105263157895, 0.010964912280701754
1 0.3829495614035088, 0.36252741228070173, 0.02549342105263158, 0.01699561403508772
1 0.3237390350877193, 0.36362390350877194, 0.026589912280701754, 0.012975146198830409
1 0.7974232456140351, 0.36417214912280704, 0.020285087719298246, 0.025219298245614034
1 0.7906615497076024, 0.3671875, 0.02631578947368421, 0.02412280701754386
1 0.6669407894736842, 0.36828399122807015, 0.023300438596491228, 0.01206140350877193
1 0.29102704678362573, 0.3685581140350877, 0.02850877192982456, 0.010416666666666666
1 0.46865862573099415, 0.3685581140350877, 0.022203947368421052, 0.01023391812865497
1 0.3140533625730994, 0.3710252192982456, 0.023300438596491228, 0.011330409356725146
1 0.47834429824561403, 0.3710252192982456, 0.023026315789473683, 0.01644736842105263
1 0.74515716374269, 0.3715734649122807, 0.024396929824561403, 0.012244152046783625
1 0.7020285087719298, 0.37212171052631576, 0.0200109649122807, 0.008223684210526315
1 0.4227887426900585, 0.3734923245614035, 0.01918859649122807, 0.012426900584795321
1 0.5773940058479532, 0.37321820175438597, 0.031524122807017545, 0.012975146198830409
1 0.29961622807017546, 0.3737664473684211, 0.017269736842105265, 0.006761695906432748
1 0.34347587719298245, 0.3748629385964912, 0.030153508771929825, 0.011513157894736841
1 0.511421783625731, 0.3745888157894737, 0.02768640350877193, 0.010964912280701754
1 0.5490679824561403, 0.3745888157894737, 0.027960526315789474, 0.01425438596491228
1 0.26288377192982454, 0.3754111842105263, 0.026589912280701754, 0.019005847953216373
1 0.49698464912280704, 0.3756853070175439, 0.02412280701754386, 0.010051169590643274
1 0.5209247076023392, 0.3776041666666667, 0.021655701754385966, 0.02010233918128655
1 0.7075109649122807, 0.37733004385964913, 0.016721491228070175, 0.01699561403508772
1 0.6225328947368421, 0.37815241228070173, 0.02631578947368421, 0.013523391812865496
1 0.534265350877193, 0.3784265350877193, 0.022478070175438597, 0.015350877192982455
1 0.23145102339181287, 0.3789747807017544, 0.024396929824561403, 0.013706140350877192
1 0.7542945906432749, 0.37979714912280704, 0.023574561403508772, 0.01425438596491228
1 0.7241410818713451, 0.3803453947368421, 0.03070175438596491, 0.015350877192982455
1 0.280062134502924, 0.3808936403508772, 0.038651315789473686, 0.012792397660818713
1 0.35425804093567254, 0.3814418859649123, 0.0268640350877193, 0.009868421052631578
1 0.4253472222222222, 0.38116776315789475, 0.020833333333333332, 0.01425438596491228
1 0.5646016081871345, 0.3815104166666667, 0.03584155701754386, 0.015513523391812866
1 0.5984100877192983, 0.3822642543859649, 0.029331140350877194, 0.017361111111111112
1 0.44819078947368424, 0.38308662280701755, 0.022478070175438597, 0.012244152046783625
1 0.45915570175438597, 0.3945997807017544, 0.010142543859649123, 0.012975146198830409
1 0.24497441520467836, 0.38363486842105265, 0.024671052631578948, 0.01644736842105263
1 0.45550073099415206, 0.38363486842105265, 0.01781798245614035, 0.02266081871345029
1 0.4037828947368421, 0.3841831140350877, 0.02987938596491228, 0.011330409356725146
1 0.7870065789473685, 0.38390899122807015, 0.010964912280701754, 0.019736842105263157
1 0.784265350877193, 0.3940515350877193, 0.014528508771929825, 0.02850877192982456
1 0.3639437134502924, 0.38555372807017546, 0.02768640350877193, 0.013888888888888888
1 0.6433662280701754, 0.3861019736842105, 0.02768640350877193, 0.014437134502923976
1 0.6347770467836257, 0.3866502192982456, 0.029605263157894735, 0.01827485380116959
1 0.3321454678362573, 0.3871984649122807, 0.02823464912280702, 0.012609649122807017
1 0.43265716374269003, 0.38774671052631576, 0.031524122807017545, 0.014802631578947368
1 0.6616410818713451, 0.38774671052631576, 0.0268640350877193, 0.02101608187134503
1 0.3809393274853801, 0.38966557017543857, 0.03179824561403509, 0.017361111111111112
1 0.6821089181286549, 0.3899396929824561, 0.023574561403508772, 0.015533625730994151
1 0.2972404970760234, 0.39158442982456143, 0.027412280701754384, 0.014802631578947368
1 0.3111293859649123, 0.3918585526315789, 0.03234649122807018, 0.01663011695906433
1 0.4149305555555556, 0.3921326754385965, 0.03234649122807018, 0.014437134502923976
1 0.47907529239766083, 0.39295504385964913, 0.03399122807017544, 0.011878654970760233
1 0.6154057017543859, 0.3926809210526316, 0.022203947368421052, 0.011878654970760233
1 0.48949195906432746, 0.39350328947368424, 0.022478070175438597, 0.012426900584795321
1 0.6978252923976608, 0.3945997807017544, 0.011239035087719298, 0.02631578947368421
1 0.44197733918128657, 0.3951480263157895, 0.017543859649122806, 0.009137426900584795
1 0.5543676900584795, 0.39487390350877194, 0.032072368421052634, 0.013523391812865496
1 0.5883589181286549, 0.39542214912280704, 0.02850877192982456, 0.012244152046783625
1 0.23254751461988304, 0.3970668859649123, 0.017269736842105265, 0.018092105263157895
1 0.7334612573099415, 0.39761513157894735, 0.027412280701754384, 0.011513157894736841
1 0.5070358187134503, 0.3989857456140351, 0.02549342105263158, 0.013523391812865496
1 0.5105080409356725, 0.4192708333333333, 0.0200109649122807, 0.011878654970760233
1 0.22450657894736842, 0.39925986842105265, 0.0200109649122807, 0.01206140350877193
1 0.47194809941520466, 0.40008223684210525, 0.02768640350877193, 0.010051169590643274
1 0.5286001461988304, 0.3998081140350877, 0.022478070175438597, 0.013706140350877192
1 0.38532529239766083, 0.40063048245614036, 0.026589912280701754, 0.01663011695906433
1 0.7468019005847953, 0.4017269736842105, 0.023026315789473683, 0.01699561403508772
1 0.21244517543859648, 0.4022752192982456, 0.015625, 0.01114766081871345
1 0.5987755847953217, 0.40200109649122806, 0.02631578947368421, 0.012792397660818713
1 0.5748355263157895, 0.40309758771929827, 0.0200109649122807, 0.0133406432748538
1 0.4628106725146199, 0.4036458333333333, 0.023300438596491228, 0.01023391812865497
1 0.6238121345029239, 0.4050164473684211, 0.026589912280701754, 0.012975146198830409
1 0.34420687134502925, 0.4055646929824561, 0.011239035087719298, 0.020650584795321638
1 0.43759137426900585, 0.4061129385964912, 0.023300438596491228, 0.024853801169590642
1 0.3182565789473684, 0.4077576754385965, 0.026589912280701754, 0.01425438596491228
1 0.6992872807017544, 0.4077576754385965, 0.033168859649122806, 0.012609649122807017
1 0.2296235380116959, 0.4102247807017544, 0.015350877192982455, 0.026498538011695907
1 0.23656798245614036, 0.41680372807017546, 0.01069078947368421, 0.025219298245614034
1 0.5465095029239766, 0.4107730263157895, 0.01699561403508772, 0.014619883040935672
1 0.6373355263157895, 0.41104714912280704, 0.03042763157894737, 0.011330409356725146
1 0.7155519005847953, 0.4107730263157895, 0.02055921052631579, 0.018457602339181287
1 0.500639619883041, 0.41132127192982454, 0.030153508771929825, 0.009685672514619883
1 0.4765168128654971, 0.42865953947368424, 0.013637609649122808, 0.021198830409356724
1 0.4826955409356725, 0.4379111842105263, 0.021655701754385966, 0.016847587719298247
1 0.4701206140350877, 0.44120065789473684, 0.010142543859649123, 0.017543859649122806
1 0.4533077485380117, 0.44887609649122806, 0.01425438596491228, 0.019736842105263157
1 0.45074926900584794, 0.45490679824561403, 0.012609649122807017, 0.009137426900584795
1 0.45568347953216376, 0.46121162280701755, 0.03536184210526316, 0.011878654970760233
1 0.34036915204678364, 0.4126918859649123, 0.017269736842105265, 0.02320906432748538
1 0.6691337719298246, 0.41378837719298245, 0.029605263157894735, 0.010964912280701754
1 0.688139619883041, 0.41378837719298245, 0.0268640350877193, 0.010051169590643274
1 0.6483004385964912, 0.41433662280701755, 0.0268640350877193, 0.015899122807017545
1 0.4427083333333333, 0.41515899122807015, 0.020833333333333332, 0.021564327485380116
1 0.5996893274853801, 0.41515899122807015, 0.017543859649122806, 0.021929824561403508
1 0.5969480994152047, 0.4291392543859649, 0.01425438596491228, 0.023940058479532164
1 0.26690423976608185, 0.41625548245614036, 0.013980263157894737, 0.0266812865497076
1 0.5607638888888888, 0.41625548245614036, 0.02275219298245614, 0.017178362573099414
1 0.2935855263157895, 0.41872258771929827, 0.008223684210526315, 0.02101608187134503
1 0.6793676900584795, 0.41872258771929827, 0.023848684210526317, 0.009685672514619883
1 0.19343932748538012, 0.4198190789473684, 0.02987938596491228, 0.012975146198830409
1 0.18156067251461988, 0.4206414473684211, 0.015076754385964912, 0.01663011695906433
1 0.18338815789473684, 0.42941337719298245, 0.02987938596491228, 0.011330409356725146
1 0.3250182748538012, 0.42009320175438597, 0.020285087719298246, 0.01206140350877193
1 0.4266264619883041, 0.41954495614035087, 0.014802631578947368, 0.014802631578947368
1 0.33415570175438597, 0.4217379385964912, 0.02987938596491228, 0.013706140350877192
1 0.5236659356725146, 0.42804276315789475, 0.02138157894736842, 0.0222953216374269
1 0.2065972222222222, 0.4225603070175439, 0.015350877192982455, 0.017361111111111112
1 0.5472404970760234, 0.4225603070175439, 0.029605263157894735, 0.012792397660818713
1 0.5700840643274854, 0.42283442982456143, 0.018914473684210526, 0.02266081871345029
1 0.36504020467836257, 0.42365679824561403, 0.018914473684210526, 0.013706140350877192
1 0.7382127192982456, 0.42420504385964913, 0.03070175438596491, 0.011878654970760233
1 0.25685307017543857, 0.42420504385964913, 0.02275219298245614, 0.014071637426900584
1 0.4039656432748538, 0.4239309210526316, 0.014802631578947368, 0.02101608187134503
1 0.765625, 0.42502741228070173, 0.02823464912280702, 0.012244152046783625
1 0.2923062865497076, 0.42667214912280704, 0.011239035087719298, 0.02722953216374269
1 0.45020102339181284, 0.4272203947368421, 0.021655701754385966, 0.014071637426900584
1 0.4534904970760234, 0.43571820175438597, 0.015076754385964912, 0.023391812865497075
1 0.45897295321637427, 0.42694627192982454, 0.01425438596491228, 0.017726608187134504
1 0.4750548245614035, 0.4267763157894737, 0.010142543859649123, 0.014373172514619885
1 0.3416483918128655, 0.42804276315789475, 0.017543859649122806, 0.025767543859649123
1 0.3358004385964912, 0.4496984649122807, 0.02055921052631579, 0.017543859649122806
1 0.7531980994152047, 0.4277686403508772, 0.02905701754385965, 0.014619883040935672
1 0.24588815789473684, 0.4296875, 0.01425438596491228, 0.015899122807017545
1 0.21061769005847952, 0.43143640350877194, 0.011134868421052631, 0.021072733918128656
1 0.7248720760233918, 0.43133223684210525, 0.02138157894736842, 0.01114766081871345
1 0.7318165204678363, 0.4379111842105263, 0.024396929824561403, 0.010416666666666666
1 0.7188413742690059, 0.4428453947368421, 0.0200109649122807, 0.012426900584795321
1 0.6163194444444444, 0.4316063596491228, 0.015899122807017545, 0.02412280701754386
1 0.5806834795321637, 0.43325109649122806, 0.016721491228070175, 0.021929824561403508
1 0.6020650584795322, 0.4409265350877193, 0.012883771929824562, 0.010782163742690058
1 0.4072551169590643, 0.43379934210526316, 0.021655701754385966, 0.009137426900584795
1 0.21829312865497075, 0.43434758771929827, 0.018914473684210526, 0.01918859649122807
1 0.3979349415204678, 0.43462171052631576, 0.017269736842105265, 0.010599415204678362
1 0.4222404970760234, 0.43434758771929827, 0.011239035087719298, 0.014619883040935672
1 0.709703947368421, 0.43434758771929827, 0.021655701754385966, 0.012975146198830409
1 0.292671783625731, 0.4348958333333333, 0.013157894736842105, 0.012975146198830409
1 0.44142909356725146, 0.43571820175438597, 0.026589912280701754, 0.010964912280701754
1 0.17077850877192982, 0.4368146929824561, 0.02850877192982456, 0.011878654970760233
1 0.2798793859649123, 0.4453125, 0.013157894736842105, 0.008771929824561403
1 0.3037079678362573, 0.4373629385964912, 0.016721491228070175, 0.016558845029239766
1 0.29541301169590645, 0.44846491228070173, 0.03056469298245614, 0.012244152046783625
1 0.28572733918128657, 0.46066337719298245, 0.023300438596491228, 0.010508040935672515
1 0.29888523391812866, 0.47752192982456143, 0.031112938596491228, 0.01663011695906433
1 0.3913559941520468, 0.4373629385964912, 0.020833333333333332, 0.01516812865497076
1 0.3816703216374269, 0.4532620614035088, 0.01781798245614035, 0.015350877192982455
1 0.3811220760233918, 0.45792214912280704, 0.023848684210526317, 0.023300438596491228
1 0.3809393274853801, 0.4381853070175439, 0.01699561403508772, 0.012609649122807017
1 0.7489948830409356, 0.4390076754385965, 0.02823464912280702, 0.012609649122807017
1 0.35334429824561403, 0.44366776315789475, 0.03042763157894737, 0.011695906432748537
1 0.41346856725146197, 0.4395559210526316, 0.021107456140350877, 0.009868421052631578
1 0.42388523391812866, 0.4395559210526316, 0.015076754385964912, 0.01827485380116959
1 0.6813779239766082, 0.4395559210526316, 0.01918859649122807, 0.01023391812865497
1 0.5046600877192983, 0.44037828947368424, 0.011239035087719298, 0.027046783625730993
1 0.5249451754385965, 0.45336622807017546, 0.020455043859649125, 0.008954678362573099
1 0.5558296783625731, 0.44037828947368424, 0.01836622807017544, 0.017543859649122806
1 0.5735562865497076, 0.4538103070175439, 0.018092105263157895, 0.010599415204678362
1 0.698921783625731, 0.4409265350877193, 0.023026315789473683, 0.01114766081871345
1 0.23876096491228072, 0.44120065789473684, 0.012335526315789474, 0.02540204678362573
1 0.31734283625730997, 0.44120065789473684, 0.015625, 0.017178362573099414
1 0.32227704678362573, 0.4535361842105263, 0.006030701754385965, 0.012426900584795321
1 0.19709429824561403, 0.44174890350877194, 0.013980263157894737, 0.02503654970760234
1 0.667671783625731, 0.4414747807017544, 0.01781798245614035, 0.014071637426900584
1 0.37490862573099415, 0.4420230263157895, 0.01918859649122807, 0.0133406432748538
1 0.6230811403508771, 0.4420230263157895, 0.01343201754385965, 0.02412280701754386
1 0.6281980994152047, 0.45134320175438597, 0.023300438596491228, 0.014619883040935672
1 0.49607090643274854, 0.4428453947368421, 0.024671052631578948, 0.009137426900584795
1 0.686860380116959, 0.4428453947368421, 0.024671052631578948, 0.012609649122807017
1 0.5909173976608187, 0.4477796052631579, 0.02823464912280702, 0.010782163742690058
1 0.6101059941520468, 0.4433936403508772, 0.02412280701754386, 0.012426900584795321
1 0.6157711988304093, 0.4557291666666667, 0.023026315789473683, 0.0133406432748538
1 0.642452485380117, 0.4433936403508772, 0.02275219298245614, 0.011878654970760233
1 0.14775219298245615, 0.4458607456140351, 0.01918859649122807, 0.02540204678362573
1 0.30308845029239767, 0.4458607456140351, 0.029331140350877194, 0.014802631578947368
1 0.4745065789473684, 0.45627741228070173, 0.02850877192982456, 0.008223684210526315
1 0.580500730994152, 0.4458607456140351, 0.02549342105263158, 0.011878654970760233
1 0.37015716374269003, 0.44695723684210525, 0.02823464912280702, 0.012244152046783625
1 0.26854897660818716, 0.44750548245614036, 0.027138157894736843, 0.01114766081871345
1 0.25721856725146197, 0.4486019736842105, 0.024671052631578948, 0.017178362573099414
1 0.234375, 0.4505208333333333, 0.015350877192982455, 0.027777777777777776
1 0.48327850877192985, 0.45079495614035087, 0.016721491228070175, 0.013888888888888888
1 0.7628837719298246, 0.4518914473684211, 0.017269736842105265, 0.02412280701754386
1 0.41968201754385964, 0.4527138157894737, 0.015625, 0.025950292397660817
1 0.7005665204678363, 0.4527138157894737, 0.015625, 0.01882309941520468
1 0.6949013157894737, 0.4661458333333333, 0.023848684210526317, 0.015533625730994151
1 0.20111476608187134, 0.4532620614035088, 0.014802631578947368, 0.031067251461988302
1 0.6011513157894737, 0.4532620614035088, 0.0200109649122807, 0.013157894736842105
1 0.6040752923976608, 0.47299890350877194, 0.02055921052631579, 0.017726608187134504
1 0.6733369883040936, 0.4546326754385965, 0.021929824561403508, 0.022112573099415205
1 0.4004934210526316, 0.45545504385964913, 0.019736842105263157, 0.011330409356725146
1 0.33104897660818716, 0.45737390350877194, 0.02412280701754386, 0.010416666666666666
1 0.4118238304093567, 0.4565515350877193, 0.01864035087719298, 0.00804093567251462
1 0.411641081871345, 0.4721765350877193, 0.033717105263157895, 0.013157894736842105
1 0.3379934210526316, 0.4570997807017544, 0.02549342105263158, 0.012244152046783625
1 0.5556469298245614, 0.45737390350877194, 0.020833333333333332, 0.012792397660818713
1 0.5554641812865497, 0.46450109649122806, 0.025767543859649123, 0.011878654970760233
1 0.5042945906432749, 0.45737390350877194, 0.019462719298245616, 0.01882309941520468
1 0.4924159356725146, 0.4614857456140351, 0.011787280701754386, 0.010051169590643274
1 0.3096673976608187, 0.45792214912280704, 0.02275219298245614, 0.012426900584795321
1 0.5667945906432749, 0.4590186403508772, 0.03289473684210526, 0.010051169590643274
1 0.3206323099415205, 0.4595668859649123, 0.03289473684210526, 0.019554093567251463
1 0.7215826023391813, 0.4657675438596491, 0.017922149122807016, 0.016812865497076022
1 0.26708698830409355, 0.4603892543859649, 0.03618421052631579, 0.017543859649122806
1 0.5443165204678363, 0.46066337719298245, 0.03262061403508772, 0.012792397660818713
1 0.43759137426900585, 0.4614857456140351, 0.02905701754385965, 0.013706140350877192
1 0.6529751461988303, 0.4629248903508772, 0.03105811403508772, 0.010964912280701754
1 0.6603618421052632, 0.4708059210526316, 0.022478070175438597, 0.012975146198830409
1 0.6647478070175439, 0.46203399122807015, 0.01781798245614035, 0.017726608187134504
1 0.6673062865497076, 0.47875548245614036, 0.02412280701754386, 0.017909356725146198
1 0.734375, 0.46258223684210525, 0.022203947368421052, 0.015533625730994151
1 0.5070358187134503, 0.4628563596491228, 0.023026315789473683, 0.02101608187134503
1 0.44709429824561403, 0.46367872807017546, 0.021655701754385966, 0.011513157894736841
1 0.6408077485380117, 0.46450109649122806, 0.022478070175438597, 0.013888888888888888
1 0.6444627192982456, 0.48122258771929827, 0.030975877192982455, 0.018457602339181287
1 0.4255299707602339, 0.4653234649122807, 0.03070175438596491, 0.012244152046783625
1 0.48254751461988304, 0.46559758771929827, 0.021655701754385966, 0.023391812865497075
1 0.6314875730994152, 0.4661458333333333, 0.018092105263157895, 0.01425438596491228
1 0.46811038011695905, 0.4666940789473684, 0.021655701754385966, 0.007309941520467836
1 0.7502741228070176, 0.4666940789473684, 0.02905701754385965, 0.010051169590643274
1 0.7605080409356725, 0.46696820175438597, 0.02905701754385965, 0.009137426900584795
1 0.39592470760233917, 0.4683388157894737, 0.023574561403508772, 0.017361111111111112
1 0.6815606725146199, 0.4702576754385965, 0.019462719298245616, 0.013706140350877192
1 0.707328216374269, 0.48828125, 0.021998355263157895, 0.019384137426900584
1 0.6949013157894737, 0.4858826754385965, 0.014528508771929825, 0.019371345029239765
1 0.7994334795321637, 0.4732730263157895, 0.023300438596491228, 0.017909356725146198
1 0.10334429824561403, 0.4732730263157895, 0.03673245614035088, 0.019919590643274854
1 0.6216191520467836, 0.47354714912280704, 0.029605263157894735, 0.012426900584795321
1 0.519828216374269, 0.47491776315789475, 0.022203947368421052, 0.023757309941520467
1 0.5998720760233918, 0.47546600877192985, 0.03042763157894737, 0.014802631578947368
1 0.7700109649122807, 0.47628837719298245, 0.023848684210526317, 0.015533625730994151
1 0.21518640350877194, 0.47683662280701755, 0.03234649122807018, 0.01699561403508772
1 0.3546235380116959, 0.4765625, 0.01781798245614035, 0.02942251461988304
1 0.5770285087719298, 0.4765625, 0.023848684210526317, 0.020285087719298246
1 0.7915752923976608, 0.4765625, 0.031524122807017545, 0.024305555555555556
1 0.7886513157894737, 0.47875548245614036, 0.03042763157894737, 0.019736842105263157
1 0.8156980994152047, 0.47875548245614036, 0.02412280701754386, 0.011878654970760233
1 0.39592470760233917, 0.4798519736842105, 0.03125, 0.016264619883040937
1 0.2396747076023392, 0.4804002192982456, 0.01836622807017544, 0.025950292397660817
1 0.3107638888888889, 0.4804002192982456, 0.02138157894736842, 0.02266081871345029
1 0.7246893274853801, 0.4809484649122807, 0.02549342105263158, 0.017178362573099414
1 0.7365679824561403, 0.4823190789473684, 0.027412280701754384, 0.014437134502923976
1 0.6329495614035088, 0.4845120614035088, 0.021929824561403508, 0.01827485380116959
1 0.3354349415204678, 0.4847861842105263, 0.020285087719298246, 0.01206140350877193
1 0.6811951754385965, 0.48615679824561403, 0.014802631578947368, 0.013797514619883041
1 0.6877741228070176, 0.49575109649122806, 0.01918859649122807, 0.021929824561403508
1 0.2789656432748538, 0.4864309210526316, 0.019736842105263157, 0.020833333333333332
1 0.7831688596491229, 0.48725328947368424, 0.03179824561403509, 0.022112573099415205
1 0.5024671052631579, 0.4883497807017544, 0.015350877192982455, 0.025767543859649123
1 0.7455226608187134, 0.4921875, 0.027960526315789474, 0.010782163742690058
1 0.7555738304093568, 0.4927357456140351, 0.029605263157894735, 0.010782163742690058
1 0.3588267543859649, 0.49383223684210525, 0.015899122807017545, 0.028691520467836257
1 0.46427266081871343, 0.49383223684210525, 0.027138157894736843, 0.01114766081871345
1 0.7155519005847953, 0.4954769736842105, 0.021929824561403508, 0.016812865497076022
1 0.7665387426900585, 0.49520285087719296, 0.021929824561403508, 0.027412280701754384
1 0.3460343567251462, 0.4973958333333333, 0.024945175438596492, 0.01023391812865497
1 0.8167945906432749, 0.49821820175438597, 0.021655701754385966, 0.02101608187134503
1 0.6203399122807017, 0.4993146929824561, 0.04276315789473684, 0.014437134502923976
1 0.45531798245614036, 0.4998629385964912, 0.025767543859649123, 0.013888888888888888
1 0.4012244152046784, 0.5006853070175439, 0.01699561403508772, 0.02101608187134503
1 0.4220577485380117, 0.501233552631579, 0.03536184210526316, 0.017726608187134504
1 0.6334978070175439, 0.5015076754385965, 0.03234649122807018, 0.012426900584795321
1 0.32264254385964913, 0.5023300438596491, 0.02987938596491228, 0.015899122807017545
1 0.33397295321637427, 0.5045230263157895, 0.0356359649122807, 0.01644736842105263
1 0.22669956140350878, 0.5034265350877193, 0.027138157894736843, 0.01699561403508772
1 0.7667214912280702, 0.5034265350877193, 0.02631578947368421, 0.024671052631578948
1 0.10169956140350878, 0.5039747807017544, 0.033168859649122806, 0.01918859649122807
1 0.5951206140350878, 0.5053453947368421, 0.027138157894736843, 0.010964912280701754
1 0.517452485380117, 0.5056195175438597, 0.01836622807017544, 0.025950292397660817
1 0.5744700292397661, 0.5058936403508771, 0.024396929824561403, 0.013706140350877192
1 0.5817799707602339, 0.5217927631578947, 0.029331140350877194, 0.012609649122807017
1 0.2164656432748538, 0.5072642543859649, 0.03344298245614035, 0.013888888888888888
1 0.3692434210526316, 0.5080866228070176, 0.02768640350877193, 0.016264619883040937
1 0.2970577485380117, 0.5086348684210527, 0.02275219298245614, 0.019005847953216373
1 0.25484283625730997, 0.5097313596491229, 0.034265350877192985, 0.014437134502923976
1 0.2868238304093567, 0.5094572368421053, 0.033168859649122806, 0.014437134502923976
1 0.24424342105263158, 0.5100054824561403, 0.034265350877192985, 0.014802631578947368
1 0.3153326023391813, 0.5102796052631579, 0.029331140350877194, 0.017361111111111112
1 0.5545504385964912, 0.5113760964912281, 0.027960526315789474, 0.013523391812865496
1 0.35297880116959063, 0.5127467105263158, 0.03125, 0.02266081871345029
1 0.6360562865497076, 0.5132949561403509, 0.0356359649122807, 0.015533625730994151
1 0.6049890350877193, 0.5152138157894737, 0.020833333333333332, 0.015716374269005847
1 0.48949195906432746, 0.5163103070175439, 0.022203947368421052, 0.024305555555555556
1 0.6662097953216374, 0.5163103070175439, 0.033717105263157895, 0.02046783625730994
1 0.3063779239766082, 0.5176809210526315, 0.024396929824561403, 0.012792397660818713
1 0.6813779239766082, 0.5176809210526315, 0.027412280701754384, 0.014802631578947368
1 0.08196271929824561, 0.5182291666666666, 0.015076754385964912, 0.017726608187134504
1 0.5993238304093568, 0.5209703947368421, 0.01918859649122807, 0.011330409356725146
1 0.6528691520467836, 0.5212445175438597, 0.04057017543859649, 0.014619883040935672
1 0.5055738304093568, 0.5226151315789473, 0.034265350877192985, 0.021929824561403508
1 0.4746893274853801, 0.5234375, 0.04139254385964912, 0.016264619883040937
1 0.5258589181286549, 0.5231633771929824, 0.017269736842105265, 0.021198830409356724
1 0.52640716374269, 0.5305646929824561, 0.021655701754385966, 0.013523391812865496
1 0.5393823099415205, 0.5272752192982456, 0.025219298245614034, 0.02138157894736842
1 0.23346125730994152, 0.5319353070175439, 0.0356359649122807, 0.01918859649122807
1 0.6419042397660819, 0.5313870614035088, 0.03399122807017544, 0.012244152046783625
1 0.7497258771929824, 0.5335800438596491, 0.0356359649122807, 0.020285087719298246
1 0.6983735380116959, 0.5344024122807017, 0.0268640350877193, 0.013523391812865496
1 0.8142361111111112, 0.5385142543859649, 0.033717105263157895, 0.013523391812865496
1 0.6647478070175439, 0.5431743421052632, 0.01781798245614035, 0.021198830409356724
1 0.4629934210526316, 0.5519462719298246, 0.033168859649122806, 0.011878654970760233
1 0.584703947368421, 0.5620888157894737, 0.03234649122807018, 0.022112573099415205
1 0.42735745614035087, 0.5886787280701754, 0.021107456140350877, 0.011330409356725146
1 0.1188779239766082, 0.6010142543859649, 0.030975877192982455, 0.013888888888888888
1 0.4088998538011696, 0.610608552631579, 0.016721491228070175, 0.010599415204678362
1 0.6168676900584795, 0.6169133771929824, 0.024396929824561403, 0.01882309941520468
1 0.4118238304093567, 0.6196546052631579, 0.02275219298245614, 0.012609649122807017
1 0.3040021929824561, 0.6248629385964912, 0.02275219298245614, 0.02850877192982456
1 0.19581505847953215, 0.6267817982456141, 0.01617324561403509, 0.025219298245614034
1 0.8071089181286549, 0.6308936403508771, 0.029605263157894735, 0.014619883040935672
1 0.37893640350877195, 0.6369243421052632, 0.03495065789473684, 0.01644005847953216
1 0.6715095029239766, 0.6536458333333334, 0.03042763157894737, 0.015533625730994151
1 0.8596070906432749, 0.6539199561403509, 0.01864035087719298, 0.02206323099415205
1 0.9268201754385965, 0.6977796052631579, 0.02939967105263158, 0.02179641812865497
1 0.7623355263157895, 0.717516447368421, 0.0400219298245614, 0.017909356725146198
1 0.833985745614035, 0.7728892543859649, 0.05359100877192982, 0.03308296783625731
1 0.6390277777777779, 0.6430482456140352, 0.04509320175438596, 0.024217836257309944
1 0.4121345029239766, 0.8405509868421053, 0.03549890350877193, 0.03024853801169591
1 0.18850511695906433, 0.5063048245614035, 0.028782894736842105, 0.02371527777777778
1 0.17484283625730995, 0.5154879385964912, 0.027617872807017545, 0.023898026315789477
1 0.23388340643274852, 0.4300986842105263, 0.023848684210526317, 0.0119718567251462
1 0.23625730994152047, 0.4245476973684211, 0.00849780701754386, 0.020562865497076022
1 0.2166173245614035, 0.4176315789473684, 0.017269736842105265, 0.020791301169590642
1 0.27987390350877195, 0.4360032894736842, 0.014048793859649123, 0.016175073099415207
1 0.33900219298245615, 0.444046052631579, 0.012299890350877193, 0.01983187134502924
1 0.3623611111111111, 0.4415076754385965, 0.03245065789473684, 0.012465277777777777
1 0.34673062865497073, 0.4395805921052631, 0.008267543859649123, 0.023532529239766085
1 0.46573830409356726, 0.4459265350877193, 0.022993421052631576, 0.020902777777777777
1 0.4891465643274854, 0.41032894736842107, 0.029468201754385966, 0.01798062865497076
1 0.5024470029239766, 0.44939144736842107, 0.014218749999999999, 0.03018092105263158
1 0.5310617690058479, 0.4206907894736842, 0.02124451754385965, 0.01640533625730994
1 0.5361092836257311, 0.45415296052631576, 0.03262061403508772, 0.017545687134502923
1 0.5332309941520468, 0.44620339912280704, 0.028782894736842105, 0.01759137426900585
1 0.577311769005848, 0.4708059210526316, 0.024739583333333332, 0.023760964912280705
1 0.5706816520467837, 0.4408223684210526, 0.01343201754385965, 0.025358187134502923
1 0.6542068713450293, 0.4321546052631579, 0.029468201754385966, 0.01581140350877193
1 0.6476900584795321, 0.4584018640350877, 0.012198464912280702, 0.017233187134502923
1 0.6603691520467836, 0.45675712719298245, 0.013122258771929823, 0.016403508771929826
1 0.7053088450292397, 0.4804331140350877, 0.010572916666666666, 0.022408625730994152
1 0.7047514619883041, 0.46600877192982454, 0.021485745614035087, 0.017317251461988304
1 0.7118073830409357, 0.4592077850877193, 0.018434758771929825, 0.02641264619883041
1 0.7111842105263158, 0.5408442982456141, 0.027275219298245616, 0.02239035087719298
1 0.7049597953216374, 0.539953399122807, 0.025904605263157895, 0.015581140350877194
1 0.6137390350877193, 0.27234100877192985, 0.021313048245614034, 0.010829678362573099
1 0.6161622807017544, 0.2662417763157895, 0.012574013157894736, 0.013662280701754386
1 0.5871491228070176, 0.27408991228070173, 0.020285087719298246, 0.019053362573099416
1 0.603561769005848, 0.2682291666666667, 0.01793859649122807, 0.014475511695906431
1 0.28372441520467834, 0.4433607456140351, 0.0254577850877193, 0.02278143274853801
1 0.44577850877192987, 0.2636376096491228, 0.008634868421052632, 0.022298976608187134
1 0.441500365497076, 0.2554495614035088, 0.009764254385964911, 0.017225877192982457
1 0.4978198099415205, 0.26267817982456143, 0.019668311403508772, 0.008863304093567252
1 0.49036549707602345, 0.2778234649122807, 0.017302631578947368, 0.01772843567251462
1 0.47869152046783625, 0.2944078947368421, 0.0215515350877193, 0.014331140350877193
1 0.45669590643274854, 0.2805646929824561, 0.01425438596491228, 0.021429093567251464
1 0.45838084795321643, 0.2721710526315789, 0.010142543859649123, 0.019375
1 0.4081907894736842, 0.2846080043859649, 0.00777686403508772, 0.023578216374269007
1 0.540078581871345, 0.3209978070175439, 0.027412280701754384, 0.01119517543859649
1 0.5283808479532164, 0.3282620614035088, 0.01493969298245614, 0.016907894736842104
1 0.7673702485380117, 0.4683388157894737, 0.019257127192982455, 0.02179641812865497
1 0.769031432748538, 0.462203947368421, 0.01268092105263158, 0.01960343567251462
1 0.744343932748538, 0.29797149122807015, 0.014528508771929825, 0.02202485380116959
1 0.7375986842105263, 0.3073245614035087, 0.009424342105263158, 0.029404239766081874
1 0.7275018274853801, 0.27703399122807015, 0.02117872807017544, 0.021452850877192984
1 0.730358187134503, 0.2749451754385965, 0.013843201754385965, 0.019899488304093566
1 0.2801078216374269, 0.43126370614035087, 0.011992872807017545, 0.020330774853801168
1 0.2648940058479532, 0.43078399122807015, 0.020833333333333332, 0.02124451754385965
1 0.5877192982456141, 0.28591008771929827, 0.01411732456140351, 0.019667397660818715
1 0.5747898391812866, 0.28748629385964913, 0.018675986842105263, 0.01738486842105263
