1 0.708, 0.136375, 0.043166666666666666, 0.0155
1 0.7075, 0.148875, 0.019333333333333334, 0.0225
1 0.6898333333333333, 0.154625, 0.026333333333333334, 0.02225
1 0.7178333333333333, 0.155375, 0.021666666666666667, 0.024
1 0.7315, 0.155875, 0.024333333333333332, 0.02775
1 0.7851666666666667, 0.155875, 0.020666666666666667, 0.02325
1 0.7685, 0.158375, 0.018333333333333333, 0.0275
1 0.7501666666666666, 0.159625, 0.018, 0.02675
1 0.7478333333333333, 0.177125, 0.028, 0.0275
1 0.7368333333333333, 0.181375, 0.023666666666666666, 0.017
1 0.8058333333333333, 0.164625, 0.024666666666666667, 0.01975
1 0.6818333333333333, 0.166625, 0.02033333333333333, 0.01525
1 0.6981666666666667, 0.175875, 0.037333333333333336, 0.018
1 0.6021666666666666, 0.168875, 0.034, 0.02175
1 0.6315, 0.171125, 0.03233333333333333, 0.01775
1 0.6565, 0.187125, 0.019666666666666666, 0.02875
1 0.6635, 0.171875, 0.02266666666666667, 0.02675
1 0.6771666666666667, 0.172125, 0.025333333333333333, 0.02725
1 0.4861666666666667, 0.172625, 0.048666666666666664, 0.01825
1 0.5758333333333333, 0.174875, 0.04033333333333333, 0.01375
1 0.8428333333333333, 0.177125, 0.04066666666666666, 0.015
1 0.7785, 0.178375, 0.028333333333333332, 0.0125
1 0.9271666666666667, 0.178625, 0.021666666666666667, 0.02075
1 0.9088333333333334, 0.180375, 0.019666666666666666, 0.0225
1 0.8838333333333334, 0.181375, 0.03233333333333333, 0.02475
1 0.8075, 0.184125, 0.03833333333333333, 0.01925
1 0.5701666666666667, 0.185875, 0.027333333333333334, 0.02225
1 0.4935, 0.186125, 0.023666666666666666, 0.025
1 0.48683333333333334, 0.197125, 0.019666666666666666, 0.03025
1 0.6001666666666666, 0.188375, 0.03933333333333333, 0.01525
1 0.4555, 0.188625, 0.021, 0.023
1 0.7028333333333333, 0.189375, 0.035666666666666666, 0.017
1 0.5418333333333333, 0.190375, 0.019, 0.025
1 0.5751666666666667, 0.194875, 0.024, 0.024
1 0.5565, 0.198125, 0.02, 0.0315
1 0.5468333333333333, 0.214875, 0.019333333333333334, 0.0205
1 0.5111666666666667, 0.230375, 0.030666666666666665, 0.02025
1 0.38616666666666666, 0.190625, 0.029, 0.01475
1 0.5171666666666667, 0.190875, 0.024333333333333332, 0.0205
1 0.5061666666666667, 0.197625, 0.023333333333333334, 0.028
1 0.8015, 0.191375, 0.036333333333333336, 0.01425
1 0.8635, 0.191875, 0.032843333333333335, 0.0135
1 0.4615, 0.193125, 0.02666666666666667, 0.03125
1 0.9275, 0.193375, 0.03833333333333333, 0.019
1 0.41483333333333333, 0.193625, 0.025333333333333333, 0.02125
1 0.5998333333333333, 0.195125, 0.030333333333333334, 0.0165
1 0.6391666666666667, 0.196875, 0.021, 0.02625
1 0.6721666666666667, 0.197125, 0.025, 0.02575
1 0.7915, 0.197125, 0.03666666666666667, 0.01925
1 0.44516666666666665, 0.197625, 0.016666666666666666, 0.03025
1 0.7268333333333333, 0.199125, 0.019666666666666666, 0.02775
1 0.7513566666666667, 0.2055625, 0.02142, 0.0323125
1 0.7375, 0.206125, 0.02, 0.02675
1 0.7118333333333333, 0.208125, 0.017333333333333333, 0.0255
1 0.7748333333333334, 0.223625, 0.036, 0.01275
1 0.7231666666666666, 0.227875, 0.018, 0.03475
1 0.7325, 0.230125, 0.036, 0.0135
1 0.7745, 0.235375, 0.047, 0.0115
1 0.7365, 0.240375, 0.02666666666666667, 0.0295
1 0.37583333333333335, 0.200875, 0.04666666666666667, 0.01675
1 0.8411666666666666, 0.201375, 0.036, 0.0165
1 0.6861666666666667, 0.202625, 0.026333333333333334, 0.0295
1 0.6338333333333334, 0.218125, 0.02, 0.02675
1 0.6635, 0.223875, 0.029666666666666668, 0.0315
1 0.6525466666666667, 0.224625, 0.031286666666666664, 0.02478
1 0.8961666666666667, 0.202875, 0.013333333333333334, 0.0215
1 0.9071666666666667, 0.209625, 0.020666666666666667, 0.0275
1 0.8961666666666667, 0.224375, 0.021, 0.02575
1 0.9471666666666667, 0.202625, 0.04, 0.0165
1 0.7611666666666667, 0.203125, 0.025, 0.01175
1 0.9121666666666667, 0.203125, 0.02266666666666667, 0.0205
1 0.6221666666666666, 0.205375, 0.019, 0.03525
1 0.7691666666666667, 0.204625, 0.027333333333333334, 0.02525
1 0.43083333333333335, 0.206125, 0.013833333333333333, 0.0145
1 0.7008333333333333, 0.206875, 0.014333333333333333, 0.02175
1 0.8268333333333333, 0.206625, 0.030666666666666665, 0.02175
1 0.8521666666666666, 0.215625, 0.025333333333333333, 0.0315
1 0.4605, 0.208625, 0.032, 0.0245
1 0.5865, 0.210625, 0.021666666666666667, 0.02525
1 0.37316666666666665, 0.212125, 0.041, 0.015
1 0.7931666666666667, 0.211625, 0.024666666666666667, 0.013
1 0.9298333333333333, 0.211875, 0.015666666666666666, 0.0255
1 0.4365, 0.215375, 0.024, 0.0245
1 0.5105, 0.215375, 0.03233333333333333, 0.01575
1 0.6535, 0.215125, 0.021, 0.0205
1 0.9445, 0.215125, 0.035333333333333335, 0.01725
1 0.8098333333333333, 0.217625, 0.025, 0.02875
1 0.39916666666666667, 0.218125, 0.03766666666666667, 0.01625
1 0.8291666666666667, 0.219375, 0.033666666666666664, 0.0275
1 0.5738333333333333, 0.220125, 0.024333333333333332, 0.02175
1 0.3475, 0.221875, 0.042, 0.019
1 0.9448333333333333, 0.225125, 0.021333333333333333, 0.01075
1 0.49166666666666664, 0.226375, 0.024166666666666666, 0.0165
1 0.4578333333333333, 0.229875, 0.043666666666666666, 0.015
1 0.4895, 0.240625, 0.04133333333333333, 0.014
1 0.4585, 0.245, 0.031, 0.033875
1 0.48083333333333333, 0.247625, 0.03, 0.016
1 0.7031666666666667, 0.227875, 0.021, 0.0255
1 0.7021666666666667, 0.247875, 0.019, 0.0245
1 0.6945, 0.263625, 0.028333333333333332, 0.0255
1 0.3535, 0.229375, 0.04133333333333333, 0.019
1 0.4093333333333333, 0.229625, 0.019833333333333335, 0.0135
1 0.3925, 0.231375, 0.022, 0.03125
1 0.9148333333333334, 0.229625, 0.021666666666666667, 0.0325
1 0.5405, 0.230875, 0.034666666666666665, 0.01825
1 0.6905, 0.230625, 0.013666666666666667, 0.03375
1 0.9491666666666667, 0.233125, 0.041, 0.02525
1 0.9355, 0.233375, 0.024666666666666667, 0.03075
1 0.42716666666666664, 0.236125, 0.03233333333333333, 0.01475
1 0.2708333333333333, 0.236875, 0.042, 0.0195
1 0.5955, 0.2363125, 0.02, 0.0158125
1 0.3611666666666667, 0.237125, 0.033666666666666664, 0.017
1 0.4495, 0.238375, 0.028333333333333332, 0.027
1 0.8325, 0.238875, 0.032, 0.0225
1 0.5701666666666667, 0.240125, 0.04033333333333333, 0.0215
1 0.7541666666666667, 0.240875, 0.025, 0.027
1 0.6711666666666667, 0.241375, 0.021, 0.02575
1 0.6255, 0.241625, 0.041, 0.0185
1 0.4105, 0.242375, 0.019666666666666666, 0.02125
1 0.8828333333333334, 0.242125, 0.03666666666666667, 0.025
1 0.7695, 0.243875, 0.03866666666666667, 0.016
1 1.0195, 0.243875, 0.03966666666666667, 0.02925
1 0.8645, 0.245625, 0.017666666666666667, 0.034
1 0.7935, 0.246625, 0.04033333333333333, 0.01825
1 0.5505, 0.247125, 0.035666666666666666, 0.01375
1 0.5465, 0.254875, 0.024333333333333332, 0.0295
1 0.5648333333333333, 0.259375, 0.02266666666666667, 0.028
1 0.5318333333333334, 0.278875, 0.02266666666666667, 0.02725
1 0.5181666666666667, 0.280625, 0.022, 0.024
1 0.5561666666666667, 0.283375, 0.02266666666666667, 0.0205
1 0.5348333333333334, 0.302625, 0.044333333333333336, 0.03625
1 0.5781666666666667, 0.2984375, 0.013666666666666667, 0.0201875
1 0.3355, 0.247875, 0.034333333333333334, 0.02375
1 0.25916666666666666, 0.248625, 0.04, 0.02675
1 0.5081666666666667, 0.249875, 0.029, 0.02075
1 0.42483333333333334, 0.250125, 0.024, 0.0225
1 0.43716666666666665, 0.257125, 0.022333333333333334, 0.0325
1 0.9301666666666667, 0.251625, 0.027333333333333334, 0.028
1 0.36483333333333334, 0.252625, 0.043, 0.022
1 0.8821666666666667, 0.253375, 0.021333333333333333, 0.028
1 0.8335, 0.254625, 0.034, 0.02575
1 0.5885, 0.257625, 0.017333333333333333, 0.03325
1 0.7605, 0.259375, 0.03766666666666667, 0.013
1 0.27216666666666667, 0.260625, 0.044, 0.02275
1 0.31083333333333335, 0.260625, 0.04466666666666667, 0.016
1 0.6325, 0.260625, 0.0345, 0.02225
1 0.6528333333333334, 0.262125, 0.019666666666666666, 0.0435
1 0.6341666666666667, 0.279125, 0.03, 0.033
1 0.8985, 0.261375, 0.028666666666666667, 0.02275
1 0.7155, 0.261875, 0.024, 0.02375
1 0.7185, 0.28575, 0.027666666666666666, 0.012875
1 0.72868, 0.2620625, 0.02882, 0.0234375
1 0.4018333333333333, 0.263375, 0.024666666666666667, 0.0305
1 0.6855, 0.263875, 0.02033333333333333, 0.0333125
1 0.6721666666666667, 0.266875, 0.017, 0.036
1 0.6945, 0.290875, 0.029333333333333333, 0.042
1 0.7021666666666667, 0.310625, 0.02666666666666667, 0.02675
1 0.3715, 0.264875, 0.030333333333333334, 0.028
1 0.9205, 0.265375, 0.029666666666666668, 0.02325
1 0.7708333333333334, 0.266125, 0.036333333333333336, 0.021
1 0.8041666666666667, 0.267375, 0.03833333333333333, 0.0235
1 0.8425, 0.267875, 0.02666666666666667, 0.02775
1 0.9678333333333333, 0.269375, 0.0415, 0.028
1 0.7568333333333334, 0.269625, 0.016666666666666666, 0.02975
1 0.35683333333333334, 0.272375, 0.024333333333333332, 0.02725
1 0.32116666666666666, 0.274125, 0.033666666666666664, 0.02675
1 0.43116666666666664, 0.274125, 0.026, 0.0345
1 0.29383333333333334, 0.275875, 0.041, 0.0195
1 0.4555, 0.275625, 0.020666666666666667, 0.02725
1 0.4691666666666667, 0.276625, 0.019, 0.03025
1 0.24216666666666667, 0.276375, 0.03233333333333333, 0.0375
1 1.0558333333333334, 0.276875, 0.032, 0.0355
1 0.5025, 0.277375, 0.017333333333333333, 0.03175
1 0.3471666666666667, 0.277875, 0.024, 0.03675
1 0.8701666666666666, 0.278625, 0.03133333333333333, 0.02725
1 0.7835, 0.279125, 0.020666666666666667, 0.031
1 0.41983333333333334, 0.279625, 0.019333333333333334, 0.02575
1 0.8055, 0.280375, 0.04133333333333333, 0.019
1 0.8931666666666667, 0.280375, 0.025333333333333333, 0.032
1 0.7435, 0.282875, 0.018, 0.03225
1 0.9175, 0.284125, 0.025333333333333333, 0.029
1 0.37216666666666665, 0.286375, 0.018666666666666668, 0.0315
1 0.3835, 0.293625, 0.04066666666666666, 0.01625
1 0.7528333333333334, 0.288125, 0.03233333333333333, 0.03075
1 0.8668333333333333, 0.288875, 0.034333333333333334, 0.028
1 0.9461666666666667, 0.288875, 0.036333333333333336, 0.028
1 0.2771666666666667, 0.290125, 0.043333333333333335, 0.022
1 0.2658333333333333, 0.309875, 0.03, 0.03175
1 0.21283333333333335, 0.291875, 0.034333333333333334, 0.03025
1 0.8038333333333333, 0.293125, 0.03933333333333333, 0.02675
1 0.3368333333333333, 0.293375, 0.03166666666666667, 0.0335
1 0.5931666666666666, 0.293625, 0.014, 0.035
1 0.7238333333333333, 0.294125, 0.02266666666666667, 0.0275
1 0.49483333333333335, 0.294625, 0.02341333333333333, 0.0343125
1 0.4891666666666667, 0.325625, 0.02033333333333333, 0.032
1 0.5078333333333334, 0.328375, 0.014333333333333333, 0.033
1 0.4855, 0.348875, 0.030333333333333334, 0.031
1 0.6268333333333334, 0.294625, 0.023, 0.0375
1 0.6038333333333333, 0.316375, 0.028666666666666667, 0.03125
1 0.6445, 0.316875, 0.021333333333333333, 0.0345
1 0.6255, 0.325625, 0.015333333333333332, 0.01675
1 0.6278333333333334, 0.333375, 0.019333333333333334, 0.02125
1 0.6211666666666666, 0.351875, 0.034666666666666665, 0.016
1 0.5188333333333334, 0.295375, 0.041666666666666664, 0.02625
1 0.6648333333333334, 0.295375, 0.043, 0.01975
1 0.6491666666666667, 0.312625, 0.046, 0.01525
1 0.8548333333333333, 0.296875, 0.027333333333333334, 0.02825
1 0.30916666666666665, 0.297375, 0.027, 0.02325
1 0.2825, 0.308625, 0.03, 0.02975
1 0.46116666666666667, 0.298625, 0.018333333333333333, 0.03475
1 0.43383333333333335, 0.307625, 0.027666666666666666, 0.02975
1 0.44283333333333336, 0.324875, 0.027, 0.033
1 0.3825, 0.303875, 0.034666666666666665, 0.03425
1 0.7748333333333334, 0.303625, 0.020666666666666667, 0.03325
1 0.4771666666666667, 0.304375, 0.02, 0.0365
1 0.4031666666666667, 0.306375, 0.035, 0.0245
1 0.4071666666666667, 0.309125, 0.03833333333333333, 0.028
1 0.7935, 0.309375, 0.028333333333333332, 0.03375
1 0.8148333333333333, 0.310625, 0.021666666666666667, 0.0375
1 0.7911666666666667, 0.334875, 0.035666666666666666, 0.02425
1 0.8498333333333333, 0.310375, 0.029666666666666668, 0.02325
1 0.5465, 0.312125, 0.035333333333333335, 0.04275
1 0.9325, 0.312625, 0.025666666666666667, 0.03275
1 0.9575, 0.312625, 0.037, 0.02575
1 0.7211666666666666, 0.313125, 0.029333333333333333, 0.03075
1 0.7351666666666666, 0.323375, 0.023666666666666666, 0.0345
1 0.7548333333333334, 0.313875, 0.023333333333333334, 0.0375
1 0.8371666666666666, 0.317375, 0.018333333333333333, 0.03775
1 0.8751666666666666, 0.318375, 0.037333333333333336, 0.02625
1 0.8541666666666666, 0.331375, 0.021333333333333333, 0.01625
1 0.5165, 0.318625, 0.02033333333333333, 0.02825
1 0.5828333333333333, 0.318875, 0.034666666666666665, 0.034
1 0.30383333333333334, 0.322625, 0.034666666666666665, 0.033
1 0.9098333333333334, 0.324125, 0.023666666666666666, 0.03525
1 0.6685, 0.328375, 0.03333333333333333, 0.02375
1 0.6668333333333333, 0.333625, 0.029666666666666668, 0.03
1 0.9615, 0.331625, 0.025333333333333333, 0.03475
1 0.9661666666666666, 0.346875, 0.026, 0.03225
1 0.4651666666666667, 0.333875, 0.022333333333333334, 0.03525
1 0.7678333333333334, 0.333625, 0.024, 0.03175
1 1.0075, 0.335125, 0.024, 0.0395
1 0.3908333333333333, 0.335625, 0.042, 0.02275
1 0.8641666666666666, 0.335625, 0.044, 0.02275
1 0.9438333333333333, 0.336375, 0.019333333333333334, 0.031
1 0.6955, 0.337125, 0.019333333333333334, 0.033
1 0.7145, 0.337375, 0.028333333333333332, 0.02875
1 0.4191666666666667, 0.337625, 0.02666666666666667, 0.029
1 0.5731666666666667, 0.337625, 0.025666666666666667, 0.03
1 0.7451666666666666, 0.339625, 0.022333333333333334, 0.034
1 0.5345, 0.340125, 0.030666666666666665, 0.028
1 0.9905, 0.340125, 0.021, 0.0325
1 0.9598333333333333, 0.365875, 0.03866666666666667, 0.0285
1 0.8798333333333334, 0.359375, 0.032, 0.03525
1 1.0291666666666666, 0.340625, 0.022333333333333334, 0.02925
1 0.4505, 0.341125, 0.016666666666666666, 0.02075
1 0.7901666666666667, 0.344875, 0.023, 0.02575
1 0.7715, 0.362875, 0.036, 0.01925
1 0.7425, 0.364625, 0.03266666666666666, 0.0225
1 0.7551666666666667, 0.383875, 0.016, 0.028
1 0.7381666666666666, 0.387375, 0.018, 0.0355
1 0.7501666666666666, 0.404375, 0.03166666666666667, 0.027
1 0.7291666666666666, 0.409125, 0.019, 0.03225
1 0.7848333333333334, 0.418625, 0.025333333333333333, 0.03325
1 0.7655, 0.448875, 0.030333333333333334, 0.03525
1 0.8268333333333333, 0.345375, 0.029103333333333335, 0.0256875
1 0.9218333333333333, 0.345875, 0.02266666666666667, 0.03225
1 0.9218333333333333, 0.366875, 0.024666666666666667, 0.026
1 0.5621666666666667, 0.346375, 0.028666666666666667, 0.0285
1 0.6291666666666667, 0.346625, 0.044, 0.029
1 0.5175, 0.348375, 0.0295, 0.0340625
1 0.5211666666666667, 0.373625, 0.02033333333333333, 0.03325
1 1.1025, 0.348125, 0.04733333333333333, 0.02075
1 1.0471666666666666, 0.351625, 0.023333333333333334, 0.03525
1 0.8495, 0.352375, 0.04466666666666667, 0.018
1 0.5901666666666666, 0.353625, 0.03166666666666667, 0.0385
1 1.0868333333333333, 0.355875, 0.024, 0.04225
1 0.4498333333333333, 0.357125, 0.02033333333333333, 0.03725
1 0.4355, 0.357625, 0.016666666666666666, 0.029
1 1.0708333333333333, 0.357875, 0.017333333333333333, 0.033
1 0.9405, 0.358375, 0.025, 0.036
1 0.4815, 0.359125, 0.021, 0.0305
1 0.6955, 0.359875, 0.029333333333333333, 0.03375
1 0.37183333333333335, 0.360125, 0.028666666666666667, 0.03375
1 0.7995, 0.360125, 0.025333333333333333, 0.036
1 0.7821666666666667, 0.384875, 0.024666666666666667, 0.03575
1 0.6621666666666667, 0.360875, 0.01633333333333333, 0.0425
1 0.6251666666666666, 0.366875, 0.03983333333333333, 0.0265
1 0.8981666666666667, 0.360875, 0.023333333333333334, 0.0235
1 0.6771666666666667, 0.361625, 0.02, 0.032
1 0.7081666666666667, 0.362625, 0.036333333333333336, 0.03475
1 1.0235, 0.363375, 0.025666666666666667, 0.03275
1 1.1071666666666666, 0.364875, 0.023666666666666666, 0.041
1 0.8395, 0.365125, 0.035666666666666666, 0.02875
1 0.8245, 0.365625, 0.021, 0.03275
1 0.4618333333333333, 0.368625, 0.025, 0.036
1 0.9985, 0.369375, 0.021, 0.039
1 0.4225, 0.370125, 0.024333333333333332, 0.03775
1 0.4025, 0.373125, 0.024333333333333332, 0.02775
1 0.5001666666666666, 0.373625, 0.02266666666666667, 0.03875
1 0.5745, 0.373875, 0.023666666666666666, 0.032
1 1.1288333333333334, 0.374625, 0.02266666666666667, 0.03575
1 0.6425, 0.375625, 0.021666666666666667, 0.03025
1 0.6038333333333333, 0.380625, 0.043, 0.02825
1 0.7715, 0.376125, 0.027666666666666666, 0.02775
1 0.8035, 0.377625, 0.025333333333333333, 0.04025
1 0.7181666666666666, 0.378375, 0.02666666666666667, 0.0315
1 1.0111666666666668, 0.380875, 0.025666666666666667, 0.0325
1 0.8968333333333334, 0.381125, 0.024666666666666667, 0.03775
1 1.2305, 0.381125, 0.05333333333333334, 0.01775
1 0.9838333333333333, 0.381625, 0.019666666666666666, 0.03525
1 0.9658333333333333, 0.389875, 0.019, 0.033
1 0.9121666666666667, 0.386125, 0.022, 0.04075
1 1.0541666666666667, 0.387375, 0.04833333333333333, 0.028
1 0.3885, 0.387875, 0.022333333333333334, 0.03975
1 0.47883333333333333, 0.389625, 0.031, 0.032
1 1.0375, 0.391375, 0.04, 0.03
1 0.35583333333333333, 0.393875, 0.03233333333333333, 0.0355
1 0.6805, 0.394125, 0.034333333333333334, 0.02575
1 0.9255, 0.393875, 0.025666666666666667, 0.03925
1 0.9491666666666667, 0.394125, 0.017333333333333333, 0.03775
1 0.5631666666666667, 0.394875, 0.037, 0.0355
1 0.5488333333333333, 0.404875, 0.044333333333333336, 0.03
1 0.8188333333333333, 0.395125, 0.027, 0.017
1 0.8408333333333333, 0.396375, 0.030333333333333334, 0.04025
1 0.8511666666666666, 0.430375, 0.027, 0.03025
1 0.6708333333333333, 0.397625, 0.03133333333333333, 0.02525
1 0.6771666666666667, 0.415625, 0.035666666666666666, 0.02575
1 0.5998333333333333, 0.399375, 0.041, 0.02525
1 0.8791666666666667, 0.399875, 0.030333333333333334, 0.03275
1 0.45616666666666666, 0.401375, 0.036, 0.02725
1 0.3428333333333333, 0.401625, 0.023666666666666666, 0.0305
1 0.6401666666666667, 0.402125, 0.022333333333333334, 0.0425
1 0.7105, 0.404375, 0.019333333333333334, 0.02925
1 0.6621666666666667, 0.406125, 0.019333333333333334, 0.03825
1 0.4115, 0.407125, 0.053, 0.02675
1 0.5148333333333334, 0.410625, 0.018666666666666668, 0.0325
1 0.5978333333333333, 0.411625, 0.045, 0.02675
1 0.8061666666666667, 0.413125, 0.016666666666666666, 0.02575
1 0.8721666666666666, 0.413375, 0.029666666666666668, 0.03075
1 0.8201666666666667, 0.415375, 0.02266666666666667, 0.03375
1 0.8401666666666666, 0.415625, 0.021333333333333333, 0.04025
1 0.9045, 0.419375, 0.017, 0.021
1 0.5405, 0.419625, 0.043666666666666666, 0.0255
1 1.1535, 0.423875, 0.05533333333333333, 0.02275
1 0.7228333333333333, 0.423375, 0.016, 0.03725
1 0.5328333333333334, 0.426125, 0.034666666666666665, 0.02575
1 0.7361666666666666, 0.426625, 0.037, 0.02675
1 0.49016666666666664, 0.427875, 0.023333333333333334, 0.03525
1 0.4061666666666667, 0.431375, 0.036, 0.032
1 0.5871666666666666, 0.432125, 0.021666666666666667, 0.0395
1 0.7058333333333333, 0.433375, 0.018, 0.033
1 1.1218333333333332, 0.434125, 0.03133333333333333, 0.04025
1 0.6175, 0.435875, 0.03133333333333333, 0.027
1 0.7525, 0.435625, 0.029, 0.035
1 0.5638333333333333, 0.437375, 0.025666666666666667, 0.03275
1 0.43083333333333335, 0.437875, 0.023333333333333334, 0.033
1 0.5045, 0.437875, 0.025, 0.033
1 0.6071666666666666, 0.438375, 0.024333333333333332, 0.03325
1 0.9235, 0.438375, 0.029333333333333333, 0.016
1 0.6508333333333334, 0.442875, 0.03166666666666667, 0.0405
1 0.8681666666666666, 0.442875, 0.036333333333333336, 0.03
1 0.6735, 0.444375, 0.015666666666666666, 0.0345
1 0.7961666666666667, 0.446875, 0.027, 0.0235
1 0.3431666666666667, 0.447125, 0.023666666666666666, 0.039
1 0.8248333333333333, 0.449375, 0.02033333333333333, 0.02175
1 0.5241666666666667, 0.449875, 0.046, 0.0185
1 0.2225, 0.450875, 0.03666666666666667, 0.03725
1 0.9641666666666666, 0.452125, 0.026333333333333334, 0.037
1 0.7348333333333333, 0.453125, 0.018666666666666668, 0.0175
1 0.9471666666666667, 0.453125, 0.022, 0.0335
1 0.2855, 0.453875, 0.027666666666666666, 0.037
1 0.4615, 0.453625, 0.033, 0.0135
1 0.44716666666666666, 0.457625, 0.042333333333333334, 0.0205
1 1.1735, 0.454625, 0.037, 0.036
1 0.5681666666666667, 0.458625, 0.020666666666666667, 0.0225
1 0.3305, 0.459125, 0.013333333333333334, 0.03225
1 0.8375, 0.459375, 0.022, 0.0385
1 0.4048333333333333, 0.459875, 0.025666666666666667, 0.03925
1 0.6885, 0.459875, 0.017, 0.023
1 0.8761666666666666, 0.459875, 0.031, 0.026
1 0.3115, 0.460375, 0.02, 0.029
1 0.3561666666666667, 0.460125, 0.026333333333333334, 0.03075
1 0.6215, 0.460125, 0.03666666666666667, 0.0185
1 0.9895, 0.460875, 0.017333333333333333, 0.036
1 0.9988333333333334, 0.478625, 0.018666666666666668, 0.02825
1 0.3815, 0.462375, 0.03266666666666666, 0.034
1 0.7168333333333333, 0.462125, 0.021333333333333333, 0.04225
1 0.9255, 0.462375, 0.020666666666666667, 0.04025
1 0.7768333333333334, 0.462625, 0.029666666666666668, 0.038
1 0.5161666666666667, 0.463375, 0.043833333333333335, 0.0165
1 0.5501666666666667, 0.470125, 0.017333333333333333, 0.03725
1 0.5135, 0.475625, 0.04033333333333333, 0.0295
1 0.49116666666666664, 0.464625, 0.021, 0.0375
1 0.6978333333333333, 0.464625, 0.019666666666666666, 0.03125
1 0.8565, 0.466875, 0.018, 0.0305
1 0.21283333333333335, 0.467125, 0.036333333333333336, 0.03375
1 0.8911666666666667, 0.467375, 0.026, 0.03
1 0.1245, 0.467625, 0.042333333333333334, 0.02025
1 0.15016666666666667, 0.467625, 0.041, 0.02275
1 0.25816666666666666, 0.468125, 0.034, 0.02825
1 0.4211666666666667, 0.468875, 0.026333333333333334, 0.032
1 0.5885, 0.469125, 0.048666666666666664, 0.0215
1 0.5691666666666667, 0.478125, 0.04833333333333333, 0.02125
1 0.6008333333333333, 0.490625, 0.036, 0.0215
1 0.7378333333333333, 0.469375, 0.014, 0.02925
1 1.0078333333333334, 0.470375, 0.04, 0.01625
1 1.1045, 0.470125, 0.02666666666666667, 0.03825
1 0.7505, 0.470625, 0.027333333333333334, 0.038
1 0.6468333333333334, 0.472375, 0.028, 0.035
1 0.6375, 0.47775, 0.027, 0.032625
1 0.46016666666666667, 0.473125, 0.034, 0.03025
1 0.8055, 0.475375, 0.027333333333333334, 0.037
1 0.8958333333333334, 0.476125, 0.03233333333333333, 0.03125
1 1.0645, 0.477125, 0.025333333333333333, 0.047
1 1.0805, 0.477125, 0.026, 0.03925
1 0.0535, 0.478625, 0.049, 0.03
1 0.0415, 0.498625, 0.037333333333333336, 0.02825
1 1.1551666666666667, 0.478375, 0.02666666666666667, 0.03725
1 0.1065, 0.492625, 0.020666666666666667, 0.03725
1 1.0288333333333333, 0.479375, 0.028666666666666667, 0.0265
1 0.19183333333333333, 0.481625, 0.03, 0.03875
1 0.6741666666666667, 0.483625, 0.04133333333333333, 0.0225
1 0.17116666666666666, 0.483875, 0.02266666666666667, 0.0415
1 0.8235, 0.483875, 0.034666666666666665, 0.02825
1 0.14983333333333335, 0.484875, 0.027666666666666666, 0.0435
1 0.9541666666666667, 0.485875, 0.038, 0.03425
1 0.9341666666666667, 0.486375, 0.028666666666666667, 0.03575
1 1.0435, 0.486875, 0.024666666666666667, 0.02825
1 0.5041666666666667, 0.487375, 0.025333333333333333, 0.04025
1 0.5641666666666667, 0.488625, 0.017666666666666667, 0.0275
1 0.5748333333333333, 0.489125, 0.037333333333333336, 0.03325
1 0.5195, 0.489375, 0.029666666666666668, 0.0395
1 0.13283333333333333, 0.489625, 0.027333333333333334, 0.04
1 0.9968333333333333, 0.494375, 0.03266666666666666, 0.035
1 0.6275, 0.497375, 0.029, 0.03275
1 0.9725, 0.498875, 0.03266666666666666, 0.02875
1 0.4231666666666667, 0.499125, 0.027666666666666666, 0.03675
1 0.6701666666666667, 0.500875, 0.027, 0.02
1 0.6851666666666667, 0.501875, 0.04066666666666666, 0.0165
1 0.48483333333333334, 0.503125, 0.025333333333333333, 0.03775
1 0.46216666666666667, 0.504125, 0.0305, 0.0385
1 1.0231666666666666, 0.505625, 0.021666666666666667, 0.02025
1 0.29183333333333333, 0.510125, 0.05533333333333333, 0.0195
1 0.4475, 0.509875, 0.029666666666666668, 0.01475
1 0.6135, 0.510625, 0.037333333333333336, 0.02725
1 0.2015, 0.511875, 0.044333333333333336, 0.0255
1 0.4098333333333333, 0.514875, 0.025666666666666667, 0.0345
1 0.7698333333333334, 0.528375, 0.056, 0.0265
1 0.35083333333333333, 0.553625, 0.028333333333333332, 0.04225
1 0.7405, 0.581375, 0.035333333333333335, 0.02175
1 0.08633333333333333, 0.4918125, 0.027253333333333334, 0.036
1 0.07733000000000001, 0.4830625, 0.03909, 0.034375
1 0.12383666666666666, 0.4780625, 0.02733666666666667, 0.0418425
1 0.20734666666666665, 0.481375, 0.04400333333333333, 0.032375
1 0.7711666666666667, 0.419125, 0.02033333333333333, 0.03275
1 0.8397566666666667, 0.187375, 0.03496333333333333, 0.018969999999999997
1 0.8194233333333333, 0.165345, 0.025503333333333336, 0.024435
1 0.7631833333333334, 0.1879375, 0.052673333333333336, 0.0181875
1 0.87627, 0.2155625, 0.021670000000000002, 0.031375
1 0.8740066666666667, 0.196, 0.02463, 0.02925
1 0.6949299999999999, 0.4418125, 0.012583333333333334, 0.019125
1 0.6830066666666667, 0.4368125, 0.014960000000000001, 0.0226575
1 0.8496866666666667, 0.3725625, 0.03342, 0.0310625
1 0.8689033333333334, 0.3826475, 0.03651666666666666, 0.0297275
1 0.88785, 0.3413125, 0.030170000000000002, 0.0204375
1 0.83301, 0.286375, 0.025920000000000002, 0.033125
1 0.7999233333333333, 0.2531875, 0.035089999999999996, 0.0342175
1 0.60743, 0.2891875, 0.02042, 0.0351875
1 0.57768, 0.26690499999999995, 0.02125, 0.0414075
1 0.6040966666666666, 0.264375, 0.018253333333333333, 0.0363125
1 0.6193000000000001, 0.2679375, 0.015799999999999998, 0.0334375
1 0.6071799999999999, 0.2575, 0.052173333333333335, 0.01425
1 0.59521, 0.2039375, 0.02942, 0.0302825
1 0.60684, 0.2308125, 0.026753333333333334, 0.0285625
1 0.43766666666666665, 0.4910625, 0.05475666666666667, 0.021125
1 0.44725, 0.4765625, 0.035006666666666665, 0.02075
1 0.47874666666666665, 0.2639375, 0.02542, 0.0411875
1 0.5301633333333333, 0.2480625, 0.022170000000000002, 0.032625
1 0.49183666666666664, 0.2633125, 0.03767333333333333, 0.0174375
1 0.63227, 0.1763125, 0.030253333333333333, 0.0271875
1 0.52701, 0.22975, 0.017419999999999998, 0.0081875
1 0.5289233333333333, 0.21203, 0.020626666666666668, 0.0256575
1 0.538, 0.3689375, 0.034, 0.04475
1 0.5427066666666667, 0.363595, 0.03521, 0.03178
