1 0.6746162280701754, 0.30441337719298245, 0.01069078947368421, 0.023391812865497075
1 0.040661549707602336, 0.3463541666666667, 0.009046052631578948, 0.009685672514619883
1 0.8423793859649122, 0.4135142543859649, 0.011513157894736841, 0.012244152046783625
1 0.7161001461988304, 0.4359923245614035, 0.011787280701754386, 0.0062134502923976605
1 0.6980080409356725, 0.44037828947368424, 0.011787280701754386, 0.015350877192982455
1 0.7064144736842105, 0.4516173245614035, 0.008771929824561403, 0.01206140350877193
1 0.7526498538011696, 0.4409265350877193, 0.008771929824561403, 0.01425438596491228
1 0.721765350877193, 0.44503837719298245, 0.018092105263157895, 0.00712719298245614
1 0.7586805555555556, 0.4527138157894737, 0.023848684210526317, 0.010416666666666666
1 0.19069809941520469, 0.45682565789473684, 0.007675438596491228, 0.005847953216374269
1 0.2833516081871345, 0.47628837719298245, 0.01699561403508772, 0.00804093567251462
1 0.17132675438596492, 0.4779331140350877, 0.01425438596491228, 0.005482456140350877
1 0.057291666666666664, 0.4809484649122807, 0.015625, 0.011330409356725146
1 0.15542763157894737, 0.48807565789473684, 0.013157894736842105, 0.010051169590643274
1 0.04285453216374269, 0.49438048245614036, 0.014802631578947368, 0.012609649122807017
1 0.15122441520467836, 0.5069901315789473, 0.015899122807017545, 0.009502923976608187
1 0.07958698830409357, 0.5113760964912281, 0.01206140350877193, 0.008406432748538011
1 0.15981359649122806, 0.5116502192982456, 0.015350877192982455, 0.007309941520467836
1 0.7080592105263158, 0.5149396929824561, 0.015899122807017545, 0.007492690058479532
1 0.9560489766081871, 0.5160361842105263, 0.02138157894736842, 0.02010233918128655
1 0.9598866959064327, 0.5333059210526315, 0.01918859649122807, 0.02101608187134503
1 0.9675621345029239, 0.5171326754385965, 0.01425438596491228, 0.01827485380116959
1 0.051443713450292396, 0.5174067982456141, 0.01836622807017544, 0.008954678362573099
1 0.7891995614035088, 0.5231633771929824, 0.014802631578947368, 0.021564327485380116
1 0.8063779239766082, 0.5259046052631579, 0.022203947368421052, 0.011330409356725146
1 0.9375913742690059, 0.5302905701754386, 0.021655701754385966, 0.015533625730994151
1 0.9361293859649122, 0.5365953947368421, 0.02549342105263158, 0.01699561403508772
1 0.9182200292397661, 0.5311129385964912, 0.024945175438596492, 0.023574561403508772
1 0.9019554093567251, 0.5338541666666666, 0.020285087719298246, 0.020650584795321638
1 0.9167580409356725, 0.5368695175438597, 0.023848684210526317, 0.018457602339181287
1 0.8824013157894737, 0.5393366228070176, 0.021107456140350877, 0.01882309941520468
1 0.8983004385964912, 0.5587993421052632, 0.012883771929824562, 0.014802631578947368
1 0.903234649122807, 0.5705866228070176, 0.02275219298245614, 0.0222953216374269
1 0.9536732456140351, 0.5390625, 0.023300438596491228, 0.008771929824561403
1 0.9015899122807017, 0.5418037280701754, 0.019736842105263157, 0.018457602339181287
1 0.8953764619883041, 0.5431743421052632, 0.020285087719298246, 0.02138157894736842
1 0.9121893274853801, 0.5629111842105263, 0.015076754385964912, 0.019371345029239765
1 0.8368969298245614, 0.5442708333333334, 0.01644736842105263, 0.02284356725146199
1 0.38806652046783624, 0.5464638157894737, 0.009868421052631578, 0.01663011695906433
1 0.769828216374269, 0.5467379385964912, 0.026589912280701754, 0.017909356725146198
1 0.3628472222222222, 0.5467379385964912, 0.011513157894736841, 0.011878654970760233
1 0.3626644736842105, 0.5527686403508771, 0.013980263157894737, 0.01644736842105263
1 0.3500548245614035, 0.5552357456140351, 0.018092105263157895, 0.012609649122807017
1 0.734375, 0.5470120614035088, 0.023026315789473683, 0.011330409356725146
1 0.8734466374269005, 0.5470120614035088, 0.024671052631578948, 0.01608187134502924
1 0.1978252923976608, 0.5472861842105263, 0.010416666666666666, 0.017178362573099414
1 0.22249634502923976, 0.5478344298245614, 0.01699561403508772, 0.021929824561403508
1 0.29906798245614036, 0.5478344298245614, 0.011513157894736841, 0.012244152046783625
1 0.34713084795321636, 0.5489309210526315, 0.020285087719298246, 0.015533625730994151
1 0.884046052631579, 0.5500274122807017, 0.024671052631578948, 0.015899122807017545
1 0.29175804093567254, 0.5503015350877193, 0.024671052631578948, 0.009137426900584795
1 0.28207236842105265, 0.5538651315789473, 0.020285087719298246, 0.010051169590643274
1 0.2796966374269006, 0.573327850877193, 0.01644736842105263, 0.01425438596491228
1 0.2795138888888889, 0.5823739035087719, 0.01781798245614035, 0.010964912280701754
1 0.33671418128654973, 0.5519462719298246, 0.01918859649122807, 0.010964912280701754
1 0.25082236842105265, 0.5519462719298246, 0.014802631578947368, 0.012609649122807017
1 0.8314144736842105, 0.5519462719298246, 0.023026315789473683, 0.019554093567251463
1 0.27695540935672514, 0.5533168859649122, 0.010142543859649123, 0.008771929824561403
1 0.32282529239766083, 0.5533168859649122, 0.01699561403508772, 0.009868421052631578
1 0.6612755847953217, 0.5535910087719298, 0.01343201754385965, 0.02101608187134503
1 0.8434758771929824, 0.5533168859649122, 0.017269736842105265, 0.012792397660818713
1 0.2307200292397661, 0.5541392543859649, 0.009868421052631578, 0.018092105263157895
1 0.23199926900584794, 0.5631853070175439, 0.011513157894736841, 0.014619883040935672
1 0.22779605263157895, 0.5689418859649122, 0.010416666666666666, 0.01608187134502924
1 0.21408991228070176, 0.5546875, 0.01864035087719298, 0.009868421052631578
1 0.3805738304093567, 0.5557839912280702, 0.020285087719298246, 0.007858187134502924
1 0.3898940058479532, 0.5555098684210527, 0.016721491228070175, 0.02284356725146199
1 0.7489948830409356, 0.5557839912280702, 0.02768640350877193, 0.013706140350877192
1 0.9207785087719298, 0.5555098684210527, 0.021655701754385966, 0.021198830409356724
1 0.15652412280701755, 0.5563322368421053, 0.01617324561403509, 0.01918859649122807
1 0.1991045321637427, 0.557702850877193, 0.01343201754385965, 0.01425438596491228
1 0.1991045321637427, 0.5703125, 0.021107456140350877, 0.008589181286549707
1 0.9357638888888888, 0.5561951754385965, 0.0190515350877193, 0.017543859649122806
1 0.17516447368421054, 0.557702850877193, 0.01343201754385965, 0.008589181286549707
1 0.30802266081871343, 0.557702850877193, 0.01836622807017544, 0.008406432748538011
1 0.8283077485380117, 0.557702850877193, 0.01918859649122807, 0.01608187134502924
1 0.29925073099415206, 0.5582510964912281, 0.019736842105263157, 0.01114766081871345
1 0.7599597953216374, 0.5593475877192983, 0.01864035087719298, 0.009685672514619883
1 0.3736293859649123, 0.5596217105263158, 0.026041666666666668, 0.010416666666666666
1 0.37070540935672514, 0.5837445175438597, 0.01206140350877193, 0.01516812865497076
1 0.3802083333333333, 0.5908717105263158, 0.010964912280701754, 0.00712719298245614
1 0.3725328947368421, 0.5952576754385965, 0.013706140350877192, 0.009685672514619883
1 0.3800255847953216, 0.6018366228070176, 0.010142543859649123, 0.004751461988304093
1 0.3630299707602339, 0.6026589912280702, 0.014528508771929825, 0.017543859649122806
1 0.35791301169590645, 0.6099232456140351, 0.013843201754385965, 0.018092105263157895
1 0.3802083333333333, 0.6117050438596491, 0.010142543859649123, 0.012975146198830409
1 0.38824926900584794, 0.5596217105263158, 0.01918859649122807, 0.008771929824561403
1 0.3325109649122807, 0.5601699561403509, 0.019462719298245616, 0.008771929824561403
1 0.24643640350877194, 0.5607182017543859, 0.023574561403508772, 0.010051169590643274
1 0.6853983918128655, 0.5604440789473685, 0.012883771929824562, 0.012609649122807017
1 0.8186220760233918, 0.5618146929824561, 0.021929824561403508, 0.020285087719298246
1 0.4136513157894737, 0.5620888157894737, 0.015350877192982455, 0.008954678362573099
1 0.8111293859649122, 0.5623629385964912, 0.018914473684210526, 0.012426900584795321
1 0.4396016081871345, 0.5629111842105263, 0.01644736842105263, 0.009137426900584795
1 0.4450840643274854, 0.5662006578947368, 0.015899122807017545, 0.007675438596491228
1 0.2745796783625731, 0.5634594298245614, 0.020285087719298246, 0.009137426900584795
1 0.31186038011695905, 0.5631853070175439, 0.023574561403508772, 0.010964912280701754
1 0.4226059941520468, 0.5631853070175439, 0.018092105263157895, 0.007675438596491228
1 0.6691337719298246, 0.5634594298245614, 0.025767543859649123, 0.01206140350877193
1 0.1669407894736842, 0.5640076754385965, 0.017543859649122806, 0.008223684210526315
1 0.6408077485380117, 0.563733552631579, 0.014802631578947368, 0.011878654970760233
1 0.696546052631579, 0.5640076754385965, 0.025219298245614034, 0.006578947368421052
1 0.6605445906432749, 0.5645559210526315, 0.011513157894736841, 0.01206140350877193
1 0.35699926900584794, 0.5651041666666666, 0.011239035087719298, 0.017726608187134504
1 0.3462171052631579, 0.5711348684210527, 0.02823464912280702, 0.010782163742690058
1 0.35352704678362573, 0.5746984649122807, 0.0200109649122807, 0.009685672514619883
1 0.3639437134502924, 0.5757949561403509, 0.010416666666666666, 0.011695906432748537
1 0.3548062865497076, 0.5878563596491229, 0.021655701754385966, 0.007675438596491228
1 0.707328216374269, 0.5648300438596491, 0.017269736842105265, 0.012244152046783625
1 0.25411184210526316, 0.5656524122807017, 0.022478070175438597, 0.013523391812865496
1 0.4288194444444444, 0.5656524122807017, 0.021107456140350877, 0.010051169590643274
1 0.6822916666666666, 0.5667489035087719, 0.013569078947368422, 0.014391447368421052
1 0.6790021929824561, 0.5703125, 0.009868421052631578, 0.014071637426900584
1 0.7171966374269005, 0.5667489035087719, 0.021107456140350877, 0.010416666666666666
1 0.20732821637426901, 0.567297149122807, 0.021929824561403508, 0.006578947368421052
1 0.13294956140350878, 0.5675712719298246, 0.018092105263157895, 0.022478070175438597
1 0.31953581871345027, 0.5683936403508771, 0.014802631578947368, 0.006944444444444444
1 0.7623355263157895, 0.5689418859649122, 0.021929824561403508, 0.012792397660818713
1 0.19051535087719298, 0.5700383771929824, 0.022203947368421052, 0.007675438596491228
1 0.3352521929824561, 0.5708607456140351, 0.023574561403508772, 0.01516812865497076
1 0.5627741228070176, 0.5708607456140351, 0.018914473684210526, 0.013523391812865496
1 0.55765716374269, 0.5727796052631579, 0.016721491228070175, 0.009685672514619883
1 0.5856176900584795, 0.5711348684210527, 0.020285087719298246, 0.014437134502923976
1 0.3272112573099415, 0.5714089912280702, 0.018914473684210526, 0.01023391812865497
1 0.15579312865497075, 0.5719572368421053, 0.023300438596491228, 0.010782163742690058
1 0.18009868421052633, 0.5727796052631579, 0.01781798245614035, 0.009868421052631578
1 0.1629203216374269, 0.5815515350877193, 0.01864035087719298, 0.010416666666666666
1 0.1857638888888889, 0.5914199561403509, 0.01425438596491228, 0.009868421052631578
1 0.1684027777777778, 0.5936129385964912, 0.011787280701754386, 0.017178362573099414
1 0.18432383040935674, 0.5961842105263159, 0.016343201754385965, 0.00875
1 0.180281432748538, 0.6033086622807017, 0.024295504385964912, 0.010051169590643274
1 0.1766264619883041, 0.6054002192982456, 0.011787280701754386, 0.00402046783625731
1 0.40195540935672514, 0.5727796052631579, 0.015350877192982455, 0.014071637426900584
1 0.4147478070175439, 0.5763432017543859, 0.020833333333333332, 0.011513157894736841
1 0.40981359649122806, 0.5815515350877193, 0.023026315789473683, 0.006944444444444444
1 0.39574195906432746, 0.5831962719298246, 0.015625, 0.012975146198830409
1 0.3965643274853801, 0.5955317982456141, 0.023026315789473683, 0.010325292397660819
1 0.4045138888888889, 0.5977247807017544, 0.00849780701754386, 0.007309941520467836
1 0.4079861111111111, 0.604577850877193, 0.013706140350877192, 0.009502923976608187
1 0.3860562865497076, 0.6117050438596491, 0.01836622807017544, 0.018457602339181287
1 0.6550621345029239, 0.5727796052631579, 0.013157894736842105, 0.020650584795321638
1 0.9187682748538012, 0.5727796052631579, 0.024671052631578948, 0.017178362573099414
1 0.211531432748538, 0.573327850877193, 0.02055921052631579, 0.009502923976608187
1 0.21938961988304093, 0.5853892543859649, 0.02055921052631579, 0.008771929824561403
1 0.1941703216374269, 0.5892269736842105, 0.015625, 0.014345760233918129
1 0.20531798245614036, 0.5912828947368421, 0.016036184210526317, 0.006578947368421052
1 0.21080043859649122, 0.5933388157894737, 0.012335526315789474, 0.00932017543859649
1 0.1964546783625731, 0.6007401315789473, 0.021655701754385966, 0.008315058479532164
1 0.20230263157894737, 0.6021107456140351, 0.011239035087719298, 0.0201937134502924
1 0.19069809941520469, 0.6067708333333334, 0.02412280701754386, 0.007309941520467836
1 0.1810124269005848, 0.6276041666666666, 0.0381030701754386, 0.010964912280701754
1 0.436312134502924, 0.5736019736842105, 0.018914473684210526, 0.01114766081871345
1 0.26836622807017546, 0.5741502192982456, 0.01836622807017544, 0.010782163742690058
1 0.6223501461988304, 0.5741502192982456, 0.026589912280701754, 0.011330409356725146
1 0.8878837719298246, 0.5741502192982456, 0.02055921052631579, 0.02046783625730994
1 0.14775219298245615, 0.5746984649122807, 0.015899122807017545, 0.009502923976608187
1 0.8975694444444444, 0.5755208333333334, 0.025219298245614034, 0.02138157894736842
1 0.3041849415204678, 0.5757949561403509, 0.021655701754385966, 0.007492690058479532
1 0.296875, 0.5916940789473685, 0.011239035087719298, 0.008771929824561403
1 0.2921235380116959, 0.6018366228070176, 0.026041666666666668, 0.006761695906432748
1 0.5216557017543859, 0.5757949561403509, 0.022203947368421052, 0.00932017543859649
1 0.38422880116959063, 0.5766173245614035, 0.01343201754385965, 0.01516812865497076
1 0.45202850877192985, 0.5766173245614035, 0.02631578947368421, 0.014985380116959063
1 0.4465460526315789, 0.5771655701754386, 0.024945175438596492, 0.009868421052631578
1 0.4458150584795322, 0.6022478070175439, 0.014665570175438597, 0.008954678362573099
1 0.44745979532163743, 0.610608552631579, 0.025219298245614034, 0.010599415204678362
1 0.43704312865497075, 0.6319901315789473, 0.01836622807017544, 0.005299707602339181
1 0.4485562865497076, 0.6322642543859649, 0.011239035087719298, 0.006030701754385965
1 0.44161184210526316, 0.6399396929824561, 0.027412280701754384, 0.008589181286549707
1 0.5280519005847953, 0.5763432017543859, 0.015625, 0.009685672514619883
1 0.8421966374269005, 0.5763432017543859, 0.024671052631578948, 0.021198830409356724
1 0.8602887426900585, 0.5777138157894737, 0.021929824561403508, 0.017543859649122806
1 0.5125182748538012, 0.5790844298245614, 0.01343201754385965, 0.011513157894736841
1 0.6327668128654971, 0.579358552631579, 0.019736842105263157, 0.009685672514619883
1 0.1366045321637427, 0.5796326754385965, 0.01864035087719298, 0.015716374269005847
1 0.13404605263157895, 0.5886787280701754, 0.01781798245614035, 0.010051169590643274
1 0.22615131578947367, 0.5831962719298246, 0.024945175438596492, 0.014071637426900584
1 0.5768457602339181, 0.5794956140350878, 0.023711622807017545, 0.009685672514619883
1 0.36175073099415206, 0.5804550438596491, 0.023026315789473683, 0.009868421052631578
1 0.6821089181286549, 0.5804550438596491, 0.017543859649122806, 0.020285087719298246
1 0.7058662280701754, 0.5801809210526315, 0.015899122807017545, 0.019005847953216373
1 0.8175255847953217, 0.5810032894736842, 0.017269736842105265, 0.012975146198830409
1 0.30875365497076024, 0.5815515350877193, 0.016721491228070175, 0.01864035087719298
1 0.31277412280701755, 0.5908717105263158, 0.02768640350877193, 0.008589181286549707
1 0.5379203216374269, 0.5812774122807017, 0.01343201754385965, 0.010051169590643274
1 0.5002741228070176, 0.5818256578947368, 0.01864035087719298, 0.02046783625730994
1 0.11430921052631579, 0.5823739035087719, 0.01864035087719298, 0.010599415204678362
1 0.5989583333333334, 0.5826480263157895, 0.012609649122807017, 0.013157894736842105
1 0.609375, 0.5851151315789473, 0.02275219298245614, 0.010051169590643274
1 0.6013340643274854, 0.5873081140350878, 0.01836622807017544, 0.008223684210526315
1 0.5942068713450293, 0.5963541666666666, 0.014528508771929825, 0.012244152046783625
1 0.45933845029239767, 0.582922149122807, 0.015625, 0.015350877192982455
1 0.242781432748538, 0.5842927631578947, 0.019462719298245616, 0.015899122807017545
1 0.22998903508771928, 0.6021107456140351, 0.01206140350877193, 0.01644736842105263
1 0.41895102339181284, 0.5842927631578947, 0.023026315789473683, 0.011695906432748537
1 0.4255299707602339, 0.5897752192982456, 0.030975877192982455, 0.00712719298245614
1 0.41584429824561403, 0.6021107456140351, 0.027412280701754384, 0.010599415204678362
1 0.4209612573099415, 0.6163651315789473, 0.027412280701754384, 0.011878654970760233
1 0.41694078947368424, 0.6193804824561403, 0.01617324561403509, 0.004934210526315789
1 0.42351973684210525, 0.641858552631579, 0.012335526315789474, 0.011878654970760233
1 0.4353983918128655, 0.6522752192982456, 0.022203947368421052, 0.008406432748538011
1 0.8884320175438597, 0.5840186403508771, 0.024396929824561403, 0.021198830409356724
1 0.8728983918128655, 0.6012883771929824, 0.023026315789473683, 0.01644736842105263
1 0.9059758771929824, 0.6023848684210527, 0.029605263157894735, 0.012792397660818713
1 0.893000730994152, 0.6070449561403509, 0.01864035087719298, 0.015899122807017545
1 0.8874269005847953, 0.6111567982456141, 0.01617324561403509, 0.009228801169590644
1 0.5530884502923976, 0.5848410087719298, 0.020285087719298246, 0.00804093567251462
1 0.8809393274853801, 0.5851151315789473, 0.021929824561403508, 0.01918859649122807
1 0.12362938596491228, 0.5859375, 0.019736842105263157, 0.009685672514619883
1 0.32209429824561403, 0.5859375, 0.02275219298245614, 0.013523391812865496
1 0.3208150584795322, 0.5969024122807017, 0.02275219298245614, 0.00804093567251462
1 0.7996162280701754, 0.5856633771929824, 0.0200109649122807, 0.015716374269005847
1 0.43265716374269003, 0.5862116228070176, 0.024671052631578948, 0.006944444444444444
1 0.43265716374269003, 0.6108826754385965, 0.02055921052631579, 0.009137426900584795
1 0.5408442982456141, 0.5867598684210527, 0.010964912280701754, 0.014071637426900584
1 0.5609466374269005, 0.5862116228070176, 0.01781798245614035, 0.015716374269005847
1 0.25922880116959063, 0.5875822368421053, 0.02549342105263158, 0.007858187134502924
1 0.46829312865497075, 0.5881304824561403, 0.021929824561403508, 0.013523391812865496
1 0.3873355263157895, 0.5881304824561403, 0.021929824561403508, 0.011878654970760233
1 0.38532529239766083, 0.5999177631578947, 0.015076754385964912, 0.01114766081871345
1 0.47834429824561403, 0.5884046052631579, 0.019736842105263157, 0.011695906432748537
1 0.48620248538011696, 0.5892269736842105, 0.02631578947368421, 0.011330409356725146
1 0.5859831871345029, 0.588952850877193, 0.007675438596491228, 0.009685672514619883
1 0.26672149122807015, 0.5897752192982456, 0.02138157894736842, 0.006578947368421052
1 0.6395285087719298, 0.5905975877192983, 0.015076754385964912, 0.020833333333333332
1 0.7535635964912281, 0.5905975877192983, 0.023026315789473683, 0.02138157894736842
1 0.08982090643274854, 0.5905975877192983, 0.0268640350877193, 0.018457602339181287
1 0.4388706140350877, 0.5908717105263158, 0.024671052631578948, 0.00932017543859649
1 0.45860745614035087, 0.5908717105263158, 0.01836622807017544, 0.013706140350877192
1 0.45495248538011696, 0.6037554824561403, 0.02275219298245614, 0.00932017543859649
1 0.7118969298245614, 0.5908717105263158, 0.021929824561403508, 0.0133406432748538
1 0.7051352339181286, 0.5916940789473685, 0.024671052631578948, 0.011878654970760233
1 0.5211074561403509, 0.5914199561403509, 0.0200109649122807, 0.013157894736842105
1 0.27165570175438597, 0.592516447368421, 0.024671052631578948, 0.008954678362573099
1 0.2745796783625731, 0.5960800438596491, 0.025219298245614034, 0.015533625730994151
1 0.27640716374269003, 0.614172149122807, 0.022203947368421052, 0.007858187134502924
1 0.26818347953216376, 0.6169133771929824, 0.014528508771929825, 0.007492690058479532
1 0.2786001461988304, 0.6278782894736842, 0.0200109649122807, 0.01663011695906433
1 0.2831688596491228, 0.6367872807017544, 0.008360745614035088, 0.011513157894736841
1 0.27165570175438597, 0.6456962719298246, 0.01781798245614035, 0.019005847953216373
1 0.27403143274853803, 0.6566611842105263, 0.010142543859649123, 0.014071637426900584
1 0.8783808479532164, 0.592516447368421, 0.021655701754385966, 0.01827485380116959
1 0.33671418128654973, 0.5941611842105263, 0.01781798245614035, 0.007675438596491228
1 0.34420687134502925, 0.5993695175438597, 0.015350877192982455, 0.008589181286549707
1 0.6599963450292398, 0.5930646929824561, 0.018744517543859647, 0.016560672514619883
1 0.4924159356725146, 0.5936129385964912, 0.02055921052631579, 0.015350877192982455
1 0.6850328947368421, 0.5936129385964912, 0.01836622807017544, 0.012609649122807017
1 0.1528691520467836, 0.5944353070175439, 0.009046052631578948, 0.005847953216374269
1 0.15926535087719298, 0.5969024122807017, 0.015350877192982455, 0.008223684210526315
1 0.1545138888888889, 0.6006030701754386, 0.019599780701754384, 0.012244152046783625
1 0.6788194444444444, 0.5941611842105263, 0.01617324561403509, 0.012609649122807017
1 0.5686220760233918, 0.5952576754385965, 0.016721491228070175, 0.008406432748538011
1 0.5742872807017544, 0.6056743421052632, 0.01864035087719298, 0.014071637426900584
1 0.5234831871345029, 0.5958059210526315, 0.023848684210526317, 0.012792397660818713
1 0.5158077485380117, 0.6021107456140351, 0.02549342105263158, 0.008406432748538011
1 0.5110562865497076, 0.6199287280701754, 0.028782894736842105, 0.00932017543859649
1 0.10151681286549707, 0.5963541666666666, 0.029605263157894735, 0.012792397660818713
1 0.14720394736842105, 0.5966282894736842, 0.019462719298245616, 0.006396198830409356
1 0.5459612573099415, 0.5966282894736842, 0.02768640350877193, 0.009685672514619883
1 0.579952485380117, 0.5969024122807017, 0.013980263157894737, 0.012244152046783625
1 0.242781432748538, 0.5973135964912281, 0.01768092105263158, 0.015350877192982455
1 0.3065606725146199, 0.5979989035087719, 0.022203947368421052, 0.009868421052631578
1 0.7020285087719298, 0.5990953947368421, 0.01425438596491228, 0.007675438596491228
1 0.6963633040935673, 0.5990953947368421, 0.0200109649122807, 0.011513157894736841
1 0.13934576023391812, 0.5993695175438597, 0.026041666666666668, 0.007858187134502924
1 0.5017361111111112, 0.5993695175438597, 0.01918859649122807, 0.00932017543859649
1 0.4980811403508772, 0.6056743421052632, 0.011239035087719298, 0.005482456140350877
1 0.12892909356725146, 0.5999177631578947, 0.01864035087719298, 0.010416666666666666
1 0.5112390350877193, 0.6001918859649122, 0.018092105263157895, 0.006761695906432748
1 0.7407711988304093, 0.6001918859649122, 0.021929824561403508, 0.01827485380116959
1 0.11028874269005848, 0.6004660087719298, 0.021655701754385966, 0.01114766081871345
1 0.11503106725146199, 0.6033415570175438, 0.015764802631578947, 0.012801535087719298
1 0.5923793859649122, 0.6007401315789473, 0.013980263157894737, 0.008771929824561403
1 0.5872624269005848, 0.6040296052631579, 0.02412280701754386, 0.014437134502923976
1 0.6203399122807017, 0.6007401315789473, 0.01617324561403509, 0.010416666666666666
1 0.6289290935672515, 0.6004660087719298, 0.017269736842105265, 0.012975146198830409
1 0.6336805555555556, 0.6092379385964912, 0.01781798245614035, 0.011878654970760233
1 0.34767909356725146, 0.6012883771929824, 0.027138157894736843, 0.010599415204678362
1 0.29906798245614036, 0.6015625, 0.02055921052631579, 0.009685672514619883
1 0.29559576023391815, 0.6155427631578947, 0.025219298245614034, 0.008954678362573099
1 0.32958698830409355, 0.6029331140350878, 0.020833333333333332, 0.009137426900584795
1 0.1678545321637427, 0.6034813596491229, 0.014802631578947368, 0.00804093567251462
1 0.5564692982456141, 0.6032072368421053, 0.011513157894736841, 0.012152777777777778
1 0.5547331871345029, 0.6117050438596491, 0.016721491228070175, 0.021198830409356724
1 0.5635051169590644, 0.6232182017543859, 0.009868421052631578, 0.007675438596491228
1 0.5545504385964912, 0.6241776315789473, 0.016584429824561403, 0.01425438596491228
1 0.5666118421052632, 0.6333607456140351, 0.019736842105263157, 0.009685672514619883
1 0.5609466374269005, 0.641858552631579, 0.023026315789473683, 0.008406432748538011
1 0.8663194444444444, 0.6032072368421053, 0.01764802631578947, 0.013271198830409357
1 0.24716739766081872, 0.6043037280701754, 0.015350877192982455, 0.012426900584795321
1 0.855171783625731, 0.6271244517543859, 0.031181469298245616, 0.012174707602339182
1 0.7349232456140351, 0.6048519736842105, 0.020833333333333332, 0.01827485380116959
1 0.4703033625730994, 0.6056743421052632, 0.015350877192982455, 0.008406432748538011
1 0.47797880116959063, 0.6056743421052632, 0.01644736842105263, 0.008589181286549707
1 0.4840095029239766, 0.6158168859649122, 0.01644736842105263, 0.005847953216374269
1 0.7928545321637427, 0.6056743421052632, 0.02275219298245614, 0.014985380116959063
1 0.28463084795321636, 0.6062225877192983, 0.023574561403508772, 0.007309941520467836
1 0.6029788011695907, 0.6062225877192983, 0.011787280701754386, 0.017726608187134504
1 0.6000548245614035, 0.6136239035087719, 0.01617324561403509, 0.00932017543859649
1 0.605171783625731, 0.6149945175438597, 0.025767543859649123, 0.010964912280701754
1 0.8560855263157895, 0.6059484649122807, 0.020833333333333332, 0.022112573099415205
1 0.4631761695906433, 0.6075932017543859, 0.013706140350877192, 0.006030701754385965
1 0.21408991228070176, 0.6084155701754386, 0.011787280701754386, 0.015716374269005847
1 0.7581323099415205, 0.6089638157894737, 0.01918859649122807, 0.015899122807017545
1 0.8334247076023392, 0.6089638157894737, 0.020285087719298246, 0.010782163742690058
1 0.6139437134502924, 0.6100603070175439, 0.01699561403508772, 0.009502923976608187
1 0.2590460526315789, 0.610608552631579, 0.023026315789473683, 0.010964912280701754
1 0.5350858918128655, 0.610608552631579, 0.019736842105263157, 0.012337353801169591
1 0.5163559941520468, 0.6489857456140351, 0.026041666666666668, 0.017361111111111112
1 0.5141630116959064, 0.6533717105263158, 0.025767543859649123, 0.011878654970760233
1 0.7765899122807017, 0.610608552631579, 0.023848684210526317, 0.008589181286549707
1 0.8242872807017544, 0.610608552631579, 0.03042763157894737, 0.014802631578947368
1 0.9198647660818714, 0.610608552631579, 0.018092105263157895, 0.022112573099415205
1 0.7882858187134503, 0.6108826754385965, 0.022203947368421052, 0.0133406432748538
1 0.07556652046783625, 0.6119791666666666, 0.02412280701754386, 0.01425438596491228
1 0.07081505847953216, 0.6174616228070176, 0.02412280701754386, 0.01516812865497076
1 0.6912463450292398, 0.6114309210526315, 0.020833333333333332, 0.008771929824561403
1 0.12545687134502925, 0.6119791666666666, 0.015076754385964912, 0.0133406432748538
1 0.11924342105263158, 0.6130756578947368, 0.021107456140350877, 0.006761695906432748
1 0.6696820175438597, 0.6125274122807017, 0.01425438596491228, 0.013706140350877192
1 0.6581688596491229, 0.6182839912280702, 0.015899122807017545, 0.02046783625730994
1 0.24625365497076024, 0.6133497807017544, 0.017543859649122806, 0.015899122807017545
1 0.32940423976608185, 0.6130756578947368, 0.017543859649122806, 0.013888888888888888
1 0.3237390350877193, 0.629797149122807, 0.027138157894736843, 0.011330409356725146
1 0.1983735380116959, 0.6138980263157895, 0.021655701754385966, 0.0133406432748538
1 0.49022295321637427, 0.6138980263157895, 0.023300438596491228, 0.006578947368421052
1 0.7307200292397661, 0.6136239035087719, 0.023300438596491228, 0.016264619883040937
1 0.22176535087719298, 0.6144462719298246, 0.012883771929824562, 0.016264619883040937
1 0.7051352339181286, 0.6144462719298246, 0.01918859649122807, 0.008771929824561403
1 0.44051535087719296, 0.6149945175438597, 0.02549342105263158, 0.008771929824561403
1 0.7192068713450293, 0.6152686403508771, 0.01206140350877193, 0.011513157894736841
1 0.31971856725146197, 0.6155427631578947, 0.019462719298245616, 0.010051169590643274
1 0.14702119883040934, 0.6160910087719298, 0.01069078947368421, 0.014802631578947368
1 0.14117324561403508, 0.6223958333333334, 0.01617324561403509, 0.017909356725146198
1 0.8153326023391813, 0.6158168859649122, 0.020833333333333332, 0.01206140350877193
1 0.4041483918128655, 0.6188322368421053, 0.01206140350877193, 0.012792397660818713
1 0.6197916666666666, 0.6166392543859649, 0.019462719298245616, 0.0133406432748538
1 0.7849963450292398, 0.6166392543859649, 0.018914473684210526, 0.008406432748538011
1 0.23273026315789475, 0.6169133771929824, 0.023574561403508772, 0.009137426900584795
1 0.16200657894736842, 0.6177357456140351, 0.012335526315789474, 0.01608187134502924
1 0.14702119883040934, 0.6270559210526315, 0.020833333333333332, 0.015533625730994151
1 0.15341739766081872, 0.6350054824561403, 0.012883771929824562, 0.021929824561403508
1 0.15999634502923976, 0.6456962719298246, 0.03042763157894737, 0.014437134502923976
1 0.49570540935672514, 0.6177357456140351, 0.02138157894736842, 0.007858187134502924
1 0.5720942982456141, 0.6177357456140351, 0.020285087719298246, 0.008406432748538011
1 0.20367324561403508, 0.6182839912280702, 0.01918859649122807, 0.01425438596491228
1 0.2071454678362573, 0.6308936403508771, 0.013706140350877192, 0.01206140350877193
1 0.1992872807017544, 0.6402138157894737, 0.03344298245614035, 0.011513157894736841
1 0.46865862573099415, 0.6182839912280702, 0.017269736842105265, 0.017543859649122806
1 0.6428179824561403, 0.6182839912280702, 0.02768640350877193, 0.010782163742690058
1 0.6355080409356725, 0.6393229166666666, 0.015145285087719298, 0.02069627192982456
1 0.503015350877193, 0.6188322368421053, 0.00932017543859649, 0.007675438596491228
1 0.5053910818713451, 0.626233552631579, 0.0268640350877193, 0.00932017543859649
1 0.8436586257309941, 0.6185581140350878, 0.01864035087719298, 0.01516812865497076
1 0.11101973684210527, 0.6191063596491229, 0.013980263157894737, 0.008771929824561403
1 0.524031432748538, 0.6193804824561403, 0.021929824561403508, 0.009868421052631578
1 0.5203764619883041, 0.6284265350877193, 0.027412280701754384, 0.008223684210526315
1 0.7608735380116959, 0.6193804824561403, 0.023574561403508772, 0.013706140350877192
1 0.355171783625731, 0.6199287280701754, 0.015625, 0.019371345029239765
1 0.6515899122807017, 0.6199287280701754, 0.01864035087719298, 0.007309941520467836
1 0.1753472222222222, 0.620202850877193, 0.027138157894736843, 0.00932017543859649
1 0.21811038011695907, 0.6204769736842105, 0.023574561403508772, 0.007858187134502924
1 0.2256030701754386, 0.6273300438596491, 0.009868421052631578, 0.006944444444444444
1 0.22267909356725146, 0.6363760964912281, 0.011787280701754386, 0.010599415204678362
1 0.21408991228070176, 0.6478892543859649, 0.012883771929824562, 0.014437134502923976
1 0.3100328947368421, 0.6204769736842105, 0.008771929824561403, 0.005665204678362573
1 0.31204312865497075, 0.6210252192982456, 0.017543859649122806, 0.007858187134502924
1 0.2999817251461988, 0.6218475877192983, 0.013157894736842105, 0.011330409356725146
1 0.3683296783625731, 0.6204769736842105, 0.017543859649122806, 0.01644736842105263
1 0.6994700292397661, 0.620202850877193, 0.024396929824561403, 0.009137426900584795
1 0.7513706140350878, 0.6212993421052632, 0.01206140350877193, 0.008954678362573099
1 0.7729349415204678, 0.6212993421052632, 0.022478070175438597, 0.006944444444444444
1 0.45513523391812866, 0.6221217105263158, 0.024671052631578948, 0.01206140350877193
1 0.580500730994152, 0.6221217105263158, 0.013980263157894737, 0.016812865497076022
1 0.5837902046783626, 0.6322642543859649, 0.01206140350877193, 0.007492690058479532
1 0.576297514619883, 0.6339089912280702, 0.018914473684210526, 0.008771929824561403
1 0.5859831871345029, 0.6426809210526315, 0.023300438596491228, 0.009685672514619883
1 0.38569078947368424, 0.6229440789473685, 0.0200109649122807, 0.019371345029239765
1 0.7336440058479532, 0.629797149122807, 0.019736842105263157, 0.008771929824561403
1 0.8111293859649122, 0.623766447368421, 0.018092105263157895, 0.011513157894736841
1 0.06094663742690058, 0.6240405701754386, 0.021107456140350877, 0.012609649122807017
1 0.6272843567251462, 0.6248629385964912, 0.02055921052631579, 0.008223684210526315
1 0.7239583333333334, 0.6251370614035088, 0.010964912280701754, 0.009685672514619883
1 0.4631761695906433, 0.6251370614035088, 0.029605263157894735, 0.010599415204678362
1 0.5381030701754386, 0.6256853070175439, 0.029331140350877194, 0.012609649122807017
1 0.8708881578947368, 0.6254111842105263, 0.009868421052631578, 0.012975146198830409
1 0.8825840643274854, 0.6256853070175439, 0.03070175438596491, 0.018457602339181287
1 0.7464364035087719, 0.6259594298245614, 0.018914473684210526, 0.01516812865497076
1 0.8043676900584795, 0.6259594298245614, 0.021655701754385966, 0.01425438596491228
1 0.8886147660818714, 0.6256853070175439, 0.01781798245614035, 0.017361111111111112
1 0.12509137426900585, 0.626233552631579, 0.01069078947368421, 0.01644736842105263
1 0.40652412280701755, 0.6265076754385965, 0.009046052631578948, 0.00932017543859649
1 0.4120065789473684, 0.6352796052631579, 0.011513157894736841, 0.01023391812865497
1 0.3979349415204678, 0.6470668859649122, 0.0200109649122807, 0.02138157894736842
1 0.3739948830409357, 0.6270559210526315, 0.021107456140350877, 0.014619883040935672
1 0.6353252923976608, 0.6270559210526315, 0.01836622807017544, 0.007675438596491228
1 0.8401864035087719, 0.6270559210526315, 0.019462719298245616, 0.013523391812865496
1 0.8406432748538012, 0.639391447368421, 0.02768640350877193, 0.012152777777777778
1 0.8363486842105263, 0.6396655701754386, 0.02823464912280702, 0.014619883040935672
1 0.6757127192982456, 0.6273300438596491, 0.010964912280701754, 0.012792397660818713
1 0.6682200292397661, 0.629797149122807, 0.01425438596491228, 0.016812865497076022
1 0.6883223684210527, 0.6300712719298246, 0.023300438596491228, 0.009868421052631578
1 0.6682200292397661, 0.6373355263157895, 0.01631030701754386, 0.01864035087719298
1 0.6830226608187134, 0.6385690789473685, 0.012609649122807017, 0.006761695906432748
1 0.1627375730994152, 0.6278782894736842, 0.011513157894736841, 0.012792397660818713
1 0.5940241228070176, 0.6278782894736842, 0.020285087719298246, 0.008223684210526315
1 0.5494334795321637, 0.6287006578947368, 0.01644736842105263, 0.012426900584795321
1 0.711531432748538, 0.6311677631578947, 0.01836622807017544, 0.01699561403508772
1 0.7122624269005848, 0.6429550438596491, 0.01699561403508772, 0.007309941520467836
1 0.7190241228070176, 0.6487116228070176, 0.021929824561403508, 0.009868421052631578
1 0.26270102339181284, 0.6303453947368421, 0.013980263157894737, 0.015533625730994151
1 0.609375, 0.6300712719298246, 0.02275219298245614, 0.01206140350877193
1 0.7935855263157895, 0.6306195175438597, 0.01781798245614035, 0.010416666666666666
1 0.24680190058479531, 0.6314418859649122, 0.015076754385964912, 0.018457602339181287
1 0.23510599415204678, 0.6347313596491229, 0.015076754385964912, 0.012792397660818713
1 0.4041483918128655, 0.6311677631578947, 0.01781798245614035, 0.010416666666666666
1 0.7579495614035088, 0.6317160087719298, 0.024945175438596492, 0.017543859649122806
1 0.4295504385964912, 0.6317160087719298, 0.01918859649122807, 0.007858187134502924
1 0.78609283625731, 0.6317160087719298, 0.015350877192982455, 0.009868421052631578
1 0.49661915204678364, 0.6325383771929824, 0.02275219298245614, 0.008223684210526315
1 0.49570540935672514, 0.6552905701754386, 0.025219298245614034, 0.009685672514619883
1 0.6015168128654971, 0.6325383771929824, 0.019462719298245616, 0.00712719298245614
1 0.596765350877193, 0.6437774122807017, 0.020833333333333332, 0.009502923976608187
1 0.4701206140350877, 0.6330866228070176, 0.01918859649122807, 0.00804093567251462
1 0.47286184210526316, 0.6522752192982456, 0.022203947368421052, 0.010416666666666666
1 0.467562134502924, 0.6552905701754386, 0.025219298245614034, 0.010964912280701754
1 0.8237390350877193, 0.6330866228070176, 0.0200109649122807, 0.013523391812865496
1 0.8195358187134503, 0.6435032894736842, 0.019736842105263157, 0.020285087719298246
1 0.2970577485380117, 0.6333607456140351, 0.012609649122807017, 0.01699561403508772
1 0.38441154970760233, 0.6336348684210527, 0.021929824561403508, 0.019919590643274854
1 0.10572002923976608, 0.6341831140350878, 0.014802631578947368, 0.017909356725146198
1 0.47797880116959063, 0.6347313596491229, 0.02823464912280702, 0.008954678362573099
1 0.30857090643274854, 0.6352796052631579, 0.019736842105263157, 0.017178362573099414
1 0.29870248538011696, 0.6520010964912281, 0.027138157894736843, 0.01827485380116959
1 0.6588998538011696, 0.6352796052631579, 0.02412280701754386, 0.012792397660818713
1 0.7786001461988304, 0.6350054824561403, 0.02055921052631579, 0.009502923976608187
1 0.48711622807017546, 0.6355537280701754, 0.02850877192982456, 0.010416666666666666
1 0.1188779239766082, 0.6361019736842105, 0.026589912280701754, 0.011330409356725146
1 0.3378106725146199, 0.6361019736842105, 0.015899122807017545, 0.015350877192982455
1 0.33305921052631576, 0.6374725877192983, 0.019736842105263157, 0.008406432748538011
1 0.3358004385964912, 0.6558388157894737, 0.02138157894736842, 0.013523391812865496
1 0.3462171052631579, 0.6361019736842105, 0.02631578947368421, 0.029239766081871343
1 0.342562134502924, 0.6369243421052632, 0.023848684210526317, 0.018092105263157895
1 0.6163194444444444, 0.6366502192982456, 0.01864035087719298, 0.010964912280701754
1 0.7442434210526315, 0.6369243421052632, 0.017543859649122806, 0.014802631578947368
1 0.1283808479532164, 0.6374725877192983, 0.02631578947368421, 0.009685672514619883
1 0.7279788011695907, 0.6374725877192983, 0.01864035087719298, 0.007858187134502924
1 0.6961805555555556, 0.6377467105263158, 0.022478070175438597, 0.00804093567251462
1 0.6963633040935673, 0.6583059210526315, 0.011239035087719298, 0.011330409356725146
1 0.1355080409356725, 0.6382949561403509, 0.03070175438596491, 0.010964912280701754
1 0.7045869883040936, 0.6391173245614035, 0.023848684210526317, 0.008223684210526315
1 0.059484649122807015, 0.639391447368421, 0.02987938596491228, 0.018457602339181287
1 0.5435855263157895, 0.6396655701754386, 0.023026315789473683, 0.011330409356725146
1 0.8049159356725146, 0.6396655701754386, 0.022203947368421052, 0.020833333333333332
1 0.20751096491228072, 0.6402138157894737, 0.02549342105263158, 0.013157894736842105
1 0.4461805555555556, 0.6404879385964912, 0.027412280701754384, 0.010599415204678362
1 0.44234283625730997, 0.667077850877193, 0.026041666666666668, 0.012792397660818713
1 0.4346673976608187, 0.6733826754385965, 0.02905701754385965, 0.011878654970760233
1 0.5013706140350878, 0.6407620614035088, 0.028782894736842105, 0.007492690058479532
1 0.3177083333333333, 0.6413103070175439, 0.020148026315789474, 0.008680555555555556
1 0.3007127192982456, 0.661047149122807, 0.02275219298245614, 0.02101608187134503
1 0.742781432748538, 0.6413103070175439, 0.021107456140350877, 0.008771929824561403
1 0.3728983918128655, 0.6415844298245614, 0.020285087719298246, 0.012609649122807017
1 0.28481359649122806, 0.6424067982456141, 0.02850877192982456, 0.011695906432748537
1 0.6525036549707602, 0.6424067982456141, 0.027960526315789474, 0.010416666666666666
1 0.798702485380117, 0.6421326754385965, 0.025767543859649123, 0.014985380116959063
1 0.04285453216374269, 0.6429550438596491, 0.024396929824561403, 0.022112573099415205
1 0.24753289473684212, 0.6432291666666666, 0.01918859649122807, 0.014437134502923976
1 0.24680190058479531, 0.6580317982456141, 0.021107456140350877, 0.015716374269005847
1 0.2588633040935672, 0.6429550438596491, 0.010964912280701754, 0.01864035087719298
1 0.39190423976608185, 0.6426809210526315, 0.014528508771929825, 0.01516812865497076
1 0.3838633040935672, 0.6561129385964912, 0.04084429824561404, 0.015716374269005847
1 0.5550986842105263, 0.6426809210526315, 0.021655701754385966, 0.00804093567251462
1 0.29486476608187134, 0.6432291666666666, 0.01918859649122807, 0.014071637426900584
1 0.2965095029239766, 0.6473410087719298, 0.015625, 0.01206140350877193
1 0.8513340643274854, 0.6443256578947368, 0.02850877192982456, 0.009959795321637427
1 0.6261878654970761, 0.6451480263157895, 0.01864035087719298, 0.008406432748538011
1 0.6309393274853801, 0.6613212719298246, 0.031524122807017545, 0.009685672514619883
1 0.7581323099415205, 0.645422149122807, 0.015350877192982455, 0.010964912280701754
1 0.7617872807017544, 0.6588541666666666, 0.025219298245614034, 0.012609649122807017
1 0.1446454678362573, 0.645422149122807, 0.011787280701754386, 0.01663011695906433
1 0.14354897660818713, 0.6525493421052632, 0.01617324561403509, 0.01644736842105263
1 0.15140716374269006, 0.6456962719298246, 0.026589912280701754, 0.015762061403508772
1 0.2221308479532164, 0.6476151315789473, 0.014528508771929825, 0.01699561403508772
1 0.41968201754385964, 0.6476151315789473, 0.022478070175438597, 0.011878654970760233
1 0.4575109649122807, 0.6470668859649122, 0.01781798245614035, 0.009685672514619883
1 0.8732638888888888, 0.6473410087719298, 0.019736842105263157, 0.01864035087719298
1 0.1720577485380117, 0.6484375, 0.02905701754385965, 0.009868421052631578
1 0.3288559941520468, 0.6484375, 0.026041666666666668, 0.007675438596491228
1 0.5699013157894737, 0.6484375, 0.027412280701754384, 0.00804093567251462
1 0.5768457602339181, 0.6489857456140351, 0.024945175438596492, 0.010051169590643274
1 0.784265350877193, 0.6487116228070176, 0.014802631578947368, 0.006944444444444444
1 0.6722404970760234, 0.6492598684210527, 0.03262061403508772, 0.010782163742690058
1 0.6810124269005848, 0.6785910087719298, 0.027138157894736843, 0.008771929824561403
1 0.7904788011695907, 0.6495339912280702, 0.01699561403508772, 0.008771929824561403
1 0.26270102339181284, 0.6498081140350878, 0.018092105263157895, 0.00932017543859649
1 0.7354714912280702, 0.6500822368421053, 0.025219298245614034, 0.00932017543859649
1 0.2341922514619883, 0.6506304824561403, 0.02987938596491228, 0.010599415204678362
1 0.24095394736842105, 0.6503563596491229, 0.03618421052631579, 0.012426900584795321
1 0.6428179824561403, 0.6503563596491229, 0.01644736842105263, 0.010599415204678362
1 0.19033260233918128, 0.6522752192982456, 0.023574561403508772, 0.009137426900584795
1 0.690515350877193, 0.6651589912280702, 0.023026315789473683, 0.008223684210526315
1 0.6980994152046783, 0.6687225877192983, 0.05482456140350877, 0.016355994152046784
1 0.42735745614035087, 0.6525493421052632, 0.014802631578947368, 0.007858187134502924
1 0.7747624269005848, 0.6528234649122807, 0.023300438596491228, 0.01425438596491228
1 0.41091008771929827, 0.6533717105263158, 0.022478070175438597, 0.008954678362573099
1 0.5079495614035088, 0.6530975877192983, 0.04468201754385965, 0.008406432748538011
1 0.5052083333333334, 0.6720120614035088, 0.021655701754385966, 0.006578947368421052
1 0.5150767543859649, 0.6884594298245614, 0.028782894736842105, 0.01516812865497076
1 0.49314692982456143, 0.6936677631578947, 0.016721491228070175, 0.01516812865497076
1 0.6355080409356725, 0.6533717105263158, 0.01425438596491228, 0.00804093567251462
1 0.6040752923976608, 0.6536458333333334, 0.02138157894736842, 0.010964912280701754
1 0.7508223684210527, 0.6539199561403509, 0.024739583333333332, 0.010851608187134503
1 0.5429915935672515, 0.6552905701754386, 0.02645285087719298, 0.01228983918128655
1 0.5508954678362573, 0.6640625, 0.01343201754385965, 0.017178362573099414
1 0.5640533625730995, 0.6681743421052632, 0.03125, 0.021747076023391813
1 0.5309758771929824, 0.6761239035087719, 0.02275219298245614, 0.013888888888888888
1 0.6228983918128655, 0.655016447368421, 0.012883771929824562, 0.006761695906432748
1 0.6250913742690059, 0.6676260964912281, 0.021655701754385966, 0.006944444444444444
1 0.35827850877192985, 0.6552905701754386, 0.02138157894736842, 0.014619883040935672
1 0.3811220760233918, 0.6555646929824561, 0.03070175438596491, 0.00712719298245614
1 0.3727156432748538, 0.6602247807017544, 0.03179824561403509, 0.01114766081871345
1 0.5326206140350878, 0.6552905701754386, 0.022203947368421052, 0.01206140350877193
1 0.5253106725146199, 0.6747532894736842, 0.013157894736842105, 0.0133406432748538
1 0.6150402046783626, 0.6552905701754386, 0.02412280701754386, 0.010051169590643274
1 0.2252375730994152, 0.6566611842105263, 0.03070175438596491, 0.009685672514619883
1 0.5938413742690059, 0.6563870614035088, 0.026589912280701754, 0.011330409356725146
1 0.5876279239766082, 0.6646107456140351, 0.029605263157894735, 0.012244152046783625
1 0.4841922514619883, 0.6572094298245614, 0.0268640350877193, 0.01023391812865497
1 0.7294407894736842, 0.6572094298245614, 0.025767543859649123, 0.01023391812865497
1 0.45513523391812866, 0.6577576754385965, 0.027138157894736843, 0.013706140350877192
1 0.7690972222222222, 0.6577576754385965, 0.017543859649122806, 0.01023391812865497
1 0.8235562865497076, 0.6577576754385965, 0.023026315789473683, 0.019005847953216373
1 0.8162463450292398, 0.6629660087719298, 0.017543859649122806, 0.02101608187134503
1 0.8200840643274854, 0.670641447368421, 0.013706140350877192, 0.015442251461988304
1 0.04559576023391813, 0.6580317982456141, 0.029331140350877194, 0.013523391812865496
1 0.2027595029239766, 0.6594024122807017, 0.023300438596491228, 0.021198830409356724
1 0.21737938596491227, 0.6665296052631579, 0.024671052631578948, 0.009137426900584795
1 0.2120796783625731, 0.6840734649122807, 0.032072368421052634, 0.012426900584795321
1 0.6614583333333334, 0.6591282894736842, 0.019462719298245616, 0.00932017543859649
1 0.3462171052631579, 0.6596765350877193, 0.019462719298245616, 0.02101608187134503
1 0.7065972222222222, 0.6613212719298246, 0.020285087719298246, 0.01023391812865497
1 0.670047514619883, 0.6618695175438597, 0.024945175438596492, 0.010051169590643274
1 0.6654788011695907, 0.6709155701754386, 0.0400219298245614, 0.009046052631578948
1 0.6724232456140351, 0.6851699561403509, 0.03042763157894737, 0.013523391812865496
1 0.39281798245614036, 0.6626918859649122, 0.02823464912280702, 0.017543859649122806
1 0.3944627192982456, 0.6714638157894737, 0.02412280701754386, 0.020650584795321638
1 0.41949926900584794, 0.6632401315789473, 0.02768640350877193, 0.009685672514619883
1 0.788468567251462, 0.6632401315789473, 0.030153508771929825, 0.012975146198830409
1 0.28609283625730997, 0.6637883771929824, 0.017269736842105265, 0.01663011695906433
1 0.7965095029239766, 0.6637883771929824, 0.02823464912280702, 0.01114766081871345
1 0.8405519005847953, 0.6648848684210527, 0.022203947368421052, 0.016812865497076022
1 0.2466191520467836, 0.6659813596491229, 0.031524122807017545, 0.02010233918128655
1 0.7162828947368421, 0.6651589912280702, 0.018092105263157895, 0.009502923976608187
1 0.269828216374269, 0.6659813596491229, 0.010416666666666666, 0.016264619883040937
1 0.8053728070175439, 0.6675575657894737, 0.02035361842105263, 0.014619883040935672
1 0.6062682748538012, 0.6668037280701754, 0.022478070175438597, 0.009502923976608187
1 0.6413559941520468, 0.667077850877193, 0.01425438596491228, 0.016264619883040937
1 0.6408077485380117, 0.6755756578947368, 0.02631578947368421, 0.01023391812865497
1 0.4799890350877193, 0.6679002192982456, 0.02055921052631579, 0.009502923976608187
1 0.4295504385964912, 0.6687225877192983, 0.01644736842105263, 0.005482456140350877
1 0.15615862573099415, 0.6711896929824561, 0.0200109649122807, 0.010782163742690058
1 0.7254203216374269, 0.6717379385964912, 0.023574561403508772, 0.00712719298245614
1 0.32629751461988304, 0.673108552631579, 0.035910087719298246, 0.017361111111111112
1 0.5772112573099415, 0.673108552631579, 0.024671052631578948, 0.01663011695906433
1 0.7804276315789473, 0.6733826754385965, 0.027960526315789474, 0.017361111111111112
1 0.2690972222222222, 0.6747532894736842, 0.018092105263157895, 0.021564327485380116
1 0.3153326023391813, 0.6758497807017544, 0.03070175438596491, 0.017909356725146198
1 0.3502375730994152, 0.6755756578947368, 0.027960526315789474, 0.02010233918128655
1 0.44672880116959063, 0.6753015350877193, 0.019736842105263157, 0.012609649122807017
1 0.6578033625730995, 0.6750274122807017, 0.03508771929824561, 0.009868421052631578
1 0.6499451754385965, 0.6777686403508771, 0.036458333333333336, 0.00932017543859649
1 0.6101059941520468, 0.6755756578947368, 0.03179824561403509, 0.010599415204678362
1 0.7400402046783626, 0.6755756578947368, 0.034265350877192985, 0.012792397660818713
1 0.7330957602339181, 0.6837993421052632, 0.026589912280701754, 0.010782163742690058
1 0.7745796783625731, 0.6761239035087719, 0.03042763157894737, 0.01699561403508772
1 0.5413925438596491, 0.6761239035087719, 0.02240953947368421, 0.017178362573099414
1 0.40195540935672514, 0.6772203947368421, 0.030153508771929825, 0.01663011695906433
1 0.4180372807017544, 0.6791392543859649, 0.026041666666666668, 0.007675438596491228
1 0.40597587719298245, 0.6851699561403509, 0.03700657894736842, 0.012609649122807017
1 0.42297149122807015, 0.6942160087719298, 0.03234649122807018, 0.017361111111111112
1 0.5170869883040936, 0.6774945175438597, 0.03042763157894737, 0.015533625730994151
1 0.5332602339181286, 0.6950383771929824, 0.01699561403508772, 0.020924707602339183
1 0.09658260233918128, 0.6780427631578947, 0.02823464912280702, 0.012975146198830409
1 0.3663194444444444, 0.6777686403508771, 0.02823464912280702, 0.014802631578947368
1 0.4624451754385965, 0.6780427631578947, 0.02850877192982456, 0.011878654970760233
1 0.4750548245614035, 0.6777686403508771, 0.0200109649122807, 0.011695906432748537
1 0.33415570175438597, 0.6788651315789473, 0.026041666666666668, 0.015533625730994151
1 0.71390716374269, 0.6785910087719298, 0.019736842105263157, 0.010964912280701754
1 0.7102521929824561, 0.6868146929824561, 0.023574561403508772, 0.008954678362573099
1 0.5549159356725146, 0.6791392543859649, 0.030153508771929825, 0.009137426900584795
1 0.28536184210526316, 0.6796875, 0.03481359649122807, 0.012792397660818713
1 0.11284722222222222, 0.6799616228070176, 0.022478070175438597, 0.0222953216374269
1 0.7570358187134503, 0.6799616228070176, 0.024945175438596492, 0.011878654970760233
1 0.4534904970760234, 0.6807839912280702, 0.033717105263157895, 0.01114766081871345
1 0.6179641812865497, 0.6810581140350878, 0.034265350877192985, 0.010051169590643274
1 0.29815423976608185, 0.6816063596491229, 0.017269736842105265, 0.0133406432748538
1 0.5638706140350878, 0.6821546052631579, 0.02275219298245614, 0.013888888888888888
1 0.1007858187134503, 0.6835252192982456, 0.03042763157894737, 0.015533625730994151
1 0.26726973684210525, 0.682702850877193, 0.018914473684210526, 0.015899122807017545
1 0.5995065789473685, 0.6829769736842105, 0.02905701754385965, 0.009685672514619883
1 0.8180738304093568, 0.6832510964912281, 0.015350877192982455, 0.023574561403508772
1 0.6936220760233918, 0.6851699561403509, 0.030975877192982455, 0.00932017543859649
1 0.6866776315789473, 0.6865405701754386, 0.030975877192982455, 0.00804093567251462
1 0.7608735380116959, 0.6851699561403509, 0.02850877192982456, 0.01699561403508772
1 0.34822733918128657, 0.6854440789473685, 0.019736842105263157, 0.018092105263157895
1 0.4290021929824561, 0.6854440789473685, 0.030975877192982455, 0.015716374269005847
1 0.0868969298245614, 0.6865405701754386, 0.029331140350877194, 0.012975146198830409
1 0.25922880116959063, 0.6868146929824561, 0.02823464912280702, 0.015899122807017545
1 0.19362207602339182, 0.6879111842105263, 0.03344298245614035, 0.012792397660818713
1 0.6281980994152047, 0.688733552631579, 0.03042763157894737, 0.013706140350877192
1 0.4710343567251462, 0.6914747807017544, 0.031524122807017545, 0.010964912280701754
1 0.4631761695906433, 0.6964089912280702, 0.024945175438596492, 0.01069078947368421
1 0.20440423976608188, 0.6931195175438597, 0.025767543859649123, 0.007492690058479532
1 0.4452668128654971, 0.6933936403508771, 0.025767543859649123, 0.008589181286549707
1 0.636421783625731, 0.6936677631578947, 0.020285087719298246, 0.014619883040935672
1 0.7164656432748538, 0.6947642543859649, 0.031524122807017545, 0.011695906432748537
1 0.4770650584795322, 0.6964089912280702, 0.02768640350877193, 0.011513157894736841
1 0.5106907894736842, 0.698327850877193, 0.02850877192982456, 0.018457602339181287
1 0.08177997076023392, 0.6994243421052632, 0.015899122807017545, 0.006578947368421052
1 0.11010599415204679, 0.6999725877192983, 0.03234649122807018, 0.016264619883040937
1 0.1006030701754386, 0.7029879385964912, 0.03234649122807018, 0.01516812865497076
1 0.11650219298245613, 0.7147752192982456, 0.019736842105263157, 0.017909356725146198
1 0.4942434210526316, 0.7024396929824561, 0.026041666666666668, 0.01644736842105263
1 0.4178545321637427, 0.7046326754385965, 0.02987938596491228, 0.017909356725146198
1 0.47834429824561403, 0.7092927631578947, 0.026041666666666668, 0.016812865497076022
1 0.6267361111111112, 0.7114857456140351, 0.024396929824561403, 0.01644736842105263
1 0.453125, 0.7134046052631579, 0.024396929824561403, 0.018092105263157895
1 0.23273026315789475, 0.7323190789473685, 0.012609649122807017, 0.023940058479532164
1 0.22304459064327486, 0.7435581140350878, 0.019736842105263157, 0.021929824561403508
1 0.23364400584795322, 0.7462993421052632, 0.027138157894736843, 0.017909356725146198
1 0.23218201754385964, 0.7572642543859649, 0.033717105263157895, 0.021198830409356724
1 0.24369517543859648, 0.7583607456140351, 0.033168859649122806, 0.019919590643274854
1 0.07328216374269006, 0.6792763157894737, 0.011787280701754386, 0.02266081871345029
1 0.06853070175438597, 0.6879111842105263, 0.019599780701754384, 0.01699561403508772
1 0.22359283625730994, 0.5705180921052632, 0.02206688596491228, 0.011330409356725146
1 0.21870796783625732, 0.5625356359649123, 0.02143640350877193, 0.01206140350877193
1 0.23944627192982457, 0.6156798245614035, 0.020764802631578948, 0.01023391812865497
1 0.29084429824561403, 0.5787417763157895, 0.01864035087719298, 0.012838084795321638
1 0.2896107456140351, 0.5739446271929824, 0.027138157894736843, 0.00941154970760234
1 0.7172880116959064, 0.4537417763157895, 0.00849780701754386, 0.0043859649122807015
1 0.6426809210526315, 0.45230263157894735, 0.007881030701754386, 0.016584429824561403
1 0.19298245614035087, 0.6341831140350878, 0.02007949561403509, 0.00941154970760234
1 0.1912244152046784, 0.6275356359649122, 0.01679002192982456, 0.007057748538011695
1 0.17242324561403508, 0.5853207236842105, 0.009114583333333334, 0.014184941520467837
1 0.16858552631578946, 0.5778179824561404, 0.019975328947368424, 0.013453947368421053
1 0.1769919590643275, 0.5568804824561403, 0.02042214912280702, 0.021975511695906433
1 0.18898391812865495, 0.5561951754385965, 0.019120065789473683, 0.016973684210526314
1 0.23844115497076024, 0.584703947368421, 0.01699561403508772, 0.011741593567251463
1 0.23314144736842105, 0.5764117324561403, 0.01411732456140351, 0.020376461988304093
1 0.2669956140350877, 0.5473547149122807, 0.03042763157894737, 0.01425438596491228
1 0.26192434210526316, 0.5526315789473685, 0.01953125, 0.009548611111111112
1 0.3353892543859649, 0.5583881578947368, 0.015487938596491228, 0.008177997076023392
1 0.3422423245614035, 0.6169819078947368, 0.019325657894736843, 0.014528508771929825
1 0.33548062865497075, 0.6195175438596491, 0.020833333333333332, 0.01471125730994152
1 0.31661184210526316, 0.6552905701754386, 0.03337445175438596, 0.014482821637426901
1 0.3117690058479532, 0.6696820175438597, 0.027069627192982455, 0.008589181286549707
1 0.48866959064327486, 0.6817434210526315, 0.02850877192982456, 0.016721491228070175
1 0.48654605263157896, 0.6661184210526315, 0.02922697368421053, 0.01548611111111111
1 0.5284393274853801, 0.6300712719298246, 0.03741776315789474, 0.011171418128654971
1 0.5314108187134503, 0.6143421052631579, 0.02611293859649123, 0.010712719298245613
1 0.534265350877193, 0.6001233552631579, 0.01651589912280702, 0.008452119883040937
1 0.5346308479532164, 0.592001096491228, 0.018163377192982458, 0.0131359649122807
1 0.6613669590643275, 0.5813459429824561, 0.01768092105263158, 0.014619883040935672
1 0.651452850877193, 0.5801809210526315, 0.011992872807017545, 0.023802997076023392
1 0.6455592105263158, 0.6061540570175439, 0.015762061403508772, 0.023620248538011698
1 0.6480263157894737, 0.6019051535087719, 0.013637609649122808, 0.023072002923976608
1 0.6819261695906432, 0.6566611842105263, 0.023163377192982455, 0.009548611111111112
1 0.6776772660818714, 0.6504934210526315, 0.014374999999999999, 0.020285087719298246
1 0.6835709064327485, 0.6143612938596491, 0.02334155701754386, 0.009548611111111112
1 0.6734978070175439, 0.5981688596491228, 0.020833333333333332, 0.016948099415204677
1 0.7129714912280702, 0.6250685307017544, 0.010929276315789473, 0.014367690058479533
1 0.728389985380117, 0.7031935307017544, 0.024191337719298246, 0.028782894736842105
1 0.7266885964912281, 0.6955537280701755, 0.026707785087719302, 0.0088578216374269
1 0.7447222222222222, 0.6617927631578947, 0.03420504385964912, 0.012748538011695907
1 0.7518969298245615, 0.6639775219298246, 0.03616502192982456, 0.014276315789473686
1 0.8416483918128655, 0.6010827850877193, 0.02789199561403509, 0.021107456140350877
1 0.8556176900584794, 0.61328125, 0.024945175438596492, 0.016984649122807016
1 0.8613395467836257, 0.6411732456140351, 0.03481359649122807, 0.012563961988304093
1 0.8638066520467836, 0.6345257675438597, 0.012919407894736843, 0.02403143274853801
