1 0.7561666666666667, 0.074875, 0.021666666666666667, 0.03425
1 0.8091666666666667, 0.093875, 0.026333333333333334, 0.0345
1 1.0285, 0.099375, 0.030666666666666665, 0.0255
1 1.0551666666666666, 0.101875, 0.030333333333333334, 0.0305
1 0.9435, 0.103625, 0.02033333333333333, 0.033
1 0.9645, 0.105875, 0.03666666666666667, 0.01425
1 0.9648333333333333, 0.116625, 0.037, 0.01475
1 0.9938333333333333, 0.106125, 0.026, 0.033
1 1.1275, 0.107625, 0.024333333333333332, 0.03225
1 1.1128333333333333, 0.114125, 0.022, 0.030875
1 0.4081666666666667, 0.109625, 0.039, 0.02725
1 0.7201666666666666, 0.110125, 0.034, 0.0165
1 0.8838333333333334, 0.112875, 0.027, 0.0285
1 1.0718333333333334, 0.113625, 0.02266666666666667, 0.02425
1 1.0661666666666667, 0.129375, 0.0195, 0.03825
1 0.9295, 0.115875, 0.022333333333333334, 0.03225
1 0.8671666666666666, 0.116375, 0.027333333333333334, 0.03175
1 1.0195, 0.117375, 0.04033333333333333, 0.01975
1 0.36883333333333335, 0.117875, 0.026333333333333334, 0.0325
1 0.8141666666666667, 0.118375, 0.02266666666666667, 0.02725
1 1.1461666666666666, 0.118125, 0.018333333333333333, 0.0345
1 0.7408333333333333, 0.118875, 0.03933333333333333, 0.017
1 1.0838333333333334, 0.121375, 0.025, 0.032
1 1.0851666666666666, 0.146875, 0.020666666666666667, 0.029
1 1.0915, 0.173875, 0.019666666666666666, 0.0285
1 0.9155, 0.124625, 0.025666666666666667, 0.02775
1 1.0115, 0.124875, 0.03333333333333333, 0.0225
1 1.0308333333333333, 0.138125, 0.023, 0.037
1 1.0128333333333333, 0.140125, 0.015666666666666666, 0.0305
1 1.1995, 0.125125, 0.030333333333333334, 0.0315
1 0.6068333333333333, 0.126125, 0.025, 0.024
1 0.6125, 0.142375, 0.024333333333333332, 0.0255
1 1.1558333333333333, 0.125875, 0.030666666666666665, 0.03175
1 0.44583333333333336, 0.127375, 0.035666666666666666, 0.0205
1 1.2281666666666666, 0.127625, 0.023333333333333334, 0.02725
1 0.7561666666666667, 0.127625, 0.044, 0.01725
1 0.8368333333333333, 0.127625, 0.035333333333333335, 0.019
1 0.8305, 0.134625, 0.031, 0.023
1 0.6908333333333333, 0.130375, 0.033, 0.0305
1 1.1321666666666668, 0.130375, 0.018, 0.02875
1 0.7308333333333333, 0.130875, 0.035, 0.028
1 0.9528333333333333, 0.131375, 0.039, 0.01575
1 0.9515, 0.140375, 0.03666666666666667, 0.02325
1 0.6288333333333334, 0.131875, 0.020666666666666667, 0.03025
1 1.1021666666666667, 0.139375, 0.018, 0.0305
1 0.2838333333333333, 0.132625, 0.027666666666666666, 0.0255
1 0.4681666666666667, 0.132875, 0.025, 0.02475
1 0.7208333333333333, 0.132875, 0.030666666666666665, 0.0335
1 0.25083333333333335, 0.133375, 0.032, 0.02075
1 0.5968333333333333, 0.134875, 0.021333333333333333, 0.03125
1 0.9938333333333333, 0.134625, 0.018333333333333333, 0.0385
1 1.0548333333333333, 0.135375, 0.013333333333333334, 0.031
1 0.30483333333333335, 0.136375, 0.025666666666666667, 0.03925
1 0.7641666666666667, 0.136625, 0.029666666666666668, 0.022
1 0.9795, 0.137375, 0.018, 0.02975
1 0.8805, 0.139875, 0.034333333333333334, 0.0235
1 0.42683333333333334, 0.140125, 0.025, 0.02825
1 0.7741666666666667, 0.140375, 0.03233333333333333, 0.02425
1 0.1835, 0.140625, 0.04533333333333334, 0.01475
1 0.3855, 0.140625, 0.025666666666666667, 0.02725
1 0.8585, 0.140875, 0.021666666666666667, 0.0215
1 0.4525, 0.141875, 0.017666666666666667, 0.02775
1 0.8898333333333334, 0.143375, 0.04133333333333333, 0.024
1 0.6388333333333334, 0.144125, 0.027666666666666666, 0.03325
1 1.1621666666666666, 0.143875, 0.036, 0.04425
1 0.2775, 0.144875, 0.027666666666666666, 0.02475
1 0.6508333333333334, 0.144875, 0.02666666666666667, 0.0395
1 0.6655, 0.15275, 0.02266666666666667, 0.033375
1 0.7988333333333333, 0.145875, 0.044, 0.01775
1 0.48983333333333334, 0.146625, 0.034, 0.022
1 0.4871666666666667, 0.158875, 0.032, 0.023
1 0.4965, 0.176125, 0.02, 0.03125
1 0.4815, 0.177625, 0.015666666666666666, 0.01725
1 0.2638333333333333, 0.147375, 0.019, 0.02825
1 0.2755, 0.155625, 0.034, 0.02875
1 0.31916666666666665, 0.147125, 0.027, 0.0265
1 0.24316666666666667, 0.148125, 0.023333333333333334, 0.026
1 0.2275, 0.149875, 0.02, 0.01475
1 0.23883333333333334, 0.164125, 0.052333333333333336, 0.02325
1 0.9351666666666667, 0.148625, 0.018, 0.037
1 0.5845, 0.161375, 0.023, 0.02575
1 1.1901666666666666, 0.149625, 0.027666666666666666, 0.0225
1 0.36816666666666664, 0.150125, 0.022, 0.032
1 0.4688333333333333, 0.150375, 0.024333333333333332, 0.023
1 0.7215, 0.150375, 0.023, 0.03175
1 0.5281666666666667, 0.150625, 0.026, 0.02375
1 0.5521666666666667, 0.165375, 0.018, 0.02
1 0.5441666666666667, 0.185375, 0.018333333333333333, 0.01925
1 0.42283333333333334, 0.151375, 0.016666666666666666, 0.0305
1 0.43716666666666665, 0.166625, 0.033666666666666664, 0.03575
1 0.41683333333333333, 0.177625, 0.042333333333333334, 0.02925
1 1.0208333333333333, 0.152375, 0.016, 0.0325
1 0.3375, 0.152875, 0.024, 0.0305
1 0.3275, 0.171125, 0.021, 0.02925
1 0.31016666666666665, 0.173625, 0.02666666666666667, 0.034
1 0.9215, 0.153125, 0.014, 0.036
1 0.1935, 0.154375, 0.037333333333333336, 0.012
1 0.9518333333333333, 0.155125, 0.030666666666666665, 0.0265
1 0.9631666666666666, 0.164875, 0.03233333333333333, 0.02625
1 1.1435, 0.156125, 0.020666666666666667, 0.03075
1 0.8271666666666667, 0.156875, 0.023666666666666666, 0.029
1 1.0421666666666667, 0.157375, 0.017666666666666667, 0.03225
1 0.8095, 0.158125, 0.021666666666666667, 0.031
1 0.8428333333333333, 0.159125, 0.015, 0.033
1 0.7115, 0.159875, 0.025333333333333333, 0.02975
1 0.8715, 0.159875, 0.018333333333333333, 0.0235
1 0.9051666666666667, 0.160125, 0.017666666666666667, 0.0305
1 0.7851666666666667, 0.161875, 0.024333333333333332, 0.03575
1 0.8551666666666666, 0.161875, 0.020666666666666667, 0.0325
1 0.8838333333333334, 0.162375, 0.027, 0.02975
1 0.3495, 0.163125, 0.019, 0.02575
1 0.7395, 0.163875, 0.021333333333333333, 0.02825
1 0.20283333333333334, 0.164125, 0.036333333333333336, 0.0255
1 0.6168333333333333, 0.165375, 0.024, 0.03775
1 1.0035, 0.166125, 0.027, 0.02925
1 1.0585, 0.166375, 0.03166666666666667, 0.01275
1 0.5341666666666667, 0.167875, 0.02033333333333333, 0.02875
1 0.35683333333333334, 0.168375, 0.024, 0.02825
1 0.6048333333333333, 0.168125, 0.016666666666666666, 0.0195
1 0.6315, 0.168625, 0.019, 0.02675
1 0.45316666666666666, 0.169125, 0.027, 0.02
1 1.0658333333333334, 0.173625, 0.017333333333333333, 0.0335
1 1.1125, 0.173875, 0.029, 0.02075
1 0.5108333333333334, 0.174375, 0.022, 0.0235
1 0.9835, 0.174375, 0.019666666666666666, 0.0345
1 0.2345, 0.178375, 0.021666666666666667, 0.016
1 0.2205, 0.182875, 0.022333333333333334, 0.026
1 0.25483333333333336, 0.184125, 0.027333333333333334, 0.03625
1 0.23516666666666666, 0.189625, 0.019666666666666666, 0.03
1 1.0468333333333333, 0.178125, 0.02, 0.0305
1 0.9395, 0.178875, 0.023333333333333334, 0.01225
1 1.0311666666666666, 0.178625, 0.016666666666666666, 0.03225
1 1.1811666666666667, 0.179375, 0.020666666666666667, 0.03625
1 1.0791666666666666, 0.179625, 0.019666666666666666, 0.031
1 0.16183333333333333, 0.180625, 0.028, 0.03475
1 0.8138333333333333, 0.180875, 0.018, 0.01725
1 0.19583333333333333, 0.183625, 0.028166666666666666, 0.02475
1 0.2055, 0.208125, 0.022333333333333334, 0.03625
1 1.0035, 0.183125, 0.012333333333333333, 0.02875
1 1.1348333333333334, 0.183875, 0.032, 0.03075
1 0.28883333333333333, 0.184625, 0.027, 0.01575
1 0.6481666666666667, 0.184625, 0.021333333333333333, 0.02675
1 0.8291666666666667, 0.185375, 0.02, 0.025
1 0.9665, 0.185375, 0.018333333333333333, 0.039
1 0.2708333333333333, 0.185625, 0.03333333333333333, 0.02725
1 0.2798333333333333, 0.203375, 0.019666666666666666, 0.0305
1 0.36983333333333335, 0.185625, 0.030333333333333334, 0.0195
1 1.1608333333333334, 0.186875, 0.023, 0.03225
1 0.5585, 0.187125, 0.026333333333333334, 0.015
1 0.1325, 0.187625, 0.028333333333333332, 0.021
1 0.3975, 0.188375, 0.033666666666666664, 0.01925
1 0.5995, 0.188375, 0.02666666666666667, 0.0155
1 0.9145, 0.188125, 0.044333333333333336, 0.0165
1 0.3368333333333333, 0.189375, 0.018666666666666668, 0.04125
1 0.3491666666666667, 0.196375, 0.018666666666666668, 0.02725
1 0.7201666666666666, 0.189375, 0.029666666666666668, 0.02375
1 1.0161666666666667, 0.192625, 0.017333333333333333, 0.0385
1 0.19216666666666668, 0.193625, 0.021, 0.0325
1 0.5775, 0.195125, 0.02666666666666667, 0.01975
1 1.1111666666666666, 0.194875, 0.019333333333333334, 0.0215
1 0.4765, 0.195125, 0.023666666666666666, 0.0225
1 0.15933333333333333, 0.196875, 0.0255, 0.0345
1 0.9821666666666666, 0.196625, 0.017666666666666667, 0.0265
1 0.9361666666666667, 0.197125, 0.021333333333333333, 0.03
1 0.2525, 0.198125, 0.023666666666666666, 0.0275
1 0.9515, 0.198625, 0.02033333333333333, 0.03675
1 1.0571666666666666, 0.198875, 0.016, 0.02025
1 0.11783333333333333, 0.199625, 0.021, 0.02825
1 0.10383333333333333, 0.204125, 0.036, 0.03075
1 1.1788333333333334, 0.199625, 0.039, 0.02775
1 0.8771666666666667, 0.200375, 0.039, 0.01875
1 0.8951666666666667, 0.205375, 0.03266666666666666, 0.02325
1 0.13816666666666666, 0.200625, 0.02033333333333333, 0.03175
1 0.2961666666666667, 0.200875, 0.017333333333333333, 0.033
1 0.31316666666666665, 0.202375, 0.010333333333333333, 0.032
1 0.37783333333333335, 0.202375, 0.027333333333333334, 0.01925
1 0.3715, 0.205375, 0.017666666666666667, 0.027
1 0.40016666666666667, 0.206875, 0.019666666666666666, 0.0125
1 0.5148333333333334, 0.202875, 0.028, 0.021
1 0.5388333333333334, 0.203625, 0.025, 0.02275
1 1.0925, 0.202875, 0.025333333333333333, 0.034
1 0.3561666666666667, 0.203625, 0.021, 0.03375
1 0.18383333333333332, 0.204375, 0.02, 0.03475
1 0.9221666666666667, 0.205875, 0.016666666666666666, 0.0345
1 0.32083333333333336, 0.206625, 0.018333333333333333, 0.0265
1 0.5715, 0.210625, 0.018666666666666668, 0.0165
1 1.1388333333333334, 0.207125, 0.025, 0.029
1 0.2285, 0.207625, 0.029, 0.032
1 0.9868333333333333, 0.208875, 0.03666666666666667, 0.0235
1 1.0371666666666666, 0.209125, 0.025, 0.0175
1 0.4151666666666667, 0.209875, 0.028666666666666667, 0.0205
1 0.6911666666666667, 0.211375, 0.03766666666666667, 0.024
1 0.7298333333333333, 0.210875, 0.03166666666666667, 0.01775
1 0.14416666666666667, 0.211125, 0.027333333333333334, 0.032
1 1.0735, 0.211375, 0.027333333333333334, 0.02675
1 0.4445, 0.215125, 0.019, 0.0165
1 1.1738333333333333, 0.215625, 0.046, 0.02725
1 1.0185, 0.215875, 0.024666666666666667, 0.0295
1 1.1198333333333332, 0.215875, 0.024333333333333332, 0.02975
1 0.4795, 0.216375, 0.029333333333333333, 0.01975
1 0.2225, 0.220375, 0.027, 0.0315
1 1.0578333333333334, 0.220375, 0.035, 0.03025
1 0.3898333333333333, 0.220625, 0.03, 0.02075
1 0.9088333333333334, 0.221625, 0.017666666666666667, 0.021
1 1.2181666666666666, 0.221875, 0.03166666666666667, 0.025
1 0.7315, 0.224375, 0.032, 0.022
1 0.2655, 0.224625, 0.028333333333333332, 0.03475
1 0.9205, 0.227875, 0.031, 0.02725
1 1.1031666666666666, 0.227625, 0.025666666666666667, 0.027
1 1.0941666666666667, 0.250875, 0.031, 0.0255
1 1.1881666666666666, 0.228125, 0.03233333333333333, 0.0265
1 0.25283333333333335, 0.228375, 0.019333333333333334, 0.031
1 0.5125, 0.228625, 0.013333333333333334, 0.031
1 0.9448333333333333, 0.230875, 0.026, 0.03625
1 1.0348333333333333, 0.232375, 0.029666666666666668, 0.0315
1 1.2628333333333333, 0.232375, 0.025666666666666667, 0.03225
1 0.14583333333333334, 0.232625, 0.046, 0.0235
1 0.4885, 0.236625, 0.024, 0.025
1 1.0635, 0.238875, 0.021666666666666667, 0.0325
1 1.0138333333333334, 0.240375, 0.027666666666666666, 0.0335
1 0.5318333333333334, 0.244125, 0.025, 0.017
1 1.0495, 0.247375, 0.016, 0.0275
1 1.0205, 0.258375, 0.03233333333333333, 0.023
1 1.0201666666666667, 0.273625, 0.024166666666666666, 0.02075
1 1.1408333333333334, 0.247375, 0.018, 0.036
1 1.1075, 0.248125, 0.03266666666666666, 0.0355
1 1.1601666666666666, 0.248125, 0.018333333333333333, 0.0315
1 1.2018333333333333, 0.250125, 0.022333333333333334, 0.0315
1 1.2245, 0.251875, 0.022, 0.02675
1 1.1841666666666666, 0.253625, 0.023666666666666666, 0.03875
1 0.8568333333333333, 0.258875, 0.023666666666666666, 0.01625
1 0.24516666666666667, 0.260375, 0.03333333333333333, 0.026
1 0.5261666666666667, 0.262125, 0.012666666666666666, 0.02225
1 1.1751666666666667, 0.262625, 0.018333333333333333, 0.034
1 0.8621666666666666, 0.265375, 0.024666666666666667, 0.01775
1 1.1278333333333332, 0.266375, 0.014333333333333333, 0.02225
1 1.0491666666666666, 0.268375, 0.026333333333333334, 0.0305
1 0.8345, 0.271125, 0.021, 0.00925
1 1.0241666666666667, 0.273875, 0.035333333333333335, 0.0285
1 0.7631666666666667, 0.277625, 0.028333333333333332, 0.032
1 1.0888333333333333, 0.277625, 0.019666666666666666, 0.03375
1 1.1101666666666667, 0.278625, 0.018, 0.021
1 1.1565, 0.278625, 0.022, 0.02125
1 1.1355, 0.280375, 0.024666666666666667, 0.02575
1 1.0588333333333333, 0.280625, 0.023666666666666666, 0.0305
1 1.2178333333333333, 0.282875, 0.021333333333333333, 0.032
1 1.2351666666666667, 0.283375, 0.03133333333333333, 0.026
1 1.0765, 0.289625, 0.013, 0.022
1 0.5618333333333333, 0.294625, 0.017, 0.02125
1 0.5775, 0.298875, 0.030333333333333334, 0.01625
1 1.1775, 0.299625, 0.03233333333333333, 0.01325
1 1.1891666666666667, 0.303125, 0.036333333333333336, 0.0195
1 0.0875, 0.303625, 0.019666666666666666, 0.02975
1 0.23583333333333334, 0.304625, 0.023, 0.034
1 0.5278333333333334, 0.304875, 0.022, 0.03
1 0.016833333333333332, 0.306625, 0.028, 0.0285
1 0.27116666666666667, 0.306125, 0.017, 0.03025
1 0.29483333333333334, 0.306125, 0.02266666666666667, 0.0315
1 1.0325, 0.306625, 0.03833333333333333, 0.01575
1 0.3338333333333333, 0.307375, 0.019666666666666666, 0.02875
1 0.5468333333333333, 0.307375, 0.018333333333333333, 0.0205
1 0.06883333333333333, 0.308125, 0.019333333333333334, 0.03075
1 0.38416666666666666, 0.308375, 0.044, 0.01675
1 0.3125, 0.308625, 0.015, 0.027
1 0.32216666666666666, 0.318125, 0.017333333333333333, 0.02275
1 0.25683333333333336, 0.310125, 0.017, 0.03
1 1.0915, 0.311875, 0.025333333333333333, 0.02975
1 -0.00016666666666666666, 0.312375, 0.017666666666666667, 0.034
1 0.10183333333333333, 0.312125, 0.027666666666666666, 0.02425
1 0.0035, 0.312875, 0.028333333333333332, 0.03075
1 0.1405, 0.313125, 0.026, 0.0305
1 0.2055, 0.314625, 0.019, 0.02675
1 0.12716666666666668, 0.315625, 0.020666666666666667, 0.02475
1 0.16416666666666666, 0.315625, 0.023, 0.0375
1 0.19383333333333333, 0.319875, 0.019666666666666666, 0.03225
1 0.5645, 0.319875, 0.030333333333333334, 0.02675
1 0.22383333333333333, 0.320125, 0.027333333333333334, 0.0295
1 0.5991666666666666, 0.321125, 0.021333333333333333, 0.023
1 0.17916666666666667, 0.322625, 0.015, 0.02975
1 0.6845, 0.322625, 0.02033333333333333, 0.02775
1 0.2865, 0.323375, 0.027666666666666666, 0.035
1 0.8761666666666666, 0.324125, 0.016666666666666666, 0.01875
1 0.058833333333333335, 0.326375, 0.024, 0.018
1 0.7235, 0.326375, 0.029333333333333333, 0.0265
1 0.7281666666666666, 0.334625, 0.03333333333333333, 0.03
1 0.09316666666666666, 0.327625, 0.04133333333333333, 0.02325
1 0.8235, 0.330125, 0.02266666666666667, 0.025
1 0.6321666666666667, 0.330125, 0.018, 0.03025
1 0.8435, 0.332375, 0.029, 0.01525
1 0.5388333333333334, 0.333875, 0.024333333333333332, 0.023
1 0.6481666666666667, 0.333625, 0.014666666666666666, 0.0245
1 0.6595, 0.333875, 0.013, 0.0185
1 0.7605, 0.333875, 0.025666666666666667, 0.0255
1 0.6961666666666667, 0.334875, 0.019333333333333334, 0.03325
1 0.9831666666666666, 0.335125, 0.023, 0.02775
1 0.27616666666666667, 0.335875, 0.025666666666666667, 0.02775
1 1.2198333333333333, 0.335625, 0.025333333333333333, 0.0305
1 1.2035, 0.337125, 0.026, 0.028
1 0.7868333333333334, 0.340625, 0.025666666666666667, 0.02525
1 0.7705, 0.343625, 0.029, 0.02725
1 0.8065, 0.340375, 0.019666666666666666, 0.025
1 0.00016666666666666666, 0.340625, 0.011333333333333334, 0.01075
1 0.7088333333333333, 0.341375, 0.018, 0.029
1 0.5605, 0.341625, 0.017, 0.0175
1 1.1811666666666667, 0.341875, 0.017, 0.0265
1 0.4791666666666667, 0.342625, 0.018, 0.02575
1 1.1955, 0.342125, 0.013333333333333334, 0.02525
1 1.1618333333333333, 0.342875, 0.019333333333333334, 0.02725
1 0.8728333333333333, 0.343875, 0.018666666666666668, 0.0185
1 0.5055, 0.344625, 0.02, 0.026
1 0.8888333333333334, 0.344875, 0.036, 0.017
1 0.46216666666666667, 0.346625, 0.015333333333333332, 0.01675
1 0.9918333333333333, 0.346875, 0.030333333333333334, 0.02175
1 0.49516666666666664, 0.347125, 0.012666666666666666, 0.02275
1 0.8358333333333333, 0.347625, 0.030666666666666665, 0.022
1 0.8658333333333333, 0.348375, 0.018, 0.0165
1 0.1695, 0.349125, 0.028666666666666667, 0.0135
1 0.12783333333333333, 0.350125, 0.036333333333333336, 0.0175
1 0.5701666666666667, 0.352875, 0.024, 0.021
1 0.4435, 0.356625, 0.022333333333333334, 0.0245
1 0.5858333333333333, 0.357875, 0.017, 0.01675
1 0.5791666666666667, 0.399875, 0.019, 0.0105
1 1.0448333333333333, 0.399875, 0.01633333333333333, 0.0215
1 0.9378333333333333, 0.402375, 0.015, 0.01675
1 0.6955, 0.404875, 0.017, 0.01875
1 0.8725, 0.406125, 0.01633333333333333, 0.02125
1 0.9878333333333333, 0.407125, 0.016666666666666666, 0.01925
1 0.8041666666666667, 0.407875, 0.02033333333333333, 0.01125
1 0.7261666666666666, 0.411375, 0.017, 0.02
1 0.7718333333333334, 0.411375, 0.027333333333333334, 0.01275
1 0.41683333333333333, 0.413875, 0.018333333333333333, 0.01975
1 0.3958333333333333, 0.414125, 0.016, 0.02
1 0.44316666666666665, 0.420125, 0.02266666666666667, 0.01675
1 0.8018333333333333, 0.427125, 0.02033333333333333, 0.01475
1 0.3541666666666667, 0.429875, 0.024, 0.01725
1 0.052833333333333336, 0.431625, 0.028333333333333332, 0.01725
1 0.0245, 0.458375, 0.025666666666666667, 0.013
1 0.44383333333333336, 0.596875, 0.013666666666666667, 0.02275
1 1.1061666666666667, 0.132125, 0.018073333333333334, 0.0245625
1 1.1214899999999999, 0.145, 0.025996666666666664, 0.0276875
1 1.10449, 0.161, 0.038663333333333334, 0.023875
1 0.6893299999999999, 0.15125, 0.023996666666666666, 0.038625
1 0.6839966666666666, 0.158875, 0.017166666666666667, 0.0356875
1 0.62525, 0.3230625, 0.013913333333333335, 0.010625
1 0.6098333333333333, 0.3221875, 0.01875, 0.01175
1 0.6133333333333333, 0.33125, 0.02425, 0.0165625
1 0.44434, 0.3423125, 0.021663333333333333, 0.018125
1 0.4420866666666667, 0.3349375, 0.014, 0.0265325
1 0.5085, 0.318125, 0.02608, 0.022125
1 0.4987533333333333, 0.3109375, 0.02083, 0.0309375
1 0.47517, 0.3228125, 0.022496666666666665, 0.01875
1 0.4748366666666667, 0.321375, 0.012416666666666666, 0.015
1 0.35641666666666666, 0.33025, 0.042243333333333334, 0.02025
1 0.35341666666666666, 0.33625, 0.03108, 0.020375
1 0.16498333333333334, 0.167125, 0.03159, 0.029625
1 0.17866, 0.1646875, 0.048409999999999995, 0.0210625
1 0.40223000000000003, 0.148, 0.022996666666666665, 0.0240625
1 0.38566333333333336, 0.165125, 0.036623333333333334, 0.0205625
1 0.4616466666666667, 0.21375, 0.021166666666666667, 0.026125
1 0.45682333333333336, 0.23428, 0.03196333333333334, 0.0254075
1 0.5724666666666667, 0.148375, 0.02583, 0.032405
1 0.56583, 0.15025, 0.019956666666666664, 0.0339375
1 0.6700766666666667, 0.1794375, 0.02058, 0.0139375
1 0.6684100000000001, 0.1911875, 0.04641, 0.018875
