1 0.796875, 0.2865, 0.017666666666666667, 0.01225
1 0.805125, 0.2891666666666667, 0.013, 0.00775
1 0.793625, 0.2951666666666667, 0.012, 0.012
1 0.788125, 0.2965, 0.012666666666666666, 0.01225
1 0.749875, 0.3421666666666667, 0.012666666666666666, 0.0095
1 0.744125, 0.3441666666666667, 0.01633333333333333, 0.01125
1 0.750375, 0.3615, 0.011333333333333334, 0.0095
1 0.759375, 0.3641666666666667, 0.013666666666666667, 0.0065
1 0.746875, 0.3675, 0.015, 0.016
1 0.742125, 0.37016666666666664, 0.012666666666666666, 0.014375
1 0.714875, 0.36883333333333335, 0.013333333333333334, 0.0115
1 0.736625, 0.37416666666666665, 0.012, 0.0115
1 0.746875, 0.38216666666666665, 0.014, 0.009
1 0.735625, 0.3835, 0.013, 0.011
1 0.726875, 0.3855, 0.009333333333333334, 0.013
1 0.510875, 0.38616666666666666, 0.009666666666666667, 0.006
1 0.704875, 0.4098333333333333, 0.007333333333333333, 0.0195
1 0.740125, 0.4101666666666667, 0.01633333333333333, 0.009
1 0.704125, 0.4165, 0.015333333333333332, 0.017
1 0.715875, 0.4175, 0.009, 0.015
1 0.688375, 0.4275, 0.018, 0.015
1 0.682875, 0.43216666666666664, 0.017666666666666667, 0.01675
1 0.670375, 0.43683333333333335, 0.008666666666666666, 0.016
1 0.671375, 0.44383333333333336, 0.011, 0.02
1 0.652875, 0.4515, 0.015, 0.0145
1 0.651875, 0.45616666666666666, 0.017333333333333333, 0.01425
1 0.665375, 0.4525, 0.018666666666666668, 0.01175
1 0.638125, 0.4535, 0.012, 0.01425
1 0.634375, 0.4595, 0.011666666666666667, 0.01775
1 0.631625, 0.4651666666666667, 0.009666666666666667, 0.0165
1 0.646375, 0.4718333333333333, 0.011333333333333334, 0.017
1 0.626875, 0.47383333333333333, 0.010333333333333333, 0.02
1 0.631375, 0.4825, 0.015666666666666666, 0.02
1 0.494125, 0.48583333333333334, 0.013333333333333334, 0.0085
1 0.616375, 0.4855, 0.019666666666666666, 0.01675
1 0.625625, 0.4855, 0.017666666666666667, 0.018
1 0.584625, 0.5008333333333334, 0.021, 0.01575
1 0.571375, 0.5038333333333334, 0.015333333333333332, 0.01825
1 0.561125, 0.5111666666666667, 0.021, 0.01775
1 0.571375, 0.5121666666666667, 0.019, 0.018
1 0.557625, 0.5168333333333334, 0.019333333333333334, 0.017
1 0.553375, 0.5258333333333334, 0.018, 0.018
1 0.550125, 0.5311666666666667, 0.02033333333333333, 0.01675
1 0.539375, 0.5321666666666667, 0.016, 0.0165
1 0.534625, 0.5395, 0.015666666666666666, 0.0165
1 0.548625, 0.5465, 0.019666666666666666, 0.01275
1 0.531875, 0.5551666666666667, 0.025666666666666667, 0.0155
1 0.540125, 0.5548333333333333, 0.02033333333333333, 0.016
1 0.522625, 0.5558333333333333, 0.026, 0.01575
1 0.508875, 0.5565, 0.017666666666666667, 0.01825
1 0.506375, 0.5661666666666667, 0.015666666666666666, 0.0165
1 0.504125, 0.5755, 0.018666666666666668, 0.01875
1 0.522625, 0.5755, 0.025666666666666667, 0.01425
1 0.499375, 0.5798333333333333, 0.018666666666666668, 0.018
1 0.463875, 0.5835, 0.021, 0.01125
1 0.487875, 0.5885, 0.019, 0.01775
1 0.480375, 0.5941666666666666, 0.02033333333333333, 0.01825
1 0.476375, 0.5985, 0.023, 0.01725
1 0.468125, 0.6048333333333333, 0.023666666666666666, 0.01225
1 0.461125, 0.6125, 0.028666666666666667, 0.00925
1 0.365125, 0.6141666666666666, 0.01633333333333333, 0.012
1 0.478125, 0.6171666666666666, 0.027333333333333334, 0.01225
1 0.443625, 0.6245, 0.018333333333333333, 0.0175
1 0.465875, 0.6278333333333334, 0.025333333333333333, 0.01125
1 0.438375, 0.6298333333333334, 0.02266666666666667, 0.0195
1 0.433375, 0.6381666666666667, 0.018333333333333333, 0.018
1 0.386625, 0.6431666666666667, 0.025, 0.0155
1 0.427625, 0.6458333333333334, 0.02, 0.02075
1 0.460625, 0.6488333333333334, 0.022, 0.02075
1 0.412125, 0.6628333333333334, 0.02666666666666667, 0.01375
1 0.402375, 0.6651666666666667, 0.028, 0.01375
1 0.366375, 0.6671666666666667, 0.029666666666666668, 0.01625
1 0.374125, 0.6728333333333333, 0.034333333333333334, 0.014
1 0.387875, 0.6751666666666667, 0.019333333333333334, 0.0185
1 0.330875, 0.7018333333333333, 0.030666666666666665, 0.0165
1 0.318625, 0.7278333333333333, 0.035, 0.0135
1 0.309125, 0.7338333333333333, 0.034, 0.01125
1 0.298625, 0.7401666666666666, 0.032, 0.012
1 0.286375, 0.7471666666666666, 0.03166666666666667, 0.0145
1 0.274625, 0.7521666666666667, 0.03233333333333333, 0.01875
1 0.258375, 0.7605, 0.027666666666666666, 0.0205
1 0.253625, 0.7761666666666667, 0.025, 0.0225
1 0.371485, 0.5503333333333333, 0.017666666666666667, 0.0262475
1 0.444125, 0.6105, 0.020166666666666666, 0.018365
1 0.44459249999999995, 0.6020833333333333, 0.018083333333333333, 0.019622499999999998
1 0.7248049999999999, 0.41229333333333334, 0.011373333333333333, 0.0125975
1 0.7172474999999999, 0.406, 0.011333333333333334, 0.0221225
1 0.7148574999999999, 0.4013333333333333, 0.00825, 0.024122499999999998
1 0.7200875, 0.3933733333333333, 0.012043333333333335, 0.0181225
1 0.72368, 0.3889166666666667, 0.018666666666666668, 0.0173425
