1 0.5750182748538012, 0.3033168859649123, 0.03782894736842105, 0.021564327485380116
1 0.5094115497076024, 0.3060581140350877, 0.03700657894736842, 0.020650584795321638
1 0.531889619883041, 0.3104440789473684, 0.04851973684210526, 0.017726608187134504
1 0.5481542397660819, 0.3159265350877193, 0.04331140350877193, 0.020650584795321638
1 0.4761513157894737, 0.3255208333333333, 0.0268640350877193, 0.03399122807017544
1 0.5582054093567251, 0.3521107456140351, 0.03618421052631579, 0.020650584795321638
1 0.45476973684210525, 0.3529331140350877, 0.046052631578947366, 0.025950292397660817
1 0.4286366959064328, 0.3567708333333333, 0.04851973684210526, 0.018092105263157895
1 0.5881761695906432, 0.3581414473684211, 0.0537280701754386, 0.01699561403508772
1 0.5642361111111112, 0.36225328947368424, 0.0356359649122807, 0.021929824561403508
1 0.39144736842105265, 0.3671875, 0.04523026315789474, 0.01781798245614035
1 0.5019188596491229, 0.36691337719298245, 0.03892543859649123, 0.029605263157894735
1 0.6024305555555556, 0.36746162280701755, 0.042214912280701754, 0.019371345029239765
1 0.5947551169590644, 0.40858004385964913, 0.03453947368421053, 0.034173976608187134
1 0.6053545321637427, 0.4231085526315789, 0.0556469298245614, 0.020833333333333332
1 0.37015716374269003, 0.37075109649122806, 0.047149122807017545, 0.02284356725146199
1 0.6386147660818714, 0.3743146929824561, 0.03755482456140351, 0.0268640350877193
1 0.6757127192982456, 0.3808936403508772, 0.060581140350877194, 0.014985380116959063
1 0.34694809941520466, 0.3833607456140351, 0.038651315789473686, 0.033625730994152045
1 0.6616410818713451, 0.38637609649122806, 0.047149122807017545, 0.01608187134502924
1 0.4045138888888889, 0.38692434210526316, 0.049342105263157895, 0.01864035087719298
1 0.43759137426900585, 0.39487390350877194, 0.02275219298245614, 0.03618421052631579
1 0.6466557017543859, 0.39377741228070173, 0.04358552631578947, 0.019005847953216373
1 0.6479349415204678, 0.43078399122807015, 0.051535087719298246, 0.019371345029239765
1 0.41584429824561403, 0.3945997807017544, 0.049342105263157895, 0.021564327485380116
1 0.4295504385964912, 0.4140625, 0.02768640350877193, 0.03837719298245614
1 0.6234466374269005, 0.39761513157894735, 0.04906798245614035, 0.016812865497076022
1 0.3376279239766082, 0.3984375, 0.03618421052631579, 0.030884502923976608
1 0.5295138888888888, 0.39925986842105265, 0.05701754385964912, 0.019554093567251463
1 0.573921783625731, 0.3998081140350877, 0.03508771929824561, 0.027412280701754384
1 0.5529057017543859, 0.4022752192982456, 0.03755482456140351, 0.017909356725146198
1 0.30857090643274854, 0.4063870614035088, 0.04139254385964912, 0.02412280701754386
1 0.6954495614035088, 0.4074835526315789, 0.03892543859649123, 0.025950292397660817
1 0.4609831871345029, 0.4096765350877193, 0.04111842105263158, 0.028143274853801168
1 0.48967470760233917, 0.4102247807017544, 0.03262061403508772, 0.012792397660818713
1 0.5084978070175439, 0.4159813596491228, 0.024671052631578948, 0.023026315789473683
1 0.37947733918128657, 0.42009320175438597, 0.06140350877192982, 0.019005847953216373
1 0.5702668128654971, 0.4222861842105263, 0.03892543859649123, 0.020285087719298246
1 0.45568347953216376, 0.4527138157894737, 0.022203947368421052, 0.03609283625730994
1 0.5123355263157895, 0.42694627192982454, 0.048793859649122806, 0.0222953216374269
1 0.3511513157894737, 0.42749451754385964, 0.03042763157894737, 0.03070175438596491
1 0.5512609649122807, 0.4291392543859649, 0.046052631578947366, 0.023026315789473683
1 0.32227704678362573, 0.43133223684210525, 0.022478070175438597, 0.033808479532163746
1 0.4224232456140351, 0.4335252192982456, 0.018914473684210526, 0.02905701754385965
1 0.6928910818713451, 0.44065241228070173, 0.04358552631578947, 0.0268640350877193
1 0.40652412280701755, 0.4447642543859649, 0.04468201754385965, 0.017909356725146198
1 0.3626644736842105, 0.44832785087719296, 0.03919956140350877, 0.015716374269005847
1 0.5699013157894737, 0.45216557017543857, 0.02631578947368421, 0.014985380116959063
1 0.6016995614035088, 0.45792214912280704, 0.05263157894736842, 0.02412280701754386
1 0.5868969298245614, 0.45929276315789475, 0.06085526315789474, 0.02412280701754386
1 0.6651133040935673, 0.4595668859649123, 0.034265350877192985, 0.02905701754385965
1 0.49588815789473684, 0.46779057017543857, 0.03782894736842105, 0.013888888888888888
1 0.5243969298245614, 0.47382127192982454, 0.02412280701754386, 0.033808479532163746
1 0.6647478070175439, 0.4804002192982456, 0.04550438596491228, 0.027046783625730993
1 0.3516995614035088, 0.48122258771929827, 0.05180921052631579, 0.021747076023391813
1 0.4852887426900585, 0.48122258771929827, 0.043859649122807015, 0.016264619883040937
1 0.4746893274853801, 0.5121984649122807, 0.0424890350877193, 0.011878654970760233
1 0.6303910818713451, 0.4828673245614035, 0.026041666666666668, 0.03344298245614035
1 0.36796418128654973, 0.48533442982456143, 0.04276315789473684, 0.027412280701754384
1 0.37966008771929827, 0.5280975877192983, 0.03974780701754386, 0.014437134502923976
1 0.4297331871345029, 0.48725328947368424, 0.05592105263157895, 0.016264619883040937
1 0.31935307017543857, 0.49328399122807015, 0.04742324561403509, 0.024853801169590642
1 0.5311586257309941, 0.4935581140350877, 0.044407894736842105, 0.02320906432748538
1 0.3361659356725146, 0.4941063596491228, 0.05016447368421053, 0.024671052631578948
1 0.5675255847953217, 0.4965734649122807, 0.05537280701754386, 0.018457602339181287
1 0.5503472222222222, 0.4987664473684211, 0.049890350877192985, 0.01864035087719298
1 0.5293311403508771, 0.5034265350877193, 0.033168859649122806, 0.018457602339181287
1 0.5879934210526315, 0.5058936403508771, 0.041666666666666664, 0.020285087719298246
1 0.4182200292397661, 0.5089089912280702, 0.09539473684210527, 0.017543859649122806
1 0.43028143274853803, 0.5091831140350878, 0.08826754385964912, 0.025767543859649123
1 0.3827668128654971, 0.5467379385964912, 0.062225877192982455, 0.020650584795321638
1 0.4500182748538012, 0.5124725877192983, 0.03919956140350877, 0.016264619883040937
1 0.4613486842105263, 0.5198739035087719, 0.0581140350877193, 0.014619883040935672
1 0.4432565789473684, 0.5472861842105263, 0.04742324561403509, 0.01425438596491228
1 0.4538559941520468, 0.5511239035087719, 0.03728070175438596, 0.013523391812865496
1 0.4390533625730994, 0.5766173245614035, 0.05975877192982456, 0.019919590643274854
1 0.40670687134502925, 0.5185032894736842, 0.0581140350877193, 0.01663011695906433
1 0.5161732456140351, 0.5185032894736842, 0.030975877192982455, 0.034173976608187134
1 0.4849232456140351, 0.5272752192982456, 0.0556469298245614, 0.021929824561403508
1 0.6753472222222222, 0.5270010964912281, 0.05043859649122807, 0.021929824561403508
1 0.6210709064327485, 0.5278234649122807, 0.02905701754385965, 0.0356359649122807
1 0.5152595029239766, 0.5500274122807017, 0.06085526315789474, 0.020650584795321638
1 0.3632127192982456, 0.5302905701754386, 0.048793859649122806, 0.014802631578947368
1 0.3637609649122807, 0.5524945175438597, 0.0625, 0.019371345029239765
1 0.6576206140350878, 0.5322094298245614, 0.04057017543859649, 0.015533625730994151
1 0.6477521929824561, 0.5467379385964912, 0.026589912280701754, 0.015899122807017545
1 0.6413559941520468, 0.5708607456140351, 0.05043859649122807, 0.02448830409356725
1 0.5724597953216374, 0.5448190789473685, 0.05235745614035088, 0.015350877192982455
1 0.34822733918128657, 0.545641447368421, 0.05893640350877193, 0.01699561403508772
1 0.7022112573099415, 0.5459155701754386, 0.049342105263157895, 0.019005847953216373
1 0.6053545321637427, 0.5470120614035088, 0.03673245614035088, 0.013888888888888888
1 0.5423062865497076, 0.548108552631579, 0.04523026315789474, 0.017726608187134504
1 0.5832419590643275, 0.5486567982456141, 0.05180921052631579, 0.019371345029239765
1 0.6336805555555556, 0.5492050438596491, 0.05016447368421053, 0.013523391812865496
1 0.4772478070175439, 0.5494791666666666, 0.05016447368421053, 0.0133406432748538
1 0.4847404970760234, 0.5952576754385965, 0.05043859649122807, 0.01864035087719298
1 0.2977887426900585, 0.5522203947368421, 0.04550438596491228, 0.025584795321637425
1 0.5962171052631579, 0.5568804824561403, 0.03481359649122807, 0.012244152046783625
1 0.6631030701754386, 0.5571546052631579, 0.0625, 0.01663011695906433
1 0.5582054093567251, 0.5607182017543859, 0.059484649122807015, 0.01918859649122807
1 0.5287828947368421, 0.5590734649122807, 0.04194078947368421, 0.02722953216374269
1 0.6183296783625731, 0.5590734649122807, 0.05674342105263158, 0.01644736842105263
1 0.46829312865497075, 0.5618146929824561, 0.042214912280701754, 0.013888888888888888
1 0.6049890350877193, 0.5694901315789473, 0.046052631578947366, 0.016812865497076022
1 0.49077119883040937, 0.5703125, 0.042214912280701754, 0.014802631578947368
1 0.6813779239766082, 0.5804550438596491, 0.046052631578947366, 0.02101608187134503
1 0.4576937134502924, 0.5837445175438597, 0.03125, 0.023574561403508772
1 0.6963633040935673, 0.6763980263157895, 0.02275219298245614, 0.011421783625730994
1 0.6738852339181286, 0.7109375, 0.03125, 0.019005847953216373
1 0.3961531432748538, 0.5359128289473685, 0.056606359649122806, 0.021107456140350877
1 0.3945997807017544, 0.5715296052631579, 0.03998629385964912, 0.029559576023391813
1 0.49798976608187134, 0.5289199561403509, 0.061197916666666664, 0.022112573099415205
1 0.5019407894736841, 0.5835060307017544, 0.04779879385964912, 0.02081140350877193
1 0.6578015350877192, 0.6822258771929826, 0.03673245614035088, 0.012152777777777778
1 0.6230811403508771, 0.444046052631579, 0.04146107456140351, 0.028188961988304093
1 0.46920687134502925, 0.4238623903508772, 0.031252741228070174, 0.0222953216374269
1 0.48186220760233917, 0.44425164473684214, 0.02816611842105263, 0.03961074561403509
