1 0.06569809941520467, 0.06565241228070176, 0.035910087719298246, 0.023391812865497075
1 0.07995248538011696, 0.07935855263157894, 0.04111842105263158, 0.0268640350877193
1 0.10316154970760234, 0.08675986842105263, 0.05263157894736842, 0.021747076023391813
1 0.11412646198830409, 0.08675986842105263, 0.054276315789473686, 0.022478070175438597
1 0.1583516081871345, 0.08813048245614036, 0.038651315789473686, 0.029788011695906433
1 0.08543494152046784, 0.0903234649122807, 0.043859649122807015, 0.02503654970760234
1 0.4949744152046784, 0.09251644736842106, 0.04742324561403509, 0.021701388888888888
1 0.13313230994152048, 0.09416118421052631, 0.04824561403508772, 0.015899122807017545
1 0.1453764619883041, 0.09498355263157894, 0.0581140350877193, 0.01699561403508772
1 0.15615862573099415, 0.09882127192982457, 0.044956140350877194, 0.020650584795321638
1 0.3641264619883041, 0.11691337719298246, 0.04331140350877193, 0.03399122807017544
1 0.5123355263157895, 0.11828399122807018, 0.023026315789473683, 0.039656432748538015
1 0.4697551169590643, 0.11883223684210527, 0.05043859649122807, 0.014985380116959063
1 0.11851242690058479, 0.1196546052631579, 0.05345394736842105, 0.021929824561403508
1 0.4536732456140351, 0.12129934210526316, 0.054276315789473686, 0.018457602339181287
1 0.4876644736842105, 0.1215734649122807, 0.0268640350877193, 0.02266081871345029
1 0.3999451754385965, 0.12212171052631579, 0.032072368421052634, 0.01827485380116959
1 0.4087171052631579, 0.13007127192982457, 0.046600877192982455, 0.018457602339181287
1 0.24131944444444445, 0.12431469298245613, 0.02549342105263158, 0.03892543859649123
1 0.38934576023391815, 0.13116776315789475, 0.05893640350877193, 0.02010233918128655
1 0.3601059941520468, 0.1602247807017544, 0.03399122807017544, 0.03234649122807018
1 0.42041301169590645, 0.13116776315789475, 0.0644188596491228, 0.021747076023391813
1 0.5397478070175439, 0.13116776315789475, 0.03618421052631579, 0.03453947368421053
1 0.07136330409356725, 0.13445723684210525, 0.027138157894736843, 0.04111842105263158
1 0.4840095029239766, 0.13637609649122806, 0.046052631578947366, 0.029605263157894735
1 0.5019188596491229, 0.13802083333333334, 0.02631578947368421, 0.042214912280701754
1 0.5125182748538012, 0.15364583333333334, 0.05400219298245614, 0.019919590643274854
1 0.4346673976608187, 0.14021381578947367, 0.06140350877192982, 0.015350877192982455
1 0.08580043859649122, 0.14185855263157895, 0.036458333333333336, 0.036915204678362575
1 0.18247441520467836, 0.14185855263157895, 0.046052631578947366, 0.025767543859649123
1 0.20604897660818713, 0.14432565789473684, 0.044407894736842105, 0.020650584795321638
1 0.4463633040935672, 0.14432565789473684, 0.0556469298245614, 0.0133406432748538
1 0.4662828947368421, 0.16324013157894737, 0.0400219298245614, 0.02503654970760234
1 0.45093201754385964, 0.1640625, 0.04029605263157895, 0.029605263157894735
1 0.3005299707602339, 0.15008223684210525, 0.052083333333333336, 0.028691520467836257
1 0.5454130116959064, 0.15117872807017543, 0.02823464912280702, 0.03289473684210526
1 0.2566703216374269, 0.15611293859649122, 0.05359100877192982, 0.019371345029239765
1 0.22505482456140352, 0.15638706140350878, 0.041666666666666664, 0.028326023391812866
1 0.52640716374269, 0.16515899122807018, 0.04742324561403509, 0.02101608187134503
1 0.4913194444444444, 0.1679002192982456, 0.05838815789473684, 0.021564327485380116
1 0.503015350877193, 0.20052083333333334, 0.062225877192982455, 0.033808479532163746
1 0.5366410818713451, 0.16570723684210525, 0.055098684210526314, 0.0222953216374269
1 0.5328033625730995, 0.20984100877192982, 0.06414473684210527, 0.01918859649122807
1 0.40670687134502925, 0.1679002192982456, 0.05455043859649123, 0.016264619883040937
1 0.2829861111111111, 0.1689967105263158, 0.04673793859649123, 0.024671052631578948
1 0.5507127192982456, 0.1777001096491228, 0.02665844298245614, 0.034173976608187134
1 0.48163377192982454, 0.18050986842105263, 0.05016447368421053, 0.01644736842105263
1 0.3381761695906433, 0.1816063596491228, 0.04468201754385965, 0.036458333333333336
1 0.4045595760233918, 0.18983004385964913, 0.059484649122807015, 0.033945540935672515
1 0.45879020467836257, 0.19695723684210525, 0.046875, 0.02448830409356725
1 0.4498355263157895, 0.22793311403508773, 0.04139254385964912, 0.03654970760233918
1 0.42059576023391815, 0.20161732456140352, 0.04851973684210526, 0.03728070175438596
1 0.43832236842105265, 0.20298793859649122, 0.046600877192982455, 0.029605263157894735
1 0.3347039473684211, 0.20243969298245615, 0.055989583333333336, 0.024077119883040937
1 0.3074744152046784, 0.20298793859649122, 0.04358552631578947, 0.025676169590643276
1 0.5488852339181286, 0.20518092105263158, 0.03700657894736842, 0.029605263157894735
1 0.6539656432748538, 0.21340460526315788, 0.0649671052631579, 0.02010233918128655
1 0.6662097953216374, 0.22711074561403508, 0.042214912280701754, 0.01663011695906433
1 0.27147295321637427, 0.22902960526315788, 0.05482456140350877, 0.02010233918128655
1 0.4743238304093567, 0.22957785087719298, 0.04057017543859649, 0.027960526315789474
1 0.5683936403508771, 0.23177083333333334, 0.04276315789473684, 0.04262609649122807
1 0.5470577485380117, 0.23643092105263158, 0.03399122807017544, 0.04148391812865497
1 0.5015533625730995, 0.23889802631578946, 0.04742324561403509, 0.025584795321637425
1 0.18868786549707603, 0.24958881578947367, 0.03344298245614035, 0.019371345029239765
1 0.4293676900584795, 0.24958881578947367, 0.04276315789473684, 0.034722222222222224
1 0.12472587719298246, 0.25561951754385964, 0.04468201754385965, 0.022112573099415205
1 -9.137426900584795e-05, 0.25616776315789475, 0.0512609649122807, 0.016264619883040937
1 0.22158260233918128, 0.2572642543859649, 0.04139254385964912, 0.017543859649122806
1 0.32300804093567254, 0.2578125, 0.05078125, 0.019005847953216373
1 0.3378563596491228, 0.25945723684210525, 0.05585252192982456, 0.02206688596491228
1 0.29851973684210525, 0.2641173245614035, 0.0381030701754386, 0.02147295321637427
1 0.23492324561403508, 0.2663103070175439, 0.05619517543859649, 0.019005847953216373
1 0.3670504385964912, 0.2660361842105263, 0.06256853070175439, 0.026498538011695907
1 0.15652412280701755, 0.2676809210526316, 0.05619517543859649, 0.01918859649122807
1 0.1444627192982456, 0.2904331140350877, 0.055098684210526314, 0.01882309941520468
1 0.24954312865497075, 0.2715186403508772, 0.05071271929824561, 0.02284356725146199
1 0.2689144736842105, 0.2739857456140351, 0.04413377192982456, 0.014619883040935672
1 0.10681652046783625, 0.2759046052631579, 0.04577850877192982, 0.02320906432748538
1 0.19325657894736842, 0.2759046052631579, 0.05180921052631579, 0.02101608187134503
1 0.4310124269005848, 0.27891995614035087, 0.05317982456140351, 0.02722953216374269
1 0.28134137426900585, 0.28604714912280704, 0.057839912280701754, 0.019554093567251463
1 0.2791483918128655, 0.32497258771929827, 0.04331140350877193, 0.023574561403508772
1 0.01781798245614035, 0.28741776315789475, 0.05235745614035088, 0.01699561403508772
1 0.3937317251461988, 0.2890625, 0.044407894736842105, 0.027595029239766082
1 0.3802083333333333, 0.2909813596491228, 0.02138157894736842, 0.0268640350877193
1 0.03280336257309942, 0.29125548245614036, 0.054276315789473686, 0.019371345029239765
1 0.1183296783625731, 0.2948190789473684, 0.05592105263157895, 0.027046783625730993
1 0.48218201754385964, 0.2964638157894737, 0.05893640350877193, 0.02101608187134503
1 0.051443713450292396, 0.2967379385964912, 0.0668859649122807, 0.01882309941520468
1 0.0022843567251461987, 0.2972861842105263, 0.05016447368421053, 0.015716374269005847
1 0.005573830409356725, 0.3334703947368421, 0.049890350877192985, 0.0222953216374269
1 0.3184393274853801, 0.29920504385964913, 0.05619517543859649, 0.020650584795321638
1 0.1768092105263158, 0.2994791666666667, 0.051535087719298246, 0.016812865497076022
1 0.4222404970760234, 0.30057565789473684, 0.047697368421052634, 0.013706140350877192
1 0.7045869883040936, 0.3046875, 0.04851973684210526, 0.03326023391812866
1 0.37070540935672514, 0.3079769736842105, 0.043859649122807015, 0.0266812865497076
1 0.7438779239766082, 0.30770285087719296, 0.06112938596491228, 0.023026315789473683
1 0.21847587719298245, 0.3112664473684211, 0.0581140350877193, 0.023940058479532164
1 0.15634137426900585, 0.31345942982456143, 0.05235745614035088, 0.019919590643274854
1 0.32922149122807015, 0.31483004385964913, 0.05893640350877193, 0.027412280701754384
1 0.301078216374269, 0.32990679824561403, 0.051535087719298246, 0.03271198830409357
1 0.6360562865497076, 0.3145559210526316, 0.06414473684210527, 0.029148391812865496
1 0.6620979532163743, 0.3274396929824561, 0.044407894736842105, 0.02823464912280702
1 0.25703581871345027, 0.31565241228070173, 0.047697368421052634, 0.027412280701754384
1 0.46865862573099415, 0.3164747807017544, 0.04742324561403509, 0.012975146198830409
1 0.8001644736842105, 0.3170230263157895, 0.048793859649122806, 0.03289473684210526
1 0.8553545321637427, 0.3164747807017544, 0.0581140350877193, 0.0266812865497076
1 0.24150219298245615, 0.31757127192982454, 0.02850877192982456, 0.03271198830409357
1 0.5408442982456141, 0.31811951754385964, 0.05619517543859649, 0.017178362573099414
1 0.4984466374269006, 0.31866776315789475, 0.049342105263157895, 0.018457602339181287
1 0.4046966374269006, 0.31949013157894735, 0.06112938596491228, 0.020833333333333332
1 0.09950657894736842, 0.3197642543859649, 0.05674342105263158, 0.02046783625730994
1 0.5848866959064327, 0.32250548245614036, 0.05290570175438596, 0.021929824561403508
1 0.19161184210526316, 0.32497258771929827, 0.05290570175438596, 0.03125
1 0.7584978070175439, 0.32497258771929827, 0.05263157894736842, 0.03070175438596491
1 0.073921783625731, 0.35060307017543857, 0.0678453947368421, 0.022021198830409358
1 0.34713084795321636, 0.3260690789473684, 0.07209429824561403, 0.025767543859649123
1 0.44435307017543857, 0.3266173245614035, 0.06359649122807018, 0.02448830409356725
1 0.5229349415204678, 0.3296326754385965, 0.0581140350877193, 0.018092105263157895
1 0.4989948830409357, 0.3373081140350877, 0.04468201754385965, 0.02631578947368421
1 0.4809027777777778, 0.3600603070175439, 0.049890350877192985, 0.01827485380116959
1 0.4880299707602339, 0.37129934210526316, 0.03919956140350877, 0.038559941520467836
1 0.5684393274853801, 0.3320997807017544, 0.0581140350877193, 0.017178362573099414
1 0.5536366959064327, 0.34662828947368424, 0.05921052631578947, 0.01827485380116959
1 0.5357273391812866, 0.37595942982456143, 0.06277412280701754, 0.021747076023391813
1 0.55765716374269, 0.40117872807017546, 0.0649671052631579, 0.022021198830409358
1 0.5423062865497076, 0.4041940789473684, 0.051535087719298246, 0.028326023391812866
1 0.7279788011695907, 0.33374451754385964, 0.06277412280701754, 0.023574561403508772
1 0.7091557017543859, 0.3416940789473684, 0.0625, 0.019371345029239765
1 0.03993055555555555, 0.3345668859649123, 0.05537280701754386, 0.01882309941520468
1 0.049433479532163746, 0.3748629385964912, 0.0537280701754386, 0.02850877192982456
1 0.6872258771929824, 0.3353892543859649, 0.0581140350877193, 0.021747076023391813
1 -9.137426900584795e-05, 0.3364857456140351, 0.046600877192982455, 0.00804093567251462
1 0.37161915204678364, 0.33813048245614036, 0.05043859649122807, 0.02138157894736842
1 0.12472587719298246, 0.33895285087719296, 0.05290570175438596, 0.020285087719298246
1 0.3904422514619883, 0.3403234649122807, 0.061677631578947366, 0.018092105263157895
1 0.6038011695906432, 0.3416940789473684, 0.05646929824561404, 0.019828216374269007
1 0.5735562865497076, 0.3548519736842105, 0.05235745614035088, 0.020833333333333332
1 0.613857821637427, 0.40680372807017545, 0.055093201754385965, 0.03070175438596491
1 0.5649671052631579, 0.41731907894736847, 0.053212719298245614, 0.031524122807017545
1 0.5797697368421053, 0.44558662280701755, 0.03234649122807018, 0.039108187134502925
1 0.5545504385964912, 0.46367872807017546, 0.05187774122807018, 0.028143274853801168
1 0.5667945906432749, 0.4688870614035088, 0.04111842105263158, 0.033808479532163746
1 0.6234466374269005, 0.3425164473684211, 0.06633771929824561, 0.01663011695906433
1 0.2703764619883041, 0.34279057017543857, 0.0400219298245614, 0.02320906432748538
1 0.4079861111111111, 0.34470942982456143, 0.05180921052631579, 0.0360014619883041
1 0.15140716374269006, 0.3529331140350877, 0.061677631578947366, 0.03070175438596491
1 0.18485014619883042, 0.3496436403508772, 0.05345394736842105, 0.02722953216374269
1 0.17845394736842105, 0.37184758771929827, 0.04851973684210526, 0.02101608187134503
1 0.16876827485380116, 0.4126918859649123, 0.02768640350877193, 0.03874269005847953
1 0.24040570175438597, 0.3521107456140351, 0.046875, 0.019554093567251463
1 0.09256213450292397, 0.35457785087719296, 0.042214912280701754, 0.028691520467836257
1 0.45860745614035087, 0.35841557017543857, 0.0644188596491228, 0.025219298245614034
1 0.2748081140350877, 0.3647203947368421, 0.04481907894736842, 0.03723501461988304
1 0.3008954678362573, 0.3723958333333333, 0.0424890350877193, 0.0222953216374269
1 0.2796966374269006, 0.37664473684210525, 0.0390625, 0.030884502923976608
1 0.27403143274853803, 0.4107730263157895, 0.03974780701754386, 0.031980994152046784
1 0.26434576023391815, 0.41296600877192985, 0.03782894736842105, 0.019462719298245616
1 0.2835343567251462, 0.4272203947368421, 0.0581140350877193, 0.02448830409356725
1 0.26726973684210525, 0.4428453947368421, 0.04858826754385965, 0.021655701754385966
1 0.24479166666666666, 0.4505208333333333, 0.033717105263157895, 0.03490497076023392
1 0.21811038011695907, 0.3691063596491228, 0.03974780701754386, 0.030884502923976608
1 0.01836622807017544, 0.36992872807017546, 0.047149122807017545, 0.031067251461988302
1 0.16017909356725146, 0.37321820175438597, 0.04523026315789474, 0.02320906432748538
1 0.730171783625731, 0.37404057017543857, 0.04139254385964912, 0.031067251461988302
1 0.7917580409356725, 0.3751370614035088, 0.05619517543859649, 0.029605263157894735
1 0.809484649122807, 0.39679276315789475, 0.05756578947368421, 0.028326023391812866
1 0.7692799707602339, 0.3795230263157895, 0.06770833333333333, 0.024305555555555556
1 0.7526498538011696, 0.38747258771929827, 0.06112938596491228, 0.023757309941520467
1 0.6658442982456141, 0.38007127192982454, 0.05921052631578947, 0.022478070175438597
1 0.6402595029239766, 0.4050164473684211, 0.03070175438596491, 0.03453947368421053
1 0.006853070175438596, 0.3828125, 0.046600877192982455, 0.017361111111111112
1 0.3050986842105263, 0.3822642543859649, 0.043859649122807015, 0.03490497076023392
1 0.35375548245614036, 0.3822642543859649, 0.026041666666666668, 0.0434484649122807
1 0.40158991228070173, 0.3866502192982456, 0.02850877192982456, 0.028782894736842105
1 0.42004751461988304, 0.40995065789473684, 0.03125, 0.02560672514619883
1 0.43464546783625735, 0.4217379385964912, 0.033168859649122806, 0.03346491228070175
1 0.42128106725146197, 0.43146929824561403, 0.03796600877192982, 0.030381944444444444
1 0.6950840643274854, 0.3871984649122807, 0.04961622807017544, 0.021929824561403508
1 0.515625, 0.3885690789473684, 0.049890350877192985, 0.018457602339181287
1 0.08799342105263158, 0.39295504385964913, 0.020833333333333332, 0.034173976608187134
1 0.11339546783625731, 0.3932291666666667, 0.054276315789473686, 0.023026315789473683
1 0.11924342105263158, 0.41872258771929827, 0.03481359649122807, 0.03234649122807018
1 0.0963998538011696, 0.4505208333333333, 0.06332236842105263, 0.023391812865497075
1 0.11449195906432749, 0.45134320175438597, 0.01918859649122807, 0.02860014619883041
1 0.08050073099415204, 0.45490679824561403, 0.06277412280701754, 0.020285087719298246
1 0.6746162280701754, 0.39487390350877194, 0.046875, 0.026133040935672515
1 0.30911915204678364, 0.3951480263157895, 0.04824561403508772, 0.0421235380116959
1 0.24205043859649122, 0.3959703947368421, 0.049890350877192985, 0.020650584795321638
1 0.21957236842105263, 0.3965186403508772, 0.030153508771929825, 0.025584795321637425
1 0.2528326023391813, 0.39925986842105265, 0.0512609649122807, 0.021198830409356724
1 0.013980263157894737, 0.3998081140350877, 0.035910087719298246, 0.03874269005847953
1 0.35663377192982454, 0.42495888157894735, 0.047765899122807015, 0.021335891812865496
1 0.3763706140350877, 0.43784265350877194, 0.06147203947368421, 0.023757309941520467
1 0.342562134502924, 0.42996162280701755, 0.05345394736842105, 0.02010233918128655
1 0.38898026315789475, 0.4420230263157895, 0.02987938596491228, 0.019005847953216373
1 0.3659539473684211, 0.44695723684210525, 0.04742324561403509, 0.012792397660818713
1 0.3875182748538012, 0.4028234649122807, 0.03344298245614035, 0.033808479532163746
1 0.37984283625730997, 0.4074835526315789, 0.04413377192982456, 0.03892543859649123
1 0.4849232456140351, 0.40391995614035087, 0.06112938596491228, 0.028691520467836257
1 0.5015533625730995, 0.41049890350877194, 0.05592105263157895, 0.021564327485380116
1 0.522203947368421, 0.42612390350877194, 0.06085526315789474, 0.016812865497076022
1 0.0825109649122807, 0.40803179824561403, 0.02768640350877193, 0.03490497076023392
1 0.3352521929824561, 0.40940241228070173, 0.03673245614035088, 0.031295687134502925
1 0.4748720760233918, 0.4107730263157895, 0.06085526315789474, 0.014802631578947368
1 0.4635416666666667, 0.4258497807017544, 0.05701754385964912, 0.019554093567251463
1 0.7186586257309941, 0.41104714912280704, 0.052083333333333336, 0.03289473684210526
1 0.022203947368421052, 0.41680372807017546, 0.051535087719298246, 0.02631578947368421
1 0.034265350877192985, 0.4184484649122807, 0.04413377192982456, 0.033625730994152045
1 0.1320358187134503, 0.41680372807017546, 0.03837719298245614, 0.0356359649122807
1 0.20988669590643275, 0.41817434210526316, 0.05482456140350877, 0.030519005847953216
1 0.08963815789473684, 0.4222861842105263, 0.04523026315789474, 0.024853801169590642
1 0.30783991228070173, 0.42502741228070173, 0.060581140350877194, 0.027777777777777776
1 0.715734649122807, 0.42694627192982454, 0.057291666666666664, 0.02722953216374269
1 0.7917580409356725, 0.4283168859649123, 0.0512609649122807, 0.019919590643274854
1 0.7908442982456141, 0.46559758771929827, 0.031524122807017545, 0.03070175438596491
1 0.8622989766081871, 0.4291392543859649, 0.036458333333333336, 0.041849415204678365
1 0.043951023391812866, 0.4296875, 0.03892543859649123, 0.036366959064327485
1 0.043402777777777776, 0.4532620614035088, 0.043859649122807015, 0.03252923976608187
1 0.029148391812865496, 0.4688788377192983, 0.046609100877192985, 0.024853801169590642
1 0.638249269005848, 0.42941337719298245, 0.03755482456140351, 0.03344298245614035
1 0.7080592105263158, 0.42996162280701755, 0.055098684210526314, 0.017361111111111112
1 0.6941703216374269, 0.4381853070175439, 0.062225877192982455, 0.01827485380116959
1 0.7190241228070176, 0.47382127192982454, 0.05345394736842105, 0.019919590643274854
1 0.7011147660818714, 0.4856085526315789, 0.04139254385964912, 0.023391812865497075
1 0.8350694444444444, 0.43325109649122806, 0.05345394736842105, 0.023391812865497075
1 0.29523026315789475, 0.43379934210526316, 0.05290570175438596, 0.017361111111111112
1 0.17827119883040934, 0.43462171052631576, 0.03070175438596491, 0.03819444444444445
1 0.16529605263157895, 0.43516995614035087, 0.051535087719298246, 0.01663011695906433
1 0.6791849415204678, 0.4359923245614035, 0.02055921052631579, 0.019005847953216373
1 0.21902412280701755, 0.4505208333333333, 0.059484649122807015, 0.01864035087719298
1 0.6574378654970761, 0.44229714912280704, 0.02631578947368421, 0.03618421052631579
1 0.6437317251461988, 0.45874451754385964, 0.04194078947368421, 0.033625730994152045
1 0.6618238304093568, 0.46641995614035087, 0.04577850877192982, 0.03252923976608187
1 0.4114583333333333, 0.44449013157894735, 0.05071271929824561, 0.031980994152046784
1 0.3126370614035088, 0.44750548245614036, 0.039953399122807015, 0.029742324561403508
1 0.32287097953216376, 0.46450109649122806, 0.038651315789473686, 0.03156980994152047
1 0.15012792397660818, 0.4477796052631579, 0.04824561403508772, 0.0268640350877193
1 0.1248172514619883, 0.4532620614035088, 0.047149122807017545, 0.025219298245614034
1 0.8184393274853801, 0.44805372807017546, 0.02987938596491228, 0.01918859649122807
1 0.5421235380116959, 0.4486019736842105, 0.07195723684210527, 0.019554093567251463
1 0.5296966374269005, 0.4751918859649123, 0.06078673245614035, 0.026133040935672515
1 0.06460160818713451, 0.45024671052631576, 0.05975877192982456, 0.021564327485380116
1 0.7389437134502924, 0.45134320175438597, 0.06359649122807018, 0.023391812865497075
1 0.7621527777777778, 0.46696820175438597, 0.07312225877192982, 0.0133406432748538
1 0.7372989766081871, 0.47560307017543857, 0.05249451754385965, 0.027869152046783627
1 0.7678179824561403, 0.48725328947368424, 0.06901041666666667, 0.02540204678362573
1 0.6221673976608187, 0.4518914473684211, 0.052083333333333336, 0.02320906432748538
1 0.6181469298245614, 0.46545504385964914, 0.06510964912280702, 0.019554093567251463
1 0.40579312865497075, 0.4538103070175439, 0.047697368421052634, 0.025219298245614034
1 0.1808296783625731, 0.4590186403508772, 0.023574561403508772, 0.027046783625730993
1 0.7743969298245614, 0.46203399122807015, 0.033168859649122806, 0.01918859649122807
1 0.8440241228070176, 0.46367872807017546, 0.0644188596491228, 0.023391812865497075
1 0.46829312865497075, 0.46504934210526316, 0.047149122807017545, 0.031067251461988302
1 0.4880299707602339, 0.48752741228070173, 0.06770833333333333, 0.021975511695906433
1 0.47907529239766083, 0.5121984649122807, 0.062225877192982455, 0.02046783625730994
1 0.4975328947368421, 0.4647752192982456, 0.05537280701754386, 0.027595029239766082
1 0.8718019005847953, 0.46504934210526316, 0.043859649122807015, 0.03125
1 0.9321089181286549, 0.46696820175438597, 0.06030701754385965, 0.02503654970760234
1 0.20074926900584794, 0.46779057017543857, 0.048793859649122806, 0.021198830409356724
1 0.1841191520467836, 0.4809484649122807, 0.049890350877192985, 0.03399122807017544
1 0.44782529239766083, 0.4686129385964912, 0.05866228070175439, 0.015899122807017545
1 0.9503837719298246, 0.5176809210526315, 0.047697368421052634, 0.03654970760233918
1 0.2517361111111111, 0.47436951754385964, 0.047149122807017545, 0.0222953216374269
1 0.8200840643274854, 0.4740953947368421, 0.0712719298245614, 0.019371345029239765
1 0.6665752923976608, 0.4760142543859649, 0.05756578947368421, 0.029788011695906433
1 0.14153874269005848, 0.4790296052631579, 0.04523026315789474, 0.02503654970760234
1 0.1680372807017544, 0.4916392543859649, 0.04851973684210526, 0.04239766081871345
1 0.16109283625730994, 0.5138432017543859, 0.027412280701754384, 0.02412280701754386
1 0.1716922514619883, 0.5327576754385965, 0.027138157894736843, 0.034722222222222224
1 0.4631761695906433, 0.4864501096491228, 0.061658442982456145, 0.015716374269005847
1 0.6861293859649122, 0.4804002192982456, 0.05235745614035088, 0.01864035087719298
1 0.6782711988304093, 0.5185032894736842, 0.06633771929824561, 0.02138157894736842
1 0.5858004385964912, 0.4828673245614035, 0.03070175438596491, 0.03782894736842105
1 0.803453947368421, 0.48341557017543857, 0.0581140350877193, 0.019554093567251463
1 0.9112755847953217, 0.4831414473684211, 0.0625, 0.025584795321637425
1 0.9235197368421053, 0.4839638157894737, 0.06085526315789474, 0.02266081871345029
1 0.3275767543859649, 0.4847861842105263, 0.06027412280701754, 0.03453947368421053
1 0.23510599415204678, 0.4856085526315789, 0.049890350877192985, 0.02905701754385965
1 0.3111293859649123, 0.4858826754385965, 0.05756578947368421, 0.019371345029239765
1 0.29577850877192985, 0.4984923245614035, 0.0649671052631579, 0.02138157894736842
1 0.3149671052631579, 0.5009594298245614, 0.05701754385964912, 0.02138157894736842
1 0.8716191520467836, 0.48601973684210525, 0.04810855263157895, 0.03326023391812866
1 0.861750730994152, 0.4902686403508772, 0.07099780701754387, 0.018092105263157895
1 0.8769188596491229, 0.5165844298245614, 0.055098684210526314, 0.01699561403508772
1 0.9017726608187134, 0.48725328947368424, 0.0581140350877193, 0.020833333333333332
1 0.3772843567251462, 0.49191337719298245, 0.05290570175438596, 0.02631578947368421
1 0.3688779239766082, 0.5127467105263158, 0.03618421052631579, 0.019736842105263157
1 0.3463998538011696, 0.5160361842105263, 0.11979166666666667, 0.023391812865497075
1 0.36540570175438597, 0.5250822368421053, 0.05317982456140351, 0.02905701754385965
1 0.10279605263157894, 0.4921875, 0.05235745614035088, 0.023940058479532164
1 0.27786915204678364, 0.49246162280701755, 0.054276315789473686, 0.017543859649122806
1 0.8363486842105263, 0.49438048245614036, 0.06304824561403509, 0.030884502923976608
1 0.26398026315789475, 0.49520285087719296, 0.04523026315789474, 0.016264619883040937
1 0.3314144736842105, 0.5431743421052632, 0.04632675438596491, 0.013706140350877192
1 0.31624634502923976, 0.5483826754385965, 0.06332236842105263, 0.015533625730994151
1 0.3246527777777778, 0.5796326754385965, 0.04961622807017544, 0.025584795321637425
1 0.6386147660818714, 0.49520285087719296, 0.05290570175438596, 0.022112573099415205
1 0.41346856725146197, 0.49575109649122806, 0.05646929824561404, 0.0245796783625731
1 0.3913559941520468, 0.4984923245614035, 0.08854166666666667, 0.03399122807017544
1 0.5569718567251462, 0.5004111842105263, 0.03536184210526316, 0.039793494152046784
1 0.022934941520467836, 0.5015076754385965, 0.0537280701754386, 0.016264619883040937
1 0.03463084795321637, 0.5015076754385965, 0.05180921052631579, 0.017909356725146198
1 0.055281432748538015, 0.5017817982456141, 0.03919956140350877, 0.02942251461988304
1 0.7824378654970761, 0.5053453947368421, 0.048793859649122806, 0.020833333333333332
1 9.137426900584795e-05, 0.5056195175438597, 0.03234649122807018, 0.013888888888888888
1 0.6510416666666666, 0.5072642543859649, 0.0649671052631579, 0.015533625730994151
1 0.1409904970760234, 0.5113760964912281, 0.03892543859649123, 0.02412280701754386
1 0.09073464912280702, 0.5146655701754386, 0.06524122807017543, 0.02101608187134503
1 0.5828764619883041, 0.5152138157894737, 0.034265350877192985, 0.039656432748538015
1 0.5769828216374269, 0.5333059210526315, 0.038651315789473686, 0.04171235380116959
1 0.5920138888888888, 0.5382401315789473, 0.04413377192982456, 0.030519005847953216
1 0.625639619883041, 0.5398848684210527, 0.0537280701754386, 0.02448830409356725
1 0.6108369883040936, 0.5401589912280702, 0.0737390350877193, 0.021564327485380116
1 0.5755665204678363, 0.5622258771929824, 0.0703125, 0.019554093567251463
1 0.21573464912280702, 0.5174067982456141, 0.02631578947368421, 0.03490497076023392
1 0.0006396198830409356, 0.5187774122807017, 0.048793859649122806, 0.02284356725146199
1 0.511421783625731, 0.5223410087719298, 0.04523026315789474, 0.029788011695906433
1 0.5366410818713451, 0.5393366228070176, 0.05455043859649123, 0.017543859649122806
1 0.5101425438596491, 0.5533168859649122, 0.02987938596491228, 0.031067251461988302
1 0.5134320175438597, 0.5812774122807017, 0.04084429824561404, 0.025767543859649123
1 0.5159904970760234, 0.594983552631579, 0.04481907894736842, 0.025584795321637425
1 0.07319078947368421, 0.5228892543859649, 0.06030701754385965, 0.019736842105263157
1 0.04577850877192982, 0.5283717105263158, 0.0668859649122807, 0.015442251461988304
1 0.05263157894736842, 0.5662006578947368, 0.05043859649122807, 0.019828216374269007
1 0.06112938596491228, 0.5815515350877193, 0.042214912280701754, 0.022478070175438597
1 0.44819078947368424, 0.5226151315789473, 0.04824561403508772, 0.026498538011695907
1 0.05838815789473684, 0.5242598684210527, 0.05345394736842105, 0.016264619883040937
1 0.6956323099415205, 0.5248081140350878, 0.04523026315789474, 0.01864035087719298
1 0.826297514619883, 0.5261787280701754, 0.04632675438596491, 0.027595029239766082
1 0.6651133040935673, 0.5275493421052632, 0.060581140350877194, 0.021929824561403508
1 0.27732090643274854, 0.5308388157894737, 0.06304824561403509, 0.02631578947368421
1 9.137426900584795e-05, 0.5352247807017544, 0.025767543859649123, 0.008954678362573099
1 0.2391264619883041, 0.5368695175438597, 0.05043859649122807, 0.02448830409356725
1 0.018548976608187134, 0.5374177631578947, 0.04961622807017544, 0.017178362573099414
1 0.033717105263157895, 0.5535910087719298, 0.05537280701754386, 0.015899122807017545
1 0.012883771929824562, 0.5566063596491229, 0.05893640350877193, 0.0222953216374269
1 0.13806652046783627, 0.5379660087719298, 0.05893640350877193, 0.02046783625730994
1 0.12468019005847954, 0.5407072368421053, 0.03693804824561404, 0.019234283625730993
1 0.709703947368421, 0.5442708333333334, 0.06729714912280702, 0.02266081871345029
1 0.09676535087719298, 0.5448190789473685, 0.057839912280701754, 0.024305555555555556
1 0.21756213450292397, 0.5494791666666666, 0.06332236842105263, 0.025676169590643276
1 0.082328216374269, 0.5503015350877193, 0.04029605263157895, 0.010964912280701754
1 0.344937865497076, 0.5508497807017544, 0.041666666666666664, 0.014071637426900584
1 0.3697916666666667, 0.5508497807017544, 0.05455043859649123, 0.024305555555555556
1 0.38806652046783624, 0.5837445175438597, 0.04577850877192982, 0.011513157894736841
1 0.37582236842105265, 0.5842927631578947, 0.046052631578947366, 0.013888888888888888
1 0.7897478070175439, 0.5530427631578947, 0.04577850877192982, 0.039656432748538015
1 0.4940606725146199, 0.5535910087719298, 0.06140350877192982, 0.015350877192982455
1 0.15871710526315788, 0.5538651315789473, 0.054276315789473686, 0.018092105263157895
1 0.18137792397660818, 0.557702850877193, 0.04523026315789474, 0.017909356725146198
1 0.17516447368421054, 0.563733552631579, 0.04742324561403509, 0.012152777777777778
1 0.6342288011695907, 0.5585252192982456, 0.041666666666666664, 0.0222953216374269
1 0.2828033625730994, 0.5615405701754386, 0.06551535087719298, 0.026498538011695907
1 0.4266264619883041, 0.5626370614035088, 0.05263157894736842, 0.020650584795321638
1 0.5433114035087719, 0.5640076754385965, 0.05893640350877193, 0.02768640350877193
1 0.5413925438596491, 0.5689418859649122, 0.0503015350877193, 0.013888888888888888
1 0.5436312134502924, 0.5974506578947368, 0.03700657894736842, 0.036686769005847955
1 0.4776133040935672, 0.5648300438596491, 0.062225877192982455, 0.019736842105263157
1 0.3036366959064328, 0.5653782894736842, 0.0556469298245614, 0.01699561403508772
1 9.137426900584795e-05, 0.5667489035087719, 0.03892543859649123, 0.014802631578947368
1 0.44764254385964913, 0.5664747807017544, 0.05701754385964912, 0.01663011695906433
1 0.4613486842105263, 0.5694901315789473, 0.05455043859649123, 0.015899122807017545
1 0.1183296783625731, 0.5708607456140351, 0.044407894736842105, 0.014985380116959063
1 0.12659904970760233, 0.5740816885964912, 0.03871984649122807, 0.02023940058479532
1 0.5010051169590644, 0.5708607456140351, 0.051535087719298246, 0.016812865497076022
1 0.642452485380117, 0.5722313596491229, 0.04413377192982456, 0.021929824561403508
1 0.1048062865497076, 0.573327850877193, 0.05098684210526316, 0.016812865497076022
1 0.6508589181286549, 0.5766173245614035, 0.04276315789473684, 0.028143274853801168
1 0.24862938596491227, 0.5790844298245614, 0.03919956140350877, 0.027046783625730993
1 0.5945723684210527, 0.5799067982456141, 0.052083333333333336, 0.014802631578947368
1 0.0, 0.5804550438596491, 0.035910087719298246, 0.004660087719298245
1 0.36138523391812866, 0.5810032894736842, 0.06112938596491228, 0.015350877192982455
1 0.40926535087719296, 0.5823739035087719, 0.02768640350877193, 0.02101608187134503
1 0.3988486842105263, 0.5859375, 0.046052631578947366, 0.010416666666666666
1 0.24040570175438597, 0.5881304824561403, 0.02905701754385965, 0.022112573099415205
1 0.6773574561403509, 0.5892269736842105, 0.052083333333333336, 0.021564327485380116
1 0.18612938596491227, 0.5915570175438597, 0.07113486842105263, 0.024762426900584795
1 0.5991410818713451, 0.5944353070175439, 0.0512609649122807, 0.021198830409356724
1 0.6649305555555556, 0.5955317982456141, 0.04523026315789474, 0.022478070175438597
1 0.4072551169590643, 0.5979989035087719, 0.03125, 0.02412280701754386
1 0.6338633040935673, 0.6128015350877193, 0.04550438596491228, 0.031432748538011694
1 0.5711805555555556, 0.6273300438596491, 0.0693530701754386, 0.033556286549707603
1 0.45020102339181284, 0.6583059210526315, 0.046463815789473686, 0.03618421052631579
1 0.40999634502923976, 0.7421875, 0.03919956140350877, 0.024853801169590642
1 0.4631761695906433, 0.7706962719298246, 0.024671052631578948, 0.02540204678362573
1 0.611202485380117, 0.7753563596491229, 0.03892543859649123, 0.028782894736842105
1 0.5307931286549707, 0.8057839912280702, 0.023848684210526317, 0.015350877192982455
1 0.5183662280701754, 0.8162006578947368, 0.01864035087719298, 0.012244152046783625
1 -0.0001827485380116959, 0.4205043859649123, 0.0693530701754386, 0.01608187134502924
1 0.00023940058479532164, 0.4428453947368421, 0.06967379385964911, 0.0278125
1 0.060581140350877194, 0.30756578947368424, 0.06537828947368421, 0.029239766081871343
1 0.06932383040935672, 0.3224506578947368, 0.054947916666666666, 0.030838815789473683
1 0.3771856725146199, 0.13939967105263157, 0.04180372807017544, 0.022412280701754387
1 0.9535818713450293, 0.46875, 0.054413377192982455, 0.018731725146198832
1 0.9708516081871345, 0.49054276315789475, 0.056674890350877194, 0.021335891812865496
1 0.5796326754385965, 0.37520559210526316, 0.05962171052631579, 0.028463084795321638
1 0.6071820175438597, 0.38397752192982454, 0.06558388157894737, 0.02106176900584795
1 0.5951480263157894, 0.40315241228070176, 0.060032894736842105, 0.026151315789473682
1 0.36280519005847955, 0.40048793859649123, 0.04358552631578947, 0.02581323099415205
1 0.4270833333333333, 0.3821957236842105, 0.05078125, 0.0322094298245614
1 0.4471856725146199, 0.3869106359649123, 0.0345531798245614, 0.01653874269005848
1 0.3377412280701754, 0.4941748903508772, 0.04399671052631579, 0.039634502923976606
1 0.34078033625730997, 0.537546600877193, 0.03153234649122807, 0.013888888888888888
1 0.14035087719298245, 0.35621984649122806, 0.048368969298245613, 0.017269736842105265
1 0.13450292397660818, 0.39527138157894737, 0.02411732456140351, 0.01663011695906433
1 0.2324561403508772, 0.4413267543859649, 0.04919133771929824, 0.01964546783625731
