1 2931.5, 1735.5, 59.0, 47.0
1 2977.5, 1753.5, 57.0, 52.0
1 3036.5, 1763.5, 42.0, 63.0
1 2996.5, 1766.5, 49.0, 54.0
1 3067.5, 1766.5, 41.0, 69.0
1 3167.0, 1767.5, 71.5, 54.0
1 3165.5, 1779.5, 47.0, 63.0
1 3108.5, 1773.5, 31.0, 58.0
1 3143.5, 1781.5, 37.0, 69.0
1 3992.5, 1794.5, 50.0, 58.0
1 3363.5, 1801.5, 82.0, 52.0
1 3963.5, 1814.5, 52.0, 43.0
1 3685.5, 1820.5, 72.0, 50.0
1 2965.5, 1824.5, 93.0, 35.0
1 3776.5, 1825.5, 27.0, 44.0
1 3792.5, 1835.5, 36.0, 62.0
1 4043.5, 1825.5, 90.0, 33.0
1 3082.5, 1827.5, 70.0, 56.0
1 3901.5, 1829.5, 43.0, 60.0
1 3241.5, 1837.5, 53.0, 64.0
1 3941.5, 1836.5, 37.0, 48.0
1 3004.5, 1839.5, 92.0, 41.0
1 3748.5, 1840.5, 39.0, 71.0
1 3827.5, 1840.5, 37.0, 80.0
1 3298.5, 1842.5, 46.0, 65.0
1 3973.5, 1845.5, 73.0, 54.0
1 4021.5, 1852.5, 87.0, 29.0
1 3717.5, 1846.5, 36.0, 45.0
1 4113.5, 1846.5, 77.0, 43.0
1 3860.5, 1852.5, 32.0, 77.0
1 3441.5, 1859.5, 41.0, 78.0
1 3892.5, 1859.5, 29.0, 68.0
1 3913.5, 1885.5, 57.0, 48.0
1 3347.5, 1861.5, 57.0, 56.0
1 3544.5, 1860.5, 55.0, 61.0
1 3675.5, 1872.5, 85.0, 50.0
1 4052.5, 1874.5, 42.0, 65.0
1 4138.5, 1874.5, 73.0, 31.0
1 3486.5, 1880.5, 59.0, 57.0
1 1428.5, 1883.5, 67.0, 60.0
1 1456.5, 1900.5, 79.0, 48.0
1 3952.5, 1883.5, 48.0, 45.0
1 3799.5, 1889.5, 36.0, 68.0
1 4004.5, 1892.5, 56.0, 68.0
1 3626.5, 1898.5, 89.0, 63.0
1 1258.5, 1901.5, 68.0, 72.25
1 3987.5, 1905.5, 46.0, 66.0
1 4152.5, 1906.5, 78.0, 35.0
1 3816.5, 1916.5, 59.0, 76.0
1 3565.5, 1926.5, 45.0, 61.0
1 3624.5, 1927.5, 56.0, 67.0
1 3938.5, 1927.5, 46.0, 58.0
1 3852.5, 1931.5, 69.0, 59.0
1 3889.5, 1935.5, 59.0, 58.0
1 4044.5, 1934.5, 67.0, 53.0
1 4160.5, 1944.5, 63.0, 43.0
1 4089.5, 1949.5, 39.0, 66.0
1 4407.5, 1958.5, 47.0, 84.0
1 3472.5, 1961.5, 48.0, 73.0
1 2188.5, 1970.5, 41.0, 68.0
1 3920.5, 1970.5, 82.0, 54.0
1 2220.5, 1973.5, 63.0, 72.0
1 3980.5, 1973.5, 62.0, 52.0
1 4159.5, 1979.5, 92.0, 44.0
1 4045.5, 1981.5, 68.0, 68.0
1 1891.5, 1982.5, 60.5, 76.0
1 2475.5, 1982.5, 70.0, 44.0
1 4453.5, 1982.5, 34.0, 61.0
1 2537.5, 1984.5, 81.0, 45.0
1 2797.5, 1985.5, 45.0, 69.0
1 2655.5, 1987.5, 50.0, 73.0
1 3110.5, 1988.5, 58.0, 61.0
1 3268.5, 1988.5, 43.0, 42.0
1 4226.5, 1989.5, 86.0, 43.0
1 1848.5, 1990.5, 54.0, 82.0
1 3864.5, 1993.5, 88.0, 62.0
1 3354.5, 1997.5, 42.0, 59.0
1 2284.5, 2000.5, 55.0, 67.0
1 2045.5, 2006.5, 58.0, 46.0
1 3603.5, 2005.5, 58.0, 70.0
1 3194.5, 2006.5, 43.0, 77.0
1 3660.5, 2008.5, 38.0, 63.0
1 1922.5, 2010.5, 70.0, 53.0
1 1997.25, 2010.5, 52.25, 62.0
1 2103.5, 2011.5, 86.0, 43.0
1 2767.5, 2011.5, 39.0, 54.0
1 2490.5, 2013.5, 87.0, 68.0
1 3072.5, 2013.5, 44.0, 70.0
1 3550.5, 2013.5, 35.0, 49.0
1 2428.5, 2015.5, 46.0, 60.0
1 3390.5, 2015.5, 42.0, 72.0
1 3720.5, 2014.5, 60.0, 75.0
1 1500.5, 2018.5, 57.0, 65.0
1 1471.5, 2022.5, 55.0, 48.0
1 1637.5, 2020.5, 53.0, 71.0
1 2668.5, 2019.5, 56.0, 82.0
1 3429.5, 2018.5, 46.0, 68.0
1 1679.5, 2021.5, 46.0, 66.0
1 985.5, 2022.5, 33.0, 61.0
1 3285.5, 2022.5, 51.0, 67.0
1 3474.5, 2023.5, 29.0, 57.0
1 2244.5, 2025.5, 47.0, 64.0
1 1020.5, 2028.5, 46.0, 62.0
1 2854.5, 2026.5, 40.0, 72.0
1 1104.5, 2029.5, 43.0, 77.0
1 1592.5, 2028.5, 59.0, 62.0
1 1553.5, 2031.5, 56.0, 70.0
1 1069.5, 2033.5, 38.0, 71.0
1 2896.5, 2034.5, 37.0, 73.0
1 1734.5, 2037.5, 43.0, 61.0
1 3878.5, 2038.5, 66.0, 71.0
1 2539.5, 2039.5, 52.0, 66.0
1 2614.5, 2038.5, 44.0, 70.0
1 2818.5, 2039.5, 49.0, 126.0
1 3506.5, 2039.5, 54.0, 75.0
1 2062.5, 2041.5, 36.0, 64.0
1 2130.5, 2040.5, 84.0, 33.0
1 2302.5, 2041.5, 37.0, 66.0
1 2255.5, 2093.5, 50.0, 37.0
1 2938.5, 2041.5, 41.0, 86.0
1 1416.5, 2042.5, 32.0, 48.0
1 3160.5, 2042.5, 58.0, 66.0
1 893.5, 2045.5, 53.0, 73.0
1 938.5, 2046.5, 48.0, 81.0
1 2696.5, 2046.5, 50.0, 70.0
1 1762.5, 2047.5, 47.0, 69.0
1 1807.62, 2046.5, 59.88, 55.0
1 3108.5, 2046.5, 49.0, 77.0
1 2731.5, 2048.5, 50.0, 60.0
1 3756.5, 2048.5, 62.0, 28.0
1 3797.5, 2049.5, 59.0, 61.0
1 1214.5, 2051.5, 55.0, 74.0
1 1159.5, 2070.5, 61.0, 75.0
1 3249.5, 2053.5, 39.0, 69.0
1 1286.5, 2054.5, 35.0, 62.0
1 1233.5, 2107.5, 62.0, 58.0
1 1964.5, 2056.5, 47.0, 43.0
1 2017.5, 2055.5, 44.0, 58.0
1 1338.5, 2057.5, 43.0, 72.0
1 2318.5, 2058.5, 51.0, 59.0
1 1377.5, 2059.5, 47.0, 67.0
1 2097.5, 2058.5, 80.0, 36.0
1 2065.5, 2089.5, 87.0, 37.0
1 1917.5, 2061.5, 49.0, 41.0
1 2453.5, 2060.5, 45.0, 62.0
1 2975.5, 2061.5, 53.0, 80.0
1 3605.5, 2062.5, 49.0, 73.0
1 4013.5, 2062.5, 49.0, 84.0
1 1673.5, 2064.5, 60.0, 66.0
1 3862.5, 2067.5, 38.0, 61.0
1 2357.5, 2068.5, 36.0, 72.0
1 2342.5, 2099.5, 26.0, 45.0
1 3360.5, 2068.5, 60.0, 81.0
1 1455.5, 2071.5, 47.0, 65.0
1 1394.5, 2091.5, 72.0, 42.0
1 1318.5, 2164.5, 83.0, 36.0
1 1303.5, 2182.5, 85.0, 34.0
1 1506.5, 2071.0, 53.25, 59.25
1 1109.5, 2072.5, 71.0, 65.0
1 3739.5, 2074.5, 60.0, 55.0
1 1227.5, 2075.5, 58.0, 74.0
1 1862.5, 2074.5, 37.0, 66.0
1 1853.5, 2139.5, 67.0, 28.0
1 2208.5, 2074.5, 54.0, 51.0
1 2417.5, 2075.5, 39.0, 69.0
1 3060.5, 2076.5, 47.0, 69.0
1 3218.5, 2074.5, 34.0, 63.0
1 2394.5, 2079.5, 23.0, 37.0
1 2394.5, 2110.5, 48.0, 60.0
1 2411.5, 2167.5, 35.0, 84.0
1 2445.5, 2175.5, 32.0, 54.0
1 1003.5, 2080.5, 41.0, 53.0
1 2994.5, 2081.5, 64.0, 72.0
1 4563.5, 2081.5, 88.0, 59.0
1 1628.5, 2083.5, 56.0, 53.0
1 3415.5, 2082.5, 74.0, 35.0
1 3643.5, 2083.5, 56.0, 78.0
1 1592.5, 2084.5, 47.0, 64.0
1 3457.5, 2084.5, 57.0, 59.0
1 3509.5, 2091.5, 62.0, 54.0
1 709.5, 2086.5, 51.0, 71.0
1 767.5, 2086.5, 66.0, 47.0
1 792.5, 2124.5, 29.0, 74.0
1 958.5, 2088.5, 54.0, 69.0
1 4416.5, 2086.5, 65.0, 82.0
1 4664.5, 2087.5, 59.0, 84.0
1 2495.5, 2089.5, 44.0, 63.0
1 3984.5, 2089.5, 34.0, 64.0
1 2794.5, 2091.5, 33.0, 65.0
1 3290.5, 2090.5, 75.0, 71.0
1 3830.5, 2091.5, 48.0, 82.0
1 2192.5, 2093.5, 43.0, 46.0
1 2914.5, 2095.5, 49.0, 73.0
1 4060.5, 2094.5, 43.0, 63.0
1 4163.5, 2094.5, 42.0, 76.0
1 1290.5, 2096.5, 48.0, 55.0
1 1281.5, 2123.5, 73.0, 62.0
1 4827.5, 2097.5, 68.0, 71.0
1 2629.5, 2098.5, 49.0, 61.0
1 1697.5, 2100.5, 52.0, 47.0
1 3563.5, 2100.5, 67.0, 56.0
1 3697.5, 2100.5, 48.0, 53.0
1 3686.5, 2121.5, 61.0, 73.0
1 3926.5, 2101.5, 64.0, 89.0
1 1964.5, 2103.5, 67.0, 40.0
1 2105.88, 2104.68, 80.89, 25.0
1 2590.5, 2103.5, 38.0, 57.0
1 3130.5, 2102.5, 47.0, 72.0
1 4276.5, 2102.5, 59.0, 71.0
1 1010.5, 2105.5, 75.0, 62.0
1 1009.5, 2162.5, 97.0, 26.0
1 1557.5, 2105.5, 46.0, 58.0
1 1823.5, 2104.5, 36.0, 55.0
1 2019.5, 2105.5, 46.0, 74.0
1 2530.5, 2105.5, 55.0, 47.0
1 4951.5, 2106.5, 62.0, 72.0
1 823.5, 2106.5, 54.0, 62.0
1 1709.5, 2108.0, 62.88, 61.75
1 4724.5, 2108.5, 56.0, 75.0
1 870.5, 2108.5, 42.0, 75.0
1 4489.5, 2109.5, 52.0, 65.0
1 2718.5, 2111.5, 53.0, 42.0
1 4128.5, 2110.5, 44.0, 78.0
1 2450.5, 2113.5, 45.0, 80.0
1 1928.5, 2099.49, 59.0, 70.01
1 1925.5, 2139.5, 46.0, 70.0
1 4245.5, 2114.5, 35.0, 72.0
1 659.5, 2117.5, 53.0, 74.0
1 2284.5, 2117.5, 37.0, 27.0
1 3493.5, 2118.5, 58.0, 52.0
1 3749.5, 2116.5, 45.0, 65.0
1 2175.5, 2118.5, 32.0, 44.0
1 4071.5, 2120.5, 56.0, 58.0
1 915.5, 2120.5, 42.0, 57.0
1 3278.5, 2121.5, 73.0, 72.0
1 4647.5, 2121.5, 45.0, 84.0
1 2294.5, 2125.5, 56.0, 61.0
1 3012.5, 2125.5, 38.0, 84.0
1 2964.5, 2150.5, 67.0, 67.0
1 3210.5, 2125.5, 61.0, 78.0
1 1510.5, 2127.5, 70.0, 48.0
1 1436.5, 2132.5, 75.0, 37.0
1 3053.5, 2126.5, 64.0, 51.0
1 3424.5, 2126.5, 44.0, 62.0
1 4335.5, 2127.5, 43.0, 80.0
1 580.5, 2128.5, 48.0, 67.0
1 2029.5, 2128.5, 63.0, 71.0
1 4204.5, 2131.5, 49.0, 76.0
1 4378.5, 2130.5, 43.0, 86.0
1 4551.5, 2130.5, 47.0, 71.0
1 1176.5, 2133.5, 52.0, 61.0
1 1765.75, 2133.5, 54.25, 70.98
1 1793.5, 2161.5, 88.0, 31.0
1 4601.5, 2132.5, 46.0, 81.0
1 1058.5, 2135.5, 90.0, 26.0
1 2222.5, 2134.5, 33.0, 56.0
1 2258.5, 2134.5, 34.0, 66.0
1 3849.5, 2134.5, 71.0, 60.0
1 3836.5, 2182.5, 69.0, 48.0
1 946.5, 2137.5, 74.0, 51.0
1 950.5, 2178.5, 75.0, 32.0
1 2662.5, 2138.5, 38.0, 69.0
1 747.5, 2140.5, 41.0, 70.0
1 750.5, 2185.5, 47.0, 73.0
1 2873.5, 2142.5, 67.0, 60.0
1 1974.5, 2143.5, 43.0, 68.0
1 2198.5, 2142.5, 27.0, 54.0
1 2765.5, 2142.5, 40.0, 58.0
1 2371.5, 2145.5, 35.0, 39.0
1 2694.5, 2144.5, 35.0, 61.0
1 3524.5, 2144.5, 68.0, 55.0
1 3503.5, 2197.5, 50.0, 58.0
1 846.5, 2146.5, 30.0, 37.0
1 1607.5, 2146.5, 29.0, 59.0
1 3366.5, 2147.5, 82.0, 55.0
1 3378.5, 2185.5, 63.0, 32.0
1 4260.5, 2147.5, 47.0, 65.0
1 526.5, 2149.5, 56.0, 62.0
1 2301.5, 2149.5, 69.0, 52.0
1 1508.5, 2148.62, 59.0, 39.88
1 2137.5, 2165.5, 29.0, 32.0
1 4032.5, 2151.5, 36.0, 68.0
1 4057.5, 2166.5, 83.0, 45.0
1 2514.5, 2152.5, 77.0, 26.0
1 3280.5, 2153.5, 43.0, 56.0
1 2728.5, 2155.5, 35.0, 67.0
1 3233.5, 2155.5, 45.0, 53.0
1 3975.5, 2154.5, 54.0, 81.0
1 1471.5, 2157.5, 34.0, 63.0
1 1489.5, 2168.5, 37.0, 80.0
1 1108.5, 2159.5, 71.0, 30.0
1 2845.5, 2158.5, 33.0, 56.0
1 3587.5, 2158.5, 41.0, 52.0
1 2602.5, 2161.5, 57.0, 26.0
1 3562.5, 2163.5, 37.0, 39.0
1 1231.5, 2165.5, 68.0, 45.0
1 1873.5, 2166.5, 53.0, 60.0
1 428.5, 2170.5, 30.0, 54.25
1 622.5, 2168.5, 40.0, 47.0
1 598.5, 2188.5, 24.0, 42.0
1 1574.5, 2168.5, 44.0, 72.0
1 2134.5, 2168.5, 59.0, 59.0
1 2136.5, 2188.5, 65.0, 64.0
1 2502.5, 2169.5, 70.0, 40.0
1 876.5, 2171.5, 44.0, 59.0
1 1714.5, 2171.5, 49.0, 40.0
1 3603.5, 2171.5, 70.0, 50.0
1 2098.5, 2172.5, 37.0, 73.0
1 2059.5, 2182.5, 41.0, 70.0
1 2570.5, 2173.5, 30.0, 21.0
1 2566.5, 2192.5, 34.0, 44.0
1 494.5, 2175.5, 38.0, 41.0
1 490.5, 2215.5, 34.0, 74.0
1 4176.5, 2174.5, 43.0, 78.0
1 802.5, 2178.5, 46.0, 56.0
1 1642.5, 2176.5, 71.0, 64.0
1 3120.5, 2177.5, 46.0, 70.0
1 4286.5, 2178.5, 49.0, 66.0
1 4266.5, 2233.5, 59.0, 61.0
1 1797.5, 2180.0, 81.0, 34.5
1 1768.5, 2207.5, 44.0, 80.0
1 1892.5, 2179.5, 55.0, 79.0
1 2866.5, 2179.5, 86.0, 48.0
1 3898.5, 2180.5, 63.0, 63.0
1 4656.5, 2178.5, 73.0, 56.0
1 298.5, 2181.5, 93.75, 27.0
1 874.5, 2181.5, 69.0, 75.0
1 2381.5, 2181.5, 29.0, 74.0
1 4822.5, 2180.5, 50.0, 76.0
1 692.5, 2182.5, 51.0, 48.0
1 621.5, 2191.5, 85.0, 41.0
1 2351.5, 2182.5, 27.0, 67.0
1 2787.5, 2183.5, 40.0, 77.0
1 357.5, 2184.5, 69.0, 35.0
1 833.5, 2184.5, 49.0, 69.0
1 2483.5, 2185.5, 40.0, 35.0
1 2513.5, 2194.5, 50.0, 33.0
1 4439.5, 2184.5, 108.0, 73.0
1 2598.5, 2187.5, 42.0, 67.0
1 3441.5, 2186.5, 39.0, 69.0
1 4146.5, 2186.5, 32.0, 65.0
1 4116.5, 2217.5, 63.0, 72.0
1 4176.5, 2247.5, 38.0, 69.0
1 1010.5, 2188.5, 42.0, 71.0
1 1049.5, 2189.5, 38.0, 37.0
1 1053.5, 2188.5, 73.0, 61.0
1 1008.5, 2236.5, 45.0, 64.0
1 1520.5, 2189.5, 39.0, 68.0
1 4757.5, 2189.5, 70.0, 91.0
1 3751.5, 2191.5, 39.0, 65.0
1 4354.5, 2190.5, 46.0, 77.0
1 4324.5, 2210.5, 46.0, 61.0
1 1556.0, 2193.5, 39.5, 63.0
1 3471.5, 2193.5, 41.0, 64.0
1 4583.5, 2193.5, 40.0, 66.0
1 529.5, 2195.5, 34.0, 55.0
1 1665.5, 2196.5, 56.0, 75.0
1 2205.5, 2194.5, 77.0, 36.0
1 3610.5, 2195.5, 70.0, 54.0
1 3676.5, 2195.5, 43.0, 63.0
1 1224.5, 2196.5, 64.0, 44.0
1 2688.5, 2196.5, 33.0, 81.0
1 4724.5, 2197.5, 49.0, 84.0
1 930.5, 2199.5, 32.0, 53.0
1 901.5, 2219.5, 32.0, 49.0
1 2320.5, 2198.5, 31.0, 58.0
1 463.5, 2201.5, 37.0, 54.0
1 420.5, 2251.5, 75.0, 73.0
1 553.5, 2201.5, 42.0, 62.0
1 716.5, 2203.5, 34.0, 57.0
1 721.0, 2250.5, 52.5, 60.0
1 1955.5, 2203.5, 58.0, 77.0
1 1909.5, 2276.5, 83.0, 73.0
1 2750.5, 2202.5, 35.0, 65.0
1 2756.5, 2265.5, 38.0, 82.0
1 3529.5, 2202.5, 66.0, 52.0
1 3515.5, 2230.5, 88.0, 78.0
1 957.5, 2205.5, 53.0, 53.0
1 2002.5, 2204.5, 52.0, 76.0
1 2808.5, 2205.5, 51.0, 86.0
1 2894.5, 2205.5, 54.0, 60.0
1 2925.5, 2205.5, 68.0, 60.0
1 4063.5, 2205.5, 61.0, 83.0
1 4529.5, 2205.5, 55.0, 60.0
1 1691.5, 2206.5, 53.0, 91.0
1 242.5, 2209.5, 110.0, 51.0
1 313.5, 2257.5, 49.0, 63.0
1 1287.5, 2209.5, 80.0, 29.0
1 1607.5, 2209.5, 37.0, 80.0
1 3142.5, 2209.5, 59.0, 38.0
1 3178.5, 2208.5, 76.0, 49.0
1 3258.5, 2209.5, 86.0, 32.0
1 3292.5, 2231.5, 84.0, 41.0
1 384.5, 2212.5, 34.0, 30.0
1 348.5, 2222.5, 39.0, 71.0
1 371.5, 2244.5, 30.0, 59.0
1 1806.5, 2210.5, 46.0, 72.0
1 1838.5, 2211.5, 49.0, 83.0
1 3720.5, 2210.5, 39.0, 52.0
1 4209.5, 2211.5, 35.0, 65.0
1 4241.5, 2211.5, 41.0, 75.0
1 4862.5, 2210.5, 54.0, 79.0
1 1212.5, 2212.5, 44.0, 70.0
1 3066.5, 2214.5, 51.0, 60.0
1 3371.5, 2215.5, 65.0, 66.0
1 1724.5, 2207.38, 55.75, 81.12
1 2277.5, 2217.5, 53.0, 62.0
1 399.5, 2218.5, 43.0, 78.0
1 1369.5, 2218.5, 63.0, 111.0
1 2491.5, 2221.5, 41.0, 71.0
1 2957.5, 2220.5, 76.0, 55.0
1 4025.5, 2220.5, 43.0, 71.0
1 4380.5, 2221.5, 65.0, 71.0
1 1916.5, 2223.5, 36.0, 79.0
1 2187.5, 2223.5, 73.0, 25.0
1 644.5, 2225.5, 69.0, 47.0
1 614.5, 2238.5, 67.0, 44.0
1 766.5, 2225.5, 35.0, 78.0
1 2715.5, 2225.5, 42.0, 79.0
1 2528.5, 2226.5, 32.0, 65.0
1 3621.5, 2227.5, 55.0, 75.0
1 3702.5, 2230.5, 51.0, 60.0
1 1132.5, 2233.5, 55.0, 85.0
1 4633.5, 2232.5, 96.0, 62.0
1 568.5, 2234.5, 45.0, 79.0
1 1292.5, 2234.5, 55.0, 73.0
1 1275.5, 2245.5, 40.0, 76.0
1 802.5, 2237.5, 36.0, 51.0
1 943.5, 2236.5, 48.0, 56.0
1 2202.5, 2237.5, 43.0, 71.0
1 3254.5, 2238.5, 44.0, 59.0
1 1333.5, 2239.5, 47.0, 75.0
1 2561.5, 2239.5, 43.0, 58.0
1 2587.5, 2242.5, 53.0, 67.0
1 2658.5, 2238.5, 31.0, 45.0
1 3936.5, 2239.5, 68.0, 41.0
1 4006.5, 2239.5, 49.0, 74.0
1 240.5, 2241.5, 68.0, 40.0
1 218.5, 2278.5, 66.0, 56.0
1 1171.5, 2241.5, 38.0, 61.0
1 1255.5, 2243.5, 21.0, 43.0
1 1640.5, 2243.5, 36.0, 69.0
1 498.5, 2244.5, 51.0, 79.0
1 2469.5, 2244.5, 39.0, 76.0
1 2233.5, 2246.5, 43.0, 75.0
1 3595.5, 2247.5, 28.0, 61.0
1 1034.5, 2248.5, 49.0, 77.0
1 2328.5, 2249.5, 37.0, 68.0
1 2861.5, 2249.5, 43.0, 82.0
1 3008.5, 2249.5, 45.0, 76.0
1 3138.5, 2248.5, 52.0, 33.0
1 3424.5, 2249.5, 56.0, 64.0
1 3398.5, 2256.5, 42.0, 83.0
1 3783.5, 2248.5, 65.0, 71.0
1 4445.5, 2249.5, 70.0, 53.0
1 3094.5, 2250.5, 45.0, 87.0
1 3220.5, 2251.5, 66.0, 66.0
1 2960.5, 2252.5, 68.0, 60.0
1 2924.5, 2278.5, 38.5, 48.0
1 4614.5, 2253.5, 51.0, 70.0
1 4582.5, 2262.5, 52.0, 70.0
1 4495.5, 2267.5, 88.5, 35.0
1 4472.5, 2292.5, 55.0, 51.0
1 4515.5, 2302.5, 71.0, 55.0
1 4830.5, 2253.5, 49.0, 73.0
1 3815.5, 2255.5, 55.0, 39.0
1 192.5, 2256.5, 48.0, 27.0
1 879.5, 2258.5, 60.0, 92.0
1 3052.5, 2258.5, 38.0, 84.0
1 3462.5, 2259.5, 87.0, 48.0
1 3877.5, 2259.5, 76.0, 53.0
1 4645.5, 2261.0, 61.0, 54.5
1 3160.5, 2260.5, 56.0, 60.0
1 3645.5, 2260.5, 56.0, 46.0
1 3757.5, 2260.5, 37.0, 61.0
1 4939.5, 2260.5, 49.0, 78.0
1 4967.5, 2302.5, 59.0, 73.0
1 279.5, 2262.5, 45.0, 72.0
1 5008.5, 2262.5, 95.0, 44.0
1 521.5, 2264.5, 49.0, 83.0
1 1873.5, 2265.5, 44.0, 69.0
1 2008.5, 2267.5, 97.0, 35.0
1 2426.5, 2266.5, 45.0, 77.0
1 3300.5, 2269.5, 56.0, 29.0
1 4304.5, 2268.5, 88.0, 45.0
1 4249.5, 2288.5, 60.0, 73.0
1 1048.5, 2271.5, 72.0, 74.0
1 2348.5, 2270.5, 38.0, 69.0
1 608.5, 2273.5, 55.0, 80.0
1 692.5, 2272.5, 44.0, 74.0
1 576.5, 2275.5, 51.0, 61.0
1 3865.5, 2275.5, 58.0, 53.0
1 4218.5, 2274.5, 39.0, 82.0
1 663.5, 2279.5, 36.0, 70.0
1 1596.5, 2278.5, 41.0, 58.0
1 2121.5, 2278.5, 61.0, 70.0
1 3353.5, 2278.5, 55.0, 59.0
1 3314.5, 2297.5, 88.0, 64.0
1 2521.5, 2281.5, 56.0, 51.0
1 4412.5, 2281.5, 57.0, 66.0
1 4400.5, 2295.5, 60.0, 91.0
1 836.5, 2283.5, 53.0, 68.0
1 2261.5, 2283.5, 63.0, 66.0
1 2697.5, 2282.5, 38.0, 65.0
1 2666.5, 2286.5, 56.0, 79.0
1 4840.5, 2284.5, 100.0, 66.0
1 765.5, 2287.5, 69.0, 72.0
1 1470.5, 2288.5, 65.0, 85.0
1 4710.5, 2286.5, 45.0, 87.0
1 186.5, 2288.5, 58.0, 45.0
1 1795.5, 2289.5, 84.0, 35.0
1 1450.5, 2290.5, 57.38, 32.38
1 3481.5, 2291.5, 55.0, 63.0
1 3641.5, 2291.5, 123.0, 84.0
1 3978.5, 2290.5, 45.0, 82.0
1 4096.5, 2293.5, 78.0, 74.0
1 2568.5, 2297.5, 53.0, 51.0
1 3200.5, 2298.5, 72.0, 60.0
1 4030.5, 2298.5, 68.0, 54.0
1 1993.5, 2299.5, 104.0, 40.0
1 2052.5, 2300.5, 65.0, 49.0
1 2019.5, 2339.5, 54.0, 48.0
1 962.5, 2301.5, 69.0, 30.0
1 2408.5, 2300.5, 31.0, 64.0
1 2382.5, 2310.5, 33.0, 71.0
1 2646.5, 2301.5, 54.0, 73.0
1 4790.5, 2300.5, 41.0, 39.0
1 923.5, 2303.5, 39.0, 69.0
1 1182.5, 2303.5, 51.0, 78.0
1 3954.5, 2303.5, 30.0, 51.0
1 3444.5, 2305.5, 78.0, 67.0
1 4290.5, 2305.5, 60.0, 50.0
1 5030.5, 2307.5, 86.0, 58.0
1 5116.5, 2338.5, 63.0, 79.0
1 2510.5, 2308.5, 33.0, 65.0
1 2731.5, 2309.5, 40.0, 88.0
1 4756.5, 2308.5, 44.0, 84.0
1 4795.5, 2332.5, 49.0, 82.0
1 2782.5, 2310.5, 38.0, 80.0
1 3117.5, 2311.5, 48.0, 66.0
1 3278.5, 2310.5, 104.0, 69.0
1 4667.5, 2311.5, 42.0, 75.0
1 2306.5, 2313.5, 39.0, 70.0
1 2621.5, 2314.5, 26.0, 48.0
1 2939.5, 2315.5, 44.0, 71.0
1 3559.5, 2315.5, 38.0, 83.0
1 5183.5, 2314.5, 72.0, 76.0
1 3688.5, 2318.5, 72.0, 75.0
1 3805.5, 2318.5, 67.0, 68.0
1 4332.5, 2316.5, 88.0, 45.0
1 4535.5, 2316.5, 59.0, 73.0
1 5238.5, 2316.5, 54.0, 68.0
1 1498.5, 2319.5, 44.0, 60.0
1 1720.25, 2318.5, 40.25, 79.0
1 2990.5, 2319.5, 74.0, 55.0
1 3530.5, 2318.5, 27.0, 79.0
1 4184.5, 2319.5, 60.0, 64.0
1 4586.5, 2318.5, 37.0, 63.0
1 719.5, 2321.5, 49.0, 59.0
1 1407.5, 2321.5, 73.0, 42.0
1 1969.5, 2322.5, 48.0, 60.0
1 2910.5, 2321.5, 36.0, 63.0
1 4091.5, 2320.5, 51.0, 77.0
1 4915.5, 2320.5, 42.0, 87.0
1 1124.5, 2323.5, 54.0, 30.0
1 1520.5, 2322.5, 54.0, 79.0
1 1632.38, 2322.5, 33.12, 65.25
1 4624.5, 2323.5, 46.0, 59.0
1 792.5, 2324.5, 39.0, 66.0
1 1584.38, 2322.12, 47.74, 65.13
1 1544.5, 2334.5, 50.0, 94.0
1 2125.5, 2324.5, 59.0, 65.0
1 2814.5, 2324.5, 69.0, 61.0
1 4715.5, 2325.5, 60.0, 76.0
1 1079.5, 2326.5, 37.0, 47.0
1 1093.5, 2361.5, 41.0, 44.0
1 1066.5, 2375.5, 50.0, 59.0
1 1805.5, 2327.5, 56.0, 87.0
1 2544.5, 2326.5, 42.0, 79.0
1 3741.5, 2402.5, 36.0, 51.0
1 3923.5, 2327.5, 61.0, 73.0
1 1376.5, 2329.5, 36.0, 78.0
1 3598.5, 2328.5, 63.0, 90.0
1 3886.5, 2328.5, 66.0, 76.0
1 4873.5, 2328.5, 44.0, 80.0
1 1343.5, 2330.5, 33.0, 63.0
1 990.5, 2333.5, 44.0, 74.0
1 1685.25, 2333.5, 46.75, 83.5
1 1856.5, 2333.5, 50.0, 70.0
1 2462.5, 2334.5, 40.0, 88.0
1 3656.5, 2334.5, 40.0, 65.0
1 4026.5, 2344.5, 42.0, 62.0
1 1034.5, 2341.5, 37.0, 69.0
1 1275.5, 2340.5, 71.0, 31.0
1 1225.5, 2357.5, 54.0, 41.0
1 1214.5, 2374.5, 39.0, 60.0
1 1924.5, 2340.25, 56.5, 84.0
1 1965.5, 2353.5, 27.0, 64.0
1 2057.5, 2340.5, 54.0, 61.0
1 2259.5, 2341.5, 45.0, 82.0
1 2333.5, 2341.5, 31.0, 65.0
1 2352.5, 2342.5, 38.0, 71.0
1 2865.0, 2341.5, 45.5, 64.0
1 2861.5, 2404.5, 37.0, 61.0
1 3090.5, 2340.5, 42.0, 86.0
1 3782.5, 2341.5, 53.0, 32.0
1 3758.5, 2354.5, 38.0, 78.0
1 4466.5, 2340.5, 46.0, 60.0
1 901.5, 2343.5, 84.0, 81.0
1 3874.5, 2344.5, 59.0, 77.0
1 4277.5, 2345.5, 82.0, 50.0
1 4942.5, 2384.5, 63.0, 56.0
1 5288.5, 2344.5, 63.0, 78.0
1 5246.5, 2379.5, 102.0, 68.0
1 1118.5, 2347.5, 42.0, 46.0
1 2500.5, 2347.5, 31.0, 69.0
1 3243.5, 2347.5, 55.0, 37.0
1 3046.5, 2352.5, 41.0, 82.0
1 3070.5, 2389.5, 26.0, 57.0
1 3402.5, 2352.5, 82.0, 36.0
1 4065.5, 2353.5, 60.0, 65.0
1 2212.5, 2354.5, 60.0, 87.0
1 2422.5, 2354.5, 48.0, 96.0
1 2404.5, 2389.5, 47.0, 68.0
1 2598.5, 2354.5, 43.0, 77.0
1 3004.5, 2355.5, 40.0, 63.0
1 2978.5, 2357.5, 35.0, 103.0
1 4833.5, 2355.5, 44.0, 70.0
1 1407.5, 2347.38, 42.0, 93.12
1 4501.5, 2359.5, 43.0, 81.0
1 706.5, 2363.5, 73.0, 72.0
1 2634.5, 2361.5, 69.0, 40.0
1 2019.5, 2363.5, 43.0, 82.0
1 849.5, 2365.5, 68.0, 76.0
1 1279.5, 2365.5, 61.0, 72.0
1 1895.5, 2364.5, 49.0, 73.0
1 3213.5, 2364.5, 49.0, 85.0
1 3789.5, 2365.5, 63.0, 74.0
1 4331.5, 2364.5, 89.0, 48.0
1 2823.5, 2366.5, 49.0, 56.0
1 3985.5, 2366.5, 69.0, 71.0
1 732.5, 2368.5, 70.0, 69.0
1 1248.5, 2371.5, 60.0, 76.0
1 1660.5, 2366.5, 46.0, 44.0
1 2129.5, 2371.5, 53.0, 70.0
1 2891.5, 2397.5, 60.0, 84.0
1 1590.5, 2373.5, 32.0, 50.0
1 2757.5, 2373.5, 34.0, 66.0
1 2715.5, 2386.5, 56.0, 73.0
1 2672.5, 2390.5, 44.0, 63.0
1 3182.5, 2373.5, 38.0, 58.0
1 3187.5, 2427.5, 44.0, 66.0
1 3573.5, 2373.5, 54.0, 92.0
1 4150.5, 2372.5, 58.0, 37.0
1 4582.5, 2383.5, 52.0, 72.0
1 606.5, 2374.5, 72.0, 53.0
1 3287.5, 2374.5, 46.0, 67.0
1 2295.5, 2377.5, 56.0, 65.0
1 818.5, 2378.5, 48.0, 86.0
1 3460.5, 2380.5, 63.0, 71.0
1 4617.5, 2381.5, 50.0, 65.0
1 1995.5, 2385.5, 33.0, 57.0
1 3106.5, 2385.5, 55.0, 82.0
1 1119.5, 2387.5, 86.0, 40.0
1 1331.5, 2387.5, 49.0, 38.0
1 1267.5, 2418.5, 69.0, 62.0
1 1441.5, 2386.5, 39.75, 63.0
1 2354.5, 2386.5, 60.5, 60.0
1 1635.5, 2388.5, 54.0, 48.0
1 1634.5, 2415.5, 36.25, 99.0
1 3253.5, 2388.5, 46.0, 76.0
1 4337.5, 2390.5, 82.0, 54.0
1 4372.5, 2395.5, 57.0, 64.0
1 4331.5, 2435.5, 52.0, 96.0
1 4540.5, 2390.5, 69.0, 77.0
1 3699.5, 2392.5, 36.0, 59.0
1 3697.5, 2441.5, 59.0, 75.0
1 3414.5, 2395.5, 50.0, 93.0
1 1577.0, 2397.5, 58.5, 89.75
1 2629.5, 2396.5, 53.0, 57.0
1 4216.5, 2396.5, 44.0, 77.0
1 3330.5, 2399.5, 37.0, 74.0
1 3663.5, 2399.5, 43.0, 93.0
1 4414.5, 2399.5, 46.0, 93.0
1 1730.75, 2400.5, 51.5, 39.75
1 1691.5, 2415.5, 71.5, 52.5
1 4128.5, 2401.5, 74.0, 40.0
1 4454.5, 2400.5, 47.0, 75.0
1 1324.5, 2404.5, 65.0, 88.0
1 1550.5, 2403.5, 43.0, 57.0
1 1466.5, 2404.5, 75.0, 81.0
1 4674.5, 2404.5, 58.0, 102.0
1 1195.5, 2407.5, 55.0, 78.0
1 1174.5, 2432.5, 62.0, 74.0
1 3806.5, 2406.5, 55.0, 62.0
1 710.5, 2408.5, 92.5, 87.0
1 753.5, 2409.5, 67.0, 84.0
1 2758.5, 2409.5, 63.0, 82.0
1 2268.5, 2411.5, 44.0, 65.0
1 916.5, 2412.5, 59.0, 81.0
1 3007.5, 2413.5, 35.0, 71.0
1 1132.5, 2414.5, 59.0, 74.0
1 2829.5, 2415.5, 43.0, 78.0
1 3169.5, 2414.5, 33.0, 70.0
1 3307.5, 2416.5, 31.0, 68.0
1 3860.5, 2417.5, 93.0, 33.0
1 1029.5, 2420.5, 51.0, 69.0
1 1350.5, 2420.5, 56.0, 79.0
1 3587.5, 2420.5, 56.0, 92.0
1 3130.5, 2423.5, 42.0, 76.0
1 3641.5, 2424.5, 40.0, 80.0
1 4118.5, 2424.5, 39.0, 76.0
1 1081.5, 2429.5, 66.0, 55.0
1 4476.5, 2428.5, 45.0, 59.0
1 4869.5, 2429.5, 88.0, 61.0
1 951.5, 2430.5, 49.0, 73.0
1 4001.5, 2432.5, 42.0, 86.0
1 4076.5, 2433.5, 59.0, 86.0
1 4177.5, 2433.5, 39.0, 72.0
1 4261.5, 2433.5, 55.0, 86.0
1 1007.5, 2434.5, 35.0, 59.0
1 4044.5, 2434.5, 35.0, 83.0
1 1381.5, 2436.5, 47.0, 92.0
1 3022.5, 2438.5, 50.0, 59.0
1 246.5, 2438.5, 44.0, 58.0
1 459.5, 2438.5, 68.0, 89.0
1 1270.5, 2440.5, 58.0, 69.0
1 1665.25, 2436.75, 53.25, 52.75
1 1686.0, 2441.5, 61.75, 42.0
1 370.5, 2441.5, 70.0, 75.0
1 1603.5, 2433.75, 38.0, 71.75
1 1772.0, 2440.5, 72.5, 58.0
1 3906.5, 2441.5, 56.0, 41.0
1 2774.5, 2443.5, 53.0, 82.0
1 3752.5, 2444.5, 42.0, 84.0
1 4146.5, 2442.5, 30.0, 63.0
1 4238.5, 2442.5, 27.0, 58.0
1 978.5, 2445.5, 35.0, 69.0
1 1526.5, 2445.5, 67.25, 79.5
1 4498.5, 2446.5, 47.0, 65.0
1 3500.5, 2447.5, 67.0, 53.0
1 3476.5, 2453.5, 52.0, 47.0
1 401.5, 2450.5, 71.0, 64.0
1 3855.5, 2449.5, 27.0, 71.0
1 3226.5, 2451.5, 52.0, 55.0
1 3792.5, 2451.5, 39.0, 84.0
1 3877.5, 2450.5, 31.0, 73.0
1 4528.5, 2450.5, 56.0, 59.0
1 4562.5, 2479.5, 59.0, 70.0
1 3828.5, 2452.5, 28.0, 78.0
1 106.5, 2455.5, 59.0, 58.5
1 4376.5, 2455.5, 34.0, 79.0
1 4399.5, 2478.5, 49.0, 75.0
1 3344.5, 2459.5, 56.0, 93.0
1 3910.5, 2463.5, 54.0, 51.0
1 778.5, 2469.5, 99.0, 44.0
1 4585.5, 2472.5, 64.0, 76.0
1 4185.5, 2479.5, 59.0, 62.0
1 4285.5, 2481.5, 54.0, 54.0
1 1462.75, 2491.5, 57.5, 81.0
1 4496.5, 2507.5, 64.0, 62.0
1 5095.5, 2507.5, 50.0, 93.0
1 4054.5, 2520.5, 70.0, 72.0
1 4330.5, 2538.5, 95.0, 88.0
1 1424.0, 2652.5, 54.5, 32.25
1 395.5, 2674.5, 51.0, 74.0
1 2595.5, 2690.5, 40.0, 56.0
1 1466.5, 2695.5, 57.75, 61.0
1 1701.5, 2702.5, 46.0, 59.0
1 4799.5, 2742.5, 78.0, 51.0
1 4828.5, 2785.5, 28.5, 37.98
1 3962.5, 2745.5, 56.0, 56.48
1 4207.5, 2765.5, 43.0, 33.0
1 951.5, 2829.5, 31.0, 27.0
1 4821.5, 2832.5, 33.0, 31.0
1 3274.5, 2906.5, 41.0, 30.0
1 3280.5, 2939.0, 33.0, 17.5
1 844.75, 2832.0, 108.75, 36.25
1 1152.75, 2198.63, 61.95, 42.25
1 1119.5, 2211.5, 41.75, 93.75
1 1125.25, 2184.25, 86.75, 31.0
1 1085.25, 2203.0, 46.25, 73.0
1 1779.0, 2082.75, 56.62, 52.25
1 1734.62, 2123.62, 68.76, 64.26
1 1653.74, 2129.97, 47.38, 56.87
1 459.5, 2160.55, 40.25, 52.48
1 426.25, 2210.78, 42.75, 82.73
1 1343.0, 2131.98, 65.5, 29.99
1 1346.0, 2127.73, 103.0, 41.24
1 1393.0, 2135.23, 80.75, 53.73
1 1388.75, 2167.97, 88.0, 67.98
1 1400.5, 2208.96, 57.75, 62.73
1 1433.38, 2202.74, 22.37, 48.23
1 1442.75, 2178.74, 46.5, 94.6
1 1633.25, 2131.98, 34.5, 73.23
1 1758.5, 2408.45, 69.0, 71.48
1 1753.25, 2415.19, 45.5, 59.99
1 1892.0, 2080.5, 38.25, 69.48
1 2084.5, 2139.28, 85.25, 54.98
1 2077.5, 2124.53, 95.0, 56.24
1 2634.5, 2196.29, 34.75, 80.23
1 2651.25, 2190.04, 43.0, 57.74
1 3039.0, 2195.08, 85.0, 39.99
1 3047.5, 2171.3, 84.75, 31.99
1 2943.0, 2388.74, 43.25, 86.47
1 2904.75, 2364.24, 46.0, 85.98
1 3172.75, 2130.28, 38.5, 58.98
1 3160.5, 2178.77, 45.75, 36.49
1 3719.5, 2327.03, 74.0, 55.24
1 3715.25, 2376.77, 37.5, 49.73
1 3780.25, 2205.04, 94.75, 60.98
1 3799.75, 2200.8, 107.0, 50.98
1 3718.75, 2171.06, 104.75, 42.98
1 3798.0, 2122.57, 47.25, 79.48
1 3892.25, 2243.75, 94.0, 52.73
1 3932.0, 2274.12, 32.88, 59.48
1 4114.75, 1894.99, 57.25, 59.24
1 4091.25, 1887.5, 47.25, 66.73
1 4125.25, 1945.73, 37.5, 86.22
1 4957.0, 2342.51, 90.0, 101.97
1 5021.0, 2335.02, 74.0, 98.47
1 5035.0, 2333.52, 96.5, 71.48
1 5138.0, 2331.03, 79.5, 92.48
1 5170.75, 2336.28, 64.75, 78.73
