1 1.0001370614035088, 0.006487573099415204, 0.01864035087719298, 0.02631578947368421
1 0.9738212719298246, 0.009594298245614035, 0.033717105263157895, 0.020285087719298246
1 0.9313322368421053, 0.01251827485380117, 0.027960526315789474, 0.020650584795321638
1 1.1884594298245614, 0.013066520467836257, 0.02138157894736842, 0.025219298245614034
1 1.2106633771929824, 0.015076754385964912, 0.030975877192982455, 0.028326023391812866
1 1.1840734649122806, 0.03170687134502924, 0.036458333333333336, 0.018457602339181287
1 1.013843201754386, 0.015442251461988304, 0.03536184210526316, 0.012609649122807017
1 0.9661458333333334, 0.01800073099415205, 0.023026315789473683, 0.028143274853801168
1 1.0354989035087718, 0.02055921052631579, 0.03892543859649123, 0.021747076023391813
1 1.0785361842105263, 0.02183845029239766, 0.0356359649122807, 0.01864035087719298
1 0.9825932017543859, 0.02238669590643275, 0.020833333333333332, 0.02942251461988304
1 1.1117050438596492, 0.022569444444444444, 0.023848684210526317, 0.021198830409356724
1 0.8967927631578947, 0.024945175438596492, 0.03481359649122807, 0.02010233918128655
1 0.9159813596491229, 0.044499269005847955, 0.03837719298245614, 0.02266081871345029
1 1.161595394736842, 0.02585891812865497, 0.029331140350877194, 0.027777777777777776
1 1.0028782894736843, 0.02640716374269006, 0.04111842105263158, 0.018092105263157895
1 1.0495120614035087, 0.027320906432748537, 0.03697368421052631, 0.021847587719298244
1 0.8543037280701754, 0.028965643274853802, 0.03508771929824561, 0.022112573099415205
1 0.9258497807017544, 0.029513888888888888, 0.04139254385964912, 0.014437134502923976
1 0.8792489035087719, 0.03134137426900585, 0.03782894736842105, 0.02046783625730994
1 1.0856633771929824, 0.0333516081871345, 0.024671052631578948, 0.026133040935672515
1 1.1221217105263157, 0.03444809941520468, 0.04632675438596491, 0.01425438596491228
1 1.1097861842105263, 0.04322002923976608, 0.052083333333333336, 0.014802631578947368
1 1.014391447368421, 0.038651315789473686, 0.025767543859649123, 0.029605263157894735
1 1.0297423245614035, 0.03883406432748538, 0.02823464912280702, 0.019736842105263157
1 1.073327850877193, 0.040113304093567254, 0.02138157894736842, 0.02540204678362573
1 0.7734375, 0.04102704678362573, 0.03125, 0.02320906432748538
1 0.8488212719298246, 0.040661549707602336, 0.024945175438596492, 0.026498538011695907
1 0.7994791666666666, 0.041758040935672515, 0.023300438596491228, 0.025219298245614034
1 1.0568804824561404, 0.04322002923976608, 0.01864035087719298, 0.027777777777777776
1 0.7583607456140351, 0.04742324561403509, 0.03782894736842105, 0.02138157894736842
1 0.9412006578947368, 0.04778874269005848, 0.04906798245614035, 0.013157894736842105
1 0.8236019736842105, 0.049433479532163746, 0.03481359649122807, 0.023574561403508772
1 0.8767817982456141, 0.05071271929824561, 0.03344298245614035, 0.02850877192982456
1 0.9713541666666666, 0.0512609649122807, 0.033717105263157895, 0.019005847953216373
1 0.9475054824561403, 0.06807383040935673, 0.06140350877192982, 0.01644736842105263
1 1.1108826754385965, 0.05436769005847953, 0.05455043859649123, 0.011513157894736841
1 1.0316611842105263, 0.05656067251461988, 0.02631578947368421, 0.02503654970760234
1 0.9022752192982456, 0.05802266081871345, 0.042214912280701754, 0.01864035087719298
1 0.8902138157894737, 0.07629751461988304, 0.05537280701754386, 0.017361111111111112
1 0.8940515350877193, 0.08561769005847954, 0.05674342105263158, 0.010416666666666666
1 1.1676260964912282, 0.06094663742690058, 0.03728070175438596, 0.015350877192982455
1 0.7578125, 0.06149488304093567, 0.030975877192982455, 0.024671052631578948
1 0.7871436403508771, 0.08305921052631579, 0.044407894736842105, 0.019919590643274854
1 1.1051260964912282, 0.06149488304093567, 0.039473684210526314, 0.02412280701754386
1 1.0892269736842106, 0.06240862573099415, 0.0381030701754386, 0.02320906432748538
1 1.066200657894737, 0.06350511695906433, 0.030975877192982455, 0.022478070175438597
1 1.0604440789473684, 0.07684576023391813, 0.042214912280701754, 0.0222953216374269
1 1.0508497807017543, 0.08470394736842106, 0.028782894736842105, 0.027777777777777776
1 1.0585252192982457, 0.09932383040935673, 0.046875, 0.015533625730994151
1 1.129797149122807, 0.06460160818713451, 0.03919956140350877, 0.012975146198830409
1 1.1840734649122806, 0.06679459064327485, 0.04139254385964912, 0.026133040935672515
1 0.817297149122807, 0.0686220760233918, 0.042214912280701754, 0.01516812865497076
1 0.8589638157894737, 0.0693530701754386, 0.028782894736842105, 0.025767543859649123
1 1.204906798245614, 0.06990131578947369, 0.04057017543859649, 0.023574561403508772
1 0.7243695175438597, 0.07044956140350878, 0.047697368421052634, 0.014437134502923976
1 0.7410910087719298, 0.08287646198830409, 0.051535087719298246, 0.013706140350877192
1 0.7992050438596491, 0.07428728070175439, 0.039473684210526314, 0.02503654970760234
1 1.222450657894737, 0.07556652046783625, 0.05016447368421053, 0.02010233918128655
1 0.985608552631579, 0.07648026315789473, 0.04523026315789474, 0.0222953216374269
1 1.1583059210526316, 0.07648026315789473, 0.0268640350877193, 0.027046783625730993
1 0.9488760964912281, 0.07995248538011696, 0.02905701754385965, 0.02887426900584795
1 0.8307291666666666, 0.08013523391812866, 0.04358552631578947, 0.01864035087719298
1 1.020422149122807, 0.08360745614035088, 0.041666666666666664, 0.019005847953216373
1 1.1029331140350878, 0.08470394736842106, 0.05016447368421053, 0.015899122807017545
1 1.2424616228070176, 0.0867141812865497, 0.0537280701754386, 0.013706140350877192
1 1.2375274122807018, 0.0954861111111111, 0.0581140350877193, 0.012426900584795321
1 1.176672149122807, 0.09055190058479533, 0.03399122807017544, 0.013523391812865496
1 1.0023300438596492, 0.09311038011695906, 0.019736842105263157, 0.01827485380116959
1 0.8932291666666666, 0.09512061403508772, 0.057839912280701754, 0.016264619883040937
1 0.8660910087719298, 0.09932383040935673, 0.029605263157894735, 0.021564327485380116
1 0.7775493421052632, 0.0962171052631579, 0.05016447368421053, 0.015350877192982455
1 1.189281798245614, 0.09585160818713451, 0.046052631578947366, 0.01882309941520468
1 0.7298519736842105, 0.0963998538011696, 0.032072368421052634, 0.027412280701754384
1 1.0146655701754386, 0.09676535087719298, 0.031524122807017545, 0.02850877192982456
1 0.985608552631579, 0.10297880116959064, 0.03070175438596491, 0.03070175438596491
1 0.844983552631579, 0.09950657894736842, 0.03481359649122807, 0.01918859649122807
1 0.43462171052631576, 0.10169956140350878, 0.03399122807017544, 0.027046783625730993
1 1.0771655701754386, 0.10316154970760234, 0.04906798245614035, 0.019371345029239765
1 1.1604989035087718, 0.10279605263157894, 0.034265350877192985, 0.026498538011695907
1 1.2210800438596492, 0.10279605263157894, 0.0581140350877193, 0.013523391812865496
1 0.38007127192982454, 0.10352704678362573, 0.0356359649122807, 0.03033625730994152
1 1.1191063596491229, 0.10645102339181287, 0.027960526315789474, 0.03033625730994152
1 1.1355537280701755, 0.10754751461988304, 0.03508771929824561, 0.01699561403508772
1 1.1558388157894737, 0.12454312865497076, 0.04742324561403509, 0.019005847953216373
1 0.41625548245614036, 0.10791301169590643, 0.020833333333333332, 0.02905701754385965
1 1.2069627192982457, 0.11083698830409357, 0.04756030701754386, 0.02448830409356725
1 1.1909265350877194, 0.11467470760233918, 0.03673245614035088, 0.033625730994152045
1 1.2690515350877194, 0.11101973684210527, 0.02850877192982456, 0.029970760233918127
1 1.2408168859649122, 0.11339546783625731, 0.041666666666666664, 0.030153508771929825
1 0.9565515350877193, 0.11686769005847954, 0.04194078947368421, 0.015533625730994151
1 0.38747258771929827, 0.11686769005847954, 0.029331140350877194, 0.02722953216374269
1 1.0716831140350878, 0.11741593567251463, 0.04577850877192982, 0.02010233918128655
1 0.8000274122807017, 0.1181469298245614, 0.05537280701754386, 0.01516812865497076
1 0.8515625, 0.1183296783625731, 0.04029605263157895, 0.011513157894736841
1 0.8896655701754386, 0.11924342105263158, 0.04358552631578947, 0.02503654970760234
1 0.9368146929824561, 0.12070540935672515, 0.023848684210526317, 0.031615497076023395
1 0.9549067982456141, 0.12582236842105263, 0.021107456140350877, 0.02887426900584795
1 0.9719024122807017, 0.13093932748538012, 0.023574561403508772, 0.036915204678362575
1 0.9924616228070176, 0.1409904970760234, 0.03892543859649123, 0.027777777777777776
1 1.0195997807017543, 0.12216739766081872, 0.04824561403508772, 0.01516812865497076
1 1.0952576754385965, 0.12344663742690058, 0.02987938596491228, 0.031432748538011694
1 0.4184484649122807, 0.12490862573099415, 0.04550438596491228, 0.020650584795321638
1 1.2221765350877194, 0.12618786549707603, 0.03974780701754386, 0.025767543859649123
1 0.8603344298245614, 0.13240131578947367, 0.04084429824561404, 0.016812865497076022
1 1.003700657894737, 0.13349780701754385, 0.03755482456140351, 0.0266812865497076
1 0.9011787280701754, 0.14117324561403508, 0.04111842105263158, 0.030884502923976608
1 1.1733826754385965, 0.1440972222222222, 0.05674342105263158, 0.018457602339181287
1 0.9288651315789473, 0.14482821637426901, 0.03618421052631579, 0.021564327485380116
1 1.235608552631579, 0.14610745614035087, 0.0581140350877193, 0.017726608187134504
1 1.0585252192982457, 0.14811769005847952, 0.0356359649122807, 0.034722222222222224
1 1.138843201754386, 0.14830043859649122, 0.048793859649122806, 0.041666666666666664
1 1.2945449561403508, 0.15634137426900585, 0.03399122807017544, 0.02540204678362573
1 1.0911458333333333, 0.15652412280701755, 0.027138157894736843, 0.02887426900584795
1 1.235608552631579, 0.16054459064327486, 0.052083333333333336, 0.027595029239766082
1 1.2575383771929824, 0.1627375730994152, 0.05263157894736842, 0.030519005847953216
1 1.2032620614035088, 0.16438230994152048, 0.049890350877192985, 0.024671052631578948
1 0.9686129385964912, 0.1669407894736842, 0.02412280701754386, 0.021929824561403508
1 1.180235745614035, 0.1678545321637427, 0.025219298245614034, 0.028691520467836257
1 0.7473958333333334, 0.17772295321637427, 0.025082236842105265, 0.030884502923976608
1 0.19284539473684212, 0.17516447368421054, 0.027675438596491228, 0.02942251461988304
1 0.17146381578947367, 0.18283991228070176, 0.022431469298245615, 0.020833333333333332
1 1.3658168859649122, 0.19654605263157895, 0.03618421052631579, 0.033625730994152045
1 1.4017269736842106, 0.19636330409356725, 0.03262061403508772, 0.030153508771929825
1 0.7542489035087719, 0.20933845029239767, 0.04468201754385965, 0.02503654970760234
1 1.314281798245614, 0.21463815789473684, 0.051535087719298246, 0.028691520467836257
1 0.9044682017543859, 0.2164656432748538, 0.025219298245614034, 0.030153508771929825
1 1.2646655701754386, 0.2210343567251462, 0.040981359649122806, 0.030884502923976608
1 1.3998081140350878, 0.22450657894736842, 0.027960526315789474, 0.02722953216374269
1 1.3984375, 0.24131944444444445, 0.03262061403508772, 0.03271198830409357
1 1.073327850877193, 0.22724780701754385, 0.02850877192982456, 0.035818713450292396
1 1.4784813596491229, 0.22834429824561403, 0.02124451754385965, 0.03527046783625731
1 0.7419133771929824, 0.23126827485380116, 0.03700657894736842, 0.03454495614035088
1 0.6906524122807017, 0.23199926900584794, 0.0200109649122807, 0.0266812865497076
1 0.8129111842105263, 0.23309576023391812, 0.027138157894736843, 0.03654970760233918
1 0.7926260964912281, 0.23601973684210525, 0.03680098684210526, 0.03216374269005848
1 1.189281798245614, 0.23528874269005848, 0.01918859649122807, 0.030153508771929825
1 0.6676260964912281, 0.23601973684210525, 0.03481359649122807, 0.031615497076023395
1 0.8671875, 0.23620248538011696, 0.026589912280701754, 0.0360014619883041
1 1.206825657894737, 0.2391264619883041, 0.0356359649122807, 0.03435672514619883
1 1.4417489035087718, 0.2394919590643275, 0.03179824561403509, 0.03271198830409357
1 0.8427905701754386, 0.24004020467836257, 0.024671052631578948, 0.03326023391812866
1 1.2580866228070176, 0.23985745614035087, 0.03673245614035088, 0.022478070175438597
1 1.098547149122807, 0.24259868421052633, 0.04468201754385965, 0.03033625730994152
1 1.1086896929824561, 0.2616045321637427, 0.04029605263157895, 0.02722953216374269
1 0.9162554824561403, 0.24369517543859648, 0.05290570175438596, 0.019919590643274854
1 0.6407620614035088, 0.24460891812865498, 0.04276315789473684, 0.024853801169590642
1 0.6119791666666666, 0.24533991228070176, 0.03328399122807017, 0.035657894736842104
1 0.5812774122807017, 0.2522843567251462, 0.03262061403508772, 0.033371710526315795
1 0.13395559210526317, 0.25319809941520466, 0.025995065789473682, 0.028691520467836257
1 0.969983552631579, 0.25319809941520466, 0.024396929824561403, 0.03581505847953216
1 1.2353344298245614, 0.25392909356725146, 0.0356359649122807, 0.031432748538011694
1 1.3337445175438596, 0.25411184210526316, 0.024945175438596492, 0.03179824561403509
1 0.9818393640350878, 0.2550255847953216, 0.03584155701754386, 0.037138157894736845
1 1.0398848684210527, 0.25484283625730997, 0.03536184210526316, 0.03188961988304093
1 1.0478344298245614, 0.28097587719298245, 0.043379934210526314, 0.03576206140350877
1 0.6912006578947368, 0.255391081871345, 0.05098684210526316, 0.03224597953216374
1 0.42437499999999995, 0.2555738304093567, 0.020937499999999998, 0.03850511695906433
1 0.4036458333333333, 0.26014254385964913, 0.03450657894736842, 0.024671052631578948
1 0.4251754385964912, 0.26745248538011696, 0.03658442982456141, 0.03523026315789474
1 1.3109923245614035, 0.2566703216374269, 0.023574561403508772, 0.028691520467836257
1 0.2909813596491228, 0.2583150584795322, 0.05098684210526316, 0.02010233918128655
1 0.9000822368421053, 0.2583150584795322, 0.04194078947368421, 0.03837719298245614
1 1.4762883771929824, 0.2586805555555556, 0.023300438596491228, 0.0268640350877193
1 0.5352247807017544, 0.2586805555555556, 0.03453947368421053, 0.03399122807017544
1 0.8564967105263158, 0.2584978070175439, 0.0268640350877193, 0.036915204678362575
1 0.8625274122807017, 0.29504751461988304, 0.026041666666666668, 0.032085160818713446
1 0.7767269736842105, 0.25941154970760233, 0.02452302631578947, 0.02631578947368421
1 1.017406798245614, 0.25941154970760233, 0.03070175438596491, 0.03252923976608187
1 0.6369243421052632, 0.26050804093567254, 0.0381030701754386, 0.026176900584795323
1 1.192845394736842, 0.2608735380116959, 0.03344298245614035, 0.027412280701754384
1 0.1034813596491228, 0.26270102339181284, 0.022478070175438597, 0.03541301169590643
1 1.2934484649122806, 0.26379751461988304, 0.03673245614035088, 0.02942251461988304
1 1.347450657894737, 0.27750365497076024, 0.02987938596491228, 0.03983918128654971
1 1.3260690789473684, 0.2826206140350877, 0.03637883771929825, 0.04291118421052632
1 1.2791940789473684, 0.2871893274853801, 0.044956140350877194, 0.030519005847953216
1 1.342606907894737, 0.31395833333333334, 0.039383223684210523, 0.04933114035087719
1 0.7054550438596491, 0.26114583333333335, 0.06743421052631579, 0.030794956140350875
1 0.7180646929824561, 0.2879203216374269, 0.03837719298245614, 0.031067251461988302
1 0.8729440789473685, 0.26672149122807015, 0.03234649122807018, 0.030153508771929825
1 1.0723684210526316, 0.2665387426900585, 0.03495065789473684, 0.03855080409356725
1 0.12294407894736842, 0.26726973684210525, 0.021107456140350877, 0.03252923976608187
1 0.49136513157894735, 0.26745248538011696, 0.0268640350877193, 0.03453947368421053
1 0.6659813596491229, 0.26745248538011696, 0.029605263157894735, 0.0266812865497076
1 1.400904605263158, 0.26800073099415206, 0.03070175438596491, 0.02503654970760234
1 0.36444627192982454, 0.2689144736842105, 0.05288377192982456, 0.03070175438596491
1 0.7978344298245614, 0.2692799707602339, 0.031112938596491228, 0.03809576023391813
1 0.7693256578947368, 0.28572733918128657, 0.04851973684210526, 0.0133406432748538
1 0.7517817982456141, 0.296875, 0.05071271929824561, 0.021198830409356724
1 0.795641447368421, 0.3005299707602339, 0.025219298245614034, 0.04331140350877193
1 0.8148300438596491, 0.26790387426900586, 0.04139254385964912, 0.024402412280701755
1 1.3770559210526316, 0.27183845029239767, 0.07510964912280702, 0.0360014619883041
1 0.9365405701754386, 0.27092470760233917, 0.02850877192982456, 0.03837719298245614
1 0.44695723684210525, 0.2722039473684211, 0.03728070175438596, 0.029788011695906433
1 1.4628563596491229, 0.2729349415204678, 0.03673245614035088, 0.031980994152046784
1 1.4532620614035088, 0.27713815789473684, 0.04618969298245614, 0.028326023391812866
1 1.4280427631578947, 0.28716008771929824, 0.04797149122807018, 0.02634502923976608
1 1.4033717105263157, 0.3045504385964912, 0.038651315789473686, 0.029788011695906433
1 0.016332236842105264, 0.2736659356725146, 0.034402412280701754, 0.03527046783625731
1 1.0130208333333333, 0.2734831871345029, 0.02768640350877193, 0.023757309941520467
1 1.177220394736842, 0.2736659356725146, 0.025219298245614034, 0.034173976608187134
1 0.5681195175438597, 0.27439692982456143, 0.03399122807017544, 0.028326023391812866
1 0.5873081140350878, 0.27786915204678364, 0.0381030701754386, 0.02412280701754386
1 0.6182839912280702, 0.2787828947368421, 0.04742324561403509, 0.02138157894736842
1 1.2526041666666667, 0.2786001461988304, 0.035910087719298246, 0.03070175438596491
1 1.0020559210526316, 0.28179641812865497, 0.03785087719298246, 0.039875730994152044
1 0.5004111842105263, 0.2826206140350877, 0.033717105263157895, 0.03125
1 0.8973410087719298, 0.28426535087719296, 0.029605263157894735, 0.03892361111111111
1 1.2027138157894737, 0.2862755847953216, 0.033168859649122806, 0.028691520467836257
1 0.19586074561403508, 0.28539108187134504, 0.022478070175438597, 0.031038011695906434
1 0.28604714912280704, 0.28846856725146197, 0.025219298245614034, 0.03490497076023392
1 0.5459155701754386, 0.2886513157894737, 0.027412280701754384, 0.03399122807017544
1 0.5127467105263158, 0.3138706140350877, 0.04084429824561404, 0.0316812865497076
1 0.5456743421052631, 0.31679459064327486, 0.04574561403508772, 0.031966374269005844
1 0.5415296052631579, 0.3241045321637427, 0.017543859649122806, 0.029864766081871344
1 0.15803179824561403, 0.2891995614035088, 0.026041666666666668, 0.029239766081871343
1 0.13829495614035087, 0.29226790935672514, 0.029457236842105262, 0.030922880116959067
1 0.10649671052631579, 0.29870979532163744, 0.04068530701754386, 0.029049707602339183
1 0.1435032894736842, 0.3191703216374269, 0.04961622807017544, 0.017178362573099414
1 0.08566337719298246, 0.3199013157894737, 0.02138157894736842, 0.033625730994152045
1 0.12266995614035088, 0.3244700292397661, 0.027406798245614036, 0.02850877192982456
1 0.0996436403508772, 0.32702850877192985, 0.02549342105263158, 0.033808479532163746
1 0.6473410087719298, 0.2893823099415205, 0.05317982456140351, 0.02266081871345029
1 0.5703125, 0.2966922514619883, 0.03728070175438596, 0.03435672514619883
1 0.6011293859649123, 0.30327119883040937, 0.02894188596491228, 0.03675986842105263
1 0.5727796052631579, 0.3312317251461988, 0.06962719298245613, 0.019371345029239765
1 0.6955866228070176, 0.2893823099415205, 0.027138157894736843, 0.033808479532163746
1 0.7128563596491229, 0.29888523391812866, 0.020833333333333332, 0.02942251461988304
1 0.24081688596491227, 0.29047880116959063, 0.04111842105263158, 0.03179824561403509
1 1.373766447368421, 0.29102704678362573, 0.017543859649122806, 0.02905701754385965
1 0.37266995614035087, 0.2924890350877193, 0.027138157894736843, 0.032288011695906435
1 1.0312719298245614, 0.2924890350877193, 0.030268640350877195, 0.04050986842105263
1 0.06565241228070176, 0.29269188596491225, 0.0356359649122807, 0.032326388888888884
1 0.07442434210526316, 0.30783991228070173, 0.049890350877192985, 0.024100877192982456
1 0.4439418859649123, 0.29504751461988304, 0.03919956140350877, 0.03929093567251462
1 0.42365679824561403, 0.3314144736842105, 0.023848684210526317, 0.03735014619883041
1 0.9765625, 0.2959612573099415, 0.021929824561403508, 0.03252923976608187
1 0.9924616228070176, 0.2974232456140351, 0.029331140350877194, 0.027960526315789474
1 0.3266173245614035, 0.2976059941520468, 0.029024122807017542, 0.03508771929824561
1 1.1456962719298245, 0.2977887426900585, 0.04906798245614035, 0.02046783625730994
1 0.21258223684210525, 0.29815423976608185, 0.0453453947368421, 0.035818713450292396
1 0.2552878289473684, 0.29797149122807015, 0.03837719298245614, 0.040661549707602336
1 0.413547149122807, 0.29833698830409355, 0.038344298245614035, 0.04149853801169591
1 1.3079769736842106, 0.29851973684210525, 0.033717105263157895, 0.02412280701754386
1 0.9549067982456141, 0.3001644736842105, 0.02823464912280702, 0.036366959064327485
1 0.17118969298245615, 0.3014437134502924, 0.031524122807017545, 0.031980994152046784
1 0.20353618421052633, 0.31569809941520466, 0.03508771929824561, 0.028691520467836257
1 0.19586074561403508, 0.3288559941520468, 0.0268640350877193, 0.04576937134502924
1 0.21943530701754385, 0.34420687134502925, 0.029605263157894735, 0.03453947368421053
1 0.3510827850877193, 0.3016264619883041, 0.02871436403508772, 0.0356359649122807
1 0.5058936403508771, 0.30217470760233917, 0.03919956140350877, 0.03252923976608187
1 1.0700383771929824, 0.30272295321637427, 0.04550438596491228, 0.030884502923976608
1 0.8811677631578947, 0.30318347953216374, 0.030975877192982455, 0.03572368421052632
1 1.4461348684210527, 0.3036366959064328, 0.044956140350877194, 0.025767543859649123
1 1.4559923245614035, 0.31259137426900585, 0.043596491228070175, 0.03070175438596491
1 0.036047149122807015, 0.30528143274853803, 0.03234649122807018, 0.03179824561403509
1 0.9272203947368421, 0.3049159356725146, 0.02987938596491228, 0.02448830409356725
1 0.8156524122807017, 0.3063779239766082, 0.03837719298245614, 0.036915204678362575
1 0.8451672149122808, 0.30838815789473684, 0.02777686403508772, 0.023026315789473683
1 0.47546600877192985, 0.30693165204678363, 0.04276315789473684, 0.019731359649122808
1 0.44449013157894735, 0.3138706140350877, 0.042214912280701754, 0.04374817251461988
1 0.44875, 0.33324195906432746, 0.043437500000000004, 0.030001827485380116
1 1.210389254385965, 0.31204312865497075, 0.03508771929824561, 0.03070175438596491
1 1.2484923245614035, 0.31204312865497075, 0.052083333333333336, 0.027595029239766082
1 1.2731633771929824, 0.3188048245614035, 0.03399122807017544, 0.020833333333333332
1 1.3847313596491229, 0.31186038011695905, 0.030153508771929825, 0.041666666666666664
1 1.4113212719298245, 0.3200840643274854, 0.03399122807017544, 0.03490497076023392
1 1.373766447368421, 0.32666301169590645, 0.021929824561403508, 0.03527046783625731
1 1.1528234649122806, 0.31240862573099415, 0.04057017543859649, 0.022112573099415205
1 1.1917489035087718, 0.32245979532163743, 0.024396929824561403, 0.0400219298245614
1 0.7772752192982456, 0.31277412280701755, 0.021929824561403508, 0.044042397660818716
1 1.2970120614035088, 0.31259137426900585, 0.032072368421052634, 0.0344828216374269
1 1.117735745614035, 0.3144188596491228, 0.0268640350877193, 0.02540204678362573
1 0.3164747807017544, 0.3147843567251462, 0.030290570175438597, 0.031432748538011694
1 1.1302631578947369, 0.31151498538011696, 0.04449013157894737, 0.04091557017543859
1 0.7553453947368421, 0.3153326023391813, 0.021929824561403508, 0.03435672514619883
1 0.7317708333333334, 0.31734283625730997, 0.024671052631578948, 0.03453947368421053
1 0.7334155701754386, 0.3411001461988304, 0.02823464912280702, 0.031432748538011694
1 0.3562554824561403, 0.3177083333333333, 0.05259868421052631, 0.03542580409356725
1 0.6925712719298246, 0.3184393274853801, 0.0200109649122807, 0.02540204678362573
1 0.707922149122807, 0.3186220760233918, 0.03536184210526316, 0.037463450292397664
1 0.9126918859649122, 0.3208150584795322, 0.04468201754385965, 0.0356359649122807
1 0.9494243421052632, 0.33013523391812866, 0.035910087719298246, 0.03289473684210526
1 0.27523026315789473, 0.3204769736842105, 0.04371162280701755, 0.017881944444444443
1 1.0429002192982457, 0.32172880116959063, 0.03673245614035088, 0.03855811403508772
1 1.0815515350877194, 0.32282529239766083, 0.0268640350877193, 0.030884502923976608
1 1.104577850877193, 0.323921783625731, 0.022203947368421052, 0.034722222222222224
1 0.9809484649122807, 0.32666301169590645, 0.03641173245614036, 0.03709795321637427
1 0.6794133771929824, 0.3272112573099415, 0.023300438596491228, 0.037463450292397664
1 0.6662554824561403, 0.3358004385964912, 0.028782894736842105, 0.03654970760233918
1 -0.00013706140350877192, 0.32958698830409355, 0.016721491228070175, 0.025219298245614034
1 0.046875, 0.32958698830409355, 0.03193530701754386, 0.034173976608187134
1 0.6451480263157895, 0.33031798245614036, 0.021107456140350877, 0.031432748538011694
1 0.6199287280701754, 0.34457236842105265, 0.04742324561403509, 0.031432748538011694
1 0.052220394736842105, 0.33050073099415206, 0.03618421052631579, 0.04035635964912281
1 0.13820449561403508, 0.33129751461988305, 0.05930098684210527, 0.01912280701754386
1 0.11691337719298246, 0.3411001461988304, 0.04501370614035088, 0.03319444444444444
1 0.13564418859649122, 0.34521198830409355, 0.03691611842105263, 0.03502375730994152
1 1.1750274122807018, 0.3315972222222222, 0.025767543859649123, 0.035818713450292396
1 0.3861019736842105, 0.3328764619883041, 0.030997807017543857, 0.04233918128654971
1 0.4847861842105263, 0.3326937134502924, 0.030323464912280704, 0.043117690058479534
1 0.8984375, 0.33305921052631576, 0.02823464912280702, 0.03453947368421053
1 0.9200932017543859, 0.3520650584795322, 0.02850877192982456, 0.023574561403508772
1 0.8935032894736842, 0.35407529239766083, 0.02905701754385965, 0.03545321637426901
1 0.2564418859649123, 0.33360745614035087, 0.06085526315789474, 0.017909356725146198
1 1.2435581140350878, 0.33360745614035087, 0.04851973684210526, 0.03289473684210526
1 0.2372532894736842, 0.3343695175438597, 0.03728070175438596, 0.03999086257309942
1 0.003974780701754386, 0.34055190058479534, 0.028782894736842105, 0.03527046783625731
1 0.8019462719298246, 0.34073464912280704, 0.046600877192982455, 0.02138157894736842
1 0.8381304824561403, 0.34607090643274857, 0.04523026315789474, 0.014400584795321638
1 0.3203125, 0.3418311403508772, 0.03902960526315789, 0.023391812865497075
1 1.0782620614035088, 0.3427448830409357, 0.023574561403508772, 0.03453947368421053
1 1.0944353070175439, 0.35334429824561403, 0.023026315789473683, 0.04576388888888889
1 1.1045093201754386, 0.3602887426900585, 0.03159265350877193, 0.04275219298245614
1 1.0338541666666667, 0.34329312865497075, 0.025219298245614034, 0.039108187134502925
1 1.197779605263158, 0.3447551169590643, 0.03673245614035088, 0.03787097953216374
1 1.4809484649122806, 0.3456688596491228, 0.01850328947368421, 0.011330409356725146
1 1.2876918859649122, 0.3460343567251462, 0.03289473684210526, 0.038011695906432746
1 0.5483826754385965, 0.3463998538011696, 0.04276315789473684, 0.014437134502923976
1 0.4510361842105263, 0.3460215643274854, 0.03347587719298246, 0.03712536549707603
1 0.0234375, 0.3468713450292398, 0.0268640350877193, 0.03845394736842105
1 0.2778234649122807, 0.34859283625730997, 0.04218201754385965, 0.03709795321637427
1 0.3534128289473684, 0.34841008771929827, 0.03460800438596491, 0.04499451754385965
1 0.15419407894736842, 0.3487755847953216, 0.03344298245614035, 0.03545321637426901
1 0.1758497807017544, 0.3495065789473684, 0.024671052631578948, 0.031067251461988302
1 1.4085800438596492, 0.35060307017543857, 0.03344298245614035, 0.036642909356725144
1 0.588952850877193, 0.3513340643274854, 0.035910087719298246, 0.034722222222222224
1 0.5722313596491229, 0.36065423976608185, 0.03700657894736842, 0.03435672514619883
1 0.6953125, 0.3518823099415205, 0.03837719298245614, 0.019371345029239765
1 1.0061677631578947, 0.3527960526315789, 0.029331140350877194, 0.03490497076023392
1 1.3252467105263157, 0.34931103801169594, 0.057839912280701754, 0.03162828947368421
1 1.2345120614035088, 0.35316154970760233, 0.03536184210526316, 0.034173976608187134
1 0.393218201754386, 0.3494883040935673, 0.03838815789473684, 0.040405701754385966
1 0.0683936403508772, 0.3549890350877193, 0.04257949561403509, 0.03357273391812866
1 0.7490405701754386, 0.3549890350877193, 0.02549342105263158, 0.03179824561403509
1 1.1330866228070176, 0.3549890350877193, 0.027138157894736843, 0.0432108918128655
1 1.3781524122807018, 0.3559027777777778, 0.02905701754385965, 0.041849415204678365
1 1.3636239035087718, 0.3827668128654971, 0.044407894736842105, 0.03252923976608187
1 0.5091831140350878, 0.3586440058479532, 0.04577850877192982, 0.026498538011695907
1 0.7772752192982456, 0.3599232456140351, 0.03481359649122807, 0.04568713450292398
1 0.8022203947368421, 0.36156798245614036, 0.046600877192982455, 0.014802631578947368
1 0.8628015350877193, 0.36175073099415206, 0.03837719298245614, 0.031067251461988302
1 1.3312774122807018, 0.36193347953216376, 0.03453947368421053, 0.028691520467836257
1 1.3186677631578947, 0.36814692982456143, 0.043859649122807015, 0.030153508771929825
1 0.9664199561403509, 0.36229897660818716, 0.03481359649122807, 0.035818713450292396
1 0.9962993421052632, 0.3866045321637427, 0.02905701754385965, 0.039656432748538015
1 1.2676809210526316, 0.3633954678362573, 0.020285087719298246, 0.0360014619883041
1 1.2819353070175439, 0.38898026315789475, 0.02412280701754386, 0.04093567251461988
1 0.9494243421052632, 0.36577119883040937, 0.024396929824561403, 0.03216374269005848
1 0.9225603070175439, 0.3730811403508772, 0.04139254385964912, 0.031615497076023395
1 0.19969846491228072, 0.3659539473684211, 0.023574561403508772, 0.02905701754385965
1 0.5541392543859649, 0.3672331871345029, 0.027138157894736843, 0.02887426900584795
1 0.8466282894736842, 0.3688779239766082, 0.023574561403508772, 0.04586988304093567
1 0.8238760964912281, 0.3728983918128655, 0.027960526315789474, 0.03892543859649123
1 0.8189418859649122, 0.4043311403508772, 0.05235745614035088, 0.02266081871345029
1 0.8090734649122807, 0.37198464912280704, 0.020285087719298246, 0.031067251461988302
1 -0.00013706140350877192, 0.3736293859649123, 0.01864035087719298, 0.029605263157894735
1 0.05139802631578947, 0.37436038011695905, 0.043859649122807015, 0.03216374269005848
1 0.06976425438596491, 0.37454312865497075, 0.02850877192982456, 0.025950292397660817
1 0.2630208333333333, 0.37509137426900585, 0.04520833333333333, 0.0266812865497076
1 0.8674616228070176, 0.37545687134502925, 0.021655701754385966, 0.03271198830409357
1 0.9135142543859649, 0.37563961988304095, 0.01864035087719298, 0.031067251461988302
1 0.42667214912280704, 0.37911184210526316, 0.0581140350877193, 0.03278874269005848
1 1.2039254385964913, 0.3777832602339181, 0.05580592105263158, 0.01722770467836257
1 0.21175986842105263, 0.380391081871345, 0.034265350877192985, 0.03728070175438596
1 0.17064144736842105, 0.3814875730994152, 0.03042763157894737, 0.031615497076023395
1 0.620202850877193, 0.3813048245614035, 0.04851973684210526, 0.022955043859649124
1 1.1796875, 0.38185307017543857, 0.03700657894736842, 0.034722222222222224
1 1.0182291666666667, 0.38203581871345027, 0.04355811403508772, 0.03131396198830409
1 0.30578399122807015, 0.3825840643274854, 0.04550438596491228, 0.03873172514619883
1 0.5012664473684211, 0.3827668128654971, 0.022719298245614035, 0.04550438596491228
1 0.5102384868421053, 0.3844444444444444, 0.030468750000000003, 0.04336257309941521
1 0.47184484649122804, 0.38550804093567254, 0.027469846491228068, 0.04655519005847953
1 0.4337308114035088, 0.38879751461988304, 0.050507127192982455, 0.030374634502923978
1 0.47626644736842105, 0.39704312865497077, 0.0312719298245614, 0.03597953216374269
1 0.013020833333333334, 0.3834978070175439, 0.03070175438596491, 0.034173976608187134
1 0.38363486842105265, 0.38335709064327483, 0.027639802631578947, 0.03760416666666667
1 0.5471600877192982, 0.3836805555555556, 0.0415186403508772, 0.041063596491228066
1 0.5363212719298246, 0.38499999999999995, 0.03146655701754386, 0.026458333333333334
1 0.5818256578947368, 0.3840460526315789, 0.015076754385964912, 0.023940058479532164
1 0.5938870614035088, 0.38422880116959063, 0.035910087719298246, 0.02010233918128655
1 1.431422697368421, 0.382593201754386, 0.04842927631578947, 0.049332967836257305
1 0.13061951754385964, 0.38569078947368424, 0.03234649122807018, 0.0356359649122807
1 1.402549342105263, 0.386421783625731, 0.027138157894736843, 0.03179824561403509
1 1.2402686403508771, 0.39208698830409355, 0.026589912280701754, 0.03527046783625731
1 0.8863760964912281, 0.39245248538011696, 0.03042763157894737, 0.03234649122807018
1 1.2627467105263157, 0.39245248538011696, 0.02138157894736842, 0.030884502923976608
1 0.4003563596491228, 0.39702119883040937, 0.03289473684210526, 0.03490497076023392
1 0.2504111842105263, 0.3986659356725146, 0.04468201754385965, 0.02266081871345029
1 1.2164884868421053, 0.3988486842105263, 0.02679550438596491, 0.03709795321637427
1 0.02617872807017544, 0.4001279239766082, 0.039531250000000004, 0.03929093567251462
1 0.03677905701754386, 0.41417945906432746, 0.03271107456140351, 0.03894554093567252
1 0.17901315789473682, 0.4003106725146199, 0.03302083333333333, 0.04146198830409357
1 0.6465186403508771, 0.39886878654970764, 0.05482456140350877, 0.028335160818713453
1 1.0555098684210527, 0.4010416666666667, 0.03508771929824561, 0.030884502923976608
1 0.2936759868421052, 0.40323464912280704, 0.02773300438596491, 0.04281798245614035
1 0.4458607456140351, 0.4029367690058479, 0.02987938596491228, 0.039406067251461986
1 0.24246162280701755, 0.405062134502924, 0.049432565789473686, 0.028691520467836257
1 0.20602521929824563, 0.41036184210526316, 0.036984649122807016, 0.03234649122807018
1 0.8644462719298246, 0.40688961988304095, 0.03070175438596491, 0.04075292397660819
1 0.932702850877193, 0.4085343567251462, 0.046052631578947366, 0.03179824561403509
1 0.00013706140350877192, 0.40999634502923976, 0.01918859649122807, 0.01827485380116959
1 0.32140899122807015, 0.4118238304093567, 0.02412280701754386, 0.034131944444444444
1 0.16433662280701755, 0.4152960526315789, 0.025219298245614034, 0.023393640350877192
1 0.9285910087719298, 0.41949926900584794, 0.03782894736842105, 0.03764619883040936
1 0.1445997807017544, 0.4213267543859649, 0.020285087719298246, 0.03782894736842105
1 0.16269188596491227, 0.42772295321637427, 0.03508771929824561, 0.027595029239766082
1 0.08950109649122807, 0.42808845029239767, 0.028851425438596492, 0.028326023391812866
1 0.2585444078947368, 0.43338815789473684, 0.03243695175438596, 0.041092836257309945
1 0.06300164473684211, 0.43393640350877194, 0.029240679824561404, 0.04719480994152047
1 0.24629934210526316, 0.43740862573099415, 0.022203947368421052, 0.029605263157894735
1 -0.00013706140350877192, 0.43759137426900585, 0.033717105263157895, 0.032613304093567254
1 0.28412828947368424, 0.43795687134502925, 0.02917214912280702, 0.043859649122807015
1 0.04564144736842105, 0.4397843567251462, 0.023574561403508772, 0.034722222222222224
1 0.8940515350877193, 0.4403326023391813, 0.027138157894736843, 0.04312865497076023
1 0.3112664473684211, 0.43773574561403505, 0.03475603070175439, 0.048466739766081866
1 0.3373081140350877, 0.4427083333333333, 0.021929824561403508, 0.03289473684210526
1 0.35704495614035087, 0.4434393274853801, 0.034265350877192985, 0.03453947368421053
1 0.5527686403508771, 0.4439875730994152, 0.030290570175438597, 0.03234649122807018
1 0.21504934210526316, 0.448921783625731, 0.03782894736842105, 0.026498538011695907
1 0.3723958333333333, 0.4536732456140351, 0.03837719298245614, 0.02942251461988304
1 0.11636513157894737, 0.4609831871345029, 0.03728070175438596, 0.03289473684210526
1 0.0683936403508772, 0.46153143274853803, 0.039473684210526314, 0.03630299707602339
1 0.0878563596491228, 0.4626279239766082, 0.04564144736842105, 0.03234649122807018
1 0.9855729166666667, 0.47908625730994153, 0.03508771929824561, 0.02891264619883041
1 1.1273300438596492, 0.48327850877192985, 0.031524122807017545, 0.048461257309941524
1 0.9346217105263158, 0.4874817251461988, 0.028267543859649125, 0.021895102339181287
1 1.3439089912280702, 0.485906432748538, 0.027754934210526317, 0.022408625730994152
1 0.8825383771929824, 0.4911293859649123, 0.032516447368421054, 0.022485380116959067
1 0.02425986842105263, 0.49552266081871343, 0.054276315789473686, 0.02010233918128655
1 1.1809895833333333, 0.5054788011695907, 0.033168859649122806, 0.02594298245614035
1 0.16269188596491227, 0.5719115497076024, 0.03042763157894737, 0.023026315789473683
1 1.0611293859649122, 0.38256396198830406, 0.04550438596491228, 0.04183845029239766
1 1.055189144736842, 0.3462646198830409, 0.025381030701754386, 0.042425073099415206
1 0.6583059210526315, 0.29676900584795324, 0.04141447368421053, 0.03348318713450293
1 0.6358470394736843, 0.3113706140350877, 0.04468201754385965, 0.027130847953216377
1 1.3234786184210527, 0.40060307017543856, 0.0537828947368421, 0.030489766081871345
1 1.319394188596491, 0.38493238304093563, 0.029427083333333333, 0.03813413742690058
1 1.30109649122807, 0.4056725146198831, 0.022820723684210526, 0.030610380116959063
1 1.2873547149122808, 0.3706487573099415, 0.036178728070175435, 0.04087536549707602
1 1.488514254385965, 0.3274543128654971, 0.011910635964912281, 0.017187499999999998
1 6.853070175438596e-05, 0.35759137426900584, 0.004043311403508772, 0.016456505847953214
1 1.14484649122807, 0.2657803362573099, 0.033717105263157895, 0.03517909356725146
1 1.1465104166666666, 0.2502247807017544, 0.04530701754385965, 0.024800804093567254
1 1.105263157894737, 0.0030244883040935673, 0.04029605263157895, 0.022068713450292397
1 1.1014254385964912, -0.0001114766081871345, 0.030592105263157893, 0.02293859649122807
