1 0.8007127192982456, 0.1347313596491228, 0.03508771929824561, 0.03125
1 0.8224597953216374, 0.14788925438596492, 0.041666666666666664, 0.022112573099415205
1 0.9003106725146199, 0.1572094298245614, 0.03453947368421053, 0.03070175438596491
1 0.8317799707602339, 0.1591282894736842, 0.04303728070175439, 0.019554093567251463
1 0.8778326023391813, 0.16186951754385964, 0.04523026315789474, 0.015716374269005847
1 0.8707054093567251, 0.1865405701754386, 0.0537280701754386, 0.017361111111111112
1 0.8374451754385965, 0.20847039473684212, 0.03673245614035088, 0.04550438596491228
1 0.8926352339181286, 0.16461074561403508, 0.05866228070175439, 0.017726608187134504
1 0.9028691520467836, 0.16817434210526316, 0.04303728070175439, 0.019005847953216373
1 0.9882127192982456, 0.19586074561403508, 0.020833333333333332, 0.01160453216374269
1 0.8200840643274854, 0.20326206140350878, 0.02549342105263158, 0.042214912280701754
1 0.9350328947368421, 0.2090186403508772, 0.046052631578947366, 0.02284356725146199
1 0.9589729532163743, 0.21066337719298245, 0.04468201754385965, 0.02010233918128655
1 0.980171783625731, 0.22299890350877194, 0.04084429824561404, 0.01964546783625731
1 0.13368055555555555, 0.3140076754385965, 0.0268640350877193, 0.0245796783625731
1 0.9536732456140351, 0.3151041666666667, 0.03179824561403509, 0.018092105263157895
1 0.8860562865497076, 0.3216831140350877, 0.04331140350877193, 0.02540204678362573
1 0.7603252923976608, 0.3236019736842105, 0.05345394736842105, 0.015533625730994151
1 0.9858369883040936, 0.3236019736842105, 0.03837719298245614, 0.014071637426900584
1 0.5134320175438597, 0.3241502192982456, 0.05585252192982456, 0.01608187134502924
1 0.6139437134502924, 0.3246984649122807, 0.05043859649122807, 0.01918859649122807
1 0.6307565789473685, 0.3260690789473684, 0.03782894736842105, 0.02266081871345029
1 0.643000730994152, 0.3471765350877193, 0.0400219298245614, 0.019554093567251463
1 0.6503106725146199, 0.3424479166666667, 0.05132949561403509, 0.022934941520467836
1 0.6324013157894737, 0.3814418859649123, 0.05866228070175439, 0.020650584795321638
1 0.6141264619883041, 0.38390899122807015, 0.05400219298245614, 0.02266081871345029
1 0.5275950292397661, 0.32634320175438597, 0.0556469298245614, 0.02147295321637427
1 0.6994700292397661, 0.32716557017543857, 0.05455043859649123, 0.02046783625730994
1 0.9215095029239766, 0.33319627192982454, 0.0556469298245614, 0.017909356725146198
1 0.9094480994152047, 0.3567708333333333, 0.05537280701754386, 0.02448830409356725
1 0.7478983918128655, 0.33511513157894735, 0.03700657894736842, 0.014071637426900584
1 0.3984831871345029, 0.3403234649122807, 0.05345394736842105, 0.027412280701754384
1 0.4039656432748538, 0.3586896929824561, 0.039473684210526314, 0.034173976608187134
1 0.8696089181286549, 0.34059758771929827, 0.049342105263157895, 0.022112573099415205
1 0.9571454678362573, 0.3411458333333333, 0.05098684210526316, 0.022112573099415205
1 0.5564692982456141, 0.34553179824561403, 0.049890350877192985, 0.0200109649122807
1 0.37947733918128657, 0.3477247807017544, 0.05838815789473684, 0.02046783625730994
1 0.45915570175438597, 0.35128837719298245, 0.03728070175438596, 0.021564327485380116
1 0.7102521929824561, 0.3521107456140351, 0.0581140350877193, 0.021929824561403508
1 0.7213998538011696, 0.3685581140350877, 0.05701754385964912, 0.02101608187134503
1 0.7833516081871345, 0.3540296052631579, 0.05098684210526316, 0.019919590643274854
1 0.48218201754385964, 0.35704495614035087, 0.030975877192982455, 0.0356359649122807
1 0.8008954678362573, 0.3578673245614035, 0.05317982456140351, 0.017726608187134504
1 0.4406067251461988, 0.3581414473684211, 0.04577850877192982, 0.019828216374269007
1 0.8873355263157895, 0.3606085526315789, 0.05482456140350877, 0.020833333333333332
1 0.8178910818713451, 0.36362390350877194, 0.07346491228070176, 0.020924707602339183
1 0.8354349415204678, 0.3751370614035088, 0.061677631578947366, 0.021198830409356724
1 0.9439875730994152, 0.36444627192982454, 0.0512609649122807, 0.017178362573099414
1 0.7683662280701754, 0.3647203947368421, 0.04906798245614035, 0.017909356725146198
1 0.780610380116959, 0.3989857456140351, 0.04961622807017544, 0.017361111111111112
1 0.6856268274853801, 0.36609100877192985, 0.05345394736842105, 0.02206688596491228
1 0.6590826023391813, 0.3677357456140351, 0.05674342105263158, 0.021929824561403508
1 0.29906798245614036, 0.3710252192982456, 0.054276315789473686, 0.01882309941520468
1 0.28207236842105265, 0.3776041666666667, 0.04824561403508772, 0.020650584795321638
1 0.28344298245614036, 0.48355263157894735, 0.05194627192982456, 0.021290204678362575
1 0.30199195906432746, 0.5102796052631579, 0.05893640350877193, 0.01644736842105263
1 0.31588084795321636, 0.37184758771929827, 0.05043859649122807, 0.015716374269005847
1 0.5651498538011696, 0.37321820175438597, 0.055098684210526314, 0.014071637426900584
1 0.24497441520467836, 0.3745888157894737, 0.05290570175438596, 0.02138157894736842
1 0.22651681286549707, 0.37678179824561403, 0.044407894736842105, 0.025767543859649123
1 0.9880299707602339, 0.3756853070175439, 0.04331140350877193, 0.011787280701754386
1 0.46902412280701755, 0.3765076754385965, 0.05345394736842105, 0.013888888888888888
1 0.4807200292397661, 0.39089912280701755, 0.02480811403508772, 0.03769188596491228
1 0.47231359649122806, 0.41296600877192985, 0.03042763157894737, 0.033808479532163746
1 0.4576937134502924, 0.42475328947368424, 0.05756578947368421, 0.017361111111111112
1 0.4604349415204678, 0.4395559210526316, 0.05619517543859649, 0.02905701754385965
1 0.4940606725146199, 0.3765076754385965, 0.02275219298245614, 0.03453947368421053
1 0.7303545321637427, 0.3770559210526316, 0.049342105263157895, 0.031980994152046784
1 0.930281432748538, 0.37815241228070173, 0.05180921052631579, 0.01864035087719298
1 0.26672149122807015, 0.38061951754385964, 0.05180921052631579, 0.019005847953216373
1 0.25009137426900585, 0.4126918859649123, 0.04906798245614035, 0.02320906432748538
1 0.27183845029239767, 0.43516995614035087, 0.046052631578947366, 0.021747076023391813
1 0.25009137426900585, 0.44997258771929827, 0.0390625, 0.03568165204678363
1 0.338358918128655, 0.3822642543859649, 0.046875, 0.015350877192982455
1 0.5722770467836257, 0.38308662280701755, 0.05098684210526316, 0.019005847953216373
1 0.8681469298245614, 0.38555372807017546, 0.05098684210526316, 0.021198830409356724
1 0.8683296783625731, 0.4217379385964912, 0.039473684210526314, 0.030884502923976608
1 0.3516995614035088, 0.38829495614035087, 0.054276315789473686, 0.017543859649122806
1 0.3666849415204678, 0.38829495614035087, 0.04194078947368421, 0.02540204678362573
1 0.45111476608187134, 0.38884320175438597, 0.046052631578947366, 0.017543859649122806
1 0.035910087719298246, 0.3893914473684211, 0.04413377192982456, 0.017178362573099414
1 0.8403691520467836, 0.3910361842105263, 0.05482456140350877, 0.03033625730994152
1 0.8487755847953217, 0.4220120614035088, 0.06030701754385965, 0.020650584795321638
1 0.43028143274853803, 0.3913103070175439, 0.03632127192982456, 0.02046783625730994
1 0.4173062865497076, 0.42667214912280704, 0.05098684210526316, 0.027412280701754384
1 0.4308296783625731, 0.42667214912280704, 0.032072368421052634, 0.031067251461988302
1 0.44161184210526316, 0.4551809210526316, 0.05674342105263158, 0.01699561403508772
1 0.4211440058479532, 0.4557291666666667, 0.04742324561403509, 0.0222953216374269
1 0.4392361111111111, 0.5009594298245614, 0.060581140350877194, 0.022478070175438597
1 0.5881761695906432, 0.3913103070175439, 0.05646929824561404, 0.014985380116959063
1 0.5817799707602339, 0.4154331140350877, 0.03179824561403509, 0.013888888888888888
1 0.5675255847953217, 0.4387335526315789, 0.046052631578947366, 0.021564327485380116
1 0.5724597953216374, 0.44757401315789475, 0.047628837719298246, 0.02540204678362573
1 0.961531432748538, 0.3913103070175439, 0.049890350877192985, 0.03673245614035088
1 0.20988669590643275, 0.39240679824561403, 0.03892543859649123, 0.014802631578947368
1 0.05089546783625731, 0.3926809210526316, 0.044407894736842105, 0.022478070175438597
1 0.41091008771929827, 0.39487390350877194, 0.03344298245614035, 0.023391812865497075
1 0.6101059941520468, 0.3951480263157895, 0.05098684210526316, 0.020833333333333332
1 0.6026133040935673, 0.40063048245614036, 0.046600877192982455, 0.012244152046783625
1 0.8114948830409356, 0.40063048245614036, 0.05646929824561404, 0.020833333333333332
1 0.7996162280701754, 0.4354440789473684, 0.04632675438596491, 0.027595029239766082
1 0.3915387426900585, 0.4009046052631579, 0.05701754385964912, 0.01864035087719298
1 0.40195540935672514, 0.4102247807017544, 0.04961622807017544, 0.019919590643274854
1 0.31606359649122806, 0.4017269736842105, 0.052083333333333336, 0.023757309941520467
1 0.3250182748538012, 0.42941337719298245, 0.03974780701754386, 0.023848684210526317
1 0.7606907894736842, 0.40337171052631576, 0.05263157894736842, 0.021747076023391813
1 0.6470211988304093, 0.40391995614035087, 0.0512609649122807, 0.020650584795321638
1 0.6562043128654971, 0.41762609649122806, 0.03782894736842105, 0.02645285087719298
1 0.6447368421052632, 0.44846491228070173, 0.024533991228070175, 0.044316520467836254
1 0.8955592105263158, 0.40446820175438597, 0.05235745614035088, 0.022478070175438597
1 0.13386330409356725, 0.40529057017543857, 0.05921052631578947, 0.02046783625730994
1 0.18137792397660818, 0.4063870614035088, 0.05317982456140351, 0.01850328947368421
1 0.19430738304093567, 0.40720942982456143, 0.05071271929824561, 0.02124451754385965
1 0.16127558479532164, 0.40720942982456143, 0.049890350877192985, 0.013523391812865496
1 0.026041666666666668, 0.40858004385964913, 0.05701754385964912, 0.015716374269005847
1 0.004111842105263158, 0.4096765350877193, 0.05345394736842105, 0.02284356725146199
1 0.035910087719298246, 0.43571820175438597, 0.05235745614035088, 0.016812865497076022
1 0.0011878654970760233, 0.4524396929824561, 0.05537280701754386, 0.01864035087719298
1 0.6967288011695907, 0.4088541666666667, 0.05098684210526316, 0.020285087719298246
1 0.6813779239766082, 0.4100191885964912, 0.057702850877192985, 0.017543859649122806
1 0.22998903508771928, 0.4126918859649123, 0.04742324561403509, 0.01882309941520468
1 0.19252558479532164, 0.45422149122807015, 0.03549890350877193, 0.03728070175438596
1 0.21098318713450293, 0.45819627192982454, 0.043859649122807015, 0.031432748538011694
1 0.18137792397660818, 0.48204495614035087, 0.030153508771929825, 0.03508771929824561
1 0.1771747076023392, 0.49383223684210525, 0.030153508771929825, 0.0360014619883041
1 0.5223866959064327, 0.4135142543859649, 0.039473684210526314, 0.021747076023391813
1 0.9578764619883041, 0.41433662280701755, 0.05098684210526316, 0.03289473684210526
1 0.9332054093567251, 0.41625548245614036, 0.06085526315789474, 0.020650584795321638
1 0.9565972222222222, 0.43050986842105265, 0.05345394736842105, 0.02448830409356725
1 0.9385051169590644, 0.4359923245614035, 0.04550438596491228, 0.023757309941520467
1 0.3591922514619883, 0.41707785087719296, 0.04276315789473684, 0.02046783625730994
1 0.34767909356725146, 0.44887609649122806, 0.046875, 0.01882309941520468
1 0.3599232456140351, 0.45024671052631576, 0.06668037280701754, 0.022478070175438597
1 0.38952850877192985, 0.45737390350877194, 0.0200109649122807, 0.03234649122807018
1 0.3699744152046784, 0.4740953947368421, 0.02549342105263158, 0.037463450292397664
1 0.4036001461988304, 0.4771107456140351, 0.05537280701754386, 0.018092105263157895
1 0.4125548245614035, 0.48533442982456143, 0.05866228070175439, 0.019554093567251463
1 0.36814692982456143, 0.4876644736842105, 0.027275219298245616, 0.03819444444444445
1 0.42315423976608185, 0.5163103070175439, 0.06140350877192982, 0.016264619883040937
1 0.11200292397660819, 0.4173519736842105, 0.05838815789473684, 0.023139619883040936
1 0.29925073099415206, 0.41872258771929827, 0.04303728070175439, 0.021929824561403508
1 0.49040570175438597, 0.4198190789473684, 0.02412280701754386, 0.031432748538011694
1 0.9001279239766082, 0.4570997807017544, 0.05701754385964912, 0.01608187134502924
1 0.8672331871345029, 0.4680646929824561, 0.03234649122807018, 0.035910087719298246
1 0.9229714912280702, 0.48067434210526316, 0.03618421052631579, 0.034173976608187134
1 0.9079861111111112, 0.48259320175438597, 0.037760416666666664, 0.02887426900584795
1 0.8800255847953217, 0.48670504385964913, 0.04468201754385965, 0.022112573099415205
1 0.9421600877192983, 0.5111019736842105, 0.04906798245614035, 0.030519005847953216
1 0.08945540935672515, 0.4231085526315789, 0.046600877192982455, 0.029605263157894735
1 0.7314510233918129, 0.42365679824561403, 0.04742324561403509, 0.02010233918128655
1 0.37582236842105265, 0.42475328947368424, 0.049342105263157895, 0.01827485380116959
1 0.5170869883040936, 0.43078399122807015, 0.04303728070175439, 0.014802631578947368
1 0.050347222222222224, 0.4310581140350877, 0.0424890350877193, 0.016264619883040937
1 0.034265350877192985, 0.4686129385964912, 0.04331140350877193, 0.028691520467836257
1 0.008863304093567252, 0.5053453947368421, 0.05482456140350877, 0.0268640350877193
1 0.1680372807017544, 0.43188048245614036, 0.04824561403508772, 0.016812865497076022
1 0.7120796783625731, 0.4335252192982456, 0.060581140350877194, 0.01882309941520468
1 0.611750730994152, 0.43434758771929827, 0.04550438596491228, 0.01425438596491228
1 0.7586805555555556, 0.4359923245614035, 0.052083333333333336, 0.01516812865497076
1 0.7241410818713451, 0.4409265350877193, 0.05400219298245614, 0.027732090643274854
1 0.744563230994152, 0.44503837719298245, 0.058867872807017545, 0.022158260233918127
1 0.596765350877193, 0.4395559210526316, 0.041666666666666664, 0.014802631578947368
1 0.8268457602339181, 0.4401041666666667, 0.05263157894736842, 0.03453947368421053
1 0.796875, 0.46559758771929827, 0.033717105263157895, 0.03453947368421053
1 0.48218201754385964, 0.44037828947368424, 0.0424890350877193, 0.034173976608187134
1 0.48729897660818716, 0.4518914473684211, 0.03919956140350877, 0.03070175438596491
1 0.548702485380117, 0.4458607456140351, 0.047697368421052634, 0.02046783625730994
1 0.5401133040935673, 0.44805372807017546, 0.043859649122807015, 0.014619883040935672
1 0.08305921052631579, 0.5045230263157895, 0.05180921052631579, 0.02722953216374269
1 0.06642909356725146, 0.5094572368421053, 0.05482456140350877, 0.012975146198830409
1 0.03225511695906433, 0.5157620614035088, 0.04358552631578947, 0.017361111111111112
1 0.04157529239766082, 0.5226151315789473, 0.043859649122807015, 0.025584795321637425
1 0.023117690058479533, 0.5344024122807017, 0.036458333333333336, 0.013888888888888888
1 0.06825657894736842, 0.5415296052631579, 0.048793859649122806, 0.01644736842105263
1 0.023117690058479533, 0.5623629385964912, 0.06962719298245613, 0.0222953216374269
1 0.7851790935672515, 0.44750548245614036, 0.043859649122807015, 0.014802631578947368
1 0.530610380116959, 0.45024671052631576, 0.04742324561403509, 0.010416666666666666
1 0.5358187134502924, 0.49136513157894735, 0.027138157894736843, 0.03188961988304093
1 0.31332236842105265, 0.4532620614035088, 0.04276315789473684, 0.019371345029239765
1 0.3040021929824561, 0.4557291666666667, 0.05071271929824561, 0.016812865497076022
1 0.16602704678362573, 0.45490679824561403, 0.04413377192982456, 0.027777777777777776
1 0.1451937134502924, 0.4858826754385965, 0.033717105263157895, 0.03125
1 0.8697916666666666, 0.4576480263157895, 0.021655701754385966, 0.03252923976608187
1 0.01836622807017544, 0.4584703947368421, 0.046600877192982455, 0.020833333333333332
1 0.22852704678362573, 0.45929276315789475, 0.03234649122807018, 0.027412280701754384
1 0.6766264619883041, 0.4740953947368421, 0.046875, 0.017726608187134504
1 0.6528691520467836, 0.47889254385964913, 0.03522478070175439, 0.0268640350877193
1 0.12362938596491228, 0.4628563596491228, 0.046052631578947366, 0.02503654970760234
1 0.2557565789473684, 0.4691611842105263, 0.03755482456140351, 0.027412280701754384
1 0.2658077485380117, 0.4995888157894737, 0.04961622807017544, 0.019005847953216373
1 0.2786001461988304, 0.4995888157894737, 0.04906798245614035, 0.01918859649122807
1 0.7685489766081871, 0.4688870614035088, 0.05756578947368421, 0.015350877192982455
1 0.7786001461988304, 0.4858826754385965, 0.07099780701754387, 0.02010233918128655
1 0.7935855263157895, 0.5100054824561403, 0.06880482456140351, 0.025584795321637425
1 0.6057200292397661, 0.47299890350877194, 0.0537280701754386, 0.01516812865497076
1 0.5923793859649122, 0.4765625, 0.05235745614035088, 0.015716374269005847
1 0.711577119883041, 0.47683662280701755, 0.03919956140350877, 0.01987390350877193
1 0.9562317251461988, 0.4784813596491228, 0.02549342105263158, 0.038011695906432746
1 0.7296235380116959, 0.4790296052631579, 0.06195175438596491, 0.014619883040935672
1 0.7511878654970761, 0.4839638157894737, 0.061677631578947366, 0.017726608187134504
1 0.7411366959064327, 0.5017817982456141, 0.05701754385964912, 0.02101608187134503
1 0.4770650584795322, 0.4804002192982456, 0.05701754385964912, 0.019554093567251463
1 0.4605263157894737, 0.5319353070175439, 0.04454495614035088, 0.03664108187134503
1 0.8107638888888888, 0.48122258771929827, 0.05071271929824561, 0.020650584795321638
1 0.8242872807017544, 0.48341557017543857, 0.046875, 0.028326023391812866
1 0.31277412280701755, 0.48752741228070173, 0.04906798245614035, 0.029239766081871343
1 0.33653143274853803, 0.5067160087719298, 0.06770833333333333, 0.01827485380116959
1 0.3250182748538012, 0.4998629385964912, 0.05921052631578947, 0.020833333333333332
1 0.6453307748538012, 0.4869791666666667, 0.035910087719298246, 0.025082236842105265
1 0.6428179824561403, 0.5061677631578947, 0.05317982456140351, 0.0266812865497076
1 0.6373355263157895, 0.5376918859649122, 0.04303728070175439, 0.02448830409356725
1 0.5808662280701754, 0.48999451754385964, 0.04851973684210526, 0.015716374269005847
1 0.5664290935672515, 0.504797149122807, 0.04632675438596491, 0.023940058479532164
1 0.8361659356725146, 0.4941063596491228, 0.04468201754385965, 0.03234649122807018
1 0.8409173976608187, 0.5174067982456141, 0.043859649122807015, 0.0266812865497076
1 0.8266630116959064, 0.5352247807017544, 0.04358552631578947, 0.017178362573099414
1 0.01069078947368421, 0.4954769736842105, 0.04577850877192982, 0.015716374269005847
1 0.9712171052631579, 0.4979440789473684, 0.031524122807017545, 0.02850877192982456
1 0.9763340643274854, 0.5217927631578947, 0.023848684210526317, 0.023391812865497075
1 0.9540387426900585, 0.4987664473684211, 0.05043859649122807, 0.02320906432748538
1 0.2391264619883041, 0.5094572368421053, 0.049342105263157895, 0.015716374269005847
1 0.45915570175438597, 0.4993146929824561, 0.060032894736842105, 0.021701388888888888
1 0.10791301169590643, 0.5020038377192982, 0.02472313596491228, 0.03453947368421053
1 0.0956688596491228, 0.5198739035087719, 0.060581140350877194, 0.01644736842105263
1 0.08086622807017543, 0.5489309210526315, 0.060581140350877194, 0.017543859649122806
1 0.08872441520467836, 0.5683936403508771, 0.051535087719298246, 0.025950292397660817
1 0.14258954678362573, 0.5095257675438597, 0.03145559210526316, 0.034036915204678365
1 0.3805738304093567, 0.5094572368421053, 0.05701754385964912, 0.019371345029239765
1 0.8601059941520468, 0.5102796052631579, 0.061677631578947366, 0.018092105263157895
1 0.5291483918128655, 0.5111019736842105, 0.019462719298245616, 0.033625730994152045
1 0.6663925438596491, 0.5113760964912281, 0.04577850877192982, 0.01699561403508772
1 0.7188413742690059, 0.5113760964912281, 0.03618421052631579, 0.015533625730994151
1 0.3659539473684211, 0.5116502192982456, 0.054276315789473686, 0.016264619883040937
1 0.3944627192982456, 0.5116502192982456, 0.05071271929824561, 0.018092105263157895
1 0.3983918128654971, 0.553453947368421, 0.05523574561403509, 0.01745248538011696
1 0.8919042397660819, 0.5146655701754386, 0.062225877192982455, 0.020833333333333332
1 0.8771016081871345, 0.5190515350877193, 0.06085526315789474, 0.017361111111111112
1 0.3504203216374269, 0.5157620614035088, 0.04742324561403509, 0.012792397660818713
1 0.11504020467836257, 0.5171326754385965, 0.026589912280701754, 0.02942251461988304
1 0.17297149122807018, 0.5179550438596491, 0.023574561403508772, 0.03252923976608187
1 0.6791849415204678, 0.5179550438596491, 0.04413377192982456, 0.022478070175438597
1 0.6890533625730995, 0.5182291666666666, 0.05180921052631579, 0.02503654970760234
1 0.1444627192982456, 0.5195997807017544, 0.05235745614035088, 0.02010233918128655
1 0.2168311403508772, 0.5212445175438597, 0.0400219298245614, 0.025767543859649123
1 0.538468567251462, 0.5223410087719298, 0.05016447368421053, 0.01663011695906433
1 0.5516264619883041, 0.5280975877192983, 0.0512609649122807, 0.02010233918128655
1 0.5892726608187134, 0.5289199561403509, 0.0537280701754386, 0.01425438596491228
1 0.6016995614035088, 0.5401589912280702, 0.0625, 0.01425438596491228
1 0.10992324561403509, 0.5319353070175439, 0.05263157894736842, 0.015899122807017545
1 0.1196546052631579, 0.5371436403508771, 0.06859923245614036, 0.017132675438596492
1 0.3182565789473684, 0.5333059210526315, 0.054276315789473686, 0.012975146198830409
1 0.7559393274853801, 0.5333059210526315, 0.05455043859649123, 0.02503654970760234
1 0.7588633040935673, 0.6117050438596491, 0.04194078947368421, 0.025767543859649123
1 0.7480811403508771, 0.6158168859649122, 0.046875, 0.029239766081871343
1 0.17772295321637427, 0.5374177631578947, 0.05071271929824561, 0.02887426900584795
1 0.7338267543859649, 0.5404331140350878, 0.05482456140350877, 0.02138157894736842
1 0.6260964912280702, 0.5409813596491229, 0.05263157894736842, 0.022569444444444444
1 0.16474780701754385, 0.5418037280701754, 0.03234649122807018, 0.008406432748538011
1 0.13422880116959066, 0.5431743421052632, 0.04468201754385965, 0.015716374269005847
1 0.9374086257309941, 0.5437225877192983, 0.04303728070175439, 0.03070175438596491
1 0.9816337719298246, 0.5442708333333334, 0.024396929824561403, 0.01800073099415205
1 0.04285453216374269, 0.5445449561403509, 0.04523026315789474, 0.01882309941520468
1 0.17278874269005848, 0.5448190789473685, 0.052083333333333336, 0.019554093567251463
1 0.4266264619883041, 0.5448190789473685, 0.05921052631578947, 0.03289473684210526
1 0.6669407894736842, 0.5475603070175439, 0.038651315789473686, 0.024853801169590642
1 0.6828399122807017, 0.5571546052631579, 0.04523026315789474, 0.03673245614035088
1 0.7234100877192983, 0.5483826754385965, 0.05626370614035088, 0.029148391812865496
1 0.4140168128654971, 0.5492050438596491, 0.049890350877192985, 0.014802631578947368
1 0.5656980994152047, 0.551672149122807, 0.04797149122807018, 0.023757309941520467
1 0.5079495614035088, 0.5522203947368421, 0.04797149122807018, 0.026498538011695907
1 0.9682931286549707, 0.5544133771929824, 0.0400219298245614, 0.03134137426900585
1 0.9045138888888888, 0.5552357456140351, 0.051535087719298246, 0.019371345029239765
1 0.7173793859649122, 0.5593475877192983, 0.057291666666666664, 0.027777777777777776
1 0.7137244152046783, 0.6015625, 0.02549342105263158, 0.027595029239766082
1 0.7153691520467836, 0.6122532894736842, 0.05016447368421053, 0.030153508771929825
1 0.3007127192982456, 0.5607182017543859, 0.042214912280701754, 0.01882309941520468
1 0.6194261695906432, 0.5626370614035088, 0.044956140350877194, 0.017178362573099414
1 0.4604349415204678, 0.5642817982456141, 0.03700657894736842, 0.036366959064327485
1 0.8213633040935673, 0.5653782894736842, 0.05043859649122807, 0.019736842105263157
1 0.8220942982456141, 0.5996436403508771, 0.055098684210526314, 0.021198830409356724
1 0.8418311403508771, 0.6155427631578947, 0.05537280701754386, 0.015350877192982455
1 0.8169773391812866, 0.6226699561403509, 0.05482456140350877, 0.027777777777777776
1 0.8345211988304093, 0.5653782894736842, 0.05043859649122807, 0.01918859649122807
1 0.8529788011695907, 0.5659265350877193, 0.0400219298245614, 0.03234649122807018
1 0.2581323099415205, 0.5582510964912281, 0.07072368421052631, 0.022203947368421052
1 0.2696454678362573, 0.5903234649122807, 0.046875, 0.013888888888888888
1 0.6649305555555556, 0.5689418859649122, 0.04468201754385965, 0.013157894736842105
1 0.3624817251461988, 0.5700383771929824, 0.029331140350877194, 0.036275584795321635
1 0.4838267543859649, 0.5705866228070176, 0.0400219298245614, 0.019736842105263157
1 0.7862755847953217, 0.5703125, 0.04303728070175439, 0.025219298245614034
1 0.5819627192982456, 0.5722313596491229, 0.054276315789473686, 0.016812865497076022
1 0.2435124269005848, 0.5730537280701754, 0.020833333333333332, 0.02046783625730994
1 0.9410635964912281, 0.5730537280701754, 0.03974780701754386, 0.02722953216374269
1 0.8933662280701754, 0.5771655701754386, 0.06524122807017543, 0.019554093567251463
1 0.8802083333333334, 0.5856633771929824, 0.060581140350877194, 0.016264619883040937
1 0.8730811403508771, 0.6448739035087719, 0.04057017543859649, 0.01864035087719298
1 0.96390716374269, 0.5777138157894737, 0.02549342105263158, 0.024853801169590642
1 0.45111476608187134, 0.5779879385964912, 0.05235745614035088, 0.02266081871345029
1 0.6771747076023392, 0.5790844298245614, 0.05537280701754386, 0.02448830409356725
1 0.007949561403508772, 0.5801809210526315, 0.04851973684210526, 0.017543859649122806
1 0.6419042397660819, 0.5815515350877193, 0.02549342105263158, 0.02503654970760234
1 0.8050986842105263, 0.5815515350877193, 0.05016447368421053, 0.019554093567251463
1 0.8061951754385965, 0.629797149122807, 0.03782894736842105, 0.017543859649122806
1 0.5125182748538012, 0.582922149122807, 0.043859649122807015, 0.025584795321637425
1 0.35370979532163743, 0.5853892543859649, 0.0581140350877193, 0.018092105263157895
1 0.14318347953216373, 0.5881304824561403, 0.05290570175438596, 0.022478070175438597
1 0.5958516081871345, 0.5884046052631579, 0.05345394736842105, 0.012975146198830409
1 0.861202485380117, 0.5895010964912281, 0.05098684210526316, 0.019736842105263157
1 0.8516995614035088, 0.5922423245614035, 0.07182017543859649, 0.01663011695906433
1 0.8648574561403509, 0.6303453947368421, 0.04851973684210526, 0.014437134502923976
1 0.561860380116959, 0.5914199561403509, 0.05921052631578947, 0.0222953216374269
1 0.052768640350877194, 0.5877878289473685, 0.025561951754385966, 0.029559576023391813
1 0.31935307017543857, 0.5919682017543859, 0.04468201754385965, 0.014071637426900584
1 0.2784173976608187, 0.592516447368421, 0.06140350877192982, 0.017726608187134504
1 0.2946363304093567, 0.5927905701754386, 0.044956140350877194, 0.02745796783625731
1 0.2890168128654971, 0.6026589912280702, 0.06578947368421052, 0.020650584795321638
1 0.3060124269005848, 0.6259594298245614, 0.04084429824561404, 0.013706140350877192
1 0.3105811403508772, 0.6410361842105263, 0.0644188596491228, 0.01699561403508772
1 0.29504751461988304, 0.6443256578947368, 0.04413377192982456, 0.014985380116959063
1 0.2873720760233918, 0.6744791666666666, 0.052220394736842105, 0.03070175438596491
1 0.6049890350877193, 0.5927905701754386, 0.054276315789473686, 0.02010233918128655
1 0.04285453216374269, 0.5864857456140351, 0.05975877192982456, 0.01539656432748538
1 0.7003837719298246, 0.5955317982456141, 0.05893640350877193, 0.019554093567251463
1 0.981999269005848, 0.6234923245614035, 0.04851973684210526, 0.014802631578947368
1 0.9397843567251462, 0.5960800438596491, 0.062225877192982455, 0.027777777777777776
1 0.9322916666666666, 0.6010142543859649, 0.04303728070175439, 0.022478070175438597
1 0.9297331871345029, 0.629797149122807, 0.046875, 0.012792397660818713
1 0.9406980994152047, 0.6333607456140351, 0.04084429824561404, 0.014619883040935672
1 0.9132858187134503, 0.6344572368421053, 0.052083333333333336, 0.018092105263157895
1 0.33808479532163743, 0.5969024122807017, 0.05482456140350877, 0.026041666666666668
1 0.6338633040935673, 0.5977247807017544, 0.06743421052631579, 0.020285087719298246
1 0.7908442982456141, 0.598547149122807, 0.042214912280701754, 0.020285087719298246
1 0.20879020467836257, 0.5999177631578947, 0.0512609649122807, 0.009868421052631578
1 0.548702485380117, 0.5999177631578947, 0.057839912280701754, 0.021929824561403508
1 0.21829312865497075, 0.6004660087719298, 0.04824561403508772, 0.017543859649122806
1 0.6539656432748538, 0.6029331140350878, 0.0512609649122807, 0.015533625730994151
1 0.6165021929824561, 0.6032072368421053, 0.04468201754385965, 0.017361111111111112
1 0.11869517543859649, 0.6040296052631579, 0.01781798245614035, 0.02412280701754386
1 0.10389254385964912, 0.6064967105263158, 0.05071271929824561, 0.02503654970760234
1 0.1179641812865497, 0.6204769736842105, 0.03179824561403509, 0.022112573099415205
1 0.3900767543859649, 0.6067708333333334, 0.038788377192982455, 0.027960526315789474
1 0.9028691520467836, 0.6086896929824561, 0.05537280701754386, 0.023391812865497075
1 0.17900219298245615, 0.6117050438596491, 0.033168859649122806, 0.030153508771929825
1 0.18631213450292397, 0.6267817982456141, 0.06112938596491228, 0.023026315789473683
1 0.06679459064327485, 0.6125274122807017, 0.05071271929824561, 0.02540204678362573
1 0.08598318713450293, 0.6177357456140351, 0.04577850877192982, 0.018092105263157895
1 0.8891630116959064, 0.6136239035087719, 0.03755482456140351, 0.010782163742690058
1 0.0, 0.6134183114035088, 0.04022752192982456, 0.010325292397660819
1 0.5158077485380117, 0.6152686403508771, 0.046600877192982455, 0.02412280701754386
1 0.4266264619883041, 0.6158168859649122, 0.04577850877192982, 0.02010233918128655
1 0.9659173976608187, 0.6171875, 0.04550438596491228, 0.02010233918128655
1 0.47341008771929827, 0.6180098684210527, 0.04139254385964912, 0.025950292397660817
1 0.33324195906432746, 0.6207510964912281, 0.034265350877192985, 0.024853801169590642
1 0.7327302631578947, 0.6221217105263158, 0.038651315789473686, 0.01663011695906433
1 0.04157529239766082, 0.6229440789473685, 0.0556469298245614, 0.02631578947368421
1 0.5808662280701754, 0.6232182017543859, 0.04084429824561404, 0.028691520467836257
1 0.16438230994152048, 0.6245888157894737, 0.03125, 0.015899122807017545
1 0.15981359649122806, 0.6350054824561403, 0.05016447368421053, 0.017726608187134504
1 0.15524488304093567, 0.6577576754385965, 0.05537280701754386, 0.029788011695906433
1 0.1495796783625731, 0.6783168859649122, 0.04824561403508772, 0.02850877192982456
1 0.4635416666666667, 0.6276041666666666, 0.0400219298245614, 0.010964912280701754
1 0.6250913742690059, 0.6276041666666666, 0.044956140350877194, 0.014985380116959063
1 0.7957785087719298, 0.6333607456140351, 0.05263157894736842, 0.017361111111111112
1 0.3235562865497076, 0.6341831140350878, 0.03728070175438596, 0.025219298245614034
1 0.32684576023391815, 0.6591282894736842, 0.06277412280701754, 0.01836622807017544
1 0.3191703216374269, 0.6736567982456141, 0.042214912280701754, 0.013888888888888888
1 0.018914473684210526, 0.6344572368421053, 0.05235745614035088, 0.023026315789473683
1 0.17754020467836257, 0.6347313596491229, 0.04906798245614035, 0.016812865497076022
1 0.10261330409356725, 0.6377467105263158, 0.039473684210526314, 0.025950292397660817
1 0.12472587719298246, 0.6451480263157895, 0.03179824561403509, 0.03527046783625731
1 0.25063961988304095, 0.6388432017543859, 0.0424890350877193, 0.01644736842105263
1 0.36175073099415206, 0.6426809210526315, 0.029331140350877194, 0.021929824561403508
1 0.2080592105263158, 0.6432291666666666, 0.03262061403508772, 0.01882309941520468
1 0.00758406432748538, 0.6451480263157895, 0.05674342105263158, 0.016264619883040937
1 0.5682565789473685, 0.6470668859649122, 0.03508771929824561, 0.0266812865497076
1 0.38203581871345027, 0.6484375, 0.047697368421052634, 0.01918859649122807
1 0.2648940058479532, 0.6500822368421053, 0.0537280701754386, 0.02540204678362573
1 0.37545687134502925, 0.6506304824561403, 0.04358552631578947, 0.014802631578947368
1 0.21006944444444445, 0.651452850877193, 0.06304824561403509, 0.02046783625730994
1 0.3493238304093567, 0.6558388157894737, 0.03125, 0.029239766081871343
1 0.1353252923976608, 0.6604989035087719, 0.0537280701754386, 0.019736842105263157
1 0.18759137426900585, 0.6626918859649122, 0.046875, 0.021198830409356724
1 0.051443713450292396, 0.6676260964912281, 0.05400219298245614, 0.019005847953216373
1 0.06551535087719298, 0.6777686403508771, 0.04961622807017544, 0.015899122807017545
1 0.078125, 0.6821546052631579, 0.055098684210526314, 0.013888888888888888
1 0.2206688596491228, 0.6646107456140351, 0.0537280701754386, 0.020285087719298246
1 0.3860562865497076, 0.6676260964912281, 0.039473684210526314, 0.02448830409356725
1 0.6855811403508771, 0.6658442982456141, 0.07442434210526316, 0.020376461988304093
1 0.09073464912280702, 0.6698190789473685, 0.04584703947368421, 0.02549342105263158
1 0.34073464912280704, 0.6725603070175439, 0.03125, 0.023391812865497075
1 0.3498720760233918, 0.6755756578947368, 0.023574561403508772, 0.023940058479532164
1 4.5687134502923974e-05, 0.6720120614035088, 0.04742324561403509, 0.013706140350877192
1 0.2341922514619883, 0.673108552631579, 0.06359649122807018, 0.017909356725146198
1 0.11485745614035088, 0.6736567982456141, 0.03728070175438596, 0.02448830409356725
1 0.19069809941520469, 0.6777686403508771, 0.046600877192982455, 0.019736842105263157
1 0.08379020467836257, 0.6794133771929824, 0.04111842105263158, 0.017909356725146198
1 9.137426900584795e-05, 0.7049067982456141, 0.032072368421052634, 0.03654970760233918
1 0.26800073099415206, 0.7087445175438597, 0.057154605263157895, 0.027320906432748537
1 9.137426900584795e-05, 0.5112390350877193, 0.04742324561403509, 0.010782163742690058
1 9.137426900584795e-05, 0.48547149122807015, 0.03686951754385965, 0.012426900584795321
1 0.03709795321637427, 0.5042489035087719, 0.02432839912280702, 0.033397295321637425
1 0.060261330409356724, 0.4888980263157895, 0.02652138157894737, 0.03997624269005848
1 0.07922149122807018, 0.5006853070175439, 0.0395422149122807, 0.027320906432748537
1 0.05532711988304093, 0.44558662280701755, 0.061746162280701754, 0.03358004385964912
1 0.0722313596491228, 0.39569627192982454, 0.049890350877192985, 0.015899122807017545
1 0.08580043859649122, 0.39035087719298245, 0.057839912280701754, 0.017909356725146198
1 0.0, 0.42023026315789475, 0.023574561403508772, 0.003929093567251462
1 0.0003654970760233918, 0.4477796052631579, 0.021518640350877194, 0.0022843567251461987
1 0.14213267543859648, 0.41961348684210525, 0.06133497807017544, 0.019234283625730993
1 0.1472733918128655, 0.4449424342105263, 0.04354440789473684, 0.020376461988304093
1 0.2288468567251462, 0.4973273026315789, 0.053933662280701754, 0.014894005847953216
1 0.21203399122807018, 0.48937774122807015, 0.051055372807017545, 0.031295687134502925
1 0.20623172514619884, 0.5211759868421053, 0.04899945175438596, 0.016264619883040937
1 0.20326206140350878, 0.2797423245614035, 0.050027412280701754, 0.025447733918128657
1 0.20869883040935672, 0.3001644736842105, 0.02837171052631579, 0.04148391812865497
1 0.2324561403508772, 0.606875, 0.05430921052631579, 0.017909356725146198
1 0.1922514619883041, 0.5411184210526315, 0.05084978070175439, 0.02677266081871345
1 0.21481907894736843, 0.5606962719298246, 0.04141447368421053, 0.025403874269005845
1 0.2311988304093567, 0.5948464912280702, 0.0297094298245614, 0.030109649122807017
1 0.48757309941520466, 0.5929961622807017, 0.044407894736842105, 0.02055921052631579
1 0.46619152046783624, 0.5910087719298246, 0.038481359649122804, 0.027616959064327488
1 0.3331048976608187, 0.4336622807017544, 0.04851973684210526, 0.02448830409356725
1 0.33293676900584795, 0.4741063596491228, 0.0473547149122807, 0.03383954678362573
1 0.49278143274853803, 0.47765899122807015, 0.051672149122807015, 0.01471125730994152
1 0.5044773391812866, 0.450093201754386, 0.0486047149122807, 0.019510233918128655
1 0.5115131578947368, 0.4784813596491228, 0.05646929824561404, 0.022934941520467836
1 0.5067562134502923, 0.4720093201754386, 0.05475603070175439, 0.023026315789473683
1 0.6170047514619883, 0.46486019736842105, 0.0595531798245614, 0.019782529239766082
1 0.650264985380117, 0.46600877192982454, 0.032552083333333336, 0.028188961988304093
1 0.692936769005848, 0.47553453947368424, 0.05996436403508772, 0.02261513157894737
1 0.6781798245614035, 0.45881304824561403, 0.030633223684210526, 0.03741776315789474
1 0.7093841374269005, 0.4868421052631579, 0.05475603070175439, 0.011787280701754386
1 0.7576754385964912, 0.5867598684210527, 0.04838267543859649, 0.02320906432748538
1 0.7706505847953217, 0.5623629385964912, 0.05413925438596491, 0.017269736842105265
1 0.8482748538011696, 0.1545504385964912, 0.05290570175438596, 0.020833333333333332
1 0.8598318713450293, 0.15487938596491227, 0.053865131578947366, 0.01699561403508772
1 0.07501827485380116, 0.46991502192982454, 0.02055921052631579, 0.03970211988304093
1 0.09726790935672515, 0.4777960526315789, 0.030153508771929825, 0.04059393274853801
1 0.2852284356725146, 0.41796875, 0.06105537280701754, 0.0201937134502924
1 0.2935855263157895, 0.4610060307017544, 0.051672149122807015, 0.02023940058479532
1 0.2002467105263158, 0.42475328947368424, 0.03748629385964912, 0.0360014619883041
1 0.18932748538011696, 0.4575109649122807, 0.023300438596491228, 0.025356359649122806
1 0.5394736842105263, 0.36239035087719296, 0.04838267543859649, 0.01804641812865497
1 0.5281432748538012, 0.3979577850877193, 0.04063870614035088, 0.024853801169590642
1 0.6251370614035088, 0.45703125, 0.0556469298245614, 0.017635233918128657
1 0.7681834795321637, 0.6181469298245614, 0.06483004385964912, 0.023026315789473683
1 0.7708333333333334, 0.6445997807017544, 0.06551535087719298, 0.025676169590643276
1 0.9089455409356725, 0.5152138157894737, 0.02240953947368421, 0.02768640350877193
1 0.9162097953216374, 0.5176809210526315, 0.04523026315789474, 0.026589912280701754
1 0.26516812865497075, 0.9081688596491229, 0.017269736842105265, 0.030153508771929825
1 0.31853070175438597, 0.8896655701754386, 0.022203947368421052, 0.023757309941520467
1 0.33296783625730997, 0.8935032894736842, 0.031112938596491228, 0.028143274853801168
1 0.46637426900584794, 0.8404605263157895, 0.020148026315789474, 0.02942251461988304
1 0.5328947368421053, 0.8052357456140351, 0.0, 0.0
1 0.5314327485380117, 0.7990679824561403, 0.046600877192982455, 0.011970029239766082
1 0.5519919590643275, 0.9161184210526315, 0.05290570175438596, 0.04349415204678363
1 0.8666849415204678, 0.8993969298245614, 0.03042763157894737, 0.03125
1 0.9126461988304093, 0.8469024122807017, 0.030016447368421052, 0.026133040935672515
1 0.9949744152046783, 0.43270285087719296, 0.019736842105263157, 0.005025584795321637
1 0.9175804093567251, 0.4214638157894737, 0.046463815789473686, 0.016904239766081873
1 0.9153417397660819, 0.4605263157894737, 0.02460252192982456, 0.01896016081871345
1 0.9755116959064327, 0.5974506578947368, 0.02480811403508772, 0.0245796783625731
1 0.9920504385964912, 0.6197916666666666, 0.04084429824561404, 0.00804093567251462
1 0.9952485380116959, 0.68359375, 0.016858552631578948, 0.00470577485380117
1 0.0, 0.6558388157894737, 0.01850328947368421, 0.008132309941520468
1 -0.00045687134502923974, 0.5959429824561403, 0.01206140350877193, 0.0043859649122807015
1 0.242781432748538, 0.4721080043859649, 0.0620202850877193, 0.016584429824561403
1 0.25274122807017546, 0.4868421052631579, 0.06702302631578948, 0.014574195906432748
1 0.433296783625731, 0.5998492324561403, 0.05290570175438596, 0.030381944444444444
1 0.4475511695906433, 0.5974506578947368, 0.05023300438596491, 0.017635233918128657
1 0.546875, 0.4300986842105263, 0.0268640350877193, 0.03508771929824561
1 0.5494334795321637, 0.40905975877192985, 0.031112938596491228, 0.017361111111111112
1 0.6498538011695907, 0.32442434210526316, 0.0361156798245614, 0.04157529239766082
