1 0.14980811403508773, 0.19197733918128654, 0.015899122807017545, 0.010964912280701754
1 1.4070723684210527, 0.19343932748538012, 0.018229166666666668, 0.015716374269005847
1 0.7293037280701754, 0.2067799707602339, 0.03262061403508772, 0.010599415204678362
1 1.154468201754386, 0.21354166666666666, 0.02549342105263158, 0.007309941520467836
1 0.8962445175438597, 0.21427266081871346, 0.028782894736842105, 0.009685672514619883
1 1.4168037280701755, 0.2221308479532164, 0.017543859649122806, 0.016264619883040937
1 1.120202850877193, 0.22432383040935672, 0.01644736842105263, 0.01516812865497076
1 0.47683662280701755, 0.24223318713450293, 0.02823464912280702, 0.013706140350877192
1 0.06373355263157894, 0.3036366959064328, 0.03919956140350877, 0.01827485380116959
1 0.06318530701754387, 0.311312134502924, 0.04550438596491228, 0.01425438596491228
1 0.0322094298245614, 0.3047331871345029, 0.042214912280701754, 0.020650584795321638
1 0.03495065789473684, 0.3111293859649123, 0.034265350877192985, 0.019005847953216373
1 0.015762061403508772, 0.3061951754385965, 0.023026315789473683, 0.02010233918128655
1 0.010553728070175438, 0.3140533625730994, 0.01425438596491228, 0.01425438596491228
1 -0.00013706140350877192, 0.3142361111111111, 0.017543859649122806, 0.02010233918128655
1 0.00013706140350877192, 0.32629751461988304, 0.03481359649122807, 0.027046783625730993
1 0.07140899122807018, 0.34384137426900585, 0.04303728070175439, 0.014985380116959063
1 0.03330592105263158, 0.34676535087719296, 0.01836622807017544, 0.024671052631578948
1 0.00013706140350877192, 0.3518823099415205, 0.009594298245614035, 0.01827485380116959
1 0.003974780701754386, 0.3524305555555556, 0.022203947368421052, 0.02266081871345029
1 0.07798793859649122, 0.35352704678362573, 0.027138157894736843, 0.027595029239766082
1 0.06894188596491228, 0.35736476608187134, 0.018914473684210526, 0.01425438596491228
1 0.006167763157894737, 0.36156798245614036, 0.027412280701754384, 0.02942251461988304
1 0.04564144736842105, 0.36504020467836257, 0.03673245614035088, 0.014619883040935672
1 0.031661184210526314, 0.37088815789473684, 0.036458333333333336, 0.01663011695906433
1 0.07415021929824561, 0.376187865497076, 0.03399122807017544, 0.009137426900584795
1 0.019325657894736843, 0.37966008771929827, 0.043859649122807015, 0.01864035087719298
1 0.039884868421052634, 0.3840460526315789, 0.046600877192982455, 0.01827485380116959
1 0.12870065789473684, 0.3060124269005848, 0.0381030701754386, 0.01206140350877193
1 0.10622258771929824, 0.3142361111111111, 0.015899122807017545, 0.02448830409356725
1 0.12678179824561403, 0.3151498538011696, 0.05071271929824561, 0.018457602339181287
1 0.1191063596491228, 0.3235562865497076, 0.032072368421052634, 0.02905701754385965
1 0.08675986842105263, 0.3177083333333333, 0.023026315789473683, 0.02850877192982456
1 0.11143092105263158, 0.31971856725146197, 0.02549342105263158, 0.023391812865497075
1 1.0631853070175439, 0.3233735380116959, 0.027412280701754384, 0.027777777777777776
1 0.04481907894736842, 0.3246527777777778, 0.044956140350877194, 0.010599415204678362
1 0.014391447368421052, 0.328125, 0.032072368421052634, 0.031067251461988302
1 0.03056469298245614, 0.3319627192982456, 0.029605263157894735, 0.024305555555555556
1 0.17530153508771928, 0.32538377192982454, 0.02412280701754386, 0.017361111111111112
1 0.19311951754385964, 0.32648026315789475, 0.02055921052631579, 0.021198830409356724
1 0.22875548245614036, 0.3286732456140351, 0.027960526315789474, 0.01827485380116959
1 0.23588267543859648, 0.3321454678362573, 0.02549342105263158, 0.017909356725146198
1 0.20463267543859648, 0.33050073099415206, 0.026589912280701754, 0.02138157894736842
1 1.4222861842105263, 0.3312317251461988, 0.035910087719298246, 0.02631578947368421
1 0.16186951754385964, 0.34073464912280704, 0.03399122807017544, 0.022478070175438597
1 0.1677768640350877, 0.34767909356725146, 0.037129934210526315, 0.027960526315789474
1 0.17831688596491227, 0.35663377192982454, 0.025219298245614034, 0.03453947368421053
1 0.15885416666666666, 0.38532529239766083, 0.03549890350877193, 0.029970760233918127
1 0.1289747807017544, 0.3939144736842105, 0.02631578947368421, 0.012426900584795321
1 1.4486019736842106, 0.33415570175438597, 0.04358552631578947, 0.01663011695906433
1 0.8913103070175439, 0.3418311403508772, 0.027960526315789474, 0.025767543859649123
1 1.366639254385965, 0.3516995614035088, 0.03618421052631579, 0.030884502923976608
1 1.358141447368421, 0.37454312865497075, 0.04111842105263158, 0.021747076023391813
1 0.12650767543859648, 0.34347587719298245, 0.024945175438596492, 0.021564327485380116
1 0.22967379385964912, 0.34402412280701755, 0.03608826754385965, 0.029239766081871343
1 0.24766995614035087, 0.3447551169590643, 0.04303728070175439, 0.02905701754385965
1 0.1953125, 0.3522478070175439, 0.025767543859649123, 0.028691520467836257
1 0.2090186403508772, 0.35827850877192985, 0.024396929824561403, 0.027777777777777776
1 0.22053179824561403, 0.363578216374269, 0.02850877192982456, 0.025767543859649123
1 0.18736293859649122, 0.3811220760233918, 0.025219298245614034, 0.021929824561403508
1 0.2246436403508772, 0.3816703216374269, 0.0200109649122807, 0.022966008771929825
1 0.20298793859649122, 0.38495979532163743, 0.02055921052631579, 0.02887426900584795
1 0.23204495614035087, 0.3951937134502924, 0.033168859649122806, 0.0268640350877193
1 0.1991502192982456, 0.41307931286549704, 0.033717105263157895, 0.03072551169590643
1 0.2284813596491228, 0.4220577485380117, 0.021929824561403508, 0.02266081871345029
1 0.9773848684210527, 0.34402412280701755, 0.03508771929824561, 0.03216374269005848
1 1.3740405701754386, 0.344937865497076, 0.032072368421052634, 0.028143274853801168
1 0.21861293859649122, 0.3451206140350877, 0.022478070175438597, 0.015716374269005847
1 1.288514254385965, 0.3454861111111111, 0.043859649122807015, 0.025219298245614034
1 0.7040844298245614, 0.3462171052631579, 0.022478070175438597, 0.012426900584795321
1 0.1040296052631579, 0.34694809941520466, 0.02055921052631579, 0.027412280701754384
1 0.09333881578947369, 0.36175073099415206, 0.04634046052631579, 0.018457602339181287
1 0.08018092105263158, 0.3871527777777778, 0.047697368421052634, 0.021929824561403508
1 1.2408168859649122, 0.349141081871345, 0.03728070175438596, 0.025950292397660817
1 0.4927357456140351, 0.3495065789473684, 0.03974780701754386, 0.01882309941520468
1 0.4809484649122807, 0.35096856725146197, 0.03042763157894737, 0.018457602339181287
1 1.319764254385965, 0.3496893274853801, 0.039473684210526314, 0.03070175438596491
1 1.3241502192982457, 0.37143640350877194, 0.046875, 0.025767543859649123
1 1.1311677631578947, 0.3502375730994152, 0.05235745614035088, 0.019371345029239765
1 1.4220120614035088, 0.3502375730994152, 0.05016447368421053, 0.021747076023391813
1 1.4036458333333333, 0.3562682748538012, 0.021929824561403508, 0.027595029239766082
1 0.6651589912280702, 0.35078581871345027, 0.03673245614035088, 0.016264619883040937
1 0.3978892543859649, 0.35370979532163743, 0.02549342105263158, 0.021564327485380116
1 0.5620888157894737, 0.3515168128654971, 0.018914473684210526, 0.01827485380116959
1 0.545641447368421, 0.35663377192982454, 0.025767543859649123, 0.019462719298245616
1 0.5083607456140351, 0.36175073099415206, 0.0356359649122807, 0.024853801169590642
1 0.49821820175438597, 0.37929459064327486, 0.01699561403508772, 0.014802631578947368
1 0.5198739035087719, 0.3811220760233918, 0.027960526315789474, 0.03033625730994152
1 0.7213541666666666, 0.3513340643274854, 0.02055921052631579, 0.02850877192982456
1 0.7780975877192983, 0.3515168128654971, 0.027412280701754384, 0.015350877192982455
1 0.42009320175438597, 0.3522478070175439, 0.019736842105263157, 0.017909356725146198
1 0.8537554824561403, 0.3526133040935672, 0.02768640350877193, 0.02010233918128655
1 0.38555372807017546, 0.3527960526315789, 0.021929824561403508, 0.01663011695906433
1 0.25945723684210525, 0.35316154970760233, 0.044407894736842105, 0.016812865497076022
1 1.283031798245614, 0.35352704678362573, 0.0400219298245614, 0.025950292397660817
1 1.2663103070175439, 0.35444078947368424, 0.04851973684210526, 0.02503654970760234
1 0.7388980263157895, 0.3548062865497076, 0.023300438596491228, 0.029970760233918127
1 0.9211896929824561, 0.3548062865497076, 0.03399122807017544, 0.02905701754385965
1 0.7021655701754386, 0.355171783625731, 0.020833333333333332, 0.021080043859649122
1 0.7948190789473685, 0.3555372807017544, 0.023026315789473683, 0.03070175438596491
1 0.35622258771929827, 0.3559027777777778, 0.04057017543859649, 0.02138157894736842
1 1.2147752192982457, 0.35645102339181284, 0.03234649122807018, 0.03344298245614035
1 1.1158168859649122, 0.35809576023391815, 0.04139254385964912, 0.028143274853801168
1 0.43434758771929827, 0.3584612573099415, 0.029331140350877194, 0.014802631578947368
1 0.7698739035087719, 0.35827850877192985, 0.026589912280701754, 0.02010233918128655
1 0.8260690789473685, 0.3586440058479532, 0.025219298245614034, 0.022112573099415205
1 0.9439418859649122, 0.3588267543859649, 0.027138157894736843, 0.019554093567251463
1 0.2759046052631579, 0.3591922514619883, 0.0400219298245614, 0.023574561403508772
1 0.2970120614035088, 0.36065423976608185, 0.03837719298245614, 0.021564327485380116
1 0.7583607456140351, 0.36065423976608185, 0.02987938596491228, 0.013706140350877192
1 1.1421326754385965, 0.36065423976608185, 0.02905701754385965, 0.019919590643274854
1 1.2383497807017543, 0.36047149122807015, 0.03344298245614035, 0.029970760233918127
1 0.2534265350877193, 0.36138523391812866, 0.04015899122807018, 0.02010233918128655
1 0.24355811403508773, 0.37454312865497075, 0.01918859649122807, 0.02540204678362573
1 0.2572642543859649, 0.37984283625730997, 0.019736842105263157, 0.014437134502923976
1 0.6355537280701754, 0.36138523391812866, 0.0356359649122807, 0.013523391812865496
1 0.8474506578947368, 0.36156798245614036, 0.017543859649122806, 0.02320906432748538
1 0.6865405701754386, 0.3633954678362573, 0.03728070175438596, 0.02010233918128655
1 0.3112664473684211, 0.3633954678362573, 0.03755482456140351, 0.027777777777777776
1 0.34868421052631576, 0.37161915204678364, 0.022341008771929825, 0.028143274853801168
1 0.24629934210526316, 0.39939692982456143, 0.029331140350877194, 0.03344298245614035
1 0.34279057017543857, 0.4039656432748538, 0.016721491228070175, 0.031432748538011694
1 0.26075932017543857, 0.4081688596491228, 0.02446546052631579, 0.030153508771929825
1 0.31949013157894735, 0.41072733918128657, 0.024945175438596492, 0.027412280701754384
1 0.2753563596491228, 0.411641081871345, 0.02823464912280702, 0.031432748538011694
1 0.29399671052631576, 0.4138340643274854, 0.02549342105263158, 0.03216374269005848
1 0.32387609649122806, 0.42059576023391815, 0.021929824561403508, 0.03271198830409357
1 0.28358004385964913, 0.4357638888888889, 0.022203947368421052, 0.030519005847953216
1 0.30879934210526316, 0.43704312865497075, 0.019736842105263157, 0.028691520467836257
1 0.26850328947368424, 0.44782529239766083, 0.02138157894736842, 0.024671052631578948
1 0.3164747807017544, 0.45440423976608185, 0.023300438596491228, 0.0268640350877193
1 0.2852247807017544, 0.4810855263157895, 0.03959703947368421, 0.01663011695906433
1 0.4634046052631579, 0.3637609649122807, 0.02412280701754386, 0.022478070175438597
1 1.1073190789473684, 0.3639437134502924, 0.03179824561403509, 0.02320906432748538
1 0.4856085526315789, 0.36522295321637427, 0.04084429824561404, 0.012975146198830409
1 0.5914199561403509, 0.37198464912280704, 0.023300438596491228, 0.026133040935672515
1 0.5752467105263158, 0.3721673976608187, 0.018092105263157895, 0.019371345029239765
1 1.0656524122807018, 0.3670504385964912, 0.026589912280701754, 0.023026315789473683
1 1.083470394736842, 0.3672331871345029, 0.041666666666666664, 0.026498538011695907
1 0.3921326754385965, 0.3686951754385965, 0.035910087719298246, 0.025219298245614034
1 0.3902138157894737, 0.3739948830409357, 0.03728070175438596, 0.02887426900584795
1 0.3734923245614035, 0.37856359649122806, 0.020285087719298246, 0.03490497076023392
1 0.41817434210526316, 0.3913559941520468, 0.027960526315789474, 0.02722953216374269
1 0.38774671052631576, 0.39665570175438597, 0.022478070175438597, 0.02942251461988304
1 0.3606085526315789, 0.4311951754385965, 0.03070175438596491, 0.030153508771929825
1 0.3833607456140351, 0.44106359649122806, 0.0356359649122807, 0.025584795321637425
1 0.41049890350877194, 0.44435307017543857, 0.03234649122807018, 0.026133040935672515
1 0.3734923245614035, 0.4664656432748538, 0.03892543859649123, 0.02284356725146199
1 0.9480537280701754, 0.3694261695906433, 0.03453947368421053, 0.02284356725146199
1 1.2690515350877194, 0.3734466374269006, 0.03673245614035088, 0.015533625730994151
1 1.300575657894737, 0.37984283625730997, 0.04468201754385965, 0.01882309941520468
1 1.3079769736842106, 0.38952850877192985, 0.04084429824561404, 0.03125
1 0.7589089912280702, 0.37436038011695905, 0.044407894736842105, 0.020833333333333332
1 0.48122258771929827, 0.37490862573099415, 0.022203947368421052, 0.01023391812865497
1 0.3652686403508772, 0.376187865497076, 0.023300438596491228, 0.02320906432748538
1 0.817297149122807, 0.3760051169590643, 0.039473684210526314, 0.01827485380116959
1 0.5618146929824561, 0.3784265350877193, 0.01699561403508772, 0.018411915204678362
1 0.5703125, 0.3860562865497076, 0.03453947368421053, 0.020833333333333332
1 0.2909813596491228, 0.37856359649122806, 0.022478070175438597, 0.019554093567251463
1 0.2663103070175439, 0.38934576023391815, 0.03673245614035088, 0.022478070175438597
1 0.3003015350877193, 0.38819809941520467, 0.017543859649122806, 0.02252923976608187
1 0.27645285087719296, 0.37892909356725146, 0.020285087719298246, 0.017543859649122806
1 0.6626918859649122, 0.3800255847953216, 0.04468201754385965, 0.014985380116959063
1 0.4203673245614035, 0.380391081871345, 0.01836622807017544, 0.01864035087719298
1 0.6404879385964912, 0.380391081871345, 0.023848684210526317, 0.028143274853801168
1 0.7153234649122807, 0.3802083333333333, 0.03234649122807018, 0.013157894736842105
1 0.6070449561403509, 0.3827668128654971, 0.02631578947368421, 0.018092105263157895
1 0.5478344298245614, 0.3831323099415205, 0.01644736842105263, 0.017178362573099414
1 0.7068256578947368, 0.3834978070175439, 0.03234649122807018, 0.021747076023391813
1 0.5379660087719298, 0.386421783625731, 0.02412280701754386, 0.031432748538011694
1 0.5598958333333334, 0.3984831871345029, 0.017543859649122806, 0.02046783625730994
1 0.5736019736842105, 0.40195540935672514, 0.021929824561403508, 0.0268640350877193
1 0.5283717105263158, 0.40670687134502925, 0.023574561403508772, 0.017178362573099414
1 0.49629934210526316, 0.41072733918128657, 0.033168859649122806, 0.02942251461988304
1 0.5645559210526315, 0.4182200292397661, 0.015625, 0.01425438596491228
1 0.5187774122807017, 0.4184027777777778, 0.017543859649122806, 0.015716374269005847
1 0.5376918859649122, 0.4185855263157895, 0.024396929824561403, 0.02101608187134503
1 0.5653782894736842, 0.41931652046783624, 0.03673245614035088, 0.028326023391812866
1 0.5097313596491229, 0.4255299707602339, 0.02823464912280702, 0.03179824561403509
1 0.5393366228070176, 0.4313779239766082, 0.020833333333333332, 0.02631578947368421
1 1.1317160087719298, 0.3866045321637427, 0.03974780701754386, 0.029970760233918127
1 0.7654879385964912, 0.3873355263157895, 0.022478070175438597, 0.0222953216374269
1 0.8274396929824561, 0.3871527777777778, 0.02412280701754386, 0.02631578947368421
1 0.8096217105263158, 0.38788377192982454, 0.025767543859649123, 0.02631578947368421
1 1.2761787280701755, 0.3871527777777778, 0.04961622807017544, 0.027046783625730993
1 0.7517817982456141, 0.38824926900584794, 0.023574561403508772, 0.020285087719298246
1 0.8841831140350878, 0.38879751461988304, 0.049342105263157895, 0.015350877192982455
1 0.6248629385964912, 0.38934576023391815, 0.030975877192982455, 0.02722953216374269
1 1.073327850877193, 0.390625, 0.02549342105263158, 0.02850877192982456
1 1.1717379385964912, 0.390625, 0.03728070175438596, 0.027960526315789474
1 1.194764254385965, 0.4185855263157895, 0.03125, 0.02942251461988304
1 1.2394462719298245, 0.3909904970760234, 0.042214912280701754, 0.025584795321637425
1 0.7336896929824561, 0.3915387426900585, 0.02823464912280702, 0.024671052631578948
1 0.48862390350877194, 0.3915387426900585, 0.031524122807017545, 0.0133406432748538
1 0.47162828947368424, 0.39190423976608185, 0.02412280701754386, 0.02631578947368421
1 0.48862390350877194, 0.3997624269005848, 0.03042763157894737, 0.02631578947368421
1 0.4740953947368421, 0.421875, 0.024671052631578948, 0.02010233918128655
1 0.46121162280701755, 0.4220577485380117, 0.018092105263157895, 0.03326023391812866
1 1.261924342105263, 0.39245248538011696, 0.04523026315789474, 0.030884502923976608
1 0.05249451754385965, 0.39354897660818716, 0.03974780701754386, 0.02046783625730994
1 -0.00013706140350877192, 0.39903143274853803, 0.02631578947368421, 0.01608187134502924
1 0.025904605263157895, 0.39903143274853803, 0.026041666666666668, 0.027412280701754384
1 -0.00013706140350877192, 0.40232090643274854, 0.03673245614035088, 0.0222953216374269
1 0.04125548245614035, 0.40707236842105265, 0.03837719298245614, 0.022112573099415205
1 0.6794133771929824, 0.39336622807017546, 0.047149122807017545, 0.015350877192982455
1 0.6769462719298246, 0.3977521929824561, 0.04276315789473684, 0.02101608187134503
1 0.6810581140350878, 0.4088998538011696, 0.014528508771929825, 0.0266812865497076
1 1.0267269736842106, 0.39336622807017546, 0.04057017543859649, 0.02266081871345029
1 0.8019462719298246, 0.39592470760233917, 0.013980263157894737, 0.018759137426900586
1 0.7874177631578947, 0.39683845029239767, 0.023848684210526317, 0.02284356725146199
1 0.05249451754385965, 0.4253472222222222, 0.04851973684210526, 0.04331140350877193
1 0.35841557017543857, 0.3997624269005848, 0.018914473684210526, 0.031067251461988302
1 1.238075657894737, 0.4003106725146199, 0.044956140350877194, 0.03125
1 0.5897752192982456, 0.400858918128655, 0.036458333333333336, 0.01608187134502924
1 0.6621436403508771, 0.4012244152046784, 0.02275219298245614, 0.02905701754385965
1 1.2208059210526316, 0.4012244152046784, 0.039473684210526314, 0.027046783625730993
1 0.07086074561403509, 0.40177266081871343, 0.051535087719298246, 0.021747076023391813
1 0.8877467105263158, 0.40232090643274854, 0.03755482456140351, 0.027412280701754384
1 0.8743146929824561, 0.40542763157894735, 0.035910087719298246, 0.026498538011695907
1 0.17557565789473684, 0.40250365497076024, 0.019462719298245616, 0.021747076023391813
1 0.18928179824561403, 0.4041483918128655, 0.013157894736842105, 0.029970760233918127
1 0.19394188596491227, 0.41346856725146197, 0.022203947368421052, 0.029970760233918127
1 0.21614583333333334, 0.4036312134502924, 0.02779605263157895, 0.01477156432748538
1 0.6007401315789473, 0.40597587719298245, 0.03618421052631579, 0.02448830409356725
1 0.9812225877192983, 0.40597587719298245, 0.032072368421052634, 0.029605263157894735
1 0.13199013157894737, 0.40615862573099415, 0.026041666666666668, 0.010416666666666666
1 0.09333881578947369, 0.41602704678362573, 0.0581140350877193, 0.022112573099415205
1 0.4102247807017544, 0.40634137426900585, 0.0400219298245614, 0.03435672514619883
1 0.44449013157894735, 0.4085343567251462, 0.022478070175438597, 0.0222953216374269
1 0.7208059210526315, 0.40652412280701755, 0.02850877192982456, 0.019919590643274854
1 0.7501370614035088, 0.4072551169590643, 0.01864035087719298, 0.03033625730994152
1 0.6944901315789473, 0.4123720760233918, 0.04057017543859649, 0.02046783625730994
1 0.7482182017543859, 0.42754020467836257, 0.027138157894736843, 0.03033625730994152
1 0.7101151315789473, 0.42827119883040937, 0.02905701754385965, 0.01663011695906433
1 0.7057291666666666, 0.43722587719298245, 0.02905701754385965, 0.02027046783625731
1 1.2090186403508771, 0.4078033625730994, 0.0424890350877193, 0.027412280701754384
1 0.7682291666666666, 0.4081688596491228, 0.018914473684210526, 0.027595029239766082
1 0.37129934210526316, 0.40944809941520466, 0.020833333333333332, 0.030884502923976608
1 1.0091831140350878, 0.41017909356725146, 0.03289473684210526, 0.029239766081871343
1 0.6517269736842105, 0.4121893274853801, 0.023300438596491228, 0.03271198830409357
1 0.6125274122807017, 0.41639254385964913, 0.03262061403508772, 0.022478070175438597
1 0.6278782894736842, 0.4187682748538012, 0.026726973684210526, 0.02101608187134503
1 0.6859923245614035, 0.4311951754385965, 0.021107456140350877, 0.030153508771929825
1 0.6618695175438597, 0.438687865497076, 0.026589912280701754, 0.034722222222222224
1 0.6742050438596491, 0.45476973684210525, 0.036458333333333336, 0.02942251461988304
1 0.1591282894736842, 0.4127375730994152, 0.025219298245614034, 0.029239766081871343
1 0.14679276315789475, 0.4178545321637427, 0.02138157894736842, 0.02631578947368421
1 0.17201206140350878, 0.4249817251461988, 0.022203947368421052, 0.02887426900584795
1 0.15419407894736842, 0.4430738304093567, 0.02055921052631579, 0.019005847953216373
1 0.18270285087719298, 0.4436220760233918, 0.0356359649122807, 0.028691520467836257
1 0.18736293859649122, 0.4522112573099415, 0.03618421052631579, 0.02320906432748538
1 0.15117872807017543, 0.4622624269005848, 0.026589912280701754, 0.03435672514619883
1 0.7989309210526315, 0.4136513157894737, 0.024671052631578948, 0.024671052631578948
1 0.9239309210526315, 0.4138340643274854, 0.03289473684210526, 0.024305555555555556
1 0.8436129385964912, 0.4151133040935672, 0.01644736842105263, 0.01827485380116959
1 0.8600603070175439, 0.41675804093567254, 0.028782894736842105, 0.028326023391812866
1 0.8510142543859649, 0.4290021929824561, 0.027412280701754384, 0.027777777777777776
1 0.8274396929824561, 0.4152960526315789, 0.024396929824561403, 0.029970760233918127
1 1.177220394736842, 0.4184027777777778, 0.026041666666666668, 0.025219298245614034
1 0.782483552631579, 0.41931652046783624, 0.019462719298245616, 0.031067251461988302
1 0.7778234649122807, 0.4401498538011696, 0.03042763157894737, 0.02540204678362573
1 1.1259594298245614, 0.4209612573099415, 0.03125, 0.031067251461988302
1 0.010142543859649123, 0.42059576023391815, 0.03056469298245614, 0.025219298245614034
1 0.00013706140350877192, 0.42388523391812866, 0.021107456140350877, 0.023391812865497075
1 1.1506304824561404, 0.4215095029239766, 0.04797149122807018, 0.025950292397660817
1 1.150904605263158, 0.4299159356725146, 0.03042763157894737, 0.030519005847953216
1 0.8090734649122807, 0.42333698830409355, 0.01918859649122807, 0.023574561403508772
1 1.076343201754386, 0.42315423976608185, 0.02905701754385965, 0.0360014619883041
1 1.1188322368421053, 0.43393640350877194, 0.02987938596491228, 0.02722953216374269
1 1.1067708333333333, 0.4439875730994152, 0.02987938596491228, 0.024853801169590642
1 1.1029331140350878, 0.45184576023391815, 0.025219298245614034, 0.04057017543859649
1 1.0918311403508771, 0.4578764619883041, 0.02700109649122807, 0.03527046783625731
1 1.0969024122807018, 0.42315423976608185, 0.02823464912280702, 0.021747076023391813
1 1.2676809210526316, 0.42370248538011696, 0.03179824561403509, 0.033625730994152045
1 0.12020285087719298, 0.42479897660818716, 0.02631578947368421, 0.02503654970760234
1 0.07387609649122807, 0.43357090643274854, 0.04906798245614035, 0.02887426900584795
1 0.07634320175438597, 0.4439875730994152, 0.05098684210526316, 0.023940058479532164
1 0.9255756578947368, 0.4251644736842105, 0.02905701754385965, 0.03033625730994152
1 0.9719024122807017, 0.4249817251461988, 0.01836622807017544, 0.01918859649122807
1 0.9757401315789473, 0.4297331871345029, 0.03070175438596491, 0.021747076023391813
1 0.9990405701754386, 0.43740862573099415, 0.023574561403508772, 0.021929824561403508
1 0.8992598684210527, 0.426078216374269, 0.02823464912280702, 0.014619883040935672
1 0.889391447368421, 0.43064692982456143, 0.029331140350877194, 0.02320906432748538
1 1.0530427631578947, 0.4286366959064328, 0.03141447368421053, 0.0268640350877193
1 1.022889254385965, 0.43777412280701755, 0.03179824561403509, 0.028326023391812866
1 1.054139254385965, 0.45440423976608185, 0.04276315789473684, 0.031980994152046784
1 0.5815515350877193, 0.4313779239766082, 0.031524122807017545, 0.02010233918128655
1 0.6086896929824561, 0.43740862573099415, 0.0200109649122807, 0.024671052631578948
1 0.6363760964912281, 0.44727704678362573, 0.03289473684210526, 0.017361111111111112
1 0.6256853070175439, 0.44837719298245615, 0.027472587719298246, 0.011023391812865498
1 0.6218475877192983, 0.4597039473684211, 0.044956140350877194, 0.019371345029239765
1 0.5483826754385965, 0.46171418128654973, 0.02768640350877193, 0.025950292397660817
1 0.5914199561403509, 0.4620796783625731, 0.030153508771929825, 0.028691520467836257
1 0.5497532894736842, 0.46019919590643277, 0.03427905701754386, 0.04775036549707603
1 0.6254111842105263, 0.47191337719298243, 0.0268640350877193, 0.03347770467836257
1 0.6591282894736842, 0.4770650584795322, 0.023300438596491228, 0.03929093567251462
1 0.5651041666666666, 0.47797880116959063, 0.027960526315789474, 0.0402046783625731
1 0.6385690789473685, 0.47834429824561403, 0.028782894736842105, 0.041301169590643276
1 0.24547697368421054, 0.43283991228070173, 0.019736842105263157, 0.02905701754385965
1 0.21916118421052633, 0.43338815789473684, 0.026041666666666668, 0.03179824561403509
1 0.19394188596491227, 0.45915570175438597, 0.03728070175438596, 0.038011695906432746
1 1.3000274122807018, 0.43411915204678364, 0.05263157894736842, 0.01827485380116959
1 0.13802083333333334, 0.4355811403508772, 0.021929824561403508, 0.03252923976608187
1 0.3521107456140351, 0.4355811403508772, 0.02055921052631579, 0.031067251461988302
1 0.34745065789473684, 0.46189692982456143, 0.02850877192982456, 0.039656432748538015
1 0.37472587719298245, 0.48583698830409355, 0.052220394736842105, 0.017543859649122806
1 0.8090734649122807, 0.4403326023391813, 0.02905701754385965, 0.025219298245614034
1 0.7874177631578947, 0.45458698830409355, 0.024396929824561403, 0.017543859649122806
1 0.829358552631579, 0.46482090643274854, 0.025767543859649123, 0.02942251461988304
1 0.7621984649122807, 0.4661476608187135, 0.01836622807017544, 0.03613669590643275
1 0.8153782894736842, 0.4772478070175439, 0.021655701754385966, 0.03344298245614035
1 0.8203125, 0.5194627192982456, 0.06197916666666667, 0.02722953216374269
1 1.0418037280701755, 0.4361293859649123, 0.014528508771929825, 0.014985380116959063
1 0.47436951754385964, 0.4364948830409357, 0.023300438596491228, 0.030884502923976608
1 0.48999451754385964, 0.4401498538011696, 0.021655701754385966, 0.027960526315789474
1 0.9159813596491229, 0.4388706140350877, 0.030153508771929825, 0.033625730994152045
1 0.00013706140350877192, 0.442891081871345, 0.020833333333333332, 0.02850877192982456
1 -0.00013706140350877192, 0.463358918128655, 0.010416666666666666, 0.011330409356725146
1 0.8408717105263158, 0.4436220760233918, 0.022203947368421052, 0.023757309941520467
1 0.8833607456140351, 0.4434393274853801, 0.02850877192982456, 0.021747076023391813
1 0.8732182017543859, 0.4483735380116959, 0.023848684210526317, 0.03399122807017544
1 0.8669133771929824, 0.47322733918128657, 0.021655701754385966, 0.041301169590643276
1 0.8861019736842105, 0.48163377192982454, 0.03042763157894737, 0.03344298245614035
1 0.8877467105263158, 0.49552266081871343, 0.033717105263157895, 0.0268640350877193
1 0.8924067982456141, 0.5013706140350878, 0.04550438596491228, 0.03326023391812866
1 0.017132675438596492, 0.4459978070175439, 0.0268640350877193, 0.030884502923976608
1 0.5163103070175439, 0.4461805555555556, 0.030975877192982455, 0.031980994152046784
1 0.5094572368421053, 0.45458698830409355, 0.02412280701754386, 0.03709795321637427
1 0.9565515350877193, 0.4465460526315789, 0.026589912280701754, 0.029239766081871343
1 0.5960800438596491, 0.44691154970760233, 0.015899122807017545, 0.02138157894736842
1 1.1785910087719298, 0.44672880116959063, 0.03179824561403509, 0.012609649122807017
1 0.5461896929824561, 0.44727704678362573, 0.03399122807017544, 0.025219298245614034
1 1.2092927631578947, 0.4483735380116959, 0.03481359649122807, 0.02850877192982456
1 1.222450657894737, 0.44819078947368424, 0.04111842105263158, 0.019736842105263157
1 0.08813048245614036, 0.45056652046783624, 0.049342105263157895, 0.029605263157894735
1 0.12760416666666666, 0.4534904970760234, 0.01617324561403509, 0.01827485380116959
1 0.08758223684210527, 0.4611659356725146, 0.04303728070175439, 0.03271198830409357
1 0.7103892543859649, 0.45074926900584794, 0.018092105263157895, 0.03654970760233918
1 0.7095668859649122, 0.48565423976608185, 0.02549342105263158, 0.02942251461988304
1 1.0163103070175439, 0.45166301169590645, 0.04577850877192982, 0.029970760233918127
1 0.9773848684210527, 0.45202850877192985, 0.02138157894736842, 0.022478070175438597
1 1.141858552631579, 0.4523940058479532, 0.022203947368421052, 0.03179824561403509
1 1.1467927631578947, 0.4664656432748538, 0.03234649122807018, 0.03435672514619883
1 0.4272203947368421, 0.4529422514619883, 0.04509320175438596, 0.014437134502923976
1 0.45545504385964913, 0.458516081871345, 0.044407894736842105, 0.03481359649122807
1 0.9102247807017544, 0.45458698830409355, 0.0200109649122807, 0.02010233918128655
1 0.8554002192982456, 0.4562317251461988, 0.0200109649122807, 0.03271198830409357
1 1.1643366228070176, 0.4565972222222222, 0.05098684210526316, 0.014437134502923976
1 1.1788651315789473, 0.46792763157894735, 0.04523026315789474, 0.019554093567251463
1 0.21833881578947367, 0.4576937134502924, 0.03536184210526316, 0.03125
1 0.2304002192982456, 0.4752375730994152, 0.03453947368421053, 0.031980994152046784
1 0.2158717105263158, 0.4761513157894737, 0.03755482456140351, 0.02850877192982456
1 1.0031524122807018, 0.45897295321637427, 0.03728070175438596, 0.031432748538011694
1 1.1248629385964912, 0.46189692982456143, 0.02412280701754386, 0.03527046783625731
1 0.885827850877193, 0.4622624269005848, 0.026589912280701754, 0.03033625730994152
1 0.9442160087719298, 0.46427266081871343, 0.025767543859649123, 0.03125
1 0.9288651315789473, 0.4713998538011696, 0.03919956140350877, 0.05720029239766082
1 0.9672423245614035, 0.4812682748538012, 0.029331140350877194, 0.03216374269005848
1 0.9491502192982456, 0.4883954678362573, 0.03673245614035088, 0.0356359649122807
1 0.48204495614035087, 0.46427266081871343, 0.0356359649122807, 0.029605263157894735
1 0.9798519736842105, 0.46445540935672514, 0.02412280701754386, 0.022112573099415205
1 0.9924616228070176, 0.47852704678362573, 0.022203947368421052, 0.03709795321637427
1 0.6988760964912281, 0.46463815789473684, 0.01836622807017544, 0.030519005847953216
1 0.6936677631578947, 0.4909539473684211, 0.025767543859649123, 0.03453947368421053
1 0.3959703947368421, 0.4659173976608187, 0.049342105263157895, 0.02448830409356725
1 0.42667214912280704, 0.46920687134502925, 0.02850877192982456, 0.03289473684210526
1 0.7753563596491229, 0.469937865497076, 0.03262061403508772, 0.01918859649122807
1 0.9129660087719298, 0.469937865497076, 0.024671052631578948, 0.031615497076023395
1 0.13034539473684212, 0.4706688596491228, 0.036458333333333336, 0.03673245614035088
1 0.17886513157894737, 0.47231359649122806, 0.025767543859649123, 0.028691520467836257
1 0.45024671052631576, 0.47286184210526316, 0.030153508771929825, 0.025584795321637425
1 0.6818804824561403, 0.47359283625730997, 0.01918859649122807, 0.04842836257309942
1 0.5267269736842105, 0.4772478070175439, 0.02275219298245614, 0.03453947368421053
1 0.7986567982456141, 0.4772478070175439, 0.019736842105263157, 0.02046783625730994
1 0.7942708333333334, 0.4872076023391813, 0.022203947368421052, 0.027320906432748537
1 0.24273574561403508, 0.4796235380116959, 0.03673245614035088, 0.03033625730994152
1 0.24109100877192982, 0.4947916666666667, 0.046052631578947366, 0.027777777777777776
1 0.11581688596491228, 0.4810855263157895, 0.03453947368421053, 0.03545321637426901
1 1.010827850877193, 0.4838267543859649, 0.02631578947368421, 0.03929093567251462
1 1.0947094298245614, 0.48729897660818716, 0.03453947368421053, 0.025584795321637425
1 0.5900493421052632, 0.488578216374269, 0.027960526315789474, 0.03508771929824561
1 0.7797423245614035, 0.4889437134502924, 0.01864035087719298, 0.034722222222222224
1 0.8507401315789473, 0.4887609649122807, 0.02768640350877193, 0.03819444444444445
1 0.8334703947368421, 0.494608918128655, 0.02631578947368421, 0.03435672514619883
1 0.2805646929824561, 0.48967470760233917, 0.04303728070175439, 0.027046783625730993
1 1.030016447368421, 0.4909539473684211, 0.0512609649122807, 0.019005847953216373
1 0.6097861842105263, 0.4935124269005848, 0.02905701754385965, 0.025219298245614034
1 0.1903782894736842, 0.49588815789473684, 0.03700657894736842, 0.02887426900584795
1 0.7594572368421053, 0.49954312865497075, 0.025219298245614034, 0.03892543859649123
1 0.7879660087719298, 0.5074013157894737, 0.03289473684210526, 0.036915204678362575
1 1.0374177631578947, 0.5074013157894737, 0.0537280701754386, 0.017726608187134504
1 0.5812774122807017, 0.5145285087719298, 0.03179824561403509, 0.028691520467836257
1 0.0512609649122807, 0.4239766081871345, 0.025219298245614034, 0.03326023391812866
1 0.033717105263157895, 0.4279970760233918, 0.023848684210526317, 0.03271198830409357
1 0.16337719298245615, 0.45093201754385964, 0.02206688596491228, 0.03243786549707602
1 0.12184758771929824, 0.35873538011695905, 0.017543859649122806, 0.015533625730994151
1 0.08538925438596491, 0.37984283625730997, 0.0478344298245614, 0.01516812865497076
1 0.3296326754385965, 0.3676900584795322, 0.036047149122807015, 0.023117690058479533
1 0.3970668859649123, 0.39400584795321636, 0.031145833333333334, 0.026589912280701754
1 0.31154057017543857, 0.3902595029239766, 0.023711622807017545, 0.023940058479532164
1 0.31811951754385964, 0.396016081871345, 0.027960526315789474, 0.0222953216374269
1 0.44120065789473684, 0.4249817251461988, 0.020285087719298246, 0.02805190058479532
1 0.41721491228070173, 0.42479897660818716, 0.029468201754385966, 0.025584795321637425
1 0.6051260964912281, 0.4656432748538012, 0.02412280701754386, 0.026955409356725146
1 0.7288925438596491, 0.17726608187134502, 0.020285087719298246, 0.018092105263157895
1 0.789923245614035, 0.012635233918128656, 0.019835526315789474, 0.020880847953216375
1 1.1858004385964913, 0.20630847953216375, 0.037760416666666664, 0.007633406432748539
1 1.2155564692982457, 0.20155519005847955, 0.01836622807017544, 0.006032529239766081
1 0.0003700657894736842, 0.3767616959064327, 0.02035361842105263, 0.021619152046783625
1 2.7412280701754386e-05, 0.3953070175438596, 0.01699561403508772, 0.009689327485380117
1 2.7412280701754386e-05, 0.3699470029239766, 0.008086622807017545, 0.007861842105263158
1 -2.7412280701754386e-05, 0.3284046052631579, 0.008977521929824562, 0.014077119883040936
1 -6.853070175438596e-05, 0.3074323830409357, 0.008908991228070175, 0.012934941520467836
1 0.3380071271929824, 0.3812536549707602, 0.02645285087719298, 0.025778508771929824
1 0.5686814692982457, 0.3672295321637427, 0.03282620614035088, 0.015082236842105263
1 1.2194490131578948, 0.4265387426900585, 0.02665844298245614, 0.026100146198830408
1 1.2372532894736843, 0.4276370614035088, 0.04159813596491228, 0.022578581871345028
1 1.1013157894736842, 0.3159612573099415, 0.05249451754385965, 0.02710343567251462
1 1.066981907894737, 0.45022295321637423, 0.02871436403508772, 0.024270833333333335
1 1.0400767543859648, 0.47891447368421053, 0.047149122807017545, 0.02111659356725146
1 1.0536924342105263, 0.47584612573099416, 0.04518366228070176, 0.02849780701754386
1 0.9488486842105264, 0.4337152777777778, 0.023163377192982455, 0.025732821637426902
1 0.952124451754386, 0.42025950292397657, 0.026932565789473683, 0.018603801169590643
1 0.8119654605263158, 0.5113797514619883, 0.023643092105263157, 0.027057748538011697
1 0.8074287280701754, 0.44731907894736844, 0.036595394736842105, 0.03236111111111111
1 0.7558388157894738, 0.45706140350877195, 0.03289473684210526, 0.018877923976608188
1 0.7559347587719298, 0.4354331140350877, 0.028097587719298246, 0.029113669590643276
1 0.7293996710526316, 0.455, 0.027206688596491228, 0.017779605263157895
1 0.727124451754386, 0.4506853070175439, 0.021861293859649123, 0.036831140350877194
1 0.7308114035087719, 0.42071089181286553, 0.024739583333333332, 0.03139985380116959
1 0.7323190789473685, 0.4678837719298246, 0.03234649122807018, 0.03048611111111111
1 0.7207373903508771, 0.4962116228070175, 0.033854166666666664, 0.03071454678362573
1 0.7364172149122806, 0.49383771929824566, 0.03022203947368421, 0.03345760233918129
1 0.5765899122807018, 0.4497459795321638, 0.020285087719298246, 0.02843019005847953
1 0.5567434210526315, 0.4210087719298246, 0.016858552631578948, 0.027105263157894736
1 0.5162554824561404, 0.37306834795321636, 0.035910087719298246, 0.018236476608187134
1 0.4647066885964912, 0.38391447368421056, 0.034333881578947366, 0.01010233918128655
1 0.46119791666666665, 0.4020723684210526, 0.029605263157894735, 0.023994883040935673
1 0.44728618421052635, 0.37580226608187134, 0.029262609649122806, 0.03167397660818713
1 0.42674067982456143, 0.37060855263157894, 0.027275219298245616, 0.020248538011695905
1 0.4435444078947368, 0.3652156432748538, 0.03234649122807018, 0.013620248538011696
1 0.3860197368421053, 0.41790204678362575, 0.03618421052631579, 0.03770833333333334
1 0.3671875, 0.4601297514619883, 0.031661184210526314, 0.014488304093567252
1 0.33789747807017545, 0.47423976608187135, 0.030317982456140348, 0.03578033625730994
1 0.3233552631578947, 0.4839418859649123, 0.039884868421052634, 0.03432565789473684
1 0.32023026315789477, 0.45860014619883044, 0.029125548245614034, 0.03244152046783626
1 0.3338404605263158, 0.4328344298245614, 0.027138157894736843, 0.02911549707602339
1 0.27425986842105265, 0.46587536549707603, 0.04708059210526316, 0.02843019005847953
1 0.27700109649122806, 0.449000365497076, 0.03913103070175439, 0.0308516081871345
1 0.2533031798245614, 0.44865314327485384, 0.02401315789473684, 0.033647660818713454
1 0.2608004385964912, 0.43303362573099413, 0.021929824561403508, 0.018877923976608188
1 0.04984923245614035, 0.33374451754385964, 0.025424890350877194, 0.03117324561403509
1 0.0659265350877193, 0.3348008040935673, 0.028919956140350877, 0.014214181286549709
1 0.08182565789473684, 0.4113029970760234, 0.04118695175438596, 0.016407163742690058
1 0.11535087719298245, 0.39849597953216376, 0.023574561403508772, 0.022624269005847953
1 0.134265350877193, 0.3623994883040936, 0.026041666666666668, 0.015447733918128655
1 0.13861019736842103, 0.37179459064327486, 0.02823464912280702, 0.03441703216374269
1 0.12653508771929825, 0.3827832602339182, 0.030633223684210526, 0.019515716374269007
1 0.15363212719298247, 0.36605263157894735, 0.026480263157894736, 0.03211988304093567
1 0.14501096491228072, 0.3331999269005848, 0.029605263157894735, 0.02719480994152047
1 0.15290570175438595, 0.3395175438596491, 0.027960526315789474, 0.027286184210526317
1 1.3235334429824561, 0.34167397660818716, 0.057667214912280704, 0.036692251461988304
1 0.6295504385964912, 0.4319645467836257, 0.0576343201754386, 0.019197733918128655
1 0.5419819078947369, 0.3701644736842105, 0.02733826754385965, 0.014259868421052632
