1 3450.5, 0.0, 214.0, 61.5
1 3398.5, 0.5, 69.0, 54.0
1 5230.5, 151.5, 117.0, 202.0
1 5331.5, 163.5, 122.0, 197.0
1 4542.5, 172.5, 133.0, 206.0
1 4402.5, 197.5, 153.0, 217.0
1 2410.5, 223.5, 98.0, 171.0
1 2128.0, 232.5, 109.5, 190.0
1 2497.5, 239.5, 131.0, 304.0
1 2410.5, 527.5, 163.0, 148.0
1 2262.0, 647.5, 159.5, 204.0
1 4913.5, 240.5, 123.0, 131.0
1 3541.5, 243.5, 126.0, 168.0
1 3627.5, 247.5, 109.5, 196.75
1 3748.5, 279.5, 122.0, 194.0
1 3673.5, 377.25, 167.0, 181.5
1 3790.5, 504.5, 142.0, 153.0
1 3641.25, 498.0, 246.25, 180.5
1 4616.5, 251.5, 164.0, 143.0
1 2707.5, 252.5, 93.0, 228.5
1 2623.5, 264.5, 102.0, 196.0
1 4807.5, 256.5, 112.0, 167.0
1 3954.5, 249.5, 113.0, 204.0
1 3871.5, 425.5, 117.0, 247.0
1 3966.5, 436.5, 120.0, 153.0
1 3956.5, 586.5, 92.0, 191.0
1 4052.5, 263.5, 115.5, 190.0
1 5049.5, 267.5, 223.0, 119.0
1 3852.5, 273.5, 123.0, 182.0
1 2243.5, 288.5, 126.0, 207.0
1 2355.5, 291.0, 86.0, 217.5
1 3423.5, 300.5, 86.0, 149.0
1 4066.5, 366.5, 136.0, 200.0
1 4173.5, 495.5, 122.0, 206.0
1 3877.5, 660.5, 145.0, 202.0
1 4220.5, 674.5, 152.0, 141.0
1 4053.5, 696.5, 162.0, 168.0
1 4138.5, 733.5, 157.0, 235.5
1 4011.5, 770.5, 84.0, 103.0
1 4208.5, 801.5, 116.0, 224.0
1 4296.5, 802.5, 72.0, 189.0
1 4005.5, 831.5, 101.0, 158.0
1 5409.5, 321.5, 62.0, 168.0
1 5330.5, 434.5, 140.0, 155.0
1 2988.5, 322.5, 100.0, 238.0
1 1998.5, 332.5, 131.0, 172.0
1 4273.5, 336.5, 98.0, 204.0
1 4972.5, 337.5, 87.0, 187.0
1 4924.5, 510.5, 101.0, 214.0
1 4939.5, 569.5, 176.0, 205.0
1 4827.5, 612.5, 103.0, 211.0
1 4357.5, 340.5, 156.0, 161.0
1 3144.5, 342.5, 75.0, 185.0
1 3256.5, 342.5, 110.0, 196.0
1 3355.5, 351.5, 105.0, 194.0
1 3179.5, 434.5, 119.0, 204.0
1 3180.5, 521.75, 158.0, 162.75
1 3055.5, 622.5, 185.0, 143.0
1 5122.5, 348.5, 206.0, 83.0
1 2853.5, 361.5, 133.0, 219.0
1 1817.5, 364.5, 133.0, 220.0
1 4743.5, 374.5, 117.0, 132.0
1 4618.5, 376.5, 150.0, 134.0
1 4681.0, 499.5, 161.5, 196.0
1 4764.5, 507.5, 194.0, 118.0
1 4704.5, 607.5, 138.0, 184.0
1 4872.5, 375.5, 103.0, 166.0
1 2717.0, 380.5, 175.5, 165.0
1 3031.5, 383.5, 111.0, 231.0
1 3062.5, 473.5, 122.0, 157.0
1 3542.5, 382.5, 113.0, 176.0
1 3337.5, 539.5, 208.0, 111.0
1 3458.5, 558.5, 164.0, 146.0
1 3263.5, 625.5, 219.0, 115.0
1 3243.5, 663.5, 224.0, 120.0
1 2414.5, 400.5, 99.0, 196.0
1 4509.5, 407.5, 123.0, 200.0
1 2105.5, 410.5, 101.0, 179.0
1 2170.5, 550.5, 111.0, 147.0
1 1732.5, 424.5, 104.0, 239.5
1 3396.5, 433.5, 187.0, 119.0
1 3312.5, 540.5, 148.0, 84.0
1 4513.5, 435.5, 196.0, 252.0
1 4310.5, 450.5, 130.0, 166.0
1 4258.5, 565.5, 118.25, 162.25
1 4405.5, 661.5, 228.0, 94.0
1 4609.5, 687.5, 103.0, 180.0
1 4669.5, 715.5, 107.0, 218.0
1 4390.5, 793.5, 97.0, 205.0
1 4554.5, 804.5, 119.0, 199.0
1 2211.5, 455.5, 101.0, 204.0
1 2540.5, 454.5, 174.0, 198.0
1 2642.5, 546.5, 210.0, 81.0
1 2560.5, 607.5, 236.25, 101.25
1 2440.5, 652.5, 180.0, 85.0
1 2407.5, 677.5, 86.0, 180.0
1 2677.38, 667.25, 174.12, 203.25
1 2355.5, 752.5, 81.0, 141.0
1 2355.25, 862.5, 128.25, 250.0
1 1526.5, 481.5, 164.12, 186.38
1 1634.5, 658.0, 62.75, 110.5
1 1482.5, 669.5, 98.0, 189.5
1 1563.5, 669.5, 78.0, 213.0
1 2309.5, 481.5, 118.0, 171.0
1 4417.5, 481.5, 115.0, 179.0
1 5292.5, 485.5, 151.0, 154.0
1 5421.5, 579.5, 50.0, 200.0
1 5370.5, 627.5, 69.0, 157.0
1 5238.5, 698.5, 134.0, 172.0
1 5265.5, 758.5, 158.0, 176.0
1 5417.5, 780.0, 53.0, 76.5
1 5372.5, 855.5, 98.0, 69.0
1 1952.5, 489.5, 137.0, 214.0
1 2028.5, 567.5, 79.0, 207.0
1 5119.5, 524.5, 178.0, 64.0
1 1440.5, 536.5, 157.0, 202.0
1 5273.5, 549.5, 103.0, 152.0
1 3559.5, 562.5, 152.75, 106.0
1 4055.5, 561.5, 111.0, 159.0
1 3994.5, 564.5, 109.0, 194.0
1 1301.5, 569.5, 94.0, 149.0
1 1381.5, 605.5, 100.0, 120.0
1 1286.5, 710.5, 69.75, 205.0
1 1221.5, 727.5, 84.0, 202.0
1 5076.5, 576.5, 194.0, 137.0
1 1237.5, 582.5, 74.0, 149.0
1 3710.5, 595.0, 161.0, 151.5
1 3787.5, 715.5, 107.0, 189.0
1 3859.5, 716.5, 113.0, 193.0
1 967.5, 603.5, 198.0, 84.0
1 1082.5, 627.5, 162.75, 104.12
1 852.5, 684.5, 160.0, 136.25
1 860.5, 704.88, 188.62, 172.62
1 957.5, 790.0, 131.0, 235.5
1 1687.5, 602.5, 89.0, 147.0
1 1692.5, 652.0, 188.0, 138.5
1 2277.5, 609.5, 83.0, 176.0
1 3643.5, 612.5, 103.75, 230.25
1 3706.0, 662.5, 80.5, 253.0
1 5092.5, 622.5, 200.0, 135.0
1 5236.5, 633.5, 94.0, 156.0
1 1846.5, 631.5, 115.0, 140.0
1 3469.5, 668.5, 172.0, 136.0
1 2844.5, 674.5, 195.0, 83.0
1 2780.5, 724.75, 93.0, 204.75
1 2735.5, 903.5, 157.0, 194.0
1 2598.5, 677.5, 85.5, 221.0
1 2463.5, 725.5, 152.0, 179.5
1 1292.5, 815.12, 158.75, 185.38
1 1926.5, 681.5, 122.0, 175.0
1 3566.5, 703.5, 86.0, 191.0
1 3503.5, 783.5, 142.0, 151.0
1 5147.5, 705.5, 95.0, 198.0
1 3040.0, 703.5, 205.5, 131.0
1 1387.12, 719.5, 108.38, 209.0
1 5043.5, 718.5, 129.0, 212.0
1 2889.5, 726.5, 181.0, 108.0
1 3009.5, 826.5, 88.0, 171.0
1 3635.5, 737.5, 82.0, 197.0
1 3041.75, 728.0, 143.75, 218.5
1 1730.5, 751.5, 231.0, 123.0
1 1689.5, 790.5, 186.0, 129.0
1 2048.5, 750.5, 96.0, 248.0
1 2117.0, 776.5, 106.5, 174.0
1 1992.5, 798.5, 112.0, 193.0
1 3224.5, 755.5, 211.0, 89.0
1 2869.5, 775.5, 80.0, 218.0
1 3430.5, 775.5, 86.0, 171.0
1 3354.5, 836.5, 170.0, 212.0
1 3482.5, 918.5, 136.0, 178.0
1 3605.5, 1022.5, 157.0, 163.0
1 3592.5, 1043.5, 95.0, 238.0
1 3511.5, 1077.5, 110.0, 192.0
1 4812.5, 789.5, 149.0, 215.0
1 4459.5, 792.5, 134.0, 219.0
1 743.5, 794.5, 124.0, 79.0
1 2473.5, 795.75, 101.0, 181.75
1 2915.5, 799.5, 104.0, 260.0
1 2611.5, 803.5, 102.0, 178.0
1 1475.75, 801.75, 96.75, 205.75
1 3265.5, 819.5, 168.0, 206.0
1 2695.5, 833.5, 104.0, 227.0
1 3184.5, 836.5, 58.0, 123.0
1 4742.5, 837.5, 95.0, 218.0
1 3237.5, 842.5, 108.0, 208.0
1 4096.5, 854.5, 82.0, 219.0
1 1952.5, 864.5, 131.0, 166.0
1 828.5, 869.5, 183.0, 149.0
1 1882.5, 877.5, 131.0, 212.0
1 1848.5, 878.5, 99.0, 205.0
1 1749.5, 880.5, 104.0, 206.0
1 1670.5, 883.5, 101.0, 163.0
1 756.5, 887.5, 162.0, 121.0
1 5431.5, 910.5, 39.5, 141.0
1 2115.5, 917.5, 124.0, 196.0
1 2019.5, 1112.5, 135.0, 187.0
1 2275.5, 921.5, 99.75, 180.0
1 4683.5, 949.5, 93.0, 232.0
1 4753.5, 948.5, 195.0, 219.0
1 3992.5, 951.5, 120.0, 165.0
1 3757.5, 942.75, 106.25, 259.75
1 3812.5, 1058.5, 85.0, 179.0
1 4581.5, 962.5, 114.0, 218.0
1 3667.5, 970.5, 114.0, 87.0
1 2536.5, 971.0, 168.0, 88.5
1 2449.5, 972.25, 109.0, 207.25
1 3062.5, 995.5, 124.0, 208.0
1 5242.5, 998.5, 176.0, 187.0
1 4363.5, 1014.5, 187.0, 121.0
1 2175.5, 1017.5, 105.0, 174.0
1 2021.5, 1025.5, 95.0, 144.0
1 4961.5, 1037.5, 224.0, 126.0
1 2920.5, 1048.5, 145.0, 73.0
1 2833.5, 1052.5, 146.0, 199.0
1 2922.5, 1107.5, 115.0, 130.0
1 2829.5, 1165.5, 138.0, 161.0
1 3448.5, 1065.5, 80.0, 199.0
1 3444.5, 1235.5, 138.0, 114.0
1 4315.5, 1067.5, 108.0, 223.0
1 5102.5, 1066.5, 126.0, 135.0
1 3867.5, 1069.5, 97.0, 219.0
1 3929.5, 1110.5, 109.0, 241.0
1 3790.5, 1243.5, 141.0, 240.0
1 3976.5, 1075.5, 151.0, 172.0
1 4034.5, 1206.5, 82.0, 154.0
1 4059.5, 1264.5, 109.0, 240.0
1 2466.5, 1068.88, 150.0, 234.62
1 4108.5, 1081.5, 82.0, 166.0
1 4898.5, 1084.5, 144.0, 195.0
1 4804.5, 1143.5, 158.0, 218.0
1 4887.88, 1147.75, 148.24, 200.75
1 4974.5, 1273.5, 83.0, 150.0
1 3278.5, 1107.5, 178.0, 116.0
1 3184.5, 1142.5, 109.0, 131.0
1 4217.5, 1110.5, 163.0, 210.0
1 4189.5, 1195.5, 154.0, 132.0
1 5273.5, 1112.5, 163.0, 178.0
1 2343.5, 1132.5, 122.0, 192.0
1 2083.5, 1136.5, 131.0, 177.0
1 2250.0, 1163.5, 107.5, 233.5
1 4520.5, 1169.5, 186.0, 129.0
1 3300.5, 1173.5, 156.0, 242.0
1 3275.5, 1183.5, 97.0, 187.0
1 4753.5, 1208.5, 124.0, 182.0
1 2047.5, 1208.5, 222.25, 254.25
1 2952.5, 1215.5, 210.5, 107.0
1 3697.0, 1225.5, 105.5, 163.0
1 5297.5, 1235.5, 143.0, 192.0
1 5039.5, 1238.5, 160.0, 161.0
1 4137.5, 1243.5, 172.0, 154.0
1 4166.5, 1325.5, 98.0, 255.5
1 4116.5, 1383.5, 88.0, 176.0
1 2530.5, 1254.5, 94.0, 214.0
1 3018.5, 1266.5, 121.0, 203.0
1 3957.5, 1271.5, 103.0, 162.0
1 755.5, 1273.5, 179.0, 170.0
1 3463.5, 1278.5, 116.0, 223.0
1 2753.5, 1286.5, 147.0, 179.0
1 4369.5, 1288.5, 142.0, 109.0
1 1312.5, 1293.5, 126.0, 188.0
1 1519.5, 1299.5, 119.0, 220.0
1 3338.5, 1304.5, 114.0, 149.0
1 3339.5, 1359.5, 136.0, 172.0
1 2614.5, 1309.5, 88.0, 185.0
1 2688.5, 1332.5, 75.0, 199.0
1 878.5, 1310.5, 92.0, 150.0
1 1386.5, 1313.5, 119.0, 164.0
1 2890.5, 1315.5, 160.0, 138.5
1 3527.5, 1319.5, 110.0, 206.0
1 2716.5, 1322.5, 99.0, 152.0
1 4495.5, 1320.5, 108.0, 175.0
1 4449.5, 1328.5, 94.0, 157.0
1 4304.5, 1328.5, 177.0, 128.0
1 3615.5, 1354.5, 97.0, 244.0
1 3918.5, 1381.5, 186.0, 209.0
1 4516.5, 1398.5, 146.0, 143.0
1 2226.5, 1401.5, 209.0, 104.0
1 3827.5, 1504.5, 147.0, 209.0
1 1454.0, 1739.5, 104.0, 208.0
1 4957.5, 1836.5, 79.0, 139.0
1 3905.5, 2002.5, 110.0, 122.5
1 1659.5, 3189.0, 152.0, 127.5
1 4283.0, 2124.5, 144.0, 83.0
1 4247.5, 2181.5, 112.5, 77.0
1 5300.75, 1894.5, 93.75, 83.5
1 5323.0, 1940.0, 149.0, 91.5
1 4965.5, 915.0, 221.5, 156.1
1 4945.5, 777.5, 128.25, 233.5
1 5004.5, 1152.0, 166.25, 127.0
1 5131.0, 1152.0, 119.0, 163.5
1 4256.0, 1391.5, 154.5, 127.75
1 4306.0, 1393.5, 135.5, 104.25
1 3162.0, 1176.5, 117.5, 223.0
1 3143.88, 1265.71, 158.0, 217.5
1 3111.75, 1333.5, 158.75, 192.5
1 2615.0, 1058.0, 155.0, 204.5
1 2716.12, 1088.0, 116.76, 178.25
1 2175.38, 1258.5, 117.12, 186.0
1 1340.5, 680.5, 89.5, 166.25
1 2106.63, 587.29, 117.75, 229.5
1 2174.87, 658.87, 103.0, 182.0
1 1013.29, 686.19, 102.71, 172.56
1 1014.25, 839.0, 144.75, 165.0
1 1075.5, 724.25, 105.0, 194.25
1 1128.0, 693.25, 131.5, 107.0
1 1166.0, 770.25, 72.5, 174.75
1 1545.5, 831.12, 105.0, 243.38
1 1613.25, 769.0, 104.56, 267.74
1 2775.75, 578.0, 244.13, 118.6
1 2923.0, 529.75, 157.5, 177.0
1 2677.65, 659.38, 147.6, 143.0
1 4183.0, 306.5, 103.5, 196.25
1 4112.5, 429.25, 144.5, 207.5
1 5055.0, 392.0, 177.5, 101.5
1 5013.5, 465.5, 198.5, 118.0
1 4398.5, 707.5, 232.75, 101.25
1 4338.25, 571.25, 139.5, 229.0
1 2984.25, -0.38, 169.25, 89.88
