1 3452.5, 235.5, 61.0, 97.0
1 3820.5, 385.5, 74.0, 86.0
1 2049.5, 584.5, 45.0, 49.0
1 3781.5, 962.5, 64.0, 142.0
1 3716.5, 972.5, 73.0, 142.0
1 2805.5, 1010.5, 90.0, 83.0
1 3807.5, 1010.5, 95.0, 125.0
1 3645.5, 1013.5, 67.0, 125.0
1 3574.5, 1020.5, 85.0, 105.0
1 3536.5, 1039.5, 80.0, 122.0
1 3023.5, 1042.5, 77.0, 137.0
1 2776.5, 1053.5, 99.0, 99.0
1 2907.5, 1056.5, 78.0, 141.0
1 2978.5, 1056.5, 62.0, 112.0
1 2731.5, 1074.5, 101.0, 133.0
1 3191.5, 1078.5, 62.0, 138.0
1 2697.5, 1080.5, 62.0, 138.0
1 3269.5, 1083.5, 71.0, 129.0
1 3478.5, 1083.5, 63.0, 144.0
1 3434.5, 1085.5, 65.0, 146.0
1 2877.5, 1087.5, 72.0, 118.0
1 3373.5, 1088.5, 74.0, 125.0
1 3536.5, 1095.5, 62.0, 143.0
1 3126.5, 1097.5, 74.0, 125.0
1 2042.5, 1103.5, 79.0, 73.0
1 3336.5, 1108.5, 82.0, 113.0
1 3961.5, 1109.0, 38.0, 57.5
1 2213.5, 1110.5, 77.0, 105.0
1 2109.5, 1118.5, 63.0, 134.0
1 3615.5, 1122.5, 92.0, 74.0
1 2672.5, 1124.5, 67.0, 150.0
1 2268.5, 1133.5, 68.0, 151.0
1 2623.5, 1139.5, 71.0, 114.0
1 1818.5, 1143.5, 127.0, 82.0
1 2320.5, 1145.5, 76.0, 124.0
1 2168.5, 1150.5, 61.0, 127.0
1 2396.5, 1153.5, 82.0, 129.0
1 2061.5, 1155.5, 52.0, 111.0
1 2762.5, 1156.5, 38.0, 63.0
1 1936.5, 1174.5, 92.0, 116.0
1 1466.5, 1175.5, 73.0, 106.0
1 1614.5, 1176.5, 73.0, 122.0
1 2003.5, 1179.5, 71.0, 134.0
1 2838.5, 1178.5, 66.0, 136.0
1 1526.5, 1182.5, 100.0, 139.0
1 2601.5, 1192.5, 101.0, 121.0
1 1892.5, 1193.5, 87.0, 99.0
1 1720.5, 1195.5, 60.0, 137.0
1 1847.5, 1210.5, 105.0, 128.0
1 2218.5, 1213.5, 71.0, 132.0
1 1365.5, 1215.5, 96.0, 124.0
1 2715.5, 1221.5, 82.0, 109.0
1 2767.5, 1227.5, 75.0, 125.0
1 1791.5, 1237.5, 54.0, 132.0
1 1760.5, 1254.5, 45.0, 123.0
1 1656.5, 1242.5, 47.0, 132.0
1 1459.5, 1248.5, 69.0, 150.0
1 1704.5, 1253.5, 49.0, 144.0
1 1215.5, 1257.5, 67.0, 140.0
1 2075.5, 1256.5, 135.0, 54.0
1 2978.5, 1257.5, 123.0, 58.0
1 3441.5, 1258.5, 115.0, 86.0
1 1336.5, 1261.5, 102.0, 125.0
1 1594.5, 1274.5, 61.0, 117.0
1 568.5, 1278.5, 143.0, 71.0
1 1131.5, 1279.5, 55.0, 143.0
1 1555.5, 1278.5, 48.0, 121.0
1 397.5, 1285.5, 78.0, 120.0
1 1095.5, 1384.5, 72.0, 121.0
1 876.5, 1289.5, 90.0, 115.0
1 290.5, 1291.5, 107.0, 80.0
1 15.5, 1295.5, 121.0, 92.0
1 1306.5, 1296.5, 74.0, 145.0
1 789.5, 1299.5, 79.0, 110.0
1 1246.5, 1302.5, 87.0, 119.0
1 909.5, 1308.5, 83.0, 158.0
1 1179.5, 1305.5, 50.0, 149.0
1 740.5, 1307.5, 63.0, 139.0
1 3484.5, 1307.5, 143.0, 78.0
1 3485.5, 1333.5, 78.0, 173.0
1 234.5, 1313.5, 108.0, 94.0
1 535.5, 1403.5, 70.0, 122.0
1 806.5, 1322.5, 73.0, 133.0
1 1790.5, 1323.5, 88.0, 87.0
1 3954.5, 1329.5, 45.0, 102.0
1 52.5, 1333.5, 111.0, 127.0
1 2687.5, 1339.5, 93.0, 106.0
1 2504.5, 1346.5, 73.0, 73.0
1 695.5, 1349.5, 67.0, 145.0
1 1923.5, 1350.5, 67.0, 100.0
1 2575.5, 1357.5, 51.0, 106.0
1 628.5, 1361.5, 66.0, 149.0
1 3722.5, 1365.5, 79.0, 136.0
1 3785.5, 1366.5, 62.0, 135.0
1 2481.5, 1370.5, 75.0, 109.0
1 2678.5, 1371.5, 70.0, 121.0
1 311.5, 1372.5, 73.0, 141.0
1 181.5, 1378.5, 105.0, 103.0
1 471.5, 1380.5, 66.0, 130.0
1 3841.5, 1385.5, 86.0, 105.0
1 3554.5, 1392.5, 74.0, 111.0
1 412.5, 1394.5, 86.0, 117.0
1 218.5, 1406.5, 89.0, 93.0
1 1265.5, 1405.5, 88.0, 114.0
1 3627.5, 1404.5, 43.0, 92.0
1 3667.5, 1417.5, 64.0, 143.0
1 3145.5, 1406.5, 68.0, 118.0
1 830.5, 1408.5, 80.0, 111.0
1 1864.5, 1408.5, 78.0, 94.0
1 3936.5, 1409.5, 62.0, 70.0
1 367.5, 1414.5, 73.0, 134.0
1 3097.5, 1422.5, 52.0, 139.0
1 1744.5, 1427.5, 95.0, 92.0
1 2449.5, 1431.5, 90.0, 111.0
1 3173.5, 1430.5, 88.0, 118.0
1 2541.5, 1432.5, 59.0, 154.0
1 3049.5, 1438.5, 58.0, 138.0
1 2976.5, 1461.5, 77.0, 141.0
1 3273.5, 1441.5, 65.0, 126.0
1 3451.5, 1441.5, 75.0, 145.0
1 3850.5, 1440.5, 80.0, 134.0
1 3363.5, 1443.5, 109.0, 125.0
1 3716.5, 1447.5, 87.0, 135.0
1 2260.5, 1455.5, 78.0, 133.0
1 2324.5, 1499.5, 60.0, 132.0
1 3917.5, 1469.5, 81.0, 59.0
1 1629.5, 1480.5, 94.0, 138.0
1 3227.5, 1478.5, 70.0, 143.0
1 2443.5, 1482.5, 91.0, 90.0
1 2925.5, 1483.5, 64.0, 120.0
1 2877.5, 1495.5, 67.0, 162.0
1 3336.5, 1494.5, 97.0, 137.0
1 3390.5, 1527.5, 72.0, 144.0
1 1053.5, 1496.5, 81.0, 125.0
1 2381.5, 1496.5, 59.0, 123.0
1 3797.5, 1497.5, 68.0, 126.0
1 3628.5, 1499.5, 98.0, 129.0
1 1690.5, 1501.5, 41.0, 76.0
1 1852.5, 1503.5, 69.0, 108.0
1 3573.5, 1502.5, 70.0, 148.0
1 2571.5, 1505.5, 65.0, 143.0
1 2747.5, 1510.5, 74.0, 99.0
1 2806.5, 1516.5, 75.0, 106.0
1 3517.5, 1511.5, 64.0, 125.0
1 2218.5, 1513.5, 63.0, 134.0
1 1776.5, 1518.5, 69.0, 83.0
1 1729.5, 1518.5, 63.0, 144.0
1 2682.5, 1522.5, 82.0, 148.0
1 2414.5, 1532.5, 63.0, 130.0
1 971.5, 1555.5, 71.0, 126.0
1 754.5, 1559.5, 104.0, 89.0
1 3294.5, 1564.5, 93.0, 125.0
1 2524.5, 1565.5, 54.0, 144.0
1 2468.5, 1570.5, 55.0, 139.0
1 3141.5, 1575.5, 54.0, 88.0
1 3035.5, 1578.5, 77.0, 121.0
1 2248.5, 1581.5, 72.0, 133.0
1 3091.5, 1580.5, 80.0, 140.0
1 2609.5, 1585.5, 57.0, 137.0
1 2086.5, 1592.5, 53.0, 149.0
1 2656.5, 1595.5, 66.0, 134.0
1 1968.5, 1597.5, 75.0, 114.0
1 1934.5, 1605.0, 65.0, 130.5
1 2157.5, 1599.5, 86.0, 122.0
1 2151.5, 1648.5, 84.0, 138.0
1 1008.5, 1601.5, 73.0, 151.0
1 1438.5, 1602.5, 67.0, 105.0
1 2762.5, 1604.5, 70.0, 116.0
1 2708.5, 1672.5, 61.0, 124.0
1 1853.5, 1606.5, 73.0, 37.0
1 2036.5, 1613.5, 48.0, 149.0
1 1261.5, 1621.5, 68.0, 151.25
1 1822.5, 1621.5, 51.0, 116.0
1 1861.5, 1657.5, 74.0, 143.0
1 2350.5, 1620.5, 62.0, 113.0
1 1097.5, 1622.5, 75.0, 138.0
1 1598.5, 1624.5, 74.0, 115.0
1 1649.5, 1654.5, 91.0, 133.0
1 1743.5, 1625.5, 59.0, 157.0
1 1141.5, 1628.5, 106.0, 129.0
1 557.5, 1628.5, 114.0, 94.0
1 2262.5, 1630.5, 105.0, 113.0
1 2233.5, 1717.5, 107.0, 85.0
1 948.5, 1635.5, 55.0, 127.0
1 907.5, 1639.5, 45.0, 149.0
1 845.5, 1645.5, 80.0, 157.0
1 1899.5, 1645.5, 77.0, 141.0
1 1461.5, 1650.5, 96.0, 110.0
1 1513.5, 1704.5, 72.0, 153.0
1 600.5, 1652.5, 111.0, 100.0
1 2412.5, 1653.5, 64.0, 125.0
1 2569.5, 1653.5, 90.0, 129.0
1 1215.5, 1656.5, 56.0, 115.0
1 1798.5, 1660.5, 58.0, 141.0
1 2123.5, 1663.5, 63.0, 134.0
1 683.5, 1674.5, 60.0, 114.0
1 728.5, 1678.5, 68.0, 121.0
1 1544.5, 1681.5, 71.0, 143.0
1 759.5, 1686.5, 73.0, 135.0
1 676.5, 1764.5, 118.0, 92.0
1 2864.5, 1696.5, 130.0, 95.0
1 2304.5, 1707.5, 111.0, 72.0
1 826.5, 1709.5, 64.0, 130.0
1 1670.5, 1710.5, 83.0, 141.0
1 1697.5, 1777.5, 89.0, 101.0
1 1969.5, 1715.5, 62.0, 122.0
1 633.5, 1716.5, 52.0, 125.0
1 2762.5, 1719.5, 73.0, 128.0
1 1420.5, 1721.5, 55.0, 144.0
1 1056.5, 1727.5, 81.0, 114.0
1 1374.5, 1728.5, 70.0, 142.0
1 1180.5, 1739.5, 125.0, 94.0
1 1125.5, 1742.5, 82.0, 115.0
1 1474.5, 1742.5, 56.0, 146.0
1 1017.5, 1747.5, 70.0, 94.0
1 956.5, 1751.5, 86.0, 86.0
1 2477.5, 1761.5, 69.0, 144.0
1 2066.5, 1765.5, 84.0, 124.0
1 1791.5, 1777.5, 56.0, 128.0
1 1848.5, 1777.5, 106.0, 81.0
1 3470.5, 1779.5, 76.0, 139.0
1 1315.5, 1787.5, 75.0, 107.0
1 3755.5, 1793.5, 166.0, 74.0
1 2368.5, 1819.5, 121.0, 84.0
1 2736.5, 1828.5, 94.0, 115.0
1 2866.5, 1838.0, 123.0, 143.5
1 2931.5, 1845.5, 76.0, 92.0
1 2256.5, 1834.5, 73.0, 133.0
1 2088.5, 1846.5, 93.0, 133.0
1 3824.5, 1855.5, 123.0, 78.0
1 3741.0, 1859.5, 90.5, 55.0
1 3386.5, 1858.5, 69.0, 117.0
1 2597.5, 1861.5, 59.0, 115.0
1 2653.5, 1869.5, 63.0, 150.0
1 2382.5, 1888.5, 148.0, 99.0
1 1818.5, 1903.5, 129.0, 93.0
1 2325.5, 1902.5, 60.0, 130.0
1 2739.5, 1904.5, 69.0, 157.0
1 2800.5, 1960.5, 88.0, 131.0
1 2174.5, 1910.5, 106.0, 116.0
1 2239.5, 1912.5, 111.0, 129.0
1 1927.5, 1919.5, 114.0, 52.0
1 2838.5, 1921.5, 82.0, 143.0
1 2901.5, 1966.5, 59.0, 87.0
1 2892.5, 2054.5, 38.0, 53.0
1 2817.5, 2084.5, 95.0, 52.0
1 2790.5, 2098.5, 77.0, 90.0
1 3690.5, 2038.5, 63.0, 160.0
1 3089.5, 1940.5, 127.0, 91.0
1 786.5, 1942.5, 118.0, 119.0
1 3034.5, 1942.5, 82.0, 138.0
1 2984.5, 1974.5, 57.0, 157.0
1 2145.5, 1946.5, 104.0, 130.0
1 2105.5, 1997.5, 78.0, 145.0
1 2188.0, 2027.5, 119.5, 88.0
1 2133.5, 2103.5, 134.0, 68.0
1 2486.5, 1957.5, 74.0, 134.0
1 2355.5, 1959.5, 81.0, 151.0
1 2588.5, 1962.5, 60.0, 126.0
1 2533.5, 1983.5, 64.0, 167.0
1 2569.5, 2079.5, 78.0, 65.0
1 3781.5, 1966.5, 82.0, 129.0
1 1885.5, 1968.5, 149.0, 69.0
1 3206.5, 1973.5, 58.0, 125.0
1 1978.5, 1982.5, 107.0, 140.0
1 2933.5, 1989.5, 68.0, 114.0
1 2442.5, 1990.5, 61.0, 139.0
1 2676.5, 1992.5, 75.0, 96.0
1 3158.5, 2005.5, 86.0, 118.0
1 3238.5, 2091.5, 53.0, 135.0
1 3268.5, 2008.5, 61.0, 149.0
1 3816.5, 2011.5, 94.0, 130.0
1 1844.5, 2013.5, 47.0, 146.0
1 1893.5, 2012.5, 58.0, 134.0
1 1917.5, 2059.5, 64.0, 79.0
1 2050.5, 2019.5, 70.0, 157.0
1 3357.5, 2026.5, 58.0, 154.0
1 3048.5, 2030.5, 104.0, 123.0
1 2638.5, 2031.5, 65.0, 155.0
1 1721.5, 2035.5, 134.0, 106.0
1 3610.5, 2035.5, 97.0, 135.0
1 3580.5, 2064.5, 104.0, 137.0
1 3603.5, 2155.5, 66.0, 138.0
1 2252.5, 2039.5, 109.0, 94.0
1 3414.5, 2047.5, 50.0, 147.0
1 3327.5, 2050.5, 57.0, 153.0
1 2712.5, 2057.5, 110.0, 58.0
1 3073.5, 2062.5, 108.0, 139.0
1 3374.5, 2184.5, 92.0, 115.0
1 1689.5, 2081.5, 131.0, 81.0
1 3552.0, 2093.5, 58.5, 161.0
1 3506.5, 2094.5, 69.0, 183.0
1 2488.5, 2095.5, 56.0, 151.0
1 2938.5, 2101.5, 66.0, 132.0
1 2992.0, 2123.5, 59.5, 101.0
1 2395.5, 2102.5, 53.0, 128.0
1 2341.5, 2105.5, 67.0, 120.0
1 3173.5, 2107.5, 78.0, 145.0
1 2697.5, 2108.5, 43.0, 134.0
1 2629.5, 2162.5, 81.0, 133.0
1 1953.5, 2111.5, 103.0, 122.0
1 1976.5, 2177.5, 109.0, 85.0
1 2851.5, 2110.5, 73.0, 156.0
1 2886.5, 2144.5, 65.0, 156.0
1 2443.5, 2113.5, 51.0, 140.0
1 2709.5, 2118.5, 77.0, 161.0
1 1867.5, 2124.5, 115.0, 71.0
1 3087.5, 2139.5, 82.0, 129.0
1 2580.5, 2143.5, 62.0, 150.0
1 2526.5, 2145.5, 67.0, 150.0
1 2078.5, 2145.5, 64.0, 139.0
1 2135.5, 2171.5, 92.0, 129.0
1 2782.5, 2148.5, 83.0, 156.0
1 1770.5, 2156.5, 161.0, 68.0
1 1778.5, 2199.5, 125.0, 72.0
1 3317.5, 2159.5, 52.0, 119.0
1 3255.5, 2166.5, 67.0, 175.0
1 2176.5, 2174.5, 96.0, 117.0
1 3663.5, 2181.5, 53.0, 128.0
1 3147.5, 2184.5, 54.0, 112.0
1 2722.5, 2223.5, 104.0, 105.0
1 1926.5, 2235.5, 134.0, 61.0
1 3189.5, 2244.5, 70.0, 103.0
1 3276.5, 2254.5, 131.0, 106.0
1 2074.5, 2257.5, 50.0, 60.0
1 1946.5, 2276.5, 132.0, 77.0
1 2127.5, 2282.5, 67.0, 48.0
1 2078.5, 2318.5, 73.0, 118.0
1 3288.5, 2296.5, 135.0, 97.0
1 1695.5, 2302.5, 35.0, 46.0
1 1898.5, 2306.5, 86.0, 157.0
1 501.75, 1319.25, 82.5, 87.25
1 527.0, 1313.25, 128.0, 119.5
1 1021.25, 1313.5, 93.75, 82.0
1 1069.25, 1282.75, 66.25, 105.25
1 1843.25, 1247.0, 81.25, 135.0
1 1589.0, 1743.25, 85.25, 153.5
1 1561.25, 1636.5, 76.75, 115.75
1 1354.25, 1578.25, 95.5, 139.5
1 1326.5, 1658.5, 77.0, 145.5
1 1277.25, 1688.12, 61.5, 166.13
1 1052.0, 1584.25, 122.75, 141.5
1 2234.0, 2155.75, 133.5, 121.0
1 2257.0, 2088.0, 108.75, 96.75
1 3033.0, 2094.5, 45.38, 109.88
1 3457.0, 2071.75, 62.0, 156.5
1 3419.25, 2159.0, 132.0, 135.25
1 3689.5, 1928.5, 148.25, 84.75
1 3695.75, 2002.25, 118.5, 137.0
1 3751.75, 2113.75, 130.75, 117.0
