1 3864.5, 547.5, 118.0, 140.0
1 3280.5, 564.5, 148.0, 108.0
1 3344.5, 566.5, 175.0, 85.0
1 4338.5, 568.5, 99.0, 170.0
1 3492.5, 602.5, 107.0, 148.0
1 3213.5, 685.5, 171.0, 68.0
1 3304.5, 716.5, 205.0, 71.0
1 3180.5, 721.5, 161.0, 96.0
1 4493.5, 626.5, 108.0, 121.0
1 3630.5, 630.5, 74.0, 153.0
1 3506.5, 687.5, 99.5, 128.0
1 3569.5, 701.0, 71.5, 147.5
1 3624.5, 747.5, 95.0, 138.0
1 3258.5, 779.5, 183.0, 119.0
1 3436.5, 781.5, 129.0, 75.0
1 3284.5, 831.5, 215.0, 80.0
1 3428.5, 835.5, 167.0, 124.0
1 3565.5, 859.5, 79.0, 174.0
1 3623.5, 871.5, 94.0, 184.0
1 3330.5, 900.5, 190.0, 125.0
1 3626.5, 975.5, 119.0, 168.0
1 3908.5, 636.5, 146.0, 123.0
1 3403.5, 648.5, 140.0, 71.0
1 3266.5, 651.5, 170.0, 74.0
1 3813.5, 653.5, 98.0, 196.0
1 4563.5, 705.5, 96.0, 192.0
1 4658.5, 761.5, 145.5, 142.0
1 4562.5, 815.25, 154.0, 145.25
1 2968.5, 658.5, 128.0, 128.0
1 3084.5, 660.5, 119.0, 163.0
1 2982.5, 783.5, 159.0, 144.0
1 3060.5, 803.5, 180.0, 99.0
1 3050.5, 888.5, 198.0, 56.0
1 5172.5, 676.5, 107.0, 142.0
1 5281.5, 725.5, 101.0, 161.0
1 5125.5, 891.5, 131.0, 170.0
1 5448.5, 916.5, 23.0, 205.0
1 5363.5, 930.5, 97.5, 125.0
1 5262.0, 1040.5, 127.5, 143.0
1 5173.25, 1039.62, 180.25, 163.88
1 5108.5, 1053.5, 155.0, 190.0
1 5181.0, 1086.5, 129.5, 154.0
1 5386.5, 1089.5, 84.0, 129.0
1 3708.5, 679.5, 72.0, 189.0
1 3937.5, 693.5, 154.0, 114.0
1 4316.5, 697.5, 80.0, 188.0
1 3893.5, 796.5, 137.0, 151.0
1 4051.5, 835.5, 138.0, 190.0
1 4217.5, 702.5, 106.0, 181.0
1 5373.5, 707.5, 97.5, 179.0
1 5316.5, 815.5, 128.0, 157.0
1 4975.5, 709.5, 120.0, 136.0
1 4921.5, 771.5, 68.0, 126.0
1 4856.5, 773.5, 79.0, 159.0
1 4966.5, 800.5, 122.0, 150.0
1 3777.5, 711.5, 76.0, 160.0
1 3719.5, 862.5, 154.0, 91.0
1 4480.5, 718.5, 88.0, 183.0
1 4413.5, 729.5, 107.5, 185.0
1 4716.5, 801.5, 88.0, 196.0
1 4767.5, 924.5, 115.0, 178.0
1 4843.5, 1017.5, 102.0, 167.0
1 3983.5, 739.5, 116.0, 147.0
1 2862.5, 758.5, 119.0, 161.0
1 5086.5, 767.5, 146.0, 117.0
1 4175.5, 788.5, 155.0, 176.0
1 4261.5, 942.5, 175.0, 111.0
1 4349.5, 802.5, 109.0, 181.0
1 5087.5, 805.5, 162.0, 167.0
1 5018.5, 844.5, 108.0, 173.0
1 3850.5, 879.5, 173.0, 111.0
1 3720.5, 924.5, 203.0, 88.0
1 3887.5, 984.5, 234.0, 109.0
1 4180.5, 885.5, 86.0, 212.0
1 4876.5, 899.5, 90.0, 145.0
1 4477.75, 903.0, 130.63, 154.75
1 4563.5, 904.5, 158.0, 121.0
1 4452.5, 988.5, 125.0, 164.0
1 2892.5, 905.5, 120.0, 128.0
1 2625.5, 909.5, 99.0, 206.0
1 2542.5, 946.5, 106.0, 163.0
1 2648.5, 1108.5, 184.0, 111.0
1 3269.5, 908.5, 199.0, 147.0
1 2286.5, 914.5, 168.0, 156.0
1 3225.5, 918.5, 99.0, 152.0
1 2992.5, 932.5, 204.0, 73.0
1 2774.5, 978.5, 142.0, 178.0
1 2915.5, 984.5, 188.0, 110.0
1 4946.5, 939.5, 81.0, 186.0
1 3158.5, 944.5, 85.0, 125.0
1 2682.5, 948.5, 115.0, 175.0
1 3477.5, 951.5, 105.0, 191.0
1 3502.5, 1029.5, 124.0, 152.0
1 5031.5, 963.5, 136.0, 135.0
1 4659.5, 977.5, 144.0, 187.0
1 4755.5, 1106.5, 101.0, 149.0
1 3704.5, 985.5, 106.0, 155.0
1 4117.5, 985.5, 145.0, 198.0
1 2982.5, 1001.5, 174.0, 133.0
1 3753.5, 1016.5, 150.0, 169.0
1 3370.5, 1024.5, 128.0, 172.0
1 4595.5, 1025.5, 155.0, 228.0
1 4314.5, 1040.5, 160.0, 188.0
1 3855.5, 1045.5, 190.0, 97.0
1 4414.5, 1044.5, 117.0, 186.0
1 3062.5, 1047.5, 102.0, 187.0
1 2972.5, 1134.5, 117.5, 174.0
1 3161.5, 1059.5, 171.0, 88.0
1 4015.5, 1081.5, 158.0, 178.0
1 2509.5, 1083.5, 133.0, 137.0
1 2347.5, 1084.5, 170.0, 101.0
1 5049.5, 1089.5, 212.0, 200.0
1 5086.5, 1213.5, 177.0, 151.0
1 2837.5, 1093.5, 156.0, 152.0
1 4104.5, 1092.5, 130.0, 129.0
1 4264.5, 1118.5, 109.0, 180.0
1 4984.5, 1126.5, 102.0, 202.0
1 5004.5, 1301.5, 148.0, 169.0
1 4579.5, 1125.5, 148.0, 190.0
1 3911.5, 1128.5, 106.0, 182.0
1 3870.5, 1294.5, 144.0, 134.0
1 4011.5, 1294.5, 121.0, 167.0
1 4035.5, 1444.5, 96.0, 218.0
1 3604.5, 1137.5, 138.0, 148.0
1 3102.5, 1141.5, 155.0, 87.0
1 3777.5, 1146.5, 162.0, 157.0
1 4526.5, 1153.5, 133.0, 195.0
1 4016.5, 1154.5, 144.0, 137.0
1 4083.5, 1265.5, 144.0, 93.0
1 3470.5, 1164.5, 148.0, 85.0
1 3550.5, 1196.5, 121.0, 117.0
1 3588.5, 1292.5, 202.0, 89.0
1 4939.5, 1171.5, 110.0, 218.0
1 4873.5, 1201.5, 106.0, 195.0
1 2339.5, 1179.5, 94.0, 113.0
1 3375.5, 1194.5, 103.0, 187.0
1 4184.5, 1197.5, 96.0, 180.0
1 2905.5, 1205.5, 103.0, 138.0
1 2841.5, 1333.5, 214.0, 131.0
1 5374.5, 1214.5, 96.5, 272.0
1 4348.5, 1220.5, 171.0, 77.0
1 2734.5, 1225.5, 93.0, 151.0
1 3453.5, 1242.5, 96.0, 127.0
1 3419.5, 1328.5, 101.0, 128.0
1 3270.5, 1251.5, 119.0, 172.0
1 5261.5, 1257.5, 129.0, 203.0
1 3804.5, 1267.5, 112.0, 159.0
1 4807.5, 1266.5, 100.0, 186.0
1 4721.5, 1267.5, 104.0, 214.0
1 4298.5, 1285.5, 238.0, 110.0
1 3471.0, 1315.5, 141.5, 182.0
1 4640.5, 1314.5, 117.0, 221.0
1 4732.5, 1481.5, 126.0, 235.0
1 3007.5, 1334.5, 150.0, 95.0
1 4451.5, 1359.5, 179.0, 146.0
1 5088.5, 1368.5, 187.0, 151.0
1 4374.5, 1393.5, 118.0, 189.0
1 4324.5, 1492.5, 165.0, 150.0
1 3757.5, 1412.5, 153.0, 198.0
1 3593.5, 1424.5, 206.0, 124.0
1 4822.5, 1428.5, 202.0, 93.0
1 3146.5, 1438.5, 112.0, 197.0
1 3911.5, 1438.5, 145.0, 174.0
1 2239.5, 1459.5, 104.0, 202.0
1 2306.5, 1524.5, 85.0, 205.0
1 2314.5, 1695.5, 125.0, 248.0
1 2159.5, 1897.5, 209.0, 74.0
1 5338.5, 1459.5, 130.0, 224.0
1 5434.5, 1556.5, 35.5, 140.0
1 2476.5, 1473.5, 115.0, 192.0
1 2668.5, 1477.5, 89.0, 170.0
1 4559.5, 1477.5, 92.0, 140.0
1 3540.5, 1479.5, 79.0, 171.0
1 2389.5, 1482.5, 100.0, 200.0
1 2559.5, 1482.5, 120.0, 322.0
1 1810.5, 1485.5, 143.0, 168.0
1 2881.5, 1489.5, 144.0, 186.0
1 4987.5, 1492.5, 113.0, 211.0
1 5215.5, 1499.5, 116.0, 217.0
1 5115.5, 1500.5, 119.0, 202.0
1 5123.5, 1680.5, 196.0, 212.0
1 4606.5, 1514.5, 121.0, 176.0
1 2103.5, 1517.5, 95.0, 210.0
1 2186.5, 1556.5, 63.0, 152.0
1 3597.5, 1538.5, 75.0, 184.0
1 3206.5, 1562.5, 133.0, 163.0
1 3240.5, 1626.5, 119.0, 130.0
1 3804.5, 1570.5, 107.0, 159.0
1 3676.5, 1575.5, 177.0, 162.0
1 4794.5, 1576.5, 110.0, 232.0
1 5306.5, 1581.5, 104.0, 185.0
1 1900.5, 1587.5, 168.0, 173.0
1 1624.5, 1596.5, 133.0, 189.0
1 1610.5, 1721.5, 95.0, 182.0
1 4522.5, 1598.5, 91.0, 234.0
1 3947.5, 1617.5, 93.0, 174.0
1 4286.5, 1618.5, 123.0, 176.0
1 2648.5, 1621.5, 92.0, 188.0
1 4029.5, 1620.5, 194.0, 160.0
1 1743.5, 1622.5, 148.0, 182.0
1 4149.5, 1634.5, 143.0, 161.0
1 2051.5, 1641.5, 125.0, 232.0
1 3430.5, 1648.5, 114.0, 191.0
1 3495.5, 1660.5, 213.0, 133.0
1 3384.5, 1733.5, 104.0, 140.0
1 3543.5, 1747.5, 140.0, 84.0
1 4924.5, 1650.5, 142.0, 192.0
1 5084.5, 1711.5, 148.0, 213.0
1 5028.5, 1722.5, 165.0, 209.0
1 3867.5, 1654.5, 85.0, 187.0
1 3063.5, 1658.5, 101.0, 206.0
1 2736.5, 1661.5, 122.0, 201.0
1 4416.5, 1664.5, 116.0, 259.0
1 5058.5, 1900.5, 102.0, 211.0
1 4412.5, 1909.5, 139.0, 201.0
1 5324.5, 1929.5, 114.0, 227.0
1 4481.5, 1978.5, 194.0, 134.0
1 5224.5, 2065.5, 111.0, 203.0
1 4381.5, 2100.5, 149.0, 177.0
1 4933.5, 2113.0, 244.0, 127.5
1 5320.5, 2133.5, 138.0, 147.0
1 4600.5, 2164.5, 122.0, 215.0
1 4854.5, 2177.5, 100.0, 163.0
1 4690.5, 2181.5, 109.0, 220.0
1 4772.5, 2200.5, 148.0, 200.0
1 5006.5, 2209.5, 126.0, 195.0
1 4535.5, 2215.5, 121.0, 168.0
1 4907.5, 2238.5, 129.0, 195.0
1 5037.5, 2323.5, 122.0, 168.0
1 5319.5, 2327.5, 151.0, 141.0
1 4966.5, 2388.5, 150.0, 228.0
1 4594.5, 2401.5, 208.0, 191.0
1 2473.5, 1668.5, 112.0, 209.0
1 2188.5, 1687.5, 128.0, 218.0
1 2891.5, 1694.5, 134.0, 213.0
1 2932.5, 1772.5, 125.0, 199.0
1 3159.5, 1714.5, 108.0, 238.0
1 3243.5, 1736.5, 112.0, 198.0
1 3269.5, 1930.5, 153.0, 156.0
1 5252.5, 1734.5, 195.0, 179.0
1 1679.5, 1737.5, 129.0, 141.0
1 3751.5, 1740.5, 126.0, 241.0
1 3670.5, 1976.5, 131.0, 93.0
1 1511.5, 1755.5, 100.0, 130.0
1 4339.5, 1765.5, 115.0, 243.0
1 4613.5, 1765.5, 115.0, 212.0
1 5433.5, 1772.5, 38.0, 154.0
1 3656.5, 1778.5, 97.0, 212.0
1 3933.5, 1783.5, 146.0, 170.0
1 3937.5, 1877.5, 90.0, 214.0
1 4119.5, 1792.5, 121.0, 169.0
1 2577.5, 1806.5, 185.0, 83.0
1 3572.5, 1812.5, 101.0, 199.0
1 3485.5, 1982.5, 118.0, 176.0
1 3556.5, 1987.5, 148.0, 127.0
1 3516.5, 2068.5, 210.0, 117.0
1 4512.5, 1813.5, 137.0, 167.0
1 2373.5, 1821.5, 117.0, 195.0
1 3365.5, 1827.5, 203.0, 161.0
1 4712.5, 1835.5, 102.0, 187.0
1 4938.5, 1840.5, 117.0, 218.0
1 3850.5, 1843.5, 98.0, 190.0
1 3783.5, 2022.5, 147.0, 106.0
1 1613.5, 1849.5, 212.0, 113.0
1 4250.5, 1848.5, 103.0, 162.0
1 2556.5, 1866.5, 209.0, 143.0
1 1964.5, 1875.5, 192.0, 106.0
1 1544.5, 1888.5, 161.0, 122.0
1 1696.5, 1888.5, 222.0, 98.0
1 1469.5, 1922.5, 151.0, 118.0
1 1720.5, 1952.5, 189.0, 58.0
1 1517.5, 2004.5, 215.0, 91.0
1 1416.5, 2069.5, 198.0, 114.0
1 3418.5, 1899.5, 177.0, 157.0
1 1253.5, 1904.5, 181.0, 86.0
1 1380.5, 1917.5, 93.0, 212.0
1 1302.5, 1981.5, 103.0, 227.0
1 2455.5, 1921.5, 95.0, 166.0
1 4711.5, 1923.5, 215.0, 131.0
1 4714.5, 2031.5, 218.0, 105.0
1 5155.5, 1924.5, 134.0, 188.0
1 1907.5, 1935.5, 118.0, 194.0
1 1718.5, 2021.5, 91.0, 151.0
1 2529.5, 1936.5, 119.0, 228.0
1 2769.5, 1944.5, 128.0, 155.0
1 2597.5, 1989.5, 213.0, 143.0
1 2635.5, 2070.5, 192.0, 66.0
1 2794.5, 2089.5, 79.0, 219.0
1 2710.5, 2110.5, 111.0, 236.0
1 2581.5, 2126.5, 159.0, 71.0
1 4013.5, 1948.5, 91.0, 155.0
1 3093.5, 1959.5, 194.0, 114.0
1 2166.5, 1957.5, 246.0, 100.0
1 4296.5, 1958.5, 115.0, 238.0
1 3710.5, 1971.5, 157.0, 181.0
1 4152.75, 1951.0, 151.75, 166.5
1 4100.5, 2002.5, 219.0, 163.0
1 3775.5, 2087.5, 164.0, 174.0
1 3910.5, 2100.5, 261.0, 85.0
1 3879.5, 2148.5, 90.0, 183.0
1 4201.5, 2153.5, 127.0, 196.0
1 3769.5, 2213.5, 156.0, 112.0
1 3963.5, 2239.5, 175.0, 186.0
1 4007.5, 2285.5, 167.0, 177.0
1 3859.5, 2290.5, 110.0, 120.0
1 5429.5, 1992.5, 40.5, 157.0
1 1978.5, 1994.5, 157.0, 172.0
1 2076.5, 2011.5, 205.0, 103.0
1 2172.5, 2039.5, 153.0, 169.0
1 2291.5, 2042.5, 138.0, 187.0
1 2085.5, 2051.5, 155.0, 147.0
1 2400.5, 2082.5, 148.0, 102.5
1 2185.5, 2103.5, 128.0, 155.0
1 1923.5, 2119.5, 158.0, 208.0
1 2018.5, 2147.5, 92.0, 213.5
1 2086.25, 2152.5, 94.25, 217.0
1 1733.5, 2157.5, 234.0, 108.0
1 2114.5, 2223.5, 165.0, 203.0
1 1204.5, 2027.5, 109.0, 234.0
1 1024.5, 2116.5, 217.0, 141.0
1 3118.5, 2028.5, 97.0, 179.0
1 3049.5, 2041.5, 113.0, 144.0
1 3264.5, 2043.5, 124.0, 96.0
1 3416.5, 2054.5, 102.0, 203.0
1 3184.5, 2071.5, 97.0, 177.0
1 3204.5, 2243.5, 66.0, 138.0
1 2872.5, 2080.5, 126.0, 184.0
1 1759.5, 2089.5, 206.0, 91.0
1 3280.5, 2097.5, 160.0, 116.0
1 2362.5, 2210.5, 98.0, 156.0
1 2188.5, 2282.5, 104.0, 221.0
1 3659.5, 2123.5, 153.0, 174.0
1 2857.5, 2153.5, 107.0, 207.0
1 2944.5, 2193.5, 121.0, 175.0
1 2969.5, 2233.5, 171.0, 189.0
1 2476.5, 2158.5, 119.0, 105.0
1 3492.5, 2161.5, 219.0, 119.0
1 3515.5, 2234.5, 149.0, 91.0
1 2560.5, 2164.5, 160.0, 153.0
1 1465.5, 2176.5, 247.0, 105.0
1 3110.5, 2190.5, 98.0, 191.0
1 3306.5, 2196.5, 134.0, 159.0
1 3247.5, 2202.5, 156.0, 219.0
1 2594.5, 2226.5, 107.0, 183.0
1 2454.5, 2233.5, 179.0, 251.0
1 2531.5, 2253.5, 101.0, 147.0
1 5376.5, 2239.5, 94.5, 158.0
1 3709.5, 2254.5, 105.0, 219.0
1 3670.5, 2301.5, 81.0, 174.0
1 3428.5, 2261.5, 117.0, 227.0
1 3496.5, 2286.5, 110.0, 192.0
1 3576.5, 2308.5, 105.0, 227.0
1 5123.5, 2319.5, 147.0, 167.0
1 5141.0, 2479.5, 198.5, 205.0
1 3808.5, 2329.5, 216.0, 167.0
1 728.5, 2334.5, 151.0, 243.0
1 3086.5, 2335.5, 135.0, 158.0
1 5231.5, 2339.5, 89.0, 204.0
1 5296.5, 2409.5, 130.0, 143.0
1 5352.5, 2469.5, 119.0, 185.0
1 3223.5, 2358.5, 108.0, 251.0
1 1625.5, 2369.5, 120.0, 220.0
1 2391.5, 2370.5, 190.0, 174.0
1 2318.5, 2385.5, 135.0, 199.0
1 2214.5, 2425.5, 115.0, 157.0
1 2745.5, 2373.5, 238.0, 128.0
1 1804.5, 2378.5, 218.0, 134.0
1 4776.5, 2379.5, 144.0, 244.0
1 4816.5, 2383.5, 165.0, 170.0
1 4108.5, 2386.5, 208.0, 158.0
1 3098.5, 2407.5, 126.0, 213.0
1 2598.5, 2432.5, 103.0, 154.0
1 3990.5, 2466.5, 202.0, 127.0
1 5073.5, 2477.5, 168.0, 180.0
1 2793.5, 2495.5, 231.0, 112.0
1 1743.5, 2517.5, 121.0, 231.0
1 3661.5, 2521.5, 100.0, 191.0
1 2686.5, 2522.5, 97.0, 180.0
1 3789.5, 2534.5, 153.0, 163.0
1 739.5, 2546.5, 165.0, 212.0
1 2501.5, 2545.5, 152.0, 218.0
1 2593.5, 2572.5, 148.0, 239.0
1 3145.5, 2561.5, 181.0, 115.0
1 3583.5, 2561.5, 134.0, 179.0
1 1447.5, 2566.5, 171.0, 194.0
1 3322.5, 2570.5, 159.0, 236.0
1 1660.5, 2575.5, 105.0, 232.0
1 2308.5, 2591.5, 148.0, 158.0
1 1966.5, 2599.5, 127.0, 238.0
1 1896.5, 2600.5, 118.0, 234.0
1 4955.5, 2601.5, 153.0, 286.0
1 2226.5, 2603.5, 109.0, 211.0
1 2883.5, 2604.5, 146.0, 187.0
1 5095.5, 2606.5, 96.0, 223.0
1 2448.5, 2609.5, 153.0, 196.0
1 962.5, 2617.5, 166.0, 145.0
1 4109.5, 2617.5, 233.5, 128.0
1 1333.5, 2627.5, 171.0, 168.0
1 2759.5, 2635.5, 196.0, 213.0
1 4762.5, 2638.5, 100.0, 182.0
1 4598.5, 2654.5, 141.0, 141.0
1 1833.5, 2659.5, 116.0, 253.0
1 4429.5, 2659.5, 111.0, 190.0
1 2389.5, 2662.5, 110.0, 163.0
1 5110.5, 2688.5, 136.0, 248.0
1 3888.5, 2692.5, 235.0, 150.0
1 5331.5, 2725.5, 140.0, 234.0
1 4012.5, 2727.5, 193.0, 238.0
1 4204.5, 2749.5, 172.0, 112.0
1 4834.5, 2729.5, 145.0, 99.0
1 4798.5, 2814.5, 150.0, 123.0
1 3770.0, 2743.5, 134.5, 264.0
1 4657.5, 2757.5, 105.0, 174.0
1 5248.5, 2759.5, 116.0, 277.0
1 4311.5, 2772.5, 175.0, 171.0
1 4197.5, 2821.5, 122.0, 113.0
1 5166.5, 2822.5, 122.0, 228.0
1 5363.5, 2923.5, 107.0, 111.0
1 2246.5, 2986.5, 145.0, 195.0
1 4694.5, 3014.5, 186.0, 240.0
1 3410.5, 3289.5, 75.0, 137.0
1 2110.5, 3324.5, 127.0, 224.25
1 971.5, 3379.5, 138.0, 113.0
1 3246.5, 3420.5, 106.0, 109.0
1 3372.5, 3459.5, 108.0, 115.0
1 4985.5, 3456.0, 223.0, 124.0
1 1716.0, 1994.5, 231.5, 118.25
1 1588.75, 2037.25, 165.25, 150.25
1 2979.0, 2052.25, 154.25, 193.0
1 2907.25, 2061.0, 136.5, 150.75
1 3215.0, 1215.0, 192.5, 154.75
1 3032.25, 1196.5, 216.25, 137.5
1 3185.88, 1114.75, 160.0, 155.25
1 3330.75, 1054.0, 94.25, 164.75
1 2276.5, 2238.0, 109.0, 156.0
1 3967.0, 2174.5, 219.0, 131.0
1 4137.25, 2196.75, 79.0, 181.25
1 4249.75, 2212.75, 142.25, 243.25
1 4403.25, 2313.0, 135.5, 187.5
1 4315.0, 2270.25, 115.75, 250.5
1 4371.0, 2231.75, 163.0, 227.0
1 4484.88, 2271.25, 110.87, 246.63
1 4100.5, 695.0, 119.5, 145.0
1 4022.5, 809.75, 106.25, 186.75
1 4567.5, 2368.0, 239.5, 179.5
1 4673.0, 669.75, 236.25, 113.5
1 4613.5, 656.0, 171.0, 100.5
1 4783.0, 795.0, 83.0, 170.75
1 4788.75, 732.25, 111.5, 76.75
1 2316.0, 2129.0, 108.5, 150.0
1 4821.5, 1750.5, 152.75, 183.25
1 4661.0, 1687.0, 204.0, 205.5
1 4481.0, 2127.0, 292.0, 101.0
1 4581.5, 2056.75, 211.5, 144.0
1 4865.0, 2053.5, 228.0, 122.0
1 4784.75, 2124.75, 105.5, 116.75
1 5128.0, 2153.5, 106.25, 190.0
1 5186.0, 2239.75, 131.0, 98.5
1 5284.75, 2252.5, 136.25, 105.0
1 5255.5, 955.5, 171.0, 165.5
1 5224.75, 820.0, 94.75, 166.25
