1 0.5024671052631579, 0.38966557017543857, 0.012335526315789474, 0.0133406432748538
1 0.5574744152046783, 0.3918585526315789, 0.014528508771929825, 0.010051169590643274
1 0.4575109649122807, 0.39432565789473684, 0.015076754385964912, 0.012244152046783625
1 0.5748355263157895, 0.3951480263157895, 0.010142543859649123, 0.00932017543859649
1 0.5050255847953217, 0.39624451754385964, 0.011513157894736841, 0.017726608187134504
1 0.5092288011695907, 0.4009046052631579, 0.009868421052631578, 0.01745248538011696
1 0.5879934210526315, 0.3965186403508772, 0.011239035087719298, 0.017543859649122806
1 0.5976809210526316, 0.3989857456140351, 0.007368421052631579, 0.020466008771929823
1 0.49570540935672514, 0.3978892543859649, 0.016721491228070175, 0.008589181286549707
1 0.4812682748538012, 0.39953399122807015, 0.017269736842105265, 0.007309941520467836
1 0.6539656432748538, 0.39925986842105265, 0.01206140350877193, 0.009868421052631578
1 0.3875182748538012, 0.40063048245614036, 0.00932017543859649, 0.017178362573099414
1 0.46408991228070173, 0.40063048245614036, 0.01343201754385965, 0.008954678362573099
1 0.580500730994152, 0.40117872807017546, 0.015899122807017545, 0.010782163742690058
1 0.6764437134502924, 0.40117872807017546, 0.01644736842105263, 0.010051169590643274
1 0.5527229532163743, 0.4017269736842105, 0.018092105263157895, 0.008771929824561403
1 0.5284173976608187, 0.4028234649122807, 0.012335526315789474, 0.010416666666666666
1 0.5158077485380117, 0.4121436403508772, 0.012883771929824562, 0.014437134502923976
1 0.5397478070175439, 0.40254934210526316, 0.013980263157894737, 0.012609649122807017
1 0.6300255847953217, 0.40254934210526316, 0.007949561403508772, 0.013523391812865496
1 0.4708516081871345, 0.4036458333333333, 0.014528508771929825, 0.010051169590643274
1 0.4611659356725146, 0.4146792763157895, 0.014459978070175438, 0.009685672514619883
1 0.6945358187134503, 0.4041940789473684, 0.010416666666666666, 0.009137426900584795
1 0.7332785087719298, 0.40391995614035087, 0.010964912280701754, 0.01644736842105263
1 0.5647843567251462, 0.4041940789473684, 0.013980263157894737, 0.009137426900584795
1 0.6649305555555556, 0.4041940789473684, 0.012335526315789474, 0.010964912280701754
1 0.5737390350877193, 0.4047423245614035, 0.015625, 0.007492690058479532
1 0.5792214912280702, 0.4088541666666667, 0.014528508771929825, 0.01882309941520468
1 0.6864948830409356, 0.40529057017543857, 0.012609649122807017, 0.008771929824561403
1 0.5145285087719298, 0.40625, 0.01000548245614035, 0.012792397660818713
1 0.37929459064327486, 0.4066611842105263, 0.01206140350877193, 0.012792397660818713
1 0.6148574561403509, 0.4066611842105263, 0.013980263157894737, 0.007309941520467836
1 0.6228983918128655, 0.4069353070175439, 0.009046052631578948, 0.006944444444444444
1 0.628015350877193, 0.40995065789473684, 0.011513157894736841, 0.011513157894736841
1 0.39226973684210525, 0.4077576754385965, 0.01206140350877193, 0.015899122807017545
1 0.7044042397660819, 0.40803179824561403, 0.010964912280701754, 0.01023391812865497
1 0.5558296783625731, 0.40858004385964913, 0.01699561403508772, 0.011513157894736841
1 0.5019188596491229, 0.40940241228070173, 0.00849780701754386, 0.012792397660818713
1 0.6684027777777778, 0.41049890350877194, 0.012609649122807017, 0.013706140350877192
1 0.53609283625731, 0.41104714912280704, 0.011513157894736841, 0.016264619883040937
1 0.5348135964912281, 0.41680372807017546, 0.018914473684210526, 0.009137426900584795
1 0.7595942982456141, 0.4107730263157895, 0.014802631578947368, 0.01114766081871345
1 0.6581688596491229, 0.4121436403508772, 0.010312499999999999, 0.010012792397660819
1 0.7521016081871345, 0.4126918859649123, 0.01425438596491228, 0.011878654970760233
1 0.6336805555555556, 0.41324013157894735, 0.013706140350877192, 0.011878654970760233
1 0.6455592105263158, 0.4165296052631579, 0.012713815789473684, 0.012889254385964912
1 0.6342288011695907, 0.4222861842105263, 0.012335526315789474, 0.015716374269005847
1 0.7966922514619883, 0.4135142543859649, 0.012335526315789474, 0.01114766081871345
1 0.7736659356725146, 0.41515899122807015, 0.010416666666666666, 0.008223684210526315
1 0.6899671052631579, 0.4154331140350877, 0.009868421052631578, 0.01699561403508772
1 0.48254751461988304, 0.4192708333333333, 0.009046052631578948, 0.02101608187134503
1 0.7893823099415205, 0.41570723684210525, 0.011239035087719298, 0.01023391812865497
1 0.7793311403508771, 0.41872258771929827, 0.013980263157894737, 0.011330409356725146
1 0.7901133040935673, 0.42502741228070173, 0.015350877192982455, 0.017543859649122806
1 0.7793311403508771, 0.42941337719298245, 0.017269736842105265, 0.011695906432748537
1 0.5216557017543859, 0.4165296052631579, 0.012883771929824562, 0.013523391812865496
1 0.41109283625730997, 0.4231085526315789, 0.011513157894736841, 0.010416666666666666
1 0.4081688596491228, 0.43434758771929827, 0.008223684210526315, 0.010964912280701754
1 0.3995796783625731, 0.4418530701754386, 0.028404605263157898, 0.01300438596491228
1 0.6165021929824561, 0.41707785087719296, 0.010964912280701754, 0.010782163742690058
1 0.46920687134502925, 0.4173519736842105, 0.012883771929824562, 0.010416666666666666
1 0.3800255847953216, 0.41899671052631576, 0.011239035087719298, 0.013523391812865496
1 0.7093384502923976, 0.4192708333333333, 0.015625, 0.014802631578947368
1 0.6985562865497076, 0.43283991228070173, 0.01137609649122807, 0.020741959064327485
1 0.307108918128655, 0.4198190789473684, 0.01617324561403509, 0.01827485380116959
1 0.43686038011695905, 0.4272203947368421, 0.01836622807017544, 0.012244152046783625
1 0.7683662280701754, 0.41954495614035087, 0.014802631578947368, 0.010599415204678362
1 0.3456688596491228, 0.4203673245614035, 0.018092105263157895, 0.012609649122807017
1 0.4208735380116959, 0.4203673245614035, 0.011650219298245614, 0.011765350877192982
1 0.41346856725146197, 0.42749451754385964, 0.021107456140350877, 0.01516812865497076
1 0.6751644736842105, 0.4203673245614035, 0.007949561403508772, 0.010416666666666666
1 0.6961805555555556, 0.4203673245614035, 0.01617324561403509, 0.008406432748538011
1 0.6848501461988304, 0.4211896929824561, 0.01699561403508772, 0.012609649122807017
1 0.7044042397660819, 0.4211896929824561, 0.011513157894736841, 0.011330409356725146
1 0.7296235380116959, 0.4214638157894737, 0.01425438596491228, 0.010599415204678362
1 0.5439510233918129, 0.4217379385964912, 0.010416666666666666, 0.019919590643274854
1 0.6599963450292398, 0.4217379385964912, 0.01343201754385965, 0.019005847953216373
1 0.3350694444444444, 0.4225603070175439, 0.01699561403508772, 0.010416666666666666
1 0.35297880116959063, 0.4222861842105263, 0.01644736842105263, 0.014071637426900584
1 0.6254568713450293, 0.4225603070175439, 0.015076754385964912, 0.008223684210526315
1 0.59859283625731, 0.4233826754385965, 0.013706140350877192, 0.01206140350877193
1 0.5909173976608187, 0.42612390350877194, 0.01864035087719298, 0.013523391812865496
1 0.8027229532163743, 0.42365679824561403, 0.015625, 0.01516812865497076
1 0.46865862573099415, 0.42420504385964913, 0.012609649122807017, 0.013706140350877192
1 0.7396747076023392, 0.42502741228070173, 0.013947368421052632, 0.021955409356725145
1 0.37052266081871343, 0.42612390350877194, 0.013706140350877192, 0.010416666666666666
1 0.5267726608187134, 0.42667214912280704, 0.015625, 0.013523391812865496
1 0.759046052631579, 0.42694627192982454, 0.01206140350877193, 0.019005847953216373
1 0.38879751461988304, 0.4277686403508772, 0.01069078947368421, 0.01745248538011696
1 0.3981176900584795, 0.42790570175438597, 0.017132675438596492, 0.012426900584795321
1 0.4772478070175439, 0.42749451754385964, 0.014802631578947368, 0.011695906432748537
1 0.6144919590643275, 0.4272203947368421, 0.015076754385964912, 0.010416666666666666
1 0.4933296783625731, 0.4277686403508772, 0.010964912280701754, 0.023391812865497075
1 0.48145102339181284, 0.4291392543859649, 0.015899122807017545, 0.015533625730994151
1 0.6568019005847954, 0.42941337719298245, 0.017269736842105265, 0.0141593567251462
1 0.45531798245614036, 0.4291392543859649, 0.016721491228070175, 0.011878654970760233
1 0.6499451754385965, 0.42886513157894735, 0.018914473684210526, 0.01608187134502924
1 0.6810124269005848, 0.4291392543859649, 0.015076754385964912, 0.01516812865497076
1 0.6628307748538013, 0.4295833333333333, 0.013262061403508772, 0.01215095029239766
1 0.33324195906432746, 0.43078399122807015, 0.025219298245614034, 0.012426900584795321
1 0.5507127192982456, 0.43050986842105265, 0.01617324561403509, 0.016812865497076022
1 0.5625913742690059, 0.43050986842105265, 0.018092105263157895, 0.011330409356725146
1 0.6431834795321637, 0.43078399122807015, 0.01918859649122807, 0.017361111111111112
1 0.36430921052631576, 0.43133223684210525, 0.011513157894736841, 0.00712719298245614
1 0.8286732456140351, 0.43133223684210525, 0.01425438596491228, 0.017543859649122806
1 0.3177083333333333, 0.43188048245614036, 0.015899122807017545, 0.01644736842105263
1 0.8166118421052632, 0.4316063596491228, 0.013980263157894737, 0.012244152046783625
1 0.42772295321637427, 0.43242872807017546, 0.01644736842105263, 0.012609649122807017
1 0.6757127192982456, 0.43270285087719296, 0.010964912280701754, 0.0133406432748538
1 0.7908442982456141, 0.43242872807017546, 0.013157894736842105, 0.013523391812865496
1 0.7899305555555556, 0.44174890350877194, 0.018092105263157895, 0.019554093567251463
1 0.7786001461988304, 0.4447642543859649, 0.01617324561403509, 0.015350877192982455
1 0.636421783625731, 0.43379934210526316, 0.01864035087719298, 0.02138157894736842
1 0.5136147660818714, 0.4340734649122807, 0.01617324561403509, 0.01663011695906433
1 0.586531432748538, 0.43462171052631576, 0.017269736842105265, 0.014985380116959063
1 0.5938413742690059, 0.45024671052631576, 0.018914473684210526, 0.012244152046783625
1 0.6029788011695907, 0.4348958333333333, 0.016721491228070175, 0.010964912280701754
1 0.3692434210526316, 0.4354440789473684, 0.01644736842105263, 0.019371345029239765
1 0.7261513157894737, 0.43571820175438597, 0.011513157894736841, 0.019371345029239765
1 0.3061951754385965, 0.4359923245614035, 0.020833333333333332, 0.013888888888888888
1 0.5254934210526315, 0.43654057017543857, 0.010964912280701754, 0.01114766081871345
1 0.5731907894736842, 0.4362664473684211, 0.02412280701754386, 0.01425438596491228
1 0.5419407894736842, 0.4368146929824561, 0.01781798245614035, 0.012244152046783625
1 0.6286549707602339, 0.43654057017543857, 0.01836622807017544, 0.010142543859649123
1 0.7093384502923976, 0.4355811403508772, 0.011650219298245614, 0.016591739766081873
1 0.765625, 0.43654057017543857, 0.017543859649122806, 0.01644736842105263
1 0.7431469298245614, 0.4373629385964912, 0.007675438596491228, 0.01699561403508772
1 0.34694809941520466, 0.4376370614035088, 0.011239035087719298, 0.022112573099415205
1 0.48327850877192985, 0.4379111842105263, 0.01699561403508772, 0.019005847953216373
1 0.38422880116959063, 0.43845942982456143, 0.01836622807017544, 0.013888888888888888
1 0.49936038011695905, 0.4387335526315789, 0.015899122807017545, 0.012609649122807017
1 0.44216008771929827, 0.4390076754385965, 0.014528508771929825, 0.013888888888888888
1 0.6225328947368421, 0.4395559210526316, 0.021655701754385966, 0.01206140350877193
1 0.6144919590643275, 0.44366776315789475, 0.0200109649122807, 0.010964912280701754
1 0.80765716374269, 0.4395559210526316, 0.016721491228070175, 0.02010233918128655
1 0.7203033625730995, 0.4401041666666667, 0.012335526315789474, 0.018457602339181287
1 0.7351059941520468, 0.44805372807017546, 0.010074013157894737, 0.022077850877192984
1 0.4567799707602339, 0.44120065789473684, 0.021655701754385966, 0.019011330409356725
1 0.5121527777777778, 0.4409265350877193, 0.012609649122807017, 0.01425438596491228
1 0.4555829678362573, 0.44248629385964916, 0.010586622807017543, 0.012861842105263158
1 0.6945358187134503, 0.4428453947368421, 0.014528508771929825, 0.012244152046783625
1 0.41310307017543857, 0.4439418859649123, 0.01836622807017544, 0.015716374269005847
1 0.5344480994152047, 0.4439418859649123, 0.01864035087719298, 0.00804093567251462
1 0.5209247076023392, 0.4477796052631579, 0.013706140350877192, 0.014437134502923976
1 0.6744334795321637, 0.44366776315789475, 0.012883771929824562, 0.02266081871345029
1 0.39318347953216376, 0.44449013157894735, 0.012609649122807017, 0.010599415204678362
1 0.6389802631578947, 0.44449013157894735, 0.012883771929824562, 0.017543859649122806
1 0.5532711988304093, 0.44503837719298245, 0.010964912280701754, 0.02046783625730994
1 0.7053179824561403, 0.44503837719298245, 0.01617324561403509, 0.007492690058479532
1 0.7131761695906432, 0.44503837719298245, 0.019736842105263157, 0.01023391812865497
1 0.3763706140350877, 0.44613486842105265, 0.012609649122807017, 0.008771929824561403
1 0.7474671052631578, 0.4454166666666667, 0.01353344298245614, 0.019619883040935673
1 0.44216008771929827, 0.4491502192982456, 0.012335526315789474, 0.013706140350877192
1 0.4397843567251462, 0.4565515350877193, 0.015350877192982455, 0.008589181286549707
1 0.659265350877193, 0.44887609649122806, 0.01918859649122807, 0.015350877192982455
1 0.3548062865497076, 0.4491502192982456, 0.016721491228070175, 0.011878654970760233
1 0.41931652046783624, 0.44942434210526316, 0.02138157894736842, 0.012792397660818713
1 0.6048062865497076, 0.4491502192982456, 0.018914473684210526, 0.010599415204678362
1 0.4291849415204678, 0.44997258771929827, 0.021655701754385966, 0.011513157894736841
1 0.6720577485380117, 0.44997258771929827, 0.0200109649122807, 0.014437134502923976
1 0.4852887426900585, 0.45024671052631576, 0.015625, 0.013157894736842105
1 0.6828399122807017, 0.4505208333333333, 0.0200109649122807, 0.014802631578947368
1 0.7237755847953217, 0.45024671052631576, 0.016721491228070175, 0.010599415204678362
1 0.5097770467836257, 0.45134320175438597, 0.018914473684210526, 0.013888888888888888
1 0.5434027777777778, 0.4518914473684211, 0.012883771929824562, 0.027595029239766082
1 0.6300255847953217, 0.4527138157894737, 0.01699561403508772, 0.016812865497076022
1 0.4922331871345029, 0.4535361842105263, 0.015076754385964912, 0.017178362573099414
1 0.5856176900584795, 0.45408442982456143, 0.021107456140350877, 0.010782163742690058
1 0.7499086257309941, 0.4538103070175439, 0.022478070175438597, 0.010416666666666666
1 0.8080226608187134, 0.4538103070175439, 0.01836622807017544, 0.014619883040935672
1 0.7961440058479532, 0.4543585526315789, 0.013980263157894737, 0.014437134502923976
1 0.4432565789473684, 0.4551809210526316, 0.023848684210526317, 0.019005847953216373
1 0.7298062865497076, 0.45545504385964913, 0.015350877192982455, 0.012792397660818713
1 0.38843201754385964, 0.4557291666666667, 0.014802631578947368, 0.009502923976608187
1 0.6952668128654971, 0.45682565789473684, 0.014802631578947368, 0.018092105263157895
1 0.7400402046783626, 0.45682565789473684, 0.020833333333333332, 0.011330409356725146
1 0.5682565789473685, 0.45792214912280704, 0.023848684210526317, 0.011695906432748537
1 0.6389802631578947, 0.45737390350877194, 0.017543859649122806, 0.021929824561403508
1 0.3659539473684211, 0.45874451754385964, 0.015076754385964912, 0.022112573099415205
1 0.7574013157894737, 0.4595668859649123, 0.01864035087719298, 0.00804093567251462
1 0.7891995614035088, 0.4610060307017544, 0.0161047149122807, 0.011770833333333333
1 0.7969462719298246, 0.46816885964912286, 0.013327850877192982, 0.025999634502923977
1 0.7912097953216374, 0.4751918859649123, 0.023026315789473683, 0.02631578947368421
1 0.5582054093567251, 0.4623081140350877, 0.022203947368421052, 0.011330409356725146
1 0.7789656432748538, 0.46313048245614036, 0.023574561403508772, 0.01206140350877193
1 0.7617872807017544, 0.46367872807017546, 0.022203947368421052, 0.013157894736842105
1 0.4798062865497076, 0.4647752192982456, 0.024671052631578948, 0.01608187134502924
1 0.6099232456140351, 0.46504934210526316, 0.013157894736842105, 0.021564327485380116
1 0.5803179824561403, 0.46587171052631576, 0.023300438596491228, 0.009502923976608187
1 0.709703947368421, 0.46559758771929827, 0.018092105263157895, 0.01114766081871345
1 0.6691337719298246, 0.4661458333333333, 0.023848684210526317, 0.013706140350877192
1 0.6813779239766082, 0.4713541666666667, 0.020285087719298246, 0.00932017543859649
1 0.7203033625730995, 0.4666940789473684, 0.021929824561403508, 0.022112573099415205
1 0.5954861111111112, 0.4675164473684211, 0.025767543859649123, 0.010051169590643274
1 0.6950840643274854, 0.4675164473684211, 0.02055921052631579, 0.017726608187134504
1 0.5108735380116959, 0.4680646929824561, 0.021929824561403508, 0.011513157894736841
1 0.45915570175438597, 0.4683388157894737, 0.01425438596491228, 0.023757309941520467
1 0.49680190058479534, 0.4683388157894737, 0.0215515350877193, 0.01644736842105263
1 0.6059027777777778, 0.4691611842105263, 0.024671052631578948, 0.011330409356725146
1 0.6174159356725146, 0.4864309210526316, 0.021107456140350877, 0.014619883040935672
1 0.400858918128655, 0.4699835526315789, 0.01864035087719298, 0.01425438596491228
1 0.736750730994152, 0.4699835526315789, 0.01836622807017544, 0.011513157894736841
1 0.6539656432748538, 0.4708059210526316, 0.02275219298245614, 0.0133406432748538
1 0.6261878654970761, 0.47108004385964913, 0.022478070175438597, 0.012792397660818713
1 0.7731176900584795, 0.47190241228070173, 0.021929824561403508, 0.016812865497076022
1 0.5476059941520468, 0.47245065789473684, 0.017269736842105265, 0.01699561403508772
1 0.6420869883040936, 0.4721765350877193, 0.017269736842105265, 0.011695906432748537
1 0.6431834795321637, 0.48862390350877194, 0.024396929824561403, 0.023391812865497075
1 0.659265350877193, 0.49328399122807015, 0.02412280701754386, 0.0222953216374269
1 0.6806469298245614, 0.4946546052631579, 0.020285087719298246, 0.015716374269005847
1 0.2875548245614035, 0.4732730263157895, 0.024396929824561403, 0.013706140350877192
1 0.45074926900584794, 0.47354714912280704, 0.018914473684210526, 0.010964912280701754
1 0.8010361842105264, 0.4733415570175439, 0.018193530701754387, 0.02620796783625731
1 0.6875913742690059, 0.47436951754385964, 0.02055921052631579, 0.012426900584795321
1 0.31588084795321636, 0.47491776315789475, 0.021107456140350877, 0.015716374269005847
1 0.3427448830409357, 0.47491776315789475, 0.0200109649122807, 0.009868421052631578
1 0.23729897660818713, 0.47546600877192985, 0.01699561403508772, 0.015533625730994151
1 0.36778143274853803, 0.47574013157894735, 0.021655701754385966, 0.017543859649122806
1 0.3314144736842105, 0.47628837719298245, 0.01425438596491228, 0.010599415204678362
1 0.3047331871345029, 0.4771107456140351, 0.021929824561403508, 0.014619883040935672
1 0.6640168128654971, 0.47875548245614036, 0.01781798245614035, 0.012609649122807017
1 0.7460709064327485, 0.47957785087719296, 0.020833333333333332, 0.011330409356725146
1 0.7005665204678363, 0.48012609649122806, 0.01699561403508772, 0.008589181286549707
1 0.5249451754385965, 0.48067434210526316, 0.023300438596491228, 0.015533625730994151
1 0.27092470760233917, 0.4809484649122807, 0.023848684210526317, 0.010782163742690058
1 0.4569627192982456, 0.4809484649122807, 0.017269736842105265, 0.010964912280701754
1 0.5388340643274854, 0.4823190789473684, 0.02631578947368421, 0.009868421052631578
1 0.4664656432748538, 0.48259320175438597, 0.019736842105263157, 0.021929824561403508
1 0.2935855263157895, 0.48341557017543857, 0.018914473684210526, 0.011695906432748537
1 0.5704495614035088, 0.4836896929824561, 0.025767543859649123, 0.014437134502923976
1 0.4090826023391813, 0.4842379385964912, 0.017269736842105265, 0.012975146198830409
1 0.7071454678362573, 0.4842379385964912, 0.013980263157894737, 0.015533625730994151
1 0.24004020467836257, 0.48533442982456143, 0.023574561403508772, 0.021198830409356724
1 0.2793311403508772, 0.4856085526315789, 0.013157894736842105, 0.007309941520467836
1 0.5079495614035088, 0.4858826754385965, 0.015899122807017545, 0.02266081871345029
1 0.5033808479532164, 0.49520285087719296, 0.015076754385964912, 0.01608187134502924
1 0.32538377192982454, 0.4864309210526316, 0.023026315789473683, 0.012426900584795321
1 0.7555738304093568, 0.4864309210526316, 0.019736842105263157, 0.01425438596491228
1 0.7252375730994152, 0.4869791666666667, 0.023300438596491228, 0.014437134502923976
1 0.20732821637426901, 0.4888980263157895, 0.02138157894736842, 0.014236111111111113
1 0.2575840643274854, 0.4888980263157895, 0.032072368421052634, 0.014071637426900584
1 0.48967470760233917, 0.48944627192982454, 0.01864035087719298, 0.015350877192982455
1 0.5929276315789473, 0.4897203947368421, 0.023848684210526317, 0.01918859649122807
1 0.6110197368421053, 0.49904057017543857, 0.018092105263157895, 0.012244152046783625
1 0.55765716374269, 0.48999451754385964, 0.029331140350877194, 0.015716374269005847
1 0.4121893274853801, 0.4902686403508772, 0.018092105263157895, 0.014437134502923976
1 0.33689692982456143, 0.4908168859649123, 0.023300438596491228, 0.009685672514619883
1 0.38861476608187134, 0.4921875, 0.02631578947368421, 0.01206140350877193
1 0.4430738304093567, 0.49246162280701755, 0.014528508771929825, 0.02412280701754386
1 0.6397112573099415, 0.49246162280701755, 0.02275219298245614, 0.015899122807017545
1 0.6307565789473685, 0.4935581140350877, 0.024671052631578948, 0.02010233918128655
1 0.34713084795321636, 0.49438048245614036, 0.02275219298245614, 0.013706140350877192
1 0.31259137426900585, 0.4960252192982456, 0.023026315789473683, 0.013706140350877192
1 0.4184027777777778, 0.4960252192982456, 0.026589912280701754, 0.015716374269005847
1 0.4012244152046784, 0.49712171052631576, 0.029331140350877194, 0.0133406432748538
1 0.2899305555555556, 0.4973958333333333, 0.027412280701754384, 0.01827485380116959
1 0.6972770467836257, 0.4984923245614035, 0.009868421052631578, 0.0266812865497076
1 0.2760416666666667, 0.49904057017543857, 0.020833333333333332, 0.014985380116959063
1 0.46792763157894735, 0.4998629385964912, 0.026589912280701754, 0.012426900584795321
1 0.7321820175438597, 0.5004111842105263, 0.024396929824561403, 0.01206140350877193
1 0.4284539473684211, 0.5009594298245614, 0.014802631578947368, 0.009685672514619883
1 0.47907529239766083, 0.5009594298245614, 0.018092105263157895, 0.01425438596491228
1 0.5470577485380117, 0.5009594298245614, 0.025767543859649123, 0.014071637426900584
1 0.5826937134502924, 0.5015076754385965, 0.023300438596491228, 0.012792397660818713
1 0.5201937134502924, 0.5021244517543859, 0.02138157894736842, 0.014402412280701755
1 0.7499086257309941, 0.5037006578947368, 0.019736842105263157, 0.016264619883040937
1 0.1992872807017544, 0.504797149122807, 0.01918859649122807, 0.012426900584795321
1 0.4973501461988304, 0.5050712719298246, 0.018914473684210526, 0.014619883040935672
1 0.45111476608187134, 0.5076069078947368, 0.018571820175438597, 0.010051169590643274
1 0.4604349415204678, 0.5064418859649122, 0.02100328947368421, 0.01057748538011696
1 0.5942068713450293, 0.5064418859649122, 0.021655701754385966, 0.012426900584795321
1 0.18631213450292397, 0.5078125, 0.013157894736842105, 0.011695906432748537
1 0.5682565789473685, 0.5080866228070176, 0.015625, 0.013523391812865496
1 0.6207054093567251, 0.5080866228070176, 0.020285087719298246, 0.013157894736842105
1 0.7005665204678363, 0.5089089912280702, 0.02549342105263158, 0.012426900584795321
1 0.32611476608187134, 0.5102796052631579, 0.009868421052631578, 0.02010233918128655
1 0.42461622807017546, 0.5100740131578947, 0.019394188596491228, 0.025559210526315792
1 0.7177448830409356, 0.5105537280701754, 0.019462719298245616, 0.015350877192982455
1 0.2972404970760234, 0.5113760964912281, 0.022478070175438597, 0.015350877192982455
1 0.4913358918128655, 0.5132017543859649, 0.024671052631578948, 0.011513157894736841
1 0.6345942982456141, 0.5130208333333334, 0.02549342105263158, 0.011878654970760233
1 0.47944078947368424, 0.5141173245614035, 0.022203947368421052, 0.012244152046783625
1 0.43686038011695905, 0.5270010964912281, 0.017269736842105265, 0.01425438596491228
1 0.465672514619883, 0.5262116228070175, 0.014015899122807018, 0.020466008771929823
1 0.4401498538011696, 0.5333059210526315, 0.01206140350877193, 0.025584795321637425
1 0.5391995614035088, 0.5138432017543859, 0.01425438596491228, 0.014985380116959063
1 0.5395650584795322, 0.5234375, 0.023300438596491228, 0.013888888888888888
1 0.6470211988304093, 0.5152138157894737, 0.022478070175438597, 0.015533625730994151
1 0.3208150584795322, 0.5157620614035088, 0.012883771929824562, 0.021929824561403508
1 0.3209978070175439, 0.5261787280701754, 0.014528508771929825, 0.027960526315789474
1 0.6667580409356725, 0.5154879385964912, 0.023300438596491228, 0.01114766081871345
1 0.596765350877193, 0.5163103070175439, 0.013706140350877192, 0.021198830409356724
1 0.5936586257309941, 0.5245339912280702, 0.014528508771929825, 0.02412280701754386
1 0.6155884502923976, 0.5281825657894736, 0.014169407894736842, 0.023026315789473683
1 0.5998720760233918, 0.5374177631578947, 0.008771929824561403, 0.009502923976608187
1 0.5980445906432749, 0.5442708333333334, 0.018092105263157895, 0.013157894736842105
1 0.613578216374269, 0.5489309210526315, 0.017269736842105265, 0.013888888888888888
1 0.6018823099415205, 0.5607182017543859, 0.01864035087719298, 0.01918859649122807
1 0.42807200292397657, 0.516858552631579, 0.016721491228070175, 0.02377375730994152
1 0.1493969298245614, 0.5234375, 0.02987938596491228, 0.014714912280701754
1 0.5541849415204678, 0.5179550438596491, 0.01864035087719298, 0.017543859649122806
1 0.5490679824561403, 0.5352247807017544, 0.015076754385964912, 0.01608187134502924
1 0.5682565789473685, 0.548108552631579, 0.011787280701754386, 0.011695906432748537
1 0.5613121345029239, 0.5483826754385965, 0.029947916666666668, 0.01149122807017544
1 0.24241593567251463, 0.5185032894736842, 0.012609649122807017, 0.02540204678362573
1 0.23510599415204678, 0.5238486842105263, 0.018229166666666668, 0.015314327485380117
1 0.2733552631578947, 0.5257675438596491, 0.009731359649122808, 0.024981725146198827
1 0.26050804093567254, 0.5278234649122807, 0.007949561403508772, 0.01864035087719298
1 0.23876096491228072, 0.5315241228070176, 0.012198464912280702, 0.021564327485380116
1 0.17667580409356726, 0.5226480263157894, 0.013980263157894737, 0.017677266081871347
1 0.18120431286549707, 0.5272752192982456, 0.01137609649122807, 0.02411366959064327
1 0.1894188596491228, 0.5311129385964912, 0.01644736842105263, 0.019919590643274854
1 0.16547880116959066, 0.5371436403508771, 0.012609649122807017, 0.024305555555555556
1 0.7402229532163743, 0.5195997807017544, 0.02768640350877193, 0.013888888888888888
1 0.27055921052631576, 0.5201480263157895, 0.006304824561403508, 0.02046783625730994
1 0.4120065789473684, 0.520422149122807, 0.015350877192982455, 0.016659356725146197
1 0.3034539473684211, 0.5212445175438597, 0.015350877192982455, 0.013523391812865496
1 0.5011878654970761, 0.5215186403508771, 0.013980263157894737, 0.012426900584795321
1 0.3135051169590643, 0.5223410087719298, 0.022478070175438597, 0.013888888888888888
1 0.5640533625730995, 0.5220668859649122, 0.01644736842105263, 0.024305555555555556
1 0.575749269005848, 0.5308388157894737, 0.013706140350877192, 0.023574561403508772
1 0.7707419590643275, 0.5220668859649122, 0.023300438596491228, 0.012792397660818713
1 0.5231268274853802, 0.522546600877193, 0.01617324561403509, 0.01731359649122807
1 0.5147112573099415, 0.5267269736842105, 0.01864035087719298, 0.023605628654970758
1 0.7579495614035088, 0.5242598684210527, 0.026041666666666668, 0.016264619883040937
1 0.21006944444444445, 0.536047149122807, 0.011239035087719298, 0.027377558479532164
1 0.34767909356725146, 0.5248081140350878, 0.014528508771929825, 0.013888888888888888
1 0.38788377192982454, 0.5248081140350878, 0.011787280701754386, 0.020650584795321638
1 0.7290752923976608, 0.5272752192982456, 0.019736842105263157, 0.009685672514619883
1 0.7515533625730995, 0.5291940789473685, 0.027138157894736843, 0.016264619883040937
1 0.6541483918128655, 0.5297423245614035, 0.021655701754385966, 0.015533625730994151
1 0.663468567251462, 0.5500274122807017, 0.015076754385964912, 0.019005847953216373
1 0.6539656432748538, 0.5519462719298246, 0.02768640350877193, 0.01206140350877193
1 0.6599963450292398, 0.5568804824561403, 0.023848684210526317, 0.01546966374269006
1 0.6704130116959064, 0.5626370614035088, 0.030153508771929825, 0.015899122807017545
1 0.6857638888888888, 0.5689418859649122, 0.01617324561403509, 0.013614766081871345
1 0.7125274122807017, 0.5308388157894737, 0.010896381578947368, 0.015085891812865496
1 0.7045869883040936, 0.5401589912280702, 0.01644736842105263, 0.018457602339181287
1 0.3913559941520468, 0.5319353070175439, 0.01644736842105263, 0.00932017543859649
1 0.25447733918128657, 0.532483552631579, 0.015076754385964912, 0.01663011695906433
1 0.3814875730994152, 0.532483552631579, 0.013706140350877192, 0.010782163742690058
1 0.37454312865497075, 0.5354989035087719, 0.015625, 0.014802631578947368
1 0.3628472222222222, 0.5467379385964912, 0.013157894736842105, 0.015899122807017545
1 0.36211622807017546, 0.5500274122807017, 0.02055921052631579, 0.025219298245614034
1 0.40707236842105265, 0.532483552631579, 0.007949561403508772, 0.014671052631578948
1 0.7360197368421053, 0.5333059210526315, 0.020285087719298246, 0.011878654970760233
1 0.7402229532163743, 0.5533168859649122, 0.018297697368421052, 0.01644736842105263
1 0.732547514619883, 0.5664747807017544, 0.020833333333333332, 0.016264619883040937
1 0.7446089181286549, 0.5681195175438597, 0.023300438596491228, 0.01425438596491228
1 0.42827119883040937, 0.5335800438596491, 0.02055921052631579, 0.010599415204678362
1 0.1367872807017544, 0.5341282894736842, 0.02412280701754386, 0.012426900584795321
1 0.11175073099415204, 0.5390625, 0.01836622807017544, 0.0268640350877193
1 0.265625, 0.5344024122807017, 0.011513157894736841, 0.016812865497076022
1 0.2754934210526316, 0.5346765350877193, 0.01644736842105263, 0.020285087719298246
1 0.25922880116959063, 0.5461896929824561, 0.02549342105263158, 0.011695906432748537
1 0.2971747076023392, 0.5492735745614035, 0.02953673245614035, 0.018523391812865497
1 0.6998355263157895, 0.5341282894736842, 0.015076754385964912, 0.012975146198830409
1 0.47560307017543857, 0.5349506578947368, 0.012609649122807017, 0.012975146198830409
1 0.48620248538011696, 0.5371436403508771, 0.019736842105263157, 0.008954678362573099
1 0.47304459064327486, 0.5439967105263158, 0.012609649122807017, 0.0133406432748538
1 0.3639437134502924, 0.5357730263157895, 0.01206140350877193, 0.011878654970760233
1 0.563139619883041, 0.536047149122807, 0.01069078947368421, 0.018092105263157895
1 0.6832054093567251, 0.536047149122807, 0.012609649122807017, 0.008406432748538011
1 0.5167214912280702, 0.5469078947368421, 0.014358552631578947, 0.008223684210526315
1 0.6888706140350878, 0.5365953947368421, 0.02275219298245614, 0.012975146198830409
1 0.6740679824561403, 0.5453673245614035, 0.019462719298245616, 0.024671052631578948
1 0.6985562865497076, 0.5557839912280702, 0.018914473684210526, 0.014985380116959063
1 0.6839364035087719, 0.5574287280701754, 0.01425438596491228, 0.014985380116959063
1 0.720264985380117, 0.5359950657894736, 0.01739035087719298, 0.015718201754385965
1 0.3975694444444444, 0.5371436403508771, 0.015625, 0.01023391812865497
1 0.39592470760233917, 0.5489309210526315, 0.015076754385964912, 0.007675438596491228
1 0.3319627192982456, 0.5398519736842106, 0.02442982456140351, 0.0136421783625731
1 0.3146016081871345, 0.5450932017543859, 0.02631578947368421, 0.013523391812865496
1 0.6208881578947368, 0.5376918859649122, 0.011239035087719298, 0.02448830409356725
1 0.6687682748538012, 0.5374177631578947, 0.01343201754385965, 0.013706140350877192
1 0.20440423976608188, 0.5434484649122807, 0.014528508771929825, 0.023574561403508772
1 0.23766447368421054, 0.5437225877192983, 0.023574561403508772, 0.01644736842105263
1 0.22736659356725147, 0.5431743421052632, 0.020833333333333332, 0.02268823099415205
1 0.23199926900584794, 0.5571546052631579, 0.03481359649122807, 0.01663011695906433
1 0.575749269005848, 0.5396107456140351, 0.01918859649122807, 0.012792397660818713
1 0.6073647660818714, 0.5385142543859649, 0.019736842105263157, 0.012244152046783625
1 0.6417214912280702, 0.5390625, 0.017543859649122806, 0.012244152046783625
1 0.6408077485380117, 0.5549616228070176, 0.01699561403508772, 0.01425438596491228
1 0.3414656432748538, 0.5419407894736842, 0.023163377192982455, 0.009502923976608187
1 0.35791301169590645, 0.5393366228070176, 0.012335526315789474, 0.01206140350877193
1 0.35078581871345027, 0.5398848684210527, 0.02412280701754386, 0.012609649122807017
1 0.5253106725146199, 0.5410855263157895, 0.020729166666666667, 0.017361111111111112
1 0.46103618421052633, 0.5484868421052632, 0.02374451754385965, 0.009998172514619883
1 0.27713815789473684, 0.5418037280701754, 0.023848684210526317, 0.017178362573099414
1 0.7692799707602339, 0.5434484649122807, 0.01468201754385965, 0.025950292397660817
1 0.24881213450292397, 0.5442708333333334, 0.036458333333333336, 0.015533625730994151
1 0.1684027777777778, 0.5448190789473685, 0.014802631578947368, 0.03399122807017544
1 0.4037828947368421, 0.5453673245614035, 0.015076754385964912, 0.027595029239766082
1 0.6272843567251462, 0.5453673245614035, 0.018092105263157895, 0.01425438596491228
1 0.26434576023391815, 0.5461896929824561, 0.030153508771929825, 0.012792397660818713
1 0.30857090643274854, 0.5475603070175439, 0.022478070175438597, 0.010599415204678362
1 0.38204678362573097, 0.5486567982456141, 0.013020833333333334, 0.014205043859649123
1 0.3759173976608187, 0.5584210526315789, 0.022203947368421052, 0.01955592105263158
1 0.5289656432748538, 0.5486567982456141, 0.020833333333333332, 0.01864035087719298
1 0.4947916666666667, 0.5494791666666666, 0.015350877192982455, 0.019371345029239765
1 0.4704861111111111, 0.5541392543859649, 0.020285087719298246, 0.025950292397660817
1 0.28444809941520466, 0.5513980263157895, 0.018092105263157895, 0.01425438596491228
1 0.7142726608187134, 0.5519462719298246, 0.011513157894736841, 0.027580409356725143
1 0.42333698830409355, 0.5524945175438597, 0.024671052631578948, 0.012244152046783625
1 0.5373720760233918, 0.5524945175438597, 0.026589912280701754, 0.013706140350877192
1 0.4973501461988304, 0.5533168859649122, 0.019462719298245616, 0.022112573099415205
1 0.5490679824561403, 0.5541392543859649, 0.022478070175438597, 0.0133406432748538
1 0.43375365497076024, 0.5544133771929824, 0.014802631578947368, 0.012426900584795321
1 0.40981359649122806, 0.5560581140350878, 0.0268640350877193, 0.013523391812865496
1 0.4523940058479532, 0.5563322368421053, 0.02055921052631579, 0.009868421052631578
1 0.6303910818713451, 0.5563322368421053, 0.01449561403508772, 0.014071637426900584
1 0.7574013157894737, 0.557702850877193, 0.020833333333333332, 0.01206140350877193
1 0.7676352339181286, 0.5579769736842105, 0.021107456140350877, 0.01114766081871345
1 0.5699470029239766, 0.5586622807017544, 0.021518640350877194, 0.02828033625730994
1 0.3940972222222222, 0.5609923245614035, 0.028782894736842105, 0.014437134502923976
1 0.8111293859649122, 0.5609923245614035, 0.017543859649122806, 0.01864035087719298
1 0.8290387426900585, 0.5667489035087719, 0.020833333333333332, 0.011695906432748537
1 0.05710891812865497, 0.5615405701754386, 0.03673245614035088, 0.024305555555555556
1 0.5108735380116959, 0.5623629385964912, 0.020285087719298246, 0.025584795321637425
1 0.6203399122807017, 0.5626370614035088, 0.021929824561403508, 0.013523391812865496
1 0.7098866959064327, 0.5619517543859649, 0.009731359649122808, 0.017666301169590642
1 0.7990679824561403, 0.5659265350877193, 0.024945175438596492, 0.02266081871345029
1 0.8058771929824562, 0.56375, 0.0265734649122807, 0.023892543859649125
1 0.5722770467836257, 0.563733552631579, 0.021107456140350877, 0.02266081871345029
1 0.5973135964912281, 0.563733552631579, 0.02549342105263158, 0.015899122807017545
1 0.7787006578947369, 0.563733552631579, 0.017749451754385966, 0.01762609649122807
1 0.7942909356725145, 0.5718585526315789, 0.02645285087719298, 0.025767543859649123
1 0.7765899122807017, 0.5774396929824561, 0.019736842105263157, 0.03070175438596491
1 0.3328764619883041, 0.5645559210526315, 0.01617324561403509, 0.031615497076023395
1 0.18009868421052633, 0.5653782894736842, 0.028782894736842105, 0.01882309941520468
1 0.27183845029239767, 0.5664747807017544, 0.026589912280701754, 0.017361111111111112
1 0.3765533625730994, 0.567297149122807, 0.02850877192982456, 0.018092105263157895
1 0.42315423976608185, 0.5675712719298246, 0.03070175438596491, 0.02320906432748538
1 0.2076937134502924, 0.5675712719298246, 0.018092105263157895, 0.027595029239766082
1 0.6457419590643275, 0.5689418859649122, 0.026589912280701754, 0.019736842105263157
1 0.28536184210526316, 0.5692160087719298, 0.01836622807017544, 0.023940058479532164
1 0.6325840643274854, 0.5703125, 0.020285087719298246, 0.02046783625730994
1 0.7033077485380117, 0.5708607456140351, 0.01206140350877193, 0.015716374269005847
1 0.3111293859649123, 0.5719572368421053, 0.01699561403508772, 0.0133406432748538
1 0.4922331871345029, 0.5736019736842105, 0.014528508771929825, 0.027777777777777776
1 0.75484283625731, 0.5757949561403509, 0.023574561403508772, 0.011513157894736841
1 0.7219480994152047, 0.5771655701754386, 0.020285087719298246, 0.01918859649122807
1 0.765625, 0.576891447368421, 0.024396929824561403, 0.01206140350877193
1 0.25027412280701755, 0.5788103070175439, 0.01425438596491228, 0.02138157894736842
1 0.3374451754385965, 0.5788103070175439, 0.015350877192982455, 0.03289473684210526
1 0.45148026315789475, 0.5785361842105263, 0.025219298245614034, 0.011513157894736841
1 0.6921600877192983, 0.5785361842105263, 0.01781798245614035, 0.02412280701754386
1 0.8359831871345029, 0.5796326754385965, 0.02138157894736842, 0.015899122807017545
1 0.6197916666666666, 0.582922149122807, 0.03755482456140351, 0.01608187134502924
1 0.32227704678362573, 0.5834703947368421, 0.022478070175438597, 0.010782163742690058
1 0.6349597953216374, 0.5842927631578947, 0.028782894736842105, 0.012792397660818713
1 0.7773209064327485, 0.5840186403508771, 0.023574561403508772, 0.028143274853801168
1 0.3824013157894737, 0.5848410087719298, 0.01644736842105263, 0.023574561403508772
1 0.44142909356725146, 0.5848410087719298, 0.022203947368421052, 0.014985380116959063
1 0.40615862573099415, 0.5862116228070176, 0.030975877192982455, 0.017909356725146198
1 0.296875, 0.5867598684210527, 0.027412280701754384, 0.016264619883040937
1 0.30930190058479534, 0.5884046052631579, 0.033168859649122806, 0.01699561403508772
1 0.5921966374269005, 0.5870339912280702, 0.02549342105263158, 0.011330409356725146
1 0.19362207602339182, 0.5878563596491229, 0.026041666666666668, 0.01699561403508772
1 0.05107821637426901, 0.5892269736842105, 0.031524122807017545, 0.024853801169590642
1 0.5088633040935673, 0.5892269736842105, 0.014802631578947368, 0.02677266081871345
1 0.03134137426900585, 0.5897752192982456, 0.025767543859649123, 0.02503654970760234
1 0.2117141812865497, 0.5897752192982456, 0.03508771929824561, 0.012975146198830409
1 0.2563048245614035, 0.5897752192982456, 0.034265350877192985, 0.015533625730994151
1 0.17863669590643275, 0.5911458333333334, 0.03042763157894737, 0.015350877192982455
1 0.34749634502923976, 0.5914199561403509, 0.025767543859649123, 0.017361111111111112
1 0.14884868421052633, 0.5922423245614035, 0.024671052631578948, 0.02631578947368421
1 0.13313230994152048, 0.5990953947368421, 0.023574561403508772, 0.025767543859649123
1 0.22304459064327486, 0.5927905701754386, 0.032072368421052634, 0.014437134502923976
1 0.26726973684210525, 0.5930646929824561, 0.02055921052631579, 0.021929824561403508
1 0.548702485380117, 0.5938870614035088, 0.025219298245614034, 0.014985380116959063
1 0.28828581871345027, 0.5938870614035088, 0.027138157894736843, 0.018092105263157895
1 0.3283077485380117, 0.5944353070175439, 0.02987938596491228, 0.024853801169590642
1 0.6378837719298246, 0.5952576754385965, 0.031524122807017545, 0.016264619883040937
1 0.6057200292397661, 0.5960800438596491, 0.01918859649122807, 0.014985380116959063
1 0.5980445906432749, 0.5971765350877193, 0.021655701754385966, 0.011695906432748537
1 0.6702302631578947, 0.5969024122807017, 0.029331140350877194, 0.023300438596491228
1 0.47816154970760233, 0.5977247807017544, 0.020833333333333332, 0.025767543859649123
1 0.27786915204678364, 0.6004660087719298, 0.022203947368421052, 0.013706140350877192
1 0.6866776315789473, 0.6004660087719298, 0.02275219298245614, 0.015716374269005847
1 0.6561586257309941, 0.6018366228070176, 0.03673245614035088, 0.017361111111111112
1 0.518000730994152, 0.6034813596491229, 0.015350877192982455, 0.023391812865497075
1 0.46189692982456143, 0.6040296052631579, 0.0381030701754386, 0.017543859649122806
1 0.5783077485380117, 0.6054002192982456, 0.024671052631578948, 0.012609649122807017
1 0.1994700292397661, 0.6075932017543859, 0.03700657894736842, 0.017726608187134504
1 0.5322551169590644, 0.6073190789473685, 0.023574561403508772, 0.023757309941520467
1 0.6455592105263158, 0.610608552631579, 0.030153508771929825, 0.015350877192982455
1 0.7627010233918129, 0.6103344298245614, 0.033717105263157895, 0.021198830409356724
1 0.7064144736842105, 0.6117050438596491, 0.02549342105263158, 0.013888888888888888
1 0.8330592105263158, 0.6160910087719298, 0.029331140350877194, 0.014985380116959063
1 0.7148209064327485, 0.6169133771929824, 0.023848684210526317, 0.015716374269005847
1 0.7219480994152047, 0.6180098684210527, 0.024396929824561403, 0.022478070175438597
1 0.670047514619883, 0.6199287280701754, 0.01699561403508772, 0.02320906432748538
1 0.5867141812865497, 0.6328125, 0.024945175438596492, 0.020285087719298246
1 0.4500182748538012, 0.6522752192982456, 0.025767543859649123, 0.013157894736842105
1 0.4125548245614035, 0.6783168859649122, 0.01343201754385965, 0.01663011695906433
1 0.3866045321637427, 0.6816063596491229, 0.013706140350877192, 0.010964912280701754
1 0.6234466374269005, 0.6854440789473685, 0.02138157894736842, 0.02320906432748538
1 0.3902595029239766, 0.686266447368421, 0.021107456140350877, 0.014985380116959063
1 0.829952485380117, 0.6939418859649122, 0.022203947368421052, 0.014619883040935672
1 0.1320358187134503, 0.6942160087719298, 0.012609649122807017, 0.02266081871345029
1 0.6950840643274854, 0.7081962719298246, 0.023574561403508772, 0.01699561403508772
1 0.3572021198830409, 0.7080592105263158, 0.021107456140350877, 0.016997441520467838
1 0.35445540935672515, 0.7819353070175439, 0.021518640350877194, 0.03838267543859649
1 0.8281304824561403, 0.7834429824561403, 0.022341008771929825, 0.027690058479532164
1 0.9821271929824561, 0.7576754385964912, 0.02261513157894737, 0.017755847953216372
1 0.9006834795321638, 0.7556880482456141, 0.02227247807017544, 0.038059210526315786
1 0.7544371345029239, 0.7295093201754386, 0.027960526315789474, 0.021979166666666664
1 0.7866940789473684, 0.49725877192982454, 0.012815241228070175, 0.030615862573099416
1 0.7895467836257309, 0.48848684210526316, 0.009353070175438596, 0.02069809941520468
1 0.7673866959064328, 0.45295504385964913, 0.018604714912280704, 0.01336440058479532
1 0.7369809941520469, 0.4329084429824561, 0.007711074561403509, 0.023919956140350876
1 0.7587518274853802, 0.44171600877192985, 0.015367324561403509, 0.019016812865497078
1 0.5127558479532164, 0.6103344298245614, 0.02035361842105263, 0.021385233918128653
1 0.495296052631579, 0.6040296052631579, 0.031524122807017545, 0.02465095029239766
1 0.5707510964912281, 0.5836677631578947, 0.027593201754385965, 0.016593567251461987
1 0.44001644736842105, 0.5410498903508771, 0.01486842105263158, 0.024265350877192983
1 0.43498903508771936, 0.548390899122807, 0.017809758771929824, 0.021041666666666667
1 0.45171966374269007, 0.5401260964912281, 0.01844298245614035, 0.023777412280701758
1 0.1602266081871345, 0.5167900219298246, 0.029673793859649123, 0.01670138888888889
1 0.15716557017543858, 0.5214501096491229, 0.010416666666666666, 0.01347953216374269
1 0.18948830409356726, 0.519155701754386, 0.011134868421052631, 0.020550073099415204
1 0.2152558479532164, 0.5038541666666666, 0.008514254385964912, 0.0165625
1 0.2208095760233918, 0.4928728070175439, 0.019377741228070174, 0.01624269005847953
1 0.21105445906432752, 0.5175109649122808, 0.011683114035087719, 0.026089181286549707
1 0.2185014619883041, 0.5253728070175439, 0.018623903508771928, 0.019009502923976608
1 0.20395102339181287, 0.5293311403508771, 0.020115131578947367, 0.015191885964912279
1 0.20836074561403511, 0.5235416666666667, 0.008530701754385965, 0.019144736842105263
1 0.3176187865497076, 0.5421463815789473, 0.020148026315789474, 0.015307017543859651
1 0.32235562865497075, 0.5395257675438596, 0.009533991228070176, 0.016131213450292396
1 0.4271089181286549, 0.38843201754385964, 0.012439692982456141, 0.01766812865497076
1 0.43990131578947367, 0.3907785087719298, 0.009819078947368422, 0.020014619883040936
1 0.40810307017543856, 0.39939692982456143, 0.013020833333333334, 0.012222222222222221
1 0.4002010233918129, 0.4094956140350877, 0.009698464912280703, 0.02485745614035088
1 0.40083516081871345, 0.4161705043859649, 0.007212171052631579, 0.024777046783625734
1 0.4185416666666667, 0.4030811403508772, 0.011186951754385966, 0.01647478070175439
1 0.44139802631578945, 0.396063596491228, 0.008319627192982456, 0.01642543859649123
1 0.448812134502924, 0.4213267543859649, 0.019668311403508772, 0.013388157894736843
1 0.210765716374269, 0.5098245614035087, 0.012628837719298246, 0.035124269005847954
1 0.293952850877193, 0.5372807017543859, 0.015592105263157895, 0.020195540935672517
1 0.2998793859649123, 0.5457949561403509, 0.008429276315789474, 0.011240862573099414
1 0.40808114035087717, 0.5355509868421052, 0.012798793859649122, 0.020683479532163745
1 0.44629568713450296, 0.5258004385964912, 0.011173245614035087, 0.02154422514619883
1 0.46192068713450296, 0.5254413377192982, 0.009629934210526317, 0.017132675438596492
1 0.49266995614035086, 0.5415981359649122, 0.013193530701754387, 0.02446454678362573
1 0.721970029239766, 0.41169956140350883, 0.015101425438596492, 0.021111111111111112
1 0.7237408625730994, 0.41080592105263153, 0.011173245614035087, 0.019649122807017545
1 0.7766611842105263, 0.5561622807017544, 0.01606907894736842, 0.023234649122807018
1 0.7768530701754385, 0.5518941885964912, 0.010674342105263157, 0.020972222222222222
1 0.686906067251462, 0.5161732456140351, 0.02141447368421053, 0.013411915204678363
1 0.6780427631578947, 0.5177850877192983, 0.02134594298245614, 0.012918494152046784
1 0.6420668859649122, 0.4053947368421053, 0.010449561403508771, 0.01624451754385965
1 0.6426388888888889, 0.4108415570175439, 0.012609649122807017, 0.016997441520467838
1 0.3255171783625731, 0.5375849780701754, 0.005035635964912281, 0.02593201754385965
1 0.36417214912280704, 0.49629934210526316, 0.028952850877192984, 0.013801169590643274
1 0.3660014619883041, 0.5015076754385965, 0.029673793859649123, 0.019281798245614035
1 0.38199195906432754, 0.42410087719298245, 0.011239035087719298, 0.023258406432748537
1 0.39181652046783627, 0.4191008771929825, 0.011030701754385966, 0.024692982456140353
1 0.46162828947368423, 0.4361293859649123, 0.011820175438596491, 0.01882675438596491
1 0.4737573099415205, 0.39696271929824556, 0.006513157894736842, 0.009502923976608187
1 0.4279769736842105, 0.4193037280701754, 0.014136513157894737, 0.020586622807017545
1 0.4233607456140351, 0.3991557017543859, 0.006186951754385965, 0.019499269005847954
1 0.4334850146198831, 0.4166063596491228, 0.014794407894736843, 0.02053362573099415
1 0.4984612573099415, 0.42283442982456143, 0.01596765350877193, 0.02796418128654971
1 0.4957748538011696, 0.4152713815789474, 0.009824561403508772, 0.02132309941520468
1 0.5487317251461988, 0.5491008771929824, 0.018711622807017544, 0.014943347953216373
1 0.4329312865497076, 0.3966392543859649, 0.0068366228070175445, 0.015809576023391815
1 0.42582967836257307, 0.4057702850877193, 0.015041118421052631, 0.02231907894736842
1 0.4354239766081871, 0.4107730263157895, 0.009046052631578948, 0.019077119883040936
1 0.44710526315789473, 0.4074314692982456, 0.007913925438596491, 0.017934941520467835
1 0.445484283625731, 0.41322368421052635, 0.01077576754385965, 0.021191520467836258
1 0.48858552631578944, 0.4022752192982456, 0.015762061403508772, 0.00831688596491228
1 0.4800365497076024, 0.41488486842105265, 0.008977521929824562, 0.015467836257309941
1 0.4814546783625731, 0.5523903508771929, 0.0162609649122807, 0.016494883040935673
1 0.5668073830409357, 0.4181058114035088, 0.014802631578947368, 0.009641812865497076
1 0.5716447368421053, 0.4213952850877193, 0.017201206140350877, 0.008817616959064328
1 0.7123227339181286, 0.5746984649122807, 0.017749451754385966, 0.012154605263157895
1 0.7189181286549707, 0.5678453947368421, 0.01322642543859649, 0.01565606725146199
1 0.7273008040935672, 0.5586951754385965, 0.014290021929824563, 0.019442616959064327
1 0.717609649122807, 0.41563870614035087, 0.019564144736842107, 0.012817982456140352
1 0.7104130116959064, 0.41091008771929827, 0.009868421052631578, 0.012245979532163744
1 0.4351425438596491, 0.49294133771929827, 0.018127741228070173, 0.014557748538011695
1 0.4467982456140351, 0.5007894736842106, 0.010808662280701754, 0.0161531432748538
1 0.43230811403508773, 0.4013788377192983, 0.006241776315789474, 0.024850146198830407
1 0.5780336257309941, 0.42502741228070173, 0.01644736842105263, 0.01334247076023392
1 0.5803965643274853, 0.417609649122807, 0.010929276315789473, 0.018448464912280704
1 0.5976809210526316, 0.40789473684210525, 0.015657894736842103, 0.010076754385964913
1 0.5959667397660819, 0.40529057017543857, 0.012850877192982457, 0.01350328947368421
1 0.6051535087719299, 0.40652412280701755, 0.0278234649122807, 0.011268274853801169
1 0.493031798245614, 0.5360800438596491, 0.016140350877192983, 0.03365497076023392
1 0.5864016812865497, 0.5411869517543859, 0.023711622807017545, 0.012702850877192983
