1 0.480375, 0.49083333333333334, 0.012, 0.0115
1 0.454375, 0.49316666666666664, 0.012666666666666666, 0.01
1 0.447625, 0.5025, 0.014666666666666666, 0.01
1 0.383875, 0.5038333333333334, 0.010333333333333333, 0.012
1 0.426875, 0.5045, 0.009, 0.01725
1 0.393625, 0.5048333333333334, 0.011666666666666667, 0.0215
1 0.464375, 0.5055, 0.011, 0.01025
1 0.414875, 0.5055, 0.013333333333333334, 0.01275
1 0.403375, 0.5145, 0.01, 0.02275
1 0.494625, 0.5061666666666667, 0.011666666666666667, 0.0085
1 0.501375, 0.5078333333333334, 0.015, 0.01175
1 0.477625, 0.5085, 0.012, 0.0095
1 0.487875, 0.5085, 0.014333333333333333, 0.011
1 0.517375, 0.5081666666666667, 0.013666666666666667, 0.0095
1 0.373125, 0.5091666666666667, 0.01633333333333333, 0.0095
1 0.454125, 0.5098333333333334, 0.012, 0.00925
1 0.427375, 0.5115, 0.012333333333333333, 0.02
1 0.528375, 0.5128333333333334, 0.011, 0.0085
1 0.383375, 0.5138333333333334, 0.014333333333333333, 0.01375
1 0.538375, 0.5135, 0.006333333333333333, 0.02025
1 0.537625, 0.5185, 0.016666666666666666, 0.015
1 0.548125, 0.5191666666666667, 0.011333333333333334, 0.01625
1 0.536625, 0.5261666666666667, 0.010333333333333333, 0.011
1 0.507875, 0.5141666666666667, 0.019, 0.01025
1 0.354625, 0.5155, 0.020666666666666667, 0.0145
1 0.461375, 0.5155, 0.009666666666666667, 0.0145
1 0.438125, 0.5185, 0.009666666666666667, 0.0195
1 0.429375, 0.5205, 0.013, 0.0105
1 0.602375, 0.5188333333333334, 0.015, 0.01125
1 0.366625, 0.5188333333333334, 0.013666666666666667, 0.01225
1 0.583875, 0.5191666666666667, 0.016666666666666666, 0.01
1 0.472875, 0.5198333333333334, 0.012333333333333333, 0.0155
1 0.396625, 0.5205, 0.012666666666666666, 0.01025
1 0.527125, 0.5215, 0.016, 0.01025
1 0.562625, 0.5215, 0.020666666666666667, 0.01075
1 0.462125, 0.5225, 0.008, 0.013
1 0.518625, 0.5225, 0.018666666666666668, 0.01175
1 0.573625, 0.5221666666666667, 0.019666666666666666, 0.00925
1 0.476375, 0.5235, 0.012333333333333333, 0.01725
1 0.488125, 0.5235, 0.012, 0.0135
1 0.501875, 0.5238333333333334, 0.008333333333333333, 0.00525
1 0.588625, 0.5245, 0.018, 0.01275
1 0.421625, 0.5251666666666667, 0.017, 0.01025
1 0.446375, 0.5255, 0.006666666666666667, 0.01475
1 0.511875, 0.5275, 0.01633333333333333, 0.01075
1 0.373625, 0.5281666666666667, 0.013666666666666667, 0.0155
1 0.438625, 0.5291666666666667, 0.008666666666666666, 0.01425
1 0.449875, 0.5315, 0.012333333333333333, 0.0185
1 0.462625, 0.5325, 0.011666666666666667, 0.0115
1 0.490875, 0.5331666666666667, 0.007333333333333333, 0.01925
1 0.497125, 0.5401666666666667, 0.013333333333333334, 0.00975
1 0.597875, 0.5328333333333334, 0.011666666666666667, 0.023
1 0.355375, 0.5345, 0.02033333333333333, 0.01775
1 0.472375, 0.5345, 0.021333333333333333, 0.014
1 0.433125, 0.5348333333333334, 0.012333333333333333, 0.01875
1 0.390875, 0.5361666666666667, 0.014333333333333333, 0.01975
1 0.404875, 0.5368333333333334, 0.013666666666666667, 0.0165
1 0.545875, 0.5371666666666667, 0.009333333333333334, 0.01825
1 0.465125, 0.5378333333333334, 0.021333333333333333, 0.01175
1 0.476875, 0.5378333333333334, 0.018333333333333333, 0.014
1 0.528625, 0.5381666666666667, 0.016, 0.0115
1 0.521375, 0.5391666666666667, 0.01, 0.01175
1 0.515625, 0.5448333333333333, 0.010666666666666666, 0.01125
1 0.532625, 0.5385, 0.021, 0.014
1 0.408875, 0.5395, 0.015333333333333332, 0.01825
1 0.418875, 0.5451666666666667, 0.015666666666666666, 0.00925
1 0.403625, 0.5535, 0.012333333333333333, 0.0215
1 0.432685, 0.54058, 0.019, 0.01025
1 0.4275525, 0.54552, 0.016666666666666666, 0.008
1 0.455625, 0.5405, 0.025333333333333333, 0.00825
1 0.448625, 0.5468333333333333, 0.016666666666666666, 0.0085
1 0.506125, 0.5401666666666667, 0.017, 0.009
1 0.490375, 0.5418333333333333, 0.019, 0.01275
1 0.478125, 0.5601666666666667, 0.010666666666666666, 0.023
1 0.545625, 0.5451666666666667, 0.012333333333333333, 0.02075
1 0.440875, 0.5478333333333333, 0.019, 0.0085
1 0.386125, 0.5513333333333333, 0.019833333333333335, 0.0140075
1 0.376875, 0.5515, 0.021, 0.01125
1 0.479125, 0.5535, 0.007, 0.015
1 0.501875, 0.5551666666666667, 0.015666666666666666, 0.023
1 0.568375, 0.5551666666666667, 0.012666666666666666, 0.02625
1 0.457625, 0.5585, 0.018, 0.02025
1 0.418625, 0.5611666666666667, 0.015666666666666666, 0.02275
1 0.398875, 0.5615, 0.012, 0.02125
1 0.403125, 0.5658333333333333, 0.025666666666666667, 0.012
1 0.509625, 0.5615, 0.016666666666666666, 0.0175
1 0.370125, 0.5631666666666667, 0.016, 0.01275
1 0.434375, 0.5631666666666667, 0.019333333333333334, 0.01975
1 0.433875, 0.5825, 0.029666666666666668, 0.01225
1 0.325375, 0.5661666666666667, 0.022333333333333334, 0.011
1 0.385125, 0.5668333333333333, 0.022333333333333334, 0.01475
1 0.347875, 0.5681666666666667, 0.018333333333333333, 0.01575
1 0.462875, 0.5681666666666667, 0.016666666666666666, 0.02225
1 0.390375, 0.5718333333333333, 0.023666666666666666, 0.01175
1 0.414875, 0.5721666666666667, 0.020666666666666667, 0.02225
1 0.399125, 0.5761666666666667, 0.021333333333333333, 0.01025
1 0.442125, 0.5765, 0.027666666666666666, 0.01475
1 0.375125, 0.5801666666666667, 0.018, 0.016
1 0.423875, 0.5831666666666667, 0.025333333333333333, 0.0115
1 0.321125, 0.5881666666666666, 0.026, 0.01925
1 0.448875, 0.5888333333333333, 0.024666666666666667, 0.019
1 0.626625, 0.5885, 0.025, 0.01375
1 0.371375, 0.5888333333333333, 0.019, 0.02325
1 0.462625, 0.5888333333333333, 0.023, 0.01225
1 0.471125, 0.5925, 0.023333333333333334, 0.00825
1 0.664375, 0.5955, 0.021, 0.015
1 0.616375, 0.5975, 0.018666666666666668, 0.0105
1 0.678125, 0.5978333333333333, 0.024333333333333332, 0.0175
1 0.649125, 0.5981666666666666, 0.024666666666666667, 0.01175
1 0.641625, 0.6115, 0.027333333333333334, 0.0115
1 0.534625, 0.6001666666666666, 0.021, 0.01375
1 0.362875, 0.6015, 0.017666666666666667, 0.0165
1 0.549375, 0.6021666666666666, 0.023666666666666666, 0.017
1 0.566375, 0.6025, 0.014666666666666666, 0.0095
1 0.585625, 0.6025, 0.023666666666666666, 0.0145
1 0.604875, 0.6031666666666666, 0.023333333333333334, 0.011
1 0.612625, 0.6128333333333333, 0.015333333333333332, 0.01325
1 0.609125, 0.6205, 0.017666666666666667, 0.0075
1 0.410625, 0.6055, 0.026333333333333334, 0.01225
1 0.475375, 0.6058333333333333, 0.022, 0.0125
1 0.518125, 0.6065, 0.018, 0.01725
1 0.661625, 0.6068333333333333, 0.025666666666666667, 0.00975
1 0.576625, 0.6075, 0.017333333333333333, 0.00825
1 0.580625, 0.6245, 0.029333333333333333, 0.0125
1 0.634875, 0.6078333333333333, 0.027666666666666666, 0.01025
1 0.625375, 0.6118333333333333, 0.026, 0.012
1 0.543875, 0.6088333333333333, 0.014333333333333333, 0.008
1 0.697625, 0.6088333333333333, 0.014333333333333333, 0.02825
1 0.496875, 0.6222066666666667, 0.032959999999999996, 0.01175
1 0.4599075, 0.6128333333333333, 0.008706666666666666, 0.0110025
1 0.670125, 0.6125, 0.02, 0.016
1 0.669625, 0.6201666666666666, 0.019666666666666666, 0.0205
1 0.395875, 0.6131666666666666, 0.025333333333333333, 0.015
1 0.451875, 0.6128333333333333, 0.022, 0.01225
1 0.311375, 0.6145, 0.017333333333333333, 0.0175
1 0.598875, 0.6135, 0.030666666666666665, 0.01075
1 0.590125, 0.6185, 0.018333333333333333, 0.011
1 0.43532499999999996, 0.6155, 0.034333333333333334, 0.01305
1 0.550875, 0.6158333333333333, 0.015333333333333332, 0.019
1 0.569625, 0.6185, 0.028666666666666667, 0.012
1 0.565875, 0.6245, 0.02666666666666667, 0.009
1 0.465375, 0.6161666666666666, 0.024333333333333332, 0.0095
1 0.484125, 0.6161666666666666, 0.020666666666666667, 0.01
1 0.695125, 0.6188333333333333, 0.023333333333333334, 0.011
1 0.705375, 0.6188333333333333, 0.019, 0.024
1 0.528625, 0.6208333333333333, 0.02266666666666667, 0.01725
1 0.384125, 0.6215, 0.025333333333333333, 0.01475
1 0.646375, 0.6218333333333333, 0.025333333333333333, 0.01625
1 0.420875, 0.6225, 0.024666666666666667, 0.01275
1 0.517625, 0.6235, 0.023666666666666666, 0.015
1 0.361875, 0.6235, 0.016666666666666666, 0.02475
1 0.403375, 0.6245, 0.02666666666666667, 0.012
1 0.508625, 0.6245, 0.027, 0.0105
1 0.682375, 0.6241666666666666, 0.024666666666666667, 0.01325
1 0.338375, 0.6258333333333334, 0.026, 0.01625
1 0.448875, 0.6255, 0.027333333333333334, 0.00975
1 0.471625, 0.6258333333333334, 0.022333333333333334, 0.0125
1 0.557125, 0.6261666666666666, 0.028333333333333332, 0.00975
1 0.538125, 0.6271666666666667, 0.025666666666666667, 0.01175
1 0.610125, 0.6278333333333334, 0.028666666666666667, 0.01525
1 0.592625, 0.6298333333333334, 0.035, 0.0105
1 0.458625, 0.6301666666666667, 0.029, 0.011
1 0.350125, 0.6318333333333334, 0.024333333333333332, 0.014
1 0.484125, 0.6325, 0.024666666666666667, 0.0135
1 0.548375, 0.6321666666666667, 0.03133333333333333, 0.0115
1 0.412125, 0.6345, 0.03166666666666667, 0.01
1 0.626125, 0.6351666666666667, 0.01633333333333333, 0.01575
1 0.471375, 0.6365, 0.02033333333333333, 0.0195
1 0.319375, 0.6371666666666667, 0.029666666666666668, 0.0185
1 0.394375, 0.6398333333333334, 0.024666666666666667, 0.01525
1 0.307375, 0.6401666666666667, 0.026333333333333334, 0.014
1 0.510875, 0.6458333333333334, 0.015, 0.0275
1 0.364625, 0.6471666666666667, 0.028, 0.01075
1 0.342875, 0.6475, 0.02, 0.02025
1 0.491875, 0.6478333333333334, 0.03133333333333333, 0.0135
1 0.374625, 0.6488333333333334, 0.026333333333333334, 0.01875
1 0.385875, 0.6511666666666667, 0.021333333333333333, 0.02325
1 0.529625, 0.6675, 0.016, 0.027
1 0.568125, 0.6741666666666667, 0.030333333333333334, 0.01225
1 0.520125, 0.6775, 0.022, 0.00875
1 0.551375, 0.6781666666666667, 0.025, 0.018
1 0.536875, 0.6798333333333333, 0.034333333333333334, 0.01375
1 0.510875, 0.6815, 0.028666666666666667, 0.01275
1 0.484375, 0.6861666666666667, 0.018, 0.028
1 0.363625, 0.6898333333333333, 0.033, 0.01575
1 0.415875, 0.6901666666666667, 0.017666666666666667, 0.02275
1 0.529375, 0.6908333333333333, 0.033, 0.0135
1 0.461125, 0.6915, 0.03266666666666666, 0.01125
1 0.398625, 0.6931666666666667, 0.029333333333333333, 0.01325
1 0.575625, 0.6938333333333333, 0.025666666666666667, 0.0215
1 0.373625, 0.6941666666666667, 0.03233333333333333, 0.0155
1 0.433875, 0.6968333333333333, 0.035, 0.0155
1 0.452375, 0.6971666666666667, 0.03333333333333333, 0.01075
1 0.649125, 0.6968333333333333, 0.023, 0.02475
1 0.549125, 0.6981666666666667, 0.03766666666666667, 0.01225
1 0.383125, 0.6998333333333333, 0.036333333333333336, 0.0165
1 0.278625, 0.7001666666666667, 0.03833333333333333, 0.015
1 0.302875, 0.7001666666666667, 0.027666666666666666, 0.01675
1 0.522875, 0.7005, 0.027333333333333334, 0.0105
1 0.485625, 0.7011666666666667, 0.011666666666666667, 0.02675
1 0.333375, 0.7025, 0.03, 0.02025
1 0.559625, 0.7021666666666667, 0.029333333333333333, 0.02075
1 0.351625, 0.7028333333333333, 0.026333333333333334, 0.01525
1 0.444125, 0.7051666666666667, 0.03, 0.013
1 0.603875, 0.7051666666666667, 0.03233333333333333, 0.02225
1 0.414125, 0.7058333333333333, 0.017333333333333333, 0.02225
1 0.483875, 0.7098333333333333, 0.014, 0.0295
1 0.555125, 0.7611666666666667, 0.024, 0.01325
1 0.323375, 0.7661666666666667, 0.027333333333333334, 0.018
1 0.405375, 0.7718333333333334, 0.017333333333333333, 0.0085
1 0.427875, 0.7758333333333334, 0.021333333333333333, 0.015
1 0.487875, 0.7848333333333334, 0.02033333333333333, 0.02325
1 0.304625, 0.8515, 0.017, 0.01075
1 0.4937375, 0.6100833333333333, 0.021583333333333333, 0.0218625
1 0.39519, 0.52746, 0.0135, 0.02113
1 0.41013, 0.5223333333333333, 0.014126666666666668, 0.01122
1 0.5387325, 0.5065, 0.008626666666666666, 0.01822
