1 0.5631666666666667, 0.220625, 0.07466666666666667, 0.03025
1 0.5758333333333333, 0.24675, 0.048, 0.049375
1 0.5421666666666667, 0.249625, 0.04133333333333333, 0.04825
1 0.48983333333333334, 0.260625, 0.057, 0.0465
1 0.4638333333333333, 0.263125, 0.07066666666666667, 0.05875
1 0.43883333333333335, 0.285375, 0.029666666666666668, 0.057
1 0.46116666666666667, 0.288875, 0.05366666666666667, 0.0605
1 0.5561666666666667, 0.315375, 0.06233333333333333, 0.04625
1 0.4685, 0.327625, 0.06466666666666666, 0.044
1 0.6075, 0.244625, 0.03933333333333333, 0.0565
1 0.6421666666666667, 0.250625, 0.045, 0.061
1 0.36783333333333335, 0.282625, 0.04533333333333334, 0.0565
1 0.4021666666666667, 0.286125, 0.037, 0.068
1 0.31983333333333336, 0.311625, 0.08566666666666667, 0.0445
1 0.43383333333333335, 0.337625, 0.06366666666666666, 0.04225
1 0.3621666666666667, 0.361125, 0.06933333333333333, 0.05175
1 0.45716666666666667, 0.361875, 0.097, 0.03825
1 0.4015, 0.372375, 0.083, 0.0325
1 0.4015, 0.392125, 0.057666666666666665, 0.0585
1 0.43916666666666665, 0.400125, 0.076, 0.05975
1 0.5121666666666667, 0.402875, 0.07133333333333333, 0.04475
1 0.44316666666666665, 0.433375, 0.064, 0.0485
1 0.9485, 0.304625, 0.08, 0.03075
1 0.6325, 0.329625, 0.077, 0.033
1 0.5961666666666666, 0.333375, 0.04833333333333333, 0.04075
1 0.6305, 0.355125, 0.082, 0.03425
1 0.6575, 0.371125, 0.058, 0.03875
1 0.6615, 0.384875, 0.08066666666666666, 0.0565
1 0.6475, 0.42725, 0.07833333333333334, 0.029875
1 0.7125, 0.419875, 0.04666666666666667, 0.06325
1 0.5148333333333334, 0.423375, 0.086, 0.03975
1 0.6235, 0.431875, 0.04133333333333333, 0.0405
1 0.5541666666666667, 0.448625, 0.05566666666666667, 0.0485
1 0.5815, 0.455625, 0.05433333333333333, 0.05375
1 0.7661666666666667, 0.471125, 0.09633333333333334, 0.04875
1 0.3318333333333333, 0.472125, 0.075, 0.03575
1 0.5385, 0.473625, 0.06733333333333333, 0.0545
1 0.6195, 0.481875, 0.086, 0.04375
1 0.35083333333333333, 0.483375, 0.093, 0.05075
1 0.44916666666666666, 0.486625, 0.063, 0.04675
1 0.6065, 0.48675, 0.06133333333333333, 0.060875
1 0.7765, 0.497625, 0.06533333333333333, 0.0435
1 0.6535, 0.501625, 0.042666666666666665, 0.03675
1 0.5558333333333333, 0.511375, 0.07233333333333333, 0.0455
1 0.5088333333333334, 0.527875, 0.08133333333333333, 0.03175
1 0.3955, 0.530625, 0.06983333333333333, 0.03525
1 0.4628333333333333, 0.541875, 0.049, 0.042
1 0.7221666666666666, 0.549125, 0.08466666666666667, 0.03525
1 0.5901666666666666, 0.550375, 0.086, 0.02725
1 0.5048333333333334, 0.556875, 0.09733333333333333, 0.0265
1 0.4115, 0.561375, 0.09166666666666666, 0.035
1 0.37316666666666665, 0.561875, 0.08533333333333333, 0.03925
1 0.4815, 0.581625, 0.09366666666666666, 0.035
1 0.39016666666666666, 0.588875, 0.05533333333333333, 0.03725
1 0.2798333333333333, 0.593125, 0.09633333333333334, 0.04025
1 0.4365, 0.596625, 0.09633333333333334, 0.0395
1 0.30583333333333335, 0.608125, 0.07933333333333334, 0.04225
1 0.6205, 0.618625, 0.102, 0.033
1 0.37716666666666665, 0.624625, 0.07733333333333334, 0.03575
1 0.30316666666666664, 0.628875, 0.08933333333333333, 0.052
1 0.46216666666666667, 0.630375, 0.06066666666666667, 0.04925
1 0.9115, 0.634625, 0.056666666666666664, 0.06175
1 0.4538333333333333, 0.636375, 0.03966666666666667, 0.06975
1 0.5828333333333333, 0.636875, 0.048, 0.07125
1 0.3775, 0.642875, 0.06266666666666666, 0.04575
1 0.5228333333333334, 0.644375, 0.06466666666666666, 0.05175
1 0.7475, 0.658875, 0.09933333333333333, 0.04075
1 0.5475, 0.666875, 0.04133333333333333, 0.07675
1 0.6471666666666667, 0.673125, 0.052333333333333336, 0.06175
1 0.4741666666666667, 0.673625, 0.06933333333333333, 0.05625
1 0.8805, 0.676875, 0.08333333333333333, 0.057
1 0.6748333333333333, 0.677375, 0.041, 0.06175
1 0.7075, 0.680125, 0.04766666666666667, 0.06375
1 0.2925, 0.697125, 0.06266666666666666, 0.05225
1 0.5718333333333333, 0.708125, 0.04566666666666667, 0.04125
1 0.7491666666666666, 0.711875, 0.12183333333333334, 0.03175
1 0.3408333333333333, 0.714, 0.06716666666666667, 0.0355
1 0.6006666666666667, 0.723375, 0.06983333333333333, 0.026125
1 0.9585, 0.371875, 0.08266666666666667, 0.03225
1 0.2915, 0.381375, 0.08433333333333333, 0.03775
1 0.5018333333333334, 0.382125, 0.08033333333333334, 0.0345
1 0.9191666666666667, 0.398375, 0.050333333333333334, 0.05325
1 0.8291666666666667, 0.409625, 0.06566666666666666, 0.03325
1 0.17416666666666666, 0.419125, 0.07033333333333333, 0.0645
1 0.3551666666666667, 0.430375, 0.08633333333333333, 0.055
1 0.9905, 0.437625, 0.04466666666666667, 0.0595
1 0.9608333333333333, 0.461625, 0.04791666666666667, 0.051
1 0.7828333333333334, 0.441875, 0.04833333333333333, 0.031
1 0.8365, 0.446125, 0.09366666666666666, 0.03175
1 0.8295, 0.470125, 0.08133333333333333, 0.0285
1 0.4241666666666667, 0.447625, 0.064, 0.04625
1 0.5031666666666667, 0.459375, 0.051333333333333335, 0.0735
1 1.0571666666666666, 0.476875, 0.04, 0.0595
1 1.0705, 0.513875, 0.06933333333333333, 0.0485
1 0.9591666666666666, 0.609125, 0.07533333333333334, 0.0585
1 0.9945, 0.663375, 0.076, 0.04775
1 0.4195, 0.667125, 0.044, 0.05225
1 0.6678333333333333, 0.732125, 0.06166666666666667, 0.0175
1 0.7863333333333333, 0.734375, 0.06016666666666667, 0.01525
1 0.22966666666666666, 0.728375, 0.04716666666666667, 0.021
1 0.37827, 0.3456875, 0.08914666666666667, 0.027875
1 0.8493333333333334, 0.632625, 0.042333333333333334, 0.081625
1 0.8866666666666667, 0.613, 0.06666666666666667, 0.0425
1 0.8133333333333334, 0.573375, 0.06266666666666666, 0.054625
1 0.8795, 0.566, 0.06366666666666666, 0.048625
1 0.6095, 0.563875, 0.1005, 0.043375
1 0.6886666666666666, 0.56175, 0.0475, 0.057375
1 0.6278333333333334, 0.59525, 0.07533333333333334, 0.02725
1 0.7285, 0.57325, 0.07883333333333334, 0.039375
1 0.7216666666666667, 0.616875, 0.03816666666666667, 0.072125
1 0.38866666666666666, 0.715875, 0.03358333333333333, 0.03425
1 0.4058333333333333, 0.7185625, 0.063, 0.0313125
1 0.45866666666666667, 0.7223125, 0.048916666666666664, 0.027657499999999998
1 0.523, 0.696625, 0.04783333333333333, 0.053625
1 0.35083333333333333, 0.67575, 0.0555, 0.044
1 0.31758333333333333, 0.671875, 0.10041666666666667, 0.0418125
1 0.24583333333333332, 0.576, 0.128, 0.048375
1 0.29083333333333333, 0.52225, 0.0875, 0.039125
1 0.2145, 0.616125, 0.08783333333333333, 0.03175
1 0.3318333333333333, 0.530625, 0.10241666666666667, 0.04475
1 0.43625, 0.5166875, 0.08333333333333333, 0.031375
1 0.7409166666666667, 0.739, 0.04425, 0.0113125
1 0.7383333333333333, 0.69125, 0.10016666666666667, 0.0275
1 0.6415833333333333, 0.6400625, 0.07858333333333334, 0.04125
1 0.613, 0.651, 0.03766666666666667, 0.0885
1 0.574, 0.5715, 0.0495, 0.047125
1 0.5101666666666667, 0.596875, 0.06683333333333333, 0.05975
1 0.555, 0.605125, 0.08, 0.0409375
1 0.7488333333333334, 0.624125, 0.09466666666666666, 0.03675
1 0.7265833333333334, 0.5968125, 0.08766666666666667, 0.0296875
1 0.8581666666666666, 0.596875, 0.0785, 0.031875
1 0.8235, 0.52475, 0.07866666666666666, 0.0525
1 0.7568333333333334, 0.5095, 0.08483333333333333, 0.0585
1 0.6423333333333333, 0.535, 0.087, 0.0296875
1 0.6866666666666666, 0.512, 0.06633333333333333, 0.0445
1 0.6945833333333333, 0.4788125, 0.05075, 0.0581875
1 0.7378333333333333, 0.52175, 0.0565, 0.0305
1 0.7420833333333333, 0.48375, 0.05591666666666667, 0.0265625
1 0.6810833333333334, 0.460125, 0.051, 0.0238125
1 0.6239166666666667, 0.456375, 0.08975, 0.03625
1 0.6261666666666666, 0.38825, 0.03333333333333333, 0.04225
1 0.5768333333333333, 0.387375, 0.059416666666666666, 0.0616875
1 0.5851666666666666, 0.357375, 0.06291666666666666, 0.05375
1 0.5148333333333334, 0.31775, 0.0575, 0.066
1 0.5953333333333334, 0.302, 0.07866666666666666, 0.0345
1 0.5651666666666667, 0.288375, 0.056666666666666664, 0.046375
1 0.5368333333333334, 0.282125, 0.0395, 0.06575
