1 0.459625, 0.38483333333333336, 0.017666666666666667, 0.0135
1 0.429125, 0.3875, 0.019666666666666666, 0.01175
1 0.420625, 0.4008333333333333, 0.022, 0.012
1 0.439625, 0.4048333333333333, 0.018666666666666668, 0.01325
1 0.356125, 0.4058333333333333, 0.015666666666666666, 0.02575
1 0.395125, 0.4061666666666667, 0.013, 0.02225
1 0.473375, 0.4058333333333333, 0.02, 0.01175
1 0.381125, 0.4065, 0.018666666666666668, 0.0155
1 0.526125, 0.4068333333333333, 0.015, 0.02325
1 0.483125, 0.4098333333333333, 0.022333333333333334, 0.015
1 0.333125, 0.4105, 0.025333333333333333, 0.01075
1 0.467875, 0.4101666666666667, 0.022, 0.013
1 0.501875, 0.4111666666666667, 0.02033333333333333, 0.0115
1 0.428125, 0.4135, 0.019333333333333334, 0.01075
1 0.395875, 0.41483333333333333, 0.017333333333333333, 0.02375
1 0.515125, 0.4165, 0.018333333333333333, 0.01
1 0.369125, 0.4191666666666667, 0.014333333333333333, 0.02575
1 0.490375, 0.4195, 0.028333333333333332, 0.01275
1 0.310125, 0.4205, 0.027, 0.018
1 0.435625, 0.4215, 0.015, 0.018
1 0.324375, 0.4245, 0.02, 0.0155
1 0.361125, 0.4265, 0.018, 0.01275
1 0.407875, 0.42683333333333334, 0.012666666666666666, 0.0235
1 0.398125, 0.42783333333333334, 0.02033333333333333, 0.01275
1 0.581125, 0.42683333333333334, 0.025, 0.012
1 0.448875, 0.4275, 0.017, 0.022
1 0.536875, 0.42783333333333334, 0.015333333333333332, 0.02175
1 0.602875, 0.4275, 0.021333333333333333, 0.0145
1 0.375125, 0.43116666666666664, 0.019333333333333334, 0.013
1 0.513125, 0.43116666666666664, 0.023, 0.01225
1 0.554875, 0.43116666666666664, 0.028666666666666667, 0.01275
1 0.482875, 0.4325, 0.014666666666666666, 0.0065
1 0.502625, 0.43216666666666664, 0.02666666666666667, 0.01425
1 0.494625, 0.4385, 0.024666666666666667, 0.013
1 0.568125, 0.4325, 0.02666666666666667, 0.01175
1 0.450875, 0.43316666666666664, 0.017666666666666667, 0.0245
1 0.465375, 0.43316666666666664, 0.019666666666666666, 0.0175
1 0.388375, 0.4335, 0.025333333333333333, 0.012
1 0.585625, 0.43516666666666665, 0.025666666666666667, 0.0165
1 0.414375, 0.43616666666666665, 0.009333333333333334, 0.0205
1 0.329625, 0.4385, 0.02033333333333333, 0.021
1 0.360625, 0.43883333333333335, 0.013666666666666667, 0.0205
1 0.407875, 0.44083333333333335, 0.012, 0.01775
1 0.420625, 0.44316666666666665, 0.017666666666666667, 0.0265
1 0.310625, 0.44483333333333336, 0.029666666666666668, 0.0185
1 0.597625, 0.44583333333333336, 0.016666666666666666, 0.02425
1 0.435125, 0.4475, 0.015, 0.01475
1 0.469625, 0.44716666666666666, 0.010666666666666666, 0.02325
1 0.352375, 0.4485, 0.02033333333333333, 0.02675
1 0.447125, 0.4488333333333333, 0.028, 0.01725
1 0.401125, 0.44916666666666666, 0.016666666666666666, 0.02325
1 0.368125, 0.4508333333333333, 0.019333333333333334, 0.02175
1 0.438625, 0.45216666666666666, 0.030333333333333334, 0.0155
1 0.451625, 0.45416666666666666, 0.025, 0.0185
1 0.513375, 0.4538333333333333, 0.023333333333333334, 0.01575
1 0.504125, 0.4555, 0.014666666666666666, 0.017125
1 0.530375, 0.45416666666666666, 0.012333333333333333, 0.027
1 0.383625, 0.4618333333333333, 0.025666666666666667, 0.01275
1 0.474375, 0.4568333333333333, 0.019333333333333334, 0.01375
1 0.486875, 0.4565, 0.025333333333333333, 0.01125
1 0.400375, 0.45716666666666667, 0.022, 0.01225
1 0.427375, 0.4578333333333333, 0.03233333333333333, 0.01
1 0.518125, 0.4588333333333333, 0.025333333333333333, 0.018
1 0.468125, 0.4595, 0.026333333333333334, 0.01575
1 0.394625, 0.4625, 0.023666666666666666, 0.00875
1 0.498125, 0.4628333333333333, 0.01633333333333333, 0.01325
1 0.418875, 0.4655, 0.023, 0.01
1 0.533625, 0.4658333333333333, 0.015, 0.0255
1 0.345375, 0.4701666666666667, 0.028333333333333332, 0.017
1 0.335875, 0.4701666666666667, 0.029666666666666668, 0.01225
1 0.326875, 0.4861666666666667, 0.02266666666666667, 0.01525
1 0.453875, 0.4755, 0.010333333333333333, 0.02025
1 0.480625, 0.4785, 0.021, 0.0285
1 0.559125, 0.4791666666666667, 0.016666666666666666, 0.033
1 0.429125, 0.4821666666666667, 0.023666666666666666, 0.0245
1 0.383375, 0.4851666666666667, 0.021666666666666667, 0.02725
1 0.453125, 0.48483333333333334, 0.014, 0.02775
1 0.490125, 0.4875, 0.021666666666666667, 0.02125
1 0.40275, 0.48883333333333334, 0.025333333333333333, 0.022625
1 0.275125, 0.4895, 0.030666666666666665, 0.013
1 0.343625, 0.49216666666666664, 0.03133333333333333, 0.018
1 0.348875, 0.49916666666666665, 0.032, 0.01575
1 0.300375, 0.4945, 0.023, 0.019
1 0.434875, 0.4955, 0.021666666666666667, 0.027
1 0.377875, 0.49816666666666665, 0.029, 0.0295
1 0.359875, 0.5051666666666667, 0.028333333333333332, 0.01275
1 0.410875, 0.5065, 0.036333333333333336, 0.01725
1 0.332125, 0.5105, 0.026, 0.0195
1 0.400375, 0.5125, 0.042, 0.01425
1 0.388875, 0.5148333333333334, 0.034333333333333334, 0.013
1 0.269125, 0.5211666666666667, 0.033666666666666664, 0.02325
1 0.328125, 0.5215, 0.025666666666666667, 0.02775
1 0.434375, 0.5255, 0.029333333333333333, 0.019
1 0.626625, 0.5255, 0.034333333333333334, 0.018
1 0.417375, 0.5271666666666667, 0.028, 0.0245
1 0.443625, 0.5308333333333334, 0.027333333333333334, 0.01275
1 0.672875, 0.5355, 0.029666666666666668, 0.0175
1 0.615375, 0.5368333333333334, 0.023666666666666666, 0.013
1 0.653375, 0.5378333333333334, 0.035333333333333335, 0.0145
1 0.642875, 0.5568333333333333, 0.037333333333333336, 0.0165
1 0.317625, 0.5385, 0.024, 0.019
1 0.689625, 0.5391666666666667, 0.032, 0.01975
1 0.517875, 0.5401666666666667, 0.026333333333333334, 0.01725
1 0.534875, 0.5425, 0.032, 0.021
1 0.555375, 0.5428333333333333, 0.029, 0.0115
1 0.372625, 0.5445, 0.035333333333333335, 0.0145
1 0.601375, 0.5445, 0.032, 0.0135
1 0.577625, 0.5458333333333333, 0.028333333333333332, 0.0215
1 0.590875, 0.5575, 0.029333333333333333, 0.01075
1 0.579625, 0.5621666666666667, 0.036333333333333336, 0.0155
1 0.448125, 0.5465, 0.029, 0.01525
1 0.567125, 0.5498333333333333, 0.024333333333333332, 0.01075
1 0.528875, 0.5501666666666667, 0.02266666666666667, 0.012
1 0.668375, 0.5505, 0.034, 0.01175
1 0.636375, 0.5508333333333333, 0.037333333333333336, 0.01275
1 0.711875, 0.5525, 0.020666666666666667, 0.03325
1 0.257875, 0.5545, 0.023666666666666666, 0.0205
1 0.469875, 0.5545, 0.025666666666666667, 0.02525
1 0.473125, 0.5705, 0.041, 0.014
1 0.355375, 0.5555, 0.03266666666666666, 0.0175
1 0.420625, 0.5551666666666667, 0.030333333333333334, 0.0145
1 0.604375, 0.5558333333333333, 0.035333333333333335, 0.0135
1 0.615625, 0.5575, 0.022, 0.0105
1 0.626375, 0.5578333333333333, 0.035333333333333335, 0.01225
1 0.676875, 0.5585, 0.027333333333333334, 0.02075
1 0.676375, 0.5681666666666667, 0.027, 0.026
1 0.400125, 0.5588333333333333, 0.044333333333333336, 0.01675
1 0.457125, 0.5598333333333333, 0.029333333333333333, 0.013
1 0.535625, 0.5611666666666667, 0.029333333333333333, 0.02025
1 0.436125, 0.5615, 0.03166666666666667, 0.01175
1 0.341375, 0.5661666666666667, 0.032, 0.018
1 0.385125, 0.5668333333333333, 0.034333333333333334, 0.013
1 0.707875, 0.5668333333333333, 0.032, 0.01225
1 0.509375, 0.5681666666666667, 0.028666666666666667, 0.02125
1 0.720875, 0.5681666666666667, 0.024666666666666667, 0.0275
1 0.315875, 0.5685, 0.021333333333333333, 0.02925
1 0.496625, 0.5688333333333333, 0.034333333333333334, 0.01925
1 0.363625, 0.5698333333333333, 0.035333333333333335, 0.01475
1 0.486125, 0.5708333333333333, 0.037, 0.0135
1 0.288375, 0.5715, 0.03266666666666666, 0.01975
1 0.648125, 0.5718333333333333, 0.033, 0.0205
1 0.416125, 0.5721666666666667, 0.036, 0.012
1 0.443375, 0.5731666666666667, 0.029333333333333333, 0.01475
1 0.571625, 0.5738333333333333, 0.038, 0.0165
1 0.690375, 0.5738333333333333, 0.035333333333333335, 0.01775
1 0.541625, 0.5755, 0.035666666666666666, 0.0115
1 0.520375, 0.5761666666666667, 0.03766666666666667, 0.01475
1 0.302125, 0.5778333333333333, 0.035, 0.01675
1 0.427625, 0.5798333333333333, 0.03666666666666667, 0.01325
1 0.588625, 0.5798333333333333, 0.037, 0.017
1 0.604125, 0.5795, 0.034666666666666665, 0.02
1 0.456875, 0.5818333333333333, 0.030666666666666665, 0.0165
1 0.373625, 0.5828333333333333, 0.04066666666666666, 0.01225
1 0.266625, 0.5858333333333333, 0.038, 0.02175
1 0.442375, 0.5875, 0.026, 0.023
1 0.622625, 0.5878333333333333, 0.021666666666666667, 0.02075
1 0.253125, 0.5888333333333333, 0.034666666666666665, 0.01625
1 0.353375, 0.5895, 0.033, 0.01725
1 0.526875, 0.5901666666666666, 0.034, 0.0185
1 0.318125, 0.5981666666666666, 0.037333333333333336, 0.0135
1 0.293625, 0.5995, 0.026, 0.02375
1 0.330125, 0.6011666666666666, 0.035333333333333335, 0.023
1 0.488375, 0.6008333333333333, 0.019333333333333334, 0.0325
1 0.465875, 0.6025, 0.043, 0.01575
1 0.343125, 0.6055, 0.027333333333333334, 0.02625
1 0.509375, 0.6295, 0.02033333333333333, 0.0325
1 0.553875, 0.6388333333333334, 0.03933333333333333, 0.01525
1 0.498125, 0.6411666666666667, 0.029333333333333333, 0.01
1 0.534875, 0.6441666666666667, 0.034166666666666665, 0.02025
1 0.517125, 0.6458333333333334, 0.044, 0.0165
1 0.486375, 0.6475, 0.036, 0.01525
1 0.456625, 0.6525, 0.024666666666666667, 0.032
1 0.317625, 0.6538333333333334, 0.043666666666666666, 0.01775
1 0.376875, 0.6555, 0.023666666666666666, 0.02675
1 0.374625, 0.6761666666666667, 0.022333333333333334, 0.026
1 0.427875, 0.6571666666666667, 0.043333333333333335, 0.01575
1 0.328375, 0.6608333333333334, 0.04066666666666666, 0.018
1 0.356375, 0.6601666666666667, 0.037, 0.01625
1 0.508125, 0.6601666666666667, 0.042333333333333334, 0.01525
1 0.562375, 0.6641666666666667, 0.033666666666666664, 0.024
1 0.397125, 0.6655, 0.044, 0.01825
1 0.220375, 0.6661666666666667, 0.049, 0.01775
1 0.418375, 0.6661666666666667, 0.043, 0.0135
1 0.408625, 0.6761666666666667, 0.03866666666666667, 0.015
1 0.658625, 0.6665, 0.03266666666666666, 0.01825
1 0.248375, 0.6671666666666667, 0.035333333333333335, 0.01875
1 0.339125, 0.6681666666666667, 0.04533333333333334, 0.019
1 0.530125, 0.6681666666666667, 0.05, 0.01475
1 0.282375, 0.6698333333333333, 0.039, 0.02225
1 0.499875, 0.6711666666666667, 0.036333333333333336, 0.0115
1 0.456375, 0.6725, 0.015666666666666666, 0.03225
1 0.454875, 0.6835, 0.017333333333333333, 0.03425
1 0.542625, 0.6741666666666667, 0.03933333333333333, 0.02375
1 0.304625, 0.6758333333333333, 0.029333333333333333, 0.015
1 0.594375, 0.6795, 0.042, 0.025
1 0.569875, 0.7405, 0.027, 0.01325
1 0.358875, 0.7658333333333334, 0.016666666666666666, 0.00975
1 0.379125, 0.7658333333333334, 0.020666666666666667, 0.02
1 0.265875, 0.7681666666666667, 0.021666666666666667, 0.019
1 0.459375, 0.7885, 0.021333333333333333, 0.01525
1 0.252875, 0.8588333333333333, 0.02666666666666667, 0.014
1 0.5586525, 0.5661666666666667, 0.03883333333333333, 0.012875
1 0.5537000000000001, 0.5724166666666667, 0.035583333333333335, 0.01044
1 0.499425, 0.5453233333333334, 0.029623333333333335, 0.023377500000000002
1 0.42922000000000005, 0.555, 0.011793333333333334, 0.0213125
1 0.359635, 0.48475, 0.016416666666666666, 0.026502500000000002
1 0.3629475, 0.491, 0.036, 0.0166275
1 0.3655675, 0.47775, 0.0145, 0.0255675
1 0.37113, 0.4532933333333334, 0.025833333333333333, 0.0249425
1 0.3446975, 0.41891666666666666, 0.01925, 0.019002500000000002
1 0.344695, 0.40375, 0.016416666666666666, 0.0186275
1 0.40938, 0.46596000000000004, 0.027666666666666666, 0.013564999999999999
1 0.45378500000000005, 0.4081666666666667, 0.023206666666666667, 0.016315
1 0.5251475, 0.4256666666666667, 0.025396666666666665, 0.018815000000000002
1 0.5239149999999999, 0.4363733333333333, 0.018333333333333333, 0.018877500000000002
1 0.527135, 0.4205, 0.0105, 0.02566
1 0.4346875, 0.42791666666666667, 0.01675, 0.0221875
