1 2329.5, 1897.5, 78.0, 70.0
1 1928.5, 2044.5, 62.0, 91.0
1 2458.5, 2059.5, 99.0, 78.0
1 2020.5, 2062.5, 63.61, 83.5
1 2402.5, 2069.5, 108.0, 79.0
1 1979.5, 2074.5, 42.0, 92.0
1 1881.5, 2079.5, 67.0, 93.0
1 1772.5, 2089.5, 88.5, 60.0
1 1601.5, 2102.5, 71.0, 92.0
1 2020.5, 2109.5, 100.0, 67.0
1 1695.5, 2136.5, 56.0, 74.0
1 1735.5, 2144.5, 61.0, 52.0
1 1200.5, 2149.5, 85.0, 46.0
1 2755.5, 2149.5, 75.96, 90.0
1 1945.5, 2150.5, 56.0, 79.0
1 2023.5, 2154.5, 71.0, 57.0
1 1280.5, 2164.5, 86.0, 77.0
1 1557.5, 2163.5, 63.0, 64.25
1 1603.5, 2208.5, 51.0, 75.0
1 1511.47, 2219.0, 88.89, 74.0
1 2330.5, 2163.5, 60.0, 78.0
1 2924.5, 2162.5, 75.5, 93.75
1 1650.5, 2167.5, 50.0, 95.0
1 2121.5, 2169.5, 109.0, 44.0
1 2083.47, 2212.5, 99.24, 60.75
1 2071.5, 2171.5, 49.0, 42.0
1 2675.25, 2173.5, 74.99, 102.25
1 1753.5, 2174.5, 83.0, 72.0
1 1681.5, 2189.5, 109.0, 72.0
1 1729.5, 2243.5, 67.0, 98.0
1 2235.5, 2175.5, 53.0, 96.0
1 2274.5, 2174.5, 62.0, 98.0
1 1886.5, 2178.5, 57.0, 99.0
1 696.5, 2185.5, 52.0, 52.0
1 1169.5, 2187.5, 111.0, 48.0
1 2169.5, 2196.5, 68.0, 75.0
1 3051.5, 2195.5, 109.74, 115.25
1 3238.5, 2195.5, 78.0, 96.75
1 706.5, 2198.5, 87.0, 79.0
1 1404.5, 2198.5, 67.0, 56.0
1 1425.5, 2211.5, 56.0, 54.0
1 1311.5, 2248.5, 93.0, 105.0
1 1423.5, 2266.5, 68.0, 62.0
1 1381.5, 2311.5, 50.0, 97.0
1 1482.5, 2202.5, 52.0, 74.0
1 3132.5, 2203.5, 64.48, 96.0
1 3118.13, 2290.0, 114.35, 60.5
1 3135.5, 2327.5, 83.0, 103.0
1 3171.5, 2334.5, 95.0, 111.0
1 611.5, 2205.5, 71.0, 45.0
1 554.5, 2232.5, 91.0, 72.0
1 2566.5, 2206.5, 60.0, 93.0
1 1972.5, 2208.5, 53.0, 79.0
1 2020.5, 2250.5, 65.0, 92.0
1 2633.5, 2208.5, 68.0, 82.0
1 1209.5, 2211.5, 75.0, 52.0
1 2017.5, 2211.5, 108.0, 48.0
1 2358.5, 2221.5, 66.0, 77.0
1 850.5, 2222.5, 94.0, 93.0
1 1811.5, 2224.5, 69.0, 88.0
1 2980.76, 2233.5, 136.23, 93.75
1 623.5, 2235.5, 73.0, 111.0
1 1869.5, 2234.5, 100.0, 87.0
1 2865.5, 2210.0, 66.47, 119.5
1 1084.5, 2237.5, 45.0, 61.0
1 1127.5, 2241.5, 85.0, 67.0
1 1068.5, 2336.5, 62.0, 103.0
1 979.5, 2421.5, 61.0, 98.0
1 1178.5, 2238.5, 67.0, 50.0
1 1271.5, 2243.5, 80.0, 108.0
1 784.5, 2246.5, 64.0, 82.0
1 1223.5, 2245.5, 87.0, 72.0
1 1222.5, 2308.5, 82.0, 84.0
1 1022.5, 2247.5, 60.0, 77.0
1 996.5, 2322.5, 65.0, 89.0
1 2453.72, 2251.5, 85.78, 97.0
1 1786.5, 2252.5, 52.0, 86.0
1 2083.5, 2253.5, 84.0, 78.0
1 2082.5, 2279.5, 83.0, 88.0
1 2280.5, 2255.5, 77.0, 62.0
1 2162.5, 2256.5, 82.0, 84.0
1 1532.5, 2260.5, 84.0, 123.0
1 1481.5, 2281.5, 75.5, 112.0
1 2930.5, 2263.5, 61.0, 104.0
1 706.5, 2264.5, 73.0, 102.0
1 725.5, 2290.5, 82.0, 99.0
1 2542.5, 2271.5, 49.45, 89.0
1 2707.5, 2277.5, 130.49, 89.25
1 2189.5, 2279.5, 91.0, 87.0
1 2404.5, 2263.0, 63.89, 68.5
1 2267.5, 2302.5, 140.0, 64.0
1 3629.5, 2278.5, 113.0, 127.0
1 1572.5, 2282.5, 93.0, 106.0
1 3562.5, 2281.5, 128.0, 132.0
1 1928.5, 2282.5, 67.0, 122.0
1 2625.5, 2289.5, 106.0, 50.0
1 1876.5, 2293.5, 72.0, 95.0
1 1432.5, 2294.5, 75.0, 100.0
1 928.5, 2302.5, 98.0, 93.0
1 2585.5, 2304.5, 53.0, 72.0
1 2488.5, 2310.5, 57.0, 143.0
1 3415.5, 2310.5, 89.0, 125.0
1 3477.5, 2338.5, 90.0, 124.0
1 3780.5, 2316.5, 107.0, 143.0
1 3848.5, 2351.5, 106.0, 124.0
1 3898.5, 2317.5, 101.0, 136.0
1 3058.5, 2321.5, 93.0, 121.0
1 3724.5, 2325.5, 107.0, 111.0
1 1336.5, 2328.5, 47.0, 86.0
1 1789.5, 2330.5, 86.45, 122.0
1 2378.73, 2327.75, 90.77, 121.5
1 2681.5, 2332.5, 70.0, 99.0
1 2746.5, 2340.5, 60.0, 95.0
1 2105.5, 2335.5, 72.0, 142.0
1 2895.5, 2335.5, 66.0, 87.0
1 2616.5, 2339.5, 74.0, 94.0
1 1980.5, 2328.75, 64.47, 114.75
1 2320.5, 2342.5, 67.0, 123.0
1 3007.5, 2343.5, 84.0, 132.0
1 2032.5, 2347.5, 68.0, 100.0
1 167.5, 2348.5, 78.0, 82.0
1 1104.5, 2350.5, 81.0, 128.0
1 2211.5, 2350.5, 53.0, 133.0
1 2444.5, 2351.5, 50.0, 86.0
1 1179.5, 2354.5, 64.0, 60.0
1 1617.5, 2359.5, 60.0, 96.0
1 2262.5, 2363.5, 61.0, 142.0
1 2958.5, 2368.5, 92.0, 149.0
1 2781.23, 2351.25, 86.77, 102.25
1 2843.5, 2393.5, 108.0, 92.0
1 2140.5, 2377.5, 76.0, 124.0
1 1410.5, 2378.5, 81.0, 89.0
1 1495.5, 2385.5, 45.0, 72.0
1 1260.5, 2388.5, 95.0, 143.0
1 1206.5, 2401.5, 93.0, 141.0
1 346.5, 2390.5, 93.0, 116.0
1 1542.5, 2399.5, 74.0, 103.0
1 901.5, 2400.5, 108.0, 130.0
1 347.5, 2407.5, 129.0, 138.0
1 1301.5, 2409.5, 99.0, 125.0
1 994.5, 2419.5, 102.0, 124.0
1 1121.5, 2418.5, 112.0, 128.0
1 0.5, 2423.5, 96.0, 117.0
1 1.0, 2425.5, 53.5, 47.0
1 1352.5, 2428.5, 81.0, 109.0
1 2640.5, 2432.5, 40.0, 83.0
1 1469.5, 2434.5, 88.0, 108.0
1 2678.5, 2435.5, 36.0, 100.0
1 2718.5, 2438.5, 66.0, 151.0
1 2347.5, 2440.5, 133.0, 57.0
1 742.5, 2443.5, 86.0, 72.0
1 1413.5, 2442.5, 78.0, 117.0
1 1651.5, 2448.5, 85.0, 147.0
1 1630.5, 2450.5, 48.0, 125.0
1 2550.47, 2439.75, 96.03, 115.75
1 2543.22, 2461.0, 88.28, 127.5
1 204.5, 2455.5, 148.0, 129.0
1 1710.5, 2454.5, 73.0, 129.0
1 1752.5, 2455.5, 76.0, 142.0
1 2453.5, 2460.5, 68.0, 160.0
1 1803.5, 2462.5, 78.0, 162.0
1 1841.5, 2486.5, 130.0, 125.0
1 2503.5, 2463.5, 91.0, 175.0
1 2768.5, 2464.5, 105.0, 131.0
1 2814.37, 2466.5, 98.13, 132.0
1 672.5, 2468.5, 133.0, 94.0
1 1552.5, 2468.5, 84.0, 147.0
1 810.5, 2476.5, 75.0, 103.0
1 2902.5, 2475.5, 84.0, 90.0
1 2231.5, 2485.5, 60.0, 100.0
1 1942.5, 2486.5, 93.0, 102.0
1 2351.5, 2490.75, 57.0, 165.75
1 1509.5, 2494.5, 61.0, 107.0
1 2292.5, 2494.5, 60.0, 170.0
1 2408.5, 2498.5, 66.0, 156.0
1 2090.5, 2496.12, 130.74, 133.13
1 69.5, 2504.5, 109.0, 77.0
1 2164.74, 2522.5, 131.76, 141.0
1 114.5, 2553.5, 83.0, 115.0
1 2127.5, 2610.5, 111.0, 148.0
1 2208.5, 2618.5, 92.0, 143.0
1 2814.5, 2676.5, 167.0, 71.0
1 650.5, 2751.5, 88.0, 61.0
1 2581.5, 2774.5, 88.0, 42.0
1 2545.5, 2815.5, 103.0, 71.0
1 3820.5, 2778.5, 143.37, 110.5
1 2647.5, 2819.5, 52.0, 53.0
1 -0.5, 2868.5, 38.0, 53.0
1 286.45, 2374.5, 129.98, 115.5
1 210.72, 2398.0, 117.49, 145.25
1 180.48, 2429.25, 72.99, 112.5
1 114.73, 2392.75, 172.13, 137.75
1 54.24, 2440.75, 121.73, 145.5
1 28.5, 2401.25, 140.48, 146.25
1 1024.98, 2317.75, 87.49, 109.75
1 1099.87, 2308.0, 118.59, 51.25
1 1396.49, 2255.0, 89.99, 56.0
1 1363.24, 2266.75, 47.37, 79.0
1 1619.72, 2254.38, 121.75, 40.62
1 1694.73, 2284.5, 45.75, 83.25
1 1655.49, 2286.12, 57.99, 86.76
1 1673.72, 2341.5, 110.49, 91.5
1 1701.99, 2336.25, 121.98, 103.75
1 1854.23, 2127.75, 72.24, 89.25
1 1835.23, 2163.75, 57.24, 103.5
1 1973.24, 2283.25, 77.74, 67.69
1 1653.74, 2089.5, 79.99, 90.75
1 2544.44, 2340.5, 69.99, 68.0
1 2536.72, 2375.5, 102.99, 115.75
1 2507.44, 2055.0, 113.99, 88.5
1 2760.49, 2438.5, 147.23, 64.0
1 2837.24, 2304.5, 90.74, 110.0
1 2736.99, 2202.25, 104.49, 132.5
1 2798.49, 2240.0, 96.74, 94.0
1 2816.48, 2168.75, 59.24, 96.0
1 2873.73, 2152.75, 80.74, 105.75
1 3199.73, 2251.75, 107.24, 109.5
1 3256.47, 2340.5, 142.14, 117.62
1 3237.97, 2267.5, 115.74, 141.25
1 3301.61, 2284.12, 129.34, 129.88
1 3307.12, 2253.38, 116.58, 141.87
1 3339.62, 2249.38, 109.99, 74.87
1 3590.91, 2359.5, 88.99, 107.0
1 3507.92, 2317.5, 146.68, 136.12
1 2894.75, 1982.75, 131.0, 89.75
1 1351.75, 2183.25, 86.0, 74.25
1 1306.75, 2181.12, 97.37, 69.38
