1 1.0804550438596492, -9.137426900584795e-05, 0.032072368421052634, 0.028691520467836257
1 1.2177905701754386, 0.0, 0.06277412280701754, 0.008132309941520468
1 1.2808388157894737, 9.137426900584795e-05, 0.034265350877192985, 0.01663011695906433
1 1.283031798245614, 0.010325292397660819, 0.03481359649122807, 0.029605263157894735
1 1.316200657894737, 9.137426900584795e-05, 0.03700657894736842, 0.019919590643274854
1 1.3526589912280702, 9.137426900584795e-05, 0.025767543859649123, 0.025950292397660817
1 1.4406524122807018, 0.0, 0.051672149122807015, 0.018548976608187134
1 1.2002467105263157, 0.0013706140350877192, 0.02206688596491228, 0.02905701754385965
1 0.8022203947368421, 0.0028326023391812864, 0.03179824561403509, 0.03874269005847953
1 0.9335252192982456, 0.003380847953216374, 0.02905701754385965, 0.030519005847953216
1 0.9946546052631579, 0.003380847953216374, 0.051535087719298246, 0.033625730994152045
1 0.8781524122807017, 0.003929093567251462, 0.033168859649122806, 0.03527046783625731
1 1.220531798245614, 0.004842836257309941, 0.0200109649122807, 0.030519005847953216
1 0.9036458333333334, 0.005391081871345029, 0.03618421052631579, 0.023940058479532164
1 0.8482730263157895, 0.006487573099415204, 0.031524122807017545, 0.03673245614035088
1 0.8255208333333334, 0.018183479532163743, 0.026041666666666668, 0.03399122807017544
1 0.6769462719298246, 0.00941154970760234, 0.04358552631578947, 0.031067251461988302
1 1.4359923245614035, 0.013980263157894737, 0.03728070175438596, 0.03344298245614035
1 1.1029331140350878, 0.014528508771929825, 0.03070175438596491, 0.029788011695906433
1 1.1067708333333333, 0.027138157894736843, 0.046600877192982455, 0.02503654970760234
1 1.2421875, 0.01471125730994152, 0.05921052631578947, 0.02722953216374269
1 1.279468201754386, 0.04084429824561404, 0.034265350877192985, 0.042214912280701754
1 0.7635690789473685, 0.01653874269005848, 0.02823464912280702, 0.036915204678362575
1 0.7898848684210527, 0.021655701754385966, 0.01836622807017544, 0.02887426900584795
1 0.7515076754385965, 0.03664108187134503, 0.03399122807017544, 0.04276315789473684
1 1.397889254385965, 0.018183479532163743, 0.04057017543859649, 0.03289473684210526
1 1.4738212719298245, 0.02183845029239766, 0.026041666666666668, 0.047697368421052634
1 0.9036458333333334, 0.022021198830409358, 0.03508771929824561, 0.04093567251461988
1 1.307154605263158, 0.027503654970760235, 0.02768640350877193, 0.03125
1 1.3359375, 0.027869152046783627, 0.06387061403508772, 0.018092105263157895
1 0.7029879385964912, 0.028782894736842105, 0.049342105263157895, 0.031980994152046784
1 0.9321546052631579, 0.029148391812865496, 0.031524122807017545, 0.036915204678362575
1 1.1558388157894737, 0.03024488304093567, 0.0537280701754386, 0.03125
1 1.2027138157894737, 0.04322002923976608, 0.04413377192982456, 0.01663011695906433
1 1.1903782894736843, 0.030062134502923978, 0.06606359649122807, 0.02266081871345029
1 1.2460252192982457, 0.04559576023391813, 0.017543859649122806, 0.012426900584795321
1 1.2468475877192982, 0.055098684210526314, 0.03289473684210526, 0.03216374269005848
1 1.0560581140350878, 0.03170687134502924, 0.03125, 0.04258040935672515
1 0.6163651315789473, 0.033168859649122806, 0.04358552631578947, 0.034722222222222224
1 0.6084155701754386, 0.05226608187134503, 0.03837719298245614, 0.027320906432748537
1 0.6402138157894737, 0.05656067251461988, 0.03344298245614035, 0.02850877192982456
1 0.9598410087719298, 0.03572733918128655, 0.04057017543859649, 0.03618421052631579
1 0.6528234649122807, 0.0381030701754386, 0.048793859649122806, 0.031432748538011694
1 0.8806195175438597, 0.038651315789473686, 0.03453947368421053, 0.038011695906432746
1 1.0086348684210527, 0.04029605263157895, 0.03618421052631579, 0.04203216374269006
1 1.026452850877193, 0.05381944444444445, 0.03618421052631579, 0.03618421052631579
1 1.0859375, 0.04047880116959064, 0.03618421052631579, 0.04258040935672515
1 1.1114309210526316, 0.0558296783625731, 0.05180921052631579, 0.030884502923976608
1 1.1632401315789473, 0.06112938596491228, 0.055098684210526314, 0.03125
1 1.4532620614035088, 0.04047880116959064, 0.04029605263157895, 0.04294590643274854
1 1.1607730263157894, 0.0421235380116959, 0.03262061403508772, 0.027412280701754384
1 1.3699287280701755, 0.04358552631578947, 0.049890350877192985, 0.03234649122807018
1 0.7931743421052632, 0.04504751461988304, 0.0400219298245614, 0.036366959064327485
1 1.3279879385964912, 0.04906798245614035, 0.049342105263157895, 0.02503654970760234
1 1.3367598684210527, 0.06368786549707603, 0.03179824561403509, 0.0402046783625731
1 1.364720394736842, 0.0737390350877193, 0.02850877192982456, 0.028691520467836257
1 1.4450383771929824, 0.07465277777777778, 0.04111842105263158, 0.042214912280701754
1 1.2989309210526316, 0.1004203216374269, 0.044956140350877194, 0.031432748538011694
1 1.4313322368421053, 0.10900950292397661, 0.03919956140350877, 0.03344298245614035
1 1.3277138157894737, 0.10992324561403509, 0.03289473684210526, 0.02905701754385965
1 1.3789747807017543, 0.11631944444444445, 0.07250548245614036, 0.04842836257309942
1 1.4491502192982457, 0.11924342105263158, 0.03399122807017544, 0.03508771929824561
1 1.3622532894736843, 0.12417763157894737, 0.04906798245614035, 0.03399122807017544
1 1.3027686403508771, 0.12436038011695906, 0.04303728070175439, 0.01699561403508772
1 1.474095394736842, 0.13240131578947367, 0.02549342105263158, 0.02284356725146199
1 1.3493695175438596, 0.04961622807017544, 0.05646929824561404, 0.02448830409356725
1 1.220531798245614, 0.05546418128654971, 0.03508771929824561, 0.03216374269005848
1 1.4178837719298245, 0.05647843567251462, 0.02275219298245614, 0.02534722222222222
1 1.3090734649122806, 0.05857090643274854, 0.03042763157894737, 0.03179824561403509
1 1.276452850877193, 0.08068347953216375, 0.03892543859649123, 0.03179824561403509
1 0.9155016447368421, 0.06368786549707603, 0.05749725877192982, 0.013523391812865496
1 0.8578673245614035, 0.06679459064327485, 0.03179824561403509, 0.034173976608187134
1 0.5431743421052632, 0.06807383040935673, 0.0556469298245614, 0.02284356725146199
1 1.1733826754385965, 0.07136330409356725, 0.0581140350877193, 0.030519005847953216
1 0.9102247807017544, 0.073921783625731, 0.06743421052631579, 0.023940058479532164
1 1.4858826754385965, 0.07556652046783625, 0.013980263157894737, 0.02266081871345029
1 1.4798519736842106, 0.0983187134502924, 0.019736842105263157, 0.025676169590643276
1 0.5999177631578947, 0.0783077485380117, 0.04906798245614035, 0.014071637426900584
1 0.6473410087719298, 0.08141447368421052, 0.06606359649122807, 0.01425438596491228
1 0.594983552631579, 0.08598318713450293, 0.06825657894736842, 0.017909356725146198
1 0.5790844298245614, 0.09164839181286549, 0.04851973684210526, 0.021198830409356724
1 0.6526864035087719, 0.09164839181286549, 0.06016995614035088, 0.01023391812865497
1 0.7304002192982456, 0.07867324561403509, 0.05893640350877193, 0.019736842105263157
1 0.7961896929824561, 0.07958698830409357, 0.05893640350877193, 0.013706140350877192
1 1.2591831140350878, 0.08287646198830409, 0.036458333333333336, 0.01663011695906433
1 1.2180646929824561, 0.09767909356725146, 0.05975877192982456, 0.0222953216374269
1 0.8833607456140351, 0.08415570175438597, 0.026589912280701754, 0.028143274853801168
1 0.9091282894736842, 0.08488669590643275, 0.03289473684210526, 0.041301169590643276
1 0.9782072368421053, 0.08543494152046784, 0.04057017543859649, 0.0268640350877193
1 0.9313322368421053, 0.09292763157894737, 0.05921052631578947, 0.025219298245614034
1 0.9431195175438597, 0.10809576023391813, 0.05838815789473684, 0.00932017543859649
1 0.969983552631579, 0.11245979532163743, 0.032140899122807015, 0.04296783625730994
1 1.201891447368421, 0.08561769005847954, 0.03262061403508772, 0.03435672514619883
1 1.224095394736842, 0.08580043859649122, 0.041666666666666664, 0.021564327485380116
1 0.5091831140350878, 0.08872441520467836, 0.05180921052631579, 0.016812865497076022
1 1.2961896929824561, 0.08908991228070176, 0.04358552631578947, 0.01827485380116959
1 1.2654879385964912, 0.10663377192982457, 0.04276315789473684, 0.03179824561403509
1 1.2791940789473684, 0.1271016081871345, 0.03919956140350877, 0.046052631578947366
1 1.2737116228070176, 0.13861476608187134, 0.02549342105263158, 0.030519005847953216
1 0.713952850877193, 0.09055190058479533, 0.03837719298245614, 0.03179824561403509
1 0.5546875, 0.0912828947368421, 0.02768640350877193, 0.03782894736842105
1 0.7950932017543859, 0.09274488304093567, 0.07675438596491228, 0.014985380116959063
1 1.0971765350877194, 0.09676535087719298, 0.030153508771929825, 0.03289473684210526
1 1.1004660087719298, 0.12856359649122806, 0.0268640350877193, 0.027777777777777776
1 0.7419133771929824, 0.09877558479532164, 0.04111842105263158, 0.029970760233918127
1 0.770422149122807, 0.1004203216374269, 0.06112938596491228, 0.018092105263157895
1 0.8364857456140351, 0.105171783625731, 0.041666666666666664, 0.034722222222222224
1 0.8523848684210527, 0.1179641812865497, 0.03179824561403509, 0.033625730994152045
1 0.733141447368421, 0.1230811403508772, 0.03700657894736842, 0.034173976608187134
1 0.7841282894736842, 0.12362938596491228, 0.023300438596491228, 0.038011695906432746
1 0.7589089912280702, 0.12454312865497076, 0.0268640350877193, 0.04111842105263158
1 0.8082510964912281, 0.1265533625730994, 0.03728070175438596, 0.04111842105263158
1 0.8855537280701754, 0.1271016081871345, 0.04851973684210526, 0.012975146198830409
1 0.8734923245614035, 0.13349780701754385, 0.021929824561403508, 0.03399122807017544
1 0.8965186403508771, 0.1356907894736842, 0.0581140350877193, 0.04678362573099415
1 0.917077850877193, 0.13824926900584794, 0.035910087719298246, 0.027595029239766082
1 0.8773300438596491, 0.16529605263157895, 0.06277412280701754, 0.027777777777777776
1 1.1308936403508771, 0.09914108187134503, 0.04276315789473684, 0.017361111111111112
1 1.1794133771929824, 0.09950657894736842, 0.03453947368421053, 0.033808479532163746
1 1.1396655701754386, 0.10663377192982457, 0.05455043859649123, 0.02010233918128655
1 0.6613212719298246, 0.10389254385964912, 0.026726973684210526, 0.02905701754385965
1 1.0711348684210527, 0.1006030701754386, 0.04111842105263158, 0.024305555555555556
1 0.5302905701754386, 0.10243055555555555, 0.03793311403508772, 0.04061586257309942
1 1.0519462719298245, 0.10279605263157894, 0.04632675438596491, 0.029970760233918127
1 1.0215186403508771, 0.10572002923976608, 0.04906798245614035, 0.021929824561403508
1 1.0160361842105263, 0.11047149122807018, 0.04468201754385965, 0.027777777777777776
1 0.501233552631579, 0.11229897660818713, 0.03618421052631579, 0.03490497076023392
1 0.4486019736842105, 0.1269188596491228, 0.06853070175438597, 0.02412280701754386
1 1.2101151315789473, 0.113578216374269, 0.06633771929824561, 0.021564327485380116
1 0.9272203947368421, 0.11613669590643275, 0.05071271929824561, 0.01206140350877193
1 0.6744791666666666, 0.11650219298245613, 0.06359649122807018, 0.015716374269005847
1 0.6684484649122807, 0.1283808479532164, 0.07319078947368421, 0.019736842105263157
1 1.1558388157894737, 0.12289839181286549, 0.046875, 0.025584795321637425
1 1.138843201754386, 0.12344663742690058, 0.05290570175438596, 0.03983918128654971
1 1.482593201754386, 0.12381213450292397, 0.01699561403508772, 0.017909356725146198
1 0.920641447368421, 0.12399488304093567, 0.05646929824561404, 0.02540204678362573
1 1.117735745614035, 0.12582236842105263, 0.03399122807017544, 0.028691520467836257
1 1.054139254385965, 0.13002558479532164, 0.052083333333333336, 0.036366959064327485
1 0.5875822368421053, 0.13313230994152048, 0.07483552631578948, 0.019919590643274854
1 1.1966831140350878, 0.13349780701754385, 0.04139254385964912, 0.0402046783625731
1 0.9346217105263158, 0.13404605263157895, 0.038651315789473686, 0.03289473684210526
1 1.3279879385964912, 0.13495979532163743, 0.03728070175438596, 0.019371345029239765
1 1.2166940789473684, 0.13788377192982457, 0.04084429824561404, 0.030884502923976608
1 1.3145559210526316, 0.14190423976608188, 0.07044956140350878, 0.029239766081871343
1 1.4655975877192982, 0.14354897660818713, 0.034265350877192985, 0.04550438596491228
1 1.0941611842105263, 0.14610745614035087, 0.03728070175438596, 0.03344298245614035
1 1.4118695175438596, 0.1492141812865497, 0.05866228070175439, 0.026498538011695907
1 1.1366502192982457, 0.15031067251461988, 0.033168859649122806, 0.0445906432748538
1 0.989172149122807, 0.1583516081871345, 0.07291666666666667, 0.023757309941520467
1 0.8164747807017544, 0.15981359649122806, 0.03700657894736842, 0.031432748538011694
1 0.8474506578947368, 0.16474780701754385, 0.051535087719298246, 0.036915204678362575
1 1.0908717105263157, 0.1627375730994152, 0.04577850877192982, 0.03983918128654971
1 1.1687225877192982, 0.163468567251462, 0.031524122807017545, 0.039473684210526314
1 1.1698190789473684, 0.20074926900584794, 0.06195175438596491, 0.03033625730994152
1 0.6443256578947368, 0.1665752923976608, 0.036458333333333336, 0.04093567251461988
1 0.36362390350877194, 0.1680372807017544, 0.0424890350877193, 0.04513888888888889
1 0.6977796052631579, 0.1678545321637427, 0.06907894736842106, 0.023574561403508772
1 0.9458607456140351, 0.17077850877192982, 0.032072368421052634, 0.0268640350877193
1 1.2745339912280702, 0.17827119883040934, 0.03728070175438596, 0.03399122807017544
1 1.0061677631578947, 0.180281432748538, 0.07236842105263158, 0.02101608187134503
1 1.4812225877192982, 0.18137792397660818, 0.01836622807017544, 0.017361111111111112
1 1.1223958333333333, 0.1853983918128655, 0.05317982456140351, 0.023574561403508772
1 1.2531524122807018, 0.1855811403508772, 0.046600877192982455, 0.03271198830409357
1 0.9740953947368421, 0.18686038011695907, 0.03481359649122807, 0.024671052631578948
1 1.416529605263158, 0.19051535087719298, 0.06359649122807018, 0.02412280701754386
1 0.6829769736842105, 0.19179459064327486, 0.034265350877192985, 0.043859649122807015
1 0.9195449561403509, 0.19252558479532164, 0.05742872807017544, 0.04111842105263158
1 0.9480537280701754, 0.19526681286549707, 0.04961622807017544, 0.0445906432748538
1 0.9025493421052632, 0.20458698830409358, 0.05016447368421053, 0.03490497076023392
1 0.3921326754385965, 0.1978252923976608, 0.047697368421052634, 0.0402046783625731
1 1.0387883771929824, 0.1991045321637427, 0.047149122807017545, 0.03527046783625731
1 0.8628015350877193, 0.20166301169590642, 0.036458333333333336, 0.029605263157894735
1 0.8367598684210527, 0.2034904970760234, 0.03125, 0.04550438596491228
1 0.6604989035087719, 0.20385599415204678, 0.03262061403508772, 0.043859649122807015
1 0.5947094298245614, 0.20403874269005848, 0.05098684210526316, 0.037463450292397664
1 1.3526589912280702, 0.20458698830409358, 0.06030701754385965, 0.02887426900584795
1 0.7553453947368421, 0.20568347953216373, 0.04029605263157895, 0.044956140350877194
1 0.7350603070175439, 0.20586622807017543, 0.03755482456140351, 0.044042397660818716
1 1.392406798245614, 0.2071454678362573, 0.05345394736842105, 0.05299707602339181
1 1.4409265350877194, 0.2171966374269006, 0.05071271929824561, 0.030884502923976608
1 1.4878015350877194, 0.23346125730994152, 0.011650219298245614, 0.016264619883040937
1 1.0870339912280702, 0.2078764619883041, 0.034265350877192985, 0.03782894736842105
1 0.47162828947368424, 0.2080592105263158, 0.04824561403508772, 0.029605263157894735
1 0.7109375, 0.20879020467836257, 0.04111842105263158, 0.049890350877192985
1 0.9979440789473685, 0.20915570175438597, 0.0668859649122807, 0.0360014619883041
1 1.308388157894737, 0.21792763157894737, 0.054413377192982455, 0.0489766081871345
1 1.4472313596491229, 0.2153691520467836, 0.05263157894736842, 0.019371345029239765
1 0.8899396929824561, 0.21610014619883042, 0.03536184210526316, 0.02942251461988304
1 0.5598958333333334, 0.2168311403508772, 0.052083333333333336, 0.031432748538011694
1 0.8543037280701754, 0.25447733918128657, 0.044956140350877194, 0.048793859649122806
1 1.2161458333333333, 0.29559576023391815, 0.03495065789473684, 0.02549342105263158
1 1.216968201754386, 0.31971856725146197, 0.03344298245614035, 0.026133040935672515
1 0.2545230263157895, 0.3359831871345029, 0.04577850877192982, 0.027412280701754384
1 0.8134594298245614, 0.338358918128655, 0.0381030701754386, 0.03307748538011696
1 1.176672149122807, 0.3420138888888889, 0.046052631578947366, 0.021747076023391813
1 0.8556743421052632, 0.3516995614035088, 0.02480811403508772, 0.036915204678362575
1 0.5964583333333333, 0.10334429824561403, 0.0693859649122807, 0.017132675438596492
1 0.6572450657894737, 0.09989948830409356, 0.07555372807017544, 0.02007858187134503
1 0.5686677631578947, 0.11508589181286549, 0.06599506578947369, 0.021929824561403508
1 0.623766447368421, 0.10544590643274854, 0.04838267543859649, 0.028669590643274852
1 0.8264117324561403, 0.04322002923976608, 0.03522478070175439, 0.03983918128654971
1 0.9963322368421053, 0.10964912280701754, 0.022993421052631576, 0.04516081871345029
1 1.006921600877193, 0.11896929824561403, 0.046463815789473686, 0.036686769005847955
1 1.0481770833333333, 0.12545687134502925, 0.033717105263157895, 0.031615497076023395
1 1.2443804824561404, 0.1272843567251462, 0.0341968201754386, 0.054733187134502925
1 1.3589638157894737, 0.11385233918128655, 0.06044407894736842, 0.023757309941520467
1 1.3405290570175439, 0.10188230994152046, 0.07552083333333333, 0.015213815789473685
1 1.2190241228070176, 0.12815241228070176, 0.028645833333333332, 0.015213815789473685
1 0.8078399122807017, 0.11590826023391813, 0.037075109649122806, 0.038788377192982455
1 0.8012828947368421, 0.10516447368421053, 0.04797149122807018, 0.033397295321637425
1 0.7752878289473685, 0.10558296783625731, 0.047149122807017545, 0.02919407894736842
1 0.8554002192982456, 0.11038011695906433, 0.06263706140350878, 0.02161001461988304
1 0.8377878289473685, 0.14071637426900585, 0.03570449561403509, 0.02403143274853801
1 1.0815515350877194, 0.08196271929824561, 0.05537280701754386, 0.0222953216374269
1 1.1152686403508771, 0.07648026315789473, 0.06195175438596491, 0.028782894736842105
1 1.3889802631578947, 0.08159722222222222, 0.07099780701754387, 0.03344298245614035
1 1.4018640350877194, 0.07510964912280702, 0.05866228070175439, 0.03179824561403509
