1 0.92, 0.20, 0.04, 0.03
1 0.93, 0.21, 0.06, 0.02
1 0.82, 0.21, 0.04, 0.02
1 1.39, 0.25, 0.03, 0.04
1 1.42, 0.25, 0.03, 0.03
1 1.21, 0.25, 0.04, 0.04
1 0.67, 0.25, 0.02, 0.03
1 0.59, 0.26, 0.03, 0.03
1 1.18, 0.26, 0.04, 0.04
1 0.69, 0.26, 0.03, 0.03
1 0.74, 0.26, 0.02, 0.04
1 0.72, 0.26, 0.04, 0.04
1 0.98, 0.26, 0.03, 0.04
1 1.01, 0.27, 0.03, 0.03
1 1.02, 0.30, 0.03, 0.03
1 0.98, 0.31, 0.06, 0.03
1 1.00, 0.33, 0.04, 0.03
1 0.95, 0.26, 0.05, 0.03
1 0.62, 0.26, 0.03, 0.04
1 0.61, 0.30, 0.03, 0.04
1 1.06, 0.26, 0.03, 0.04
1 1.31, 0.27, 0.03, 0.02
1 1.09, 0.27, 0.02, 0.03
1 1.23, 0.27, 0.04, 0.03
1 0.65, 0.27, 0.02, 0.04
1 1.03, 0.27, 0.03, 0.03
1 1.28, 0.27, 0.03, 0.03
1 1.46, 0.27, 0.03, 0.03
1 0.92, 0.27, 0.02, 0.03
1 1.34, 0.27, 0.06, 0.02
1 1.36, 0.29, 0.05, 0.01
1 0.56, 0.27, 0.03, 0.03
1 0.81, 0.27, 0.03, 0.04
1 1.12, 0.27, 0.02, 0.03
1 0.85, 0.28, 0.02, 0.03
1 0.51, 0.28, 0.03, 0.04
1 0.88, 0.28, 0.03, 0.04
1 0.91, 0.28, 0.03, 0.03
1 0.89, 0.30, 0.07, 0.03
1 0.78, 0.28, 0.03, 0.04
1 1.14, 0.28, 0.03, 0.04
1 1.16, 0.28, 0.04, 0.03
1 1.15, 0.30, 0.03, 0.03
1 1.18, 0.31, 0.03, 0.03
1 1.14, 0.32, 0.03, 0.03
1 1.20, 0.33, 0.05, 0.01
1 1.17, 0.34, 0.06, 0.02
1 1.23, 0.35, 0.03, 0.03
1 1.24, 0.35, 0.03, 0.04
1 1.33, 0.31, 0.05, 0.02
1 1.31, 0.31, 0.03, 0.04
1 1.31, 0.33, 0.05, 0.04
1 0.69, 0.28, 0.02, 0.03
1 0.74, 0.28, 0.04, 0.03
1 0.82, 0.28, 0.03, 0.04
1 0.83, 0.30, 0.03, 0.03
1 0.67, 0.29, 0.02, 0.03
1 0.95, 0.29, 0.03, 0.03
1 0.90, 0.31, 0.06, 0.02
1 0.93, 0.32, 0.04, 0.03
1 0.88, 0.33, 0.06, 0.02
1 0.96, 0.35, 0.02, 0.03
1 0.93, 0.36, 0.02, 0.03
1 0.95, 0.36, 0.03, 0.03
1 0.88, 0.36, 0.04, 0.04
1 1.09, 0.29, 0.04, 0.03
1 1.11, 0.30, 0.03, 0.03
1 0.59, 0.29, 0.02, 0.03
1 1.47, 0.29, 0.03, 0.03
1 0.49, 0.29, 0.03, 0.04
1 1.26, 0.29, 0.03, 0.03
1 1.23, 0.29, 0.04, 0.02
1 1.20, 0.29, 0.03, 0.04
1 1.22, 0.30, 0.03, 0.03
1 1.25, 0.31, 0.04, 0.04
1 1.27, 0.31, 0.05, 0.02
1 1.25, 0.33, 0.04, 0.03
1 1.28, 0.33, 0.03, 0.04
1 1.28, 0.37, 0.03, 0.04
1 1.30, 0.29, 0.03, 0.03
1 0.86, 0.29, 0.03, 0.03
1 0.85, 0.31, 0.05, 0.03
1 1.04, 0.30, 0.03, 0.05
1 1.06, 0.30, 0.03, 0.03
1 1.06, 0.33, 0.02, 0.04
1 1.04, 0.34, 0.04, 0.04
1 1.07, 0.36, 0.03, 0.04
1 0.70, 0.30, 0.04, 0.04
1 0.67, 0.33, 0.05, 0.02
1 0.73, 0.33, 0.04, 0.02
1 0.74, 0.34, 0.04, 0.03
1 0.66, 0.34, 0.02, 0.03
1 0.68, 0.35, 0.04, 0.03
1 0.44, 0.30, 0.04, 0.03
1 0.47, 0.33, 0.02, 0.02
1 1.47, 0.33, 0.03, 0.02
1 0.64, 0.30, 0.03, 0.03
1 0.55, 0.30, 0.03, 0.04
1 0.57, 0.32, 0.02, 0.04
1 0.42, 0.31, 0.04, 0.03
1 0.80, 0.31, 0.04, 0.03
1 0.83, 0.34, 0.05, 0.02
1 1.41, 0.31, 0.04, 0.03
1 1.44, 0.34, 0.03, 0.03
1 1.45, 0.34, 0.03, 0.03
1 1.42, 0.34, 0.02, 0.03
1 0.38, 0.31, 0.02, 0.03
1 0.60, 0.31, 0.03, 0.03
1 0.36, 0.31, 0.02, 0.03
1 1.36, 0.32, 0.05, 0.01
1 0.29, 0.32, 0.05, 0.02
1 0.33, 0.32, 0.04, 0.02
1 0.27, 0.33, 0.04, 0.02
1 0.27, 0.34, 0.05, 0.03
1 0.29, 0.36, 0.03, 0.04
1 0.31, 0.36, 0.03, 0.03
1 0.96, 0.32, 0.04, 0.02
1 0.40, 0.32, 0.03, 0.02
1 0.48, 0.32, 0.02, 0.03
1 0.52, 0.33, 0.03, 0.03
1 0.49, 0.33, 0.04, 0.02
1 1.09, 0.32, 0.03, 0.03
1 1.07, 0.32, 0.03, 0.03
1 1.40, 0.32, 0.03, 0.03
1 0.63, 0.32, 0.02, 0.03
1 1.35, 0.33, 0.05, 0.02
1 1.35, 0.34, 0.05, 0.02
1 1.39, 0.34, 0.02, 0.03
1 1.39, 0.35, 0.04, 0.03
1 1.39, 0.36, 0.04, 0.03
1 1.48, 0.38, 0.02, 0.03
1 0.98, 0.33, 0.03, 0.04
1 0.99, 0.34, 0.02, 0.04
1 0.45, 0.33, 0.02, 0.04
1 0.43, 0.33, 0.02, 0.03
1 0.39, 0.33, 0.02, 0.03
1 0.38, 0.34, 0.02, 0.04
1 0.36, 0.34, 0.02, 0.04
1 0.54, 0.34, 0.03, 0.03
1 0.49, 0.35, 0.06, 0.02
1 0.48, 0.36, 0.05, 0.02
1 0.56, 0.36, 0.03, 0.03
1 0.55, 0.37, 0.03, 0.03
1 0.71, 0.34, 0.02, 0.04
1 0.77, 0.34, 0.05, 0.01
1 0.76, 0.35, 0.02, 0.04
1 0.75, 0.38, 0.04, 0.03
1 0.94, 0.34, 0.04, 0.02
1 0.41, 0.34, 0.02, 0.04
1 1.12, 0.36, 0.03, 0.05
1 1.15, 0.37, 0.02, 0.03
1 0.79, 0.35, 0.05, 0.02
1 0.82, 0.37, 0.02, 0.03
1 0.57, 0.35, 0.02, 0.04
1 1.02, 0.35, 0.03, 0.03
1 1.03, 0.35, 0.03, 0.03
1 0.83, 0.35, 0.03, 0.04
1 0.65, 0.35, 0.02, 0.02
1 0.65, 0.37, 0.03, 0.04
1 0.24, 0.35, 0.03, 0.01
1 0.98, 0.35, 0.02, 0.03
1 1.36, 0.35, 0.02, 0.03
1 1.34, 0.35, 0.03, 0.04
1 1.31, 0.36, 0.03, 0.04
1 1.32, 0.39, 0.06, 0.03
1 0.78, 0.36, 0.02, 0.04
1 0.59, 0.36, 0.02, 0.03
1 0.42, 0.36, 0.02, 0.03
1 0.68, 0.36, 0.03, 0.03
1 0.38, 0.36, 0.04, 0.03
1 0.71, 0.36, 0.03, 0.03
1 0.79, 0.36, 0.03, 0.05
1 1.17, 0.37, 0.02, 0.04
1 0.74, 0.37, 0.03, 0.04
1 0.26, 0.37, 0.04, 0.03
1 1.19, 0.37, 0.03, 0.04
1 0.86, 0.37, 0.01, 0.02
1 1.21, 0.37, 0.03, 0.03
1 0.24, 0.37, 0.04, 0.02
1 0.87, 0.37, 0.03, 0.04
1 0.53, 0.37, 0.03, 0.04
1 0.52, 0.37, 0.03, 0.03
1 0.47, 0.37, 0.03, 0.03
1 0.49, 0.37, 0.03, 0.04
1 1.26, 0.37, 0.02, 0.04
1 1.09, 0.37, 0.02, 0.04
1 0.59, 0.38, 0.03, 0.03
1 0.56, 0.41, 0.03, 0.03
1 0.63, 0.38, 0.02, 0.03
1 1.44, 0.39, 0.03, 0.03
1 1.46, 0.39, 0.03, 0.04
1 1.00, 0.39, 0.03, 0.04
1 1.02, 0.41, 0.02, 0.03
1 0.68, 0.39, 0.02, 0.04
1 0.68, 0.41, 0.04, 0.04
1 1.07, 0.39, 0.03, 0.03
1 0.69, 0.39, 0.04, 0.02
1 0.98, 0.39, 0.03, 0.02
1 1.24, 0.40, 0.02, 0.03
1 0.83, 0.40, 0.03, 0.04
1 0.60, 0.40, 0.03, 0.03
1 1.21, 0.40, 0.03, 0.04
1 0.56, 0.40, 0.02, 0.03
1 1.26, 0.40, 0.05, 0.03
1 1.16, 0.40, 0.05, 0.02
1 0.77, 0.41, 0.04, 0.04
1 0.79, 0.42, 0.03, 0.02
1 0.77, 0.43, 0.04, 0.03
1 0.79, 0.41, 0.04, 0.01
1 1.39, 0.41, 0.04, 0.03
1 0.71, 0.41, 0.04, 0.04
1 0.74, 0.41, 0.03, 0.03
1 0.93, 0.41, 0.02, 0.04
1 0.96, 0.41, 0.05, 0.02
1 0.92, 0.41, 0.04, 0.05
1 0.96, 0.42, 0.03, 0.04
1 1.32, 0.41, 0.06, 0.02
1 1.03, 0.41, 0.03, 0.04
1 1.06, 0.41, 0.04, 0.03
1 1.05, 0.42, 0.04, 0.04
1 1.08, 0.44, 0.02, 0.03
1 1.15, 0.41, 0.03, 0.04
1 1.10, 0.42, 0.02, 0.03
1 1.35, 0.42, 0.03, 0.03
1 1.48, 0.42, 0.02, 0.02
1 0.88, 0.42, 0.05, 0.02
1 0.64, 0.42, 0.03, 0.03
1 0.58, 0.42, 0.03, 0.03
1 1.30, 0.42, 0.04, 0.04
1 1.27, 0.43, 0.04, 0.04
1 1.30, 0.44, 0.02, 0.03
1 1.32, 0.45, 0.02, 0.03
1 1.12, 0.42, 0.04, 0.04
1 0.86, 0.42, 0.03, 0.02
1 0.85, 0.43, 0.03, 0.03
1 0.85, 0.44, 0.04, 0.04
1 0.84, 0.46, 0.04, 0.03
1 0.62, 0.42, 0.03, 0.04
1 1.40, 0.43, 0.04, 0.03
1 0.89, 0.43, 0.04, 0.04
1 0.88, 0.43, 0.02, 0.03
1 1.20, 0.43, 0.05, 0.02
1 0.80, 0.44, 0.05, 0.02
1 1.12, 0.44, 0.04, 0.02
1 0.24, 0.44, 0.04, 0.03
1 0.99, 0.44, 0.03, 0.03
1 0.69, 0.44, 0.03, 0.04
1 1.26, 0.44, 0.03, 0.03
1 1.45, 0.44, 0.04, 0.04
1 0.38, 0.44, 0.03, 0.03
1 1.11, 0.46, 0.02, 0.04
1 1.13, 0.47, 0.05, 0.02
1 0.27, 0.44, 0.02, 0.03
1 0.43, 0.44, 0.03, 0.04
1 0.82, 0.45, 0.03, 0.04
1 0.40, 0.45, 0.03, 0.03
1 0.75, 0.45, 0.04, 0.03
1 1.33, 0.45, 0.04, 0.03
1 0.93, 0.45, 0.03, 0.04
1 1.08, 0.45, 0.03, 0.04
1 1.40, 0.45, 0.04, 0.03
1 1.06, 0.45, 0.03, 0.03
1 0.71, 0.45, 0.02, 0.03
1 0.73, 0.45, 0.02, 0.04
1 1.01, 0.45, 0.04, 0.04
1 0.90, 0.45, 0.03, 0.03
1 0.74, 0.45, 0.03, 0.03
1 0.79, 0.45, 0.04, 0.02
1 1.16, 0.45, 0.04, 0.02
1 0.95, 0.46, 0.03, 0.04
1 1.19, 0.46, 0.03, 0.03
1 1.18, 0.46, 0.02, 0.03
1 1.15, 0.46, 0.04, 0.02
1 0.90, 0.46, 0.03, 0.03
1 0.97, 0.46, 0.02, 0.04
1 0.61, 0.47, 0.05, 0.02
1 1.05, 0.47, 0.04, 0.04
1 1.10, 0.47, 0.02, 0.03
1 1.20, 0.47, 0.04, 0.03
1 1.02, 0.49, 0.02, 0.04
1 0.43, 0.54, 0.02, 0.03
1 1.39, 0.57, 0.04, 0.01
1 1.43, 0.58, 0.03, 0.02
1 0.02, 0.62, 0.02, 0.02
1 1.12, 0.62, 0.03, 0.02
1 1.10, 0.64, 0.03, 0.02
1 1.10, 0.62, 0.02, 0.02
1 1.47, 0.44, 0.03, 0.04
1 1.48, 0.48, 0.02, 0.02
1 1.33, 0.43, 0.04, 0.02
1 1.36, 0.43, 0.03, 0.03
1 1.43, 0.28, 0.03, 0.03
1 1.41, 0.30, 0.06, 0.03
1 1.44, 0.31, 0.03, 0.03
1 1.48, 0.30, 0.02, 0.03
1 1.48, 0.34, 0.02, 0.03
1 1.49, 0.36, 0.01, 0.02
1 1.32, 0.28, 0.02, 0.04
1 1.34, 0.29, 0.05, 0.02
1 1.12, 0.31, 0.04, 0.03
1 1.16, 0.32, 0.03, 0.04
1 1.17, 0.35, 0.06, 0.02
1 1.08, 0.34, 0.05, 0.03
1 1.12, 0.34, 0.05, 0.03
1 1.11, 0.36, 0.04, 0.04
1 0.88, 0.34, 0.06, 0.02
1 0.87, 0.35, 0.06, 0.02
1 0.83, 0.33, 0.05, 0.02
1 0.57, 0.43, 0.06, 0.04
1 0.60, 0.44, 0.03, 0.03
1 0.66, 0.31, 0.04, 0.03
1 0.59, 0.32, 0.03, 0.04
1 0.60, 0.33, 0.02, 0.03
1 0.62, 0.33, 0.04, 0.04
1 0.44, 0.36, 0.03, 0.04
1 0.46, 0.35, 0.02, 0.04
1 0.31, 0.33, 0.03, 0.03
1 0.34, 0.34, 0.03, 0.02
1 0.35, 0.35, 0.02, 0.03
1 0.32, 0.34, 0.03, 0.03
1 0.72, 0.31, 0.06, 0.02
1 0.70, 0.32, 0.06, 0.02
1 0.76, 0.32, 0.06, 0.02
1 1.10, 0.44, 0.04, 0.03
1 0.99, 0.29, 0.04, 0.03
1 1.43, 0.37, 0.05, 0.02
1 1.42, 0.38, 0.05, 0.01
1 0.94, 0.38, 0.03, 0.03
1 0.90, 0.37, 0.04, 0.04
