1 2356.5, 770.5, 120.0, 132.0
1 2802.5, 776.5, 81.0, 159.0
1 1830.5, 802.5, 116.0, 101.0
1 1890.5, 805.5, 147.0, 76.0
1 1814.5, 886.5, 138.0, 69.0
1 1757.5, 919.5, 147.0, 80.0
1 1846.5, 942.5, 168.0, 71.0
1 2933.5, 828.5, 88.0, 109.0
1 2384.5, 851.5, 146.0, 117.0
1 2132.5, 856.5, 75.0, 141.0
1 3537.5, 854.5, 87.0, 153.0
1 2305.5, 874.5, 79.0, 178.0
1 1922.5, 878.5, 130.0, 65.0
1 3711.5, 880.5, 83.0, 163.0
1 3773.5, 907.5, 86.0, 152.0
1 3632.5, 987.5, 120.0, 150.0
1 3852.5, 887.5, 67.0, 145.0
1 3348.5, 892.5, 113.0, 127.0
1 3320.5, 977.5, 120.0, 145.0
1 3359.5, 1019.5, 103.0, 163.0
1 1637.5, 899.5, 93.0, 151.0
1 1518.5, 1016.5, 156.0, 138.0
1 1587.5, 1031.5, 181.0, 99.0
1 1578.5, 1114.5, 184.0, 53.0
1 1530.5, 900.5, 112.0, 120.0
1 2196.5, 901.5, 62.0, 176.0
1 2749.5, 901.5, 78.0, 181.0
1 2670.5, 910.5, 82.0, 170.0
1 3616.5, 901.5, 96.0, 156.0
1 4143.5, 903.5, 149.0, 101.0
1 2409.5, 905.5, 152.0, 111.0
1 2960.5, 904.5, 107.0, 184.0
1 2352.5, 1007.5, 122.0, 116.0
1 2481.5, 1077.5, 140.0, 141.0
1 2065.5, 918.5, 70.0, 149.0
1 2111.5, 968.5, 88.0, 137.0
1 1934.5, 1004.5, 122.0, 70.0
1 1778.5, 1007.5, 163.0, 109.0
1 2912.5, 916.5, 64.0, 169.0
1 3189.0, 920.5, 97.5, 85.0
1 3153.5, 980.5, 76.0, 153.0
1 3095.5, 994.5, 83.0, 177.0
1 3124.5, 1099.5, 110.0, 169.0
1 2252.5, 929.5, 70.0, 149.0
1 2186.5, 1071.5, 151.0, 84.0
1 2843.5, 928.5, 73.0, 173.0
1 3444.5, 943.5, 121.0, 104.0
1 2445.5, 946.5, 112.0, 142.0
1 3914.5, 947.5, 99.0, 137.0
1 3074.5, 951.5, 122.0, 84.0
1 2954.5, 1002.5, 148.0, 140.0
1 1719.5, 955.5, 134.0, 86.0
1 3286.5, 960.5, 64.0, 113.0
1 3222.5, 965.5, 77.0, 141.0
1 4068.5, 969.5, 152.0, 98.0
1 4351.5, 973.5, 86.0, 154.0
1 3439.5, 982.5, 129.0, 146.0
1 4289.5, 982.5, 89.0, 171.0
1 2621.5, 989.5, 127.0, 164.0
1 2676.5, 1135.5, 150.0, 98.0
1 3557.5, 989.5, 73.0, 136.0
1 4046.5, 992.5, 161.0, 161.0
1 2767.5, 997.5, 97.0, 170.0
1 1420.5, 998.5, 102.0, 146.0
1 4633.5, 999.5, 87.0, 145.0
1 4665.5, 1131.5, 103.0, 162.0
1 4445.5, 1005.5, 71.0, 158.0
1 4476.5, 1041.5, 107.0, 167.0
1 4397.5, 1077.5, 85.0, 151.0
1 4571.5, 1020.5, 90.0, 152.0
1 3773.5, 1039.5, 166.0, 101.0
1 1912.5, 1052.5, 167.0, 120.0
1 1798.5, 1053.5, 197.0, 79.0
1 3457.5, 1062.5, 96.0, 135.0
1 3228.5, 1074.5, 87.0, 138.0
1 3281.5, 1107.5, 82.0, 178.0
1 2046.5, 1076.5, 77.0, 163.0
1 2602.5, 1082.5, 76.0, 199.0
1 2186.5, 1129.5, 173.5, 90.0
1 2151.5, 1178.5, 108.0, 157.0
1 2334.5, 1182.5, 203.0, 97.0
1 2921.07, 1089.5, 178.43, 112.0
1 2849.5, 1171.5, 98.0, 160.0
1 3943.5, 1089.5, 105.0, 158.0
1 3838.5, 1102.5, 83.0, 153.0
1 3903.5, 1108.5, 81.0, 146.0
1 3838.5, 1241.5, 207.0, 102.0
1 3669.5, 1090.5, 103.0, 125.0
1 4079.5, 1091.5, 107.0, 166.5
1 4109.5, 1235.5, 222.0, 60.0
1 2093.5, 1094.5, 97.0, 159.0
1 2080.5, 1185.5, 122.0, 152.0
1 3760.5, 1119.5, 85.0, 157.0
1 1832.5, 1127.5, 162.0, 107.0
1 3357.5, 1127.5, 129.0, 130.0
1 3563.5, 1128.5, 149.0, 138.0
1 3665.33, 1236.5, 138.17, 161.0
1 4563.5, 1130.5, 133.0, 166.0
1 1779.5, 1131.5, 170.0, 139.0
1 1736.5, 1138.5, 88.0, 147.0
1 1418.5, 1136.5, 122.0, 122.0
1 1170.5, 1150.5, 102.0, 190.0
1 1182.5, 1345.5, 174.0, 93.0
1 4312.5, 1153.5, 149.0, 140.0
1 3039.5, 1155.5, 110.0, 169.0
1 1516.5, 1158.5, 187.0, 67.0
1 1952.5, 1160.5, 101.0, 167.0
1 867.5, 1164.5, 152.0, 143.0
1 4168.5, 1167.5, 164.0, 79.0
1 1658.5, 1168.5, 86.0, 112.0
1 2539.5, 1179.5, 117.0, 179.0
1 2519.5, 1276.5, 107.0, 121.0
1 1220.5, 1183.5, 117.0, 167.0
1 1094.5, 1185.5, 98.0, 154.0
1 4458.5, 1184.5, 110.0, 158.0
1 3182.5, 1186.5, 96.0, 157.0
1 4743.5, 1199.5, 118.0, 150.0
1 3725.5, 1200.5, 98.0, 161.0
1 2965.5, 1202.5, 129.0, 200.0
1 3423.5, 1203.5, 125.0, 184.0
1 1367.5, 1208.5, 71.0, 155.0
1 1435.5, 1214.5, 182.0, 100.0
1 1304.5, 1262.5, 68.0, 111.0
1 4838.5, 1210.5, 158.0, 109.0
1 2196.5, 1215.5, 151.0, 161.0
1 4556.5, 1216.5, 108.0, 140.0
1 1490.5, 1224.5, 169.0, 128.0
1 2718.5, 1225.5, 125.0, 174.0
1 2805.5, 1224.5, 89.0, 176.0
1 1968.5, 1235.5, 119.0, 142.0
1 1857.5, 1238.5, 106.0, 154.0
1 2283.5, 1242.5, 179.0, 92.0
1 3485.5, 1242.5, 109.0, 141.0
1 3369.5, 1250.5, 177.0, 191.0
1 3381.5, 1365.5, 162.0, 136.0
1 4351.5, 1251.5, 120.0, 180.0
1 1560.5, 1266.5, 96.0, 171.0
1 1468.5, 1352.5, 112.0, 162.0
1 2440.5, 1270.5, 127.0, 162.0
1 1647.5, 1271.5, 161.0, 83.0
1 1669.5, 1318.5, 147.0, 145.0
1 1684.5, 1273.5, 204.0, 290.0
1 3095.5, 1273.5, 95.0, 137.0
1 3889.5, 1278.5, 197.0, 112.0
1 4146.5, 1282.5, 167.0, 77.0
1 4055.5, 1300.5, 158.0, 136.0
1 3990.5, 1353.5, 168.0, 94.0
1 3309.5, 1283.5, 76.0, 187.0
1 2941.5, 1295.5, 120.0, 171.0
1 2651.5, 1297.5, 106.0, 171.0
1 4660.5, 1298.5, 154.0, 148.0
1 1350.5, 1314.5, 155.0, 146.0
1 2330.5, 1317.5, 98.0, 171.0
1 905.5, 1319.5, 159.0, 97.0
1 1056.5, 1321.5, 119.0, 141.0
1 4294.5, 1321.5, 139.0, 200.0
1 2880.5, 1324.5, 118.0, 164.0
1 2210.5, 1335.5, 151.0, 149.0
1 2054.5, 1337.5, 129.0, 136.0
1 1918.5, 1341.5, 127.0, 103.0
1 1989.5, 1391.5, 113.0, 110.0
1 2426.5, 1341.5, 126.0, 126.0
1 1600.5, 1344.5, 138.0, 91.0
1 4515.5, 1352.5, 165.0, 138.0
1 3653.5, 1358.5, 198.0, 120.0
1 4208.5, 1359.5, 137.0, 104.0
1 4428.5, 1359.5, 137.0, 140.0
1 3837.5, 1360.5, 95.0, 143.0
1 3909.5, 1380.5, 107.0, 213.0
1 2573.5, 1376.5, 80.0, 168.0
1 2732.5, 1390.5, 148.0, 72.0
1 1830.5, 1396.5, 101.0, 175.0
1 3555.5, 1398.5, 85.0, 210.0
1 3580.5, 1586.5, 109.0, 216.0
1 887.5, 1420.5, 97.0, 96.0
1 1411.5, 1421.5, 88.0, 128.0
1 1338.5, 1538.5, 198.0, 125.0
1 3128.5, 1421.5, 85.0, 171.0
1 3056.5, 1426.5, 79.0, 203.0
1 1529.5, 1429.5, 146.0, 100.0
1 3702.5, 1433.5, 113.0, 168.0
1 4101.5, 1432.5, 185.0, 76.0
1 4305.5, 1456.5, 120.0, 163.0
1 4246.5, 1535.5, 141.0, 209.0
1 4015.5, 1435.5, 93.0, 156.0
1 2474.5, 1441.5, 128.0, 88.0
1 1255.5, 1446.5, 90.0, 140.0
1 3297.5, 1449.5, 138.0, 155.0
1 4637.5, 1446.5, 106.0, 192.0
1 4558.5, 1456.5, 103.0, 170.0
1 4482.5, 1526.5, 97.0, 164.0
1 4543.5, 1612.5, 185.0, 93.0
1 1734.5, 1448.5, 108.0, 166.0
1 2656.5, 1451.5, 240.0, 108.0
1 2216.5, 1453.5, 112.0, 149.0
1 2987.5, 1466.5, 80.0, 181.0
1 2397.5, 1470.5, 115.0, 153.0
1 2022.5, 1478.5, 192.0, 84.0
1 2275.5, 1483.5, 131.0, 116.0
1 2910.5, 1490.5, 85.0, 159.0
1 2813.5, 1516.5, 101.0, 182.0
1 2886.5, 1583.5, 91.0, 154.0
1 4045.5, 1497.5, 132.0, 153.0
1 1910.5, 1506.5, 142.0, 167.0
1 3365.5, 1505.5, 171.0, 143.0
1 3819.5, 1505.5, 117.0, 161.0
1 3766.5, 1603.5, 131.0, 200.0
1 4127.5, 1505.5, 90.0, 168.0
1 1495.5, 1538.5, 135.0, 89.0
1 2731.5, 1553.5, 96.0, 172.0
1 2679.5, 1646.5, 141.0, 136.0
1 4409.5, 1553.5, 76.0, 205.0
1 4351.5, 1632.5, 120.0, 200.0
1 3132.5, 1568.5, 173.0, 87.0
1 3877.5, 1594.5, 76.0, 167.0
1 3949.5, 1596.5, 169.0, 157.0
1 2305.5, 1606.5, 135.0, 176.0
1 2412.5, 1610.5, 97.0, 201.0
1 3027.5, 1620.5, 115.0, 219.0
1 4079.5, 1621.5, 93.0, 164.0
1 3454.5, 1624.5, 115.0, 203.0
1 3374.5, 1629.5, 111.0, 186.0
1 1609.5, 1630.5, 102.0, 183.0
1 3256.5, 1630.5, 101.0, 187.0
1 1968.5, 1657.5, 71.0, 158.0
1 4526.5, 1664.5, 202.0, 129.0
1 3703.5, 1673.5, 103.0, 168.0
1 906.5, 1696.5, 102.0, 187.0
1 820.5, 1896.5, 129.0, 234.0
1 678.5, 2090.5, 187.0, 67.0
1 1172.5, 1683.5, 82.0, 158.0
1 990.5, 1685.5, 110.0, 181.0
1 4486.5, 1684.5, 182.0, 173.0
1 4444.5, 1779.0, 155.0, 111.5
1 1364.5, 1687.5, 130.0, 170.0
1 1088.5, 1693.5, 89.0, 121.62
1 1062.5, 1778.5, 98.0, 208.0
1 3532.5, 1700.5, 90.0, 170.0
1 4158.5, 1702.5, 96.0, 137.0
1 405.5, 1706.5, 117.0, 162.0
1 2004.5, 1709.5, 83.0, 160.0
1 1919.5, 1828.5, 185.0, 120.0
1 3084.5, 1713.5, 91.0, 204.0
1 2967.5, 1820.5, 165.0, 186.0
1 3111.5, 1868.5, 115.0, 157.0
1 3794.5, 1722.5, 57.0, 163.0
1 2201.5, 1737.5, 97.0, 142.0
1 662.5, 1738.5, 79.0, 200.0
1 584.5, 1855.5, 119.0, 217.0
1 2843.5, 1738.5, 104.0, 215.0
1 1662.5, 1743.5, 117.0, 148.0
1 1697.5, 1800.5, 99.0, 123.0
1 2086.5, 1742.5, 155.0, 147.0
1 3848.5, 1761.5, 130.0, 123.0
1 2629.5, 1762.5, 111.0, 163.0
1 3941.5, 1767.5, 129.0, 207.0
1 2399.5, 1771.5, 178.0, 148.0
1 3189.5, 1771.5, 102.0, 191.0
1 3182.5, 1955.5, 130.0, 201.0
1 727.0, 1773.5, 54.5, 133.0
1 2330.5, 1774.5, 84.0, 159.0
1 2507.5, 1781.5, 130.0, 150.0
1 4256.5, 1784.5, 123.0, 183.0
1 4115.5, 1839.5, 212.0, 118.0
1 3374.5, 1798.5, 162.0, 190.0
1 2747.5, 1804.5, 96.0, 235.0
1 452.5, 1807.5, 164.0, 167.0
1 1859.5, 1807.5, 95.0, 186.0
1 1776.5, 1985.5, 190.0, 145.0
1 2249.5, 1818.5, 78.0, 166.0
1 1070.5, 2000.5, 174.81, 70.0
1 1041.5, 2051.5, 184.0, 128.0
1 3336.5, 1824.5, 120.0, 198.0
1 3278.5, 1836.5, 137.0, 190.0
1 205.5, 1827.5, 121.0, 174.0
1 157.5, 1953.5, 103.0, 161.0
1 223.5, 1958.5, 143.0, 144.0
1 163.5, 2058.5, 204.5, 122.0
1 23.5, 2138.5, 132.0, 115.0
1 432.5, 2138.5, 112.76, 181.0
1 260.5, 2156.88, 180.0, 53.62
1 77.5, 2212.5, 179.0, 88.0
1 0.5, 2278.5, 144.0, 104.0
1 1524.5, 1840.5, 93.0, 192.0
1 3634.5, 1842.5, 121.0, 146.0
1 3480.5, 1844.5, 161.0, 183.0
1 314.5, 1850.5, 121.0, 165.0
1 1218.5, 1854.5, 110.0, 186.0
1 981.5, 1868.5, 99.0, 192.0
1 3757.5, 1872.5, 198.0, 82.0
1 1353.5, 1879.5, 138.0, 205.0
1 1383.5, 1951.5, 129.0, 184.0
1 4434.5, 1879.5, 201.0, 88.0
1 1604.5, 1888.5, 100.0, 209.0
1 1676.5, 1894.5, 99.0, 211.0
1 2153.5, 1891.5, 98.0, 220.0
1 2917.5, 1890.5, 86.0, 197.0
1 2819.5, 1937.5, 108.0, 152.0
1 714.5, 1894.5, 117.0, 202.0
1 2669.5, 1897.5, 96.0, 219.0
1 1805.5, 1898.5, 91.0, 129.0
1 1939.5, 1904.5, 124.5, 76.0
1 2048.5, 1933.5, 84.0, 198.0
1 4006.5, 1907.5, 90.0, 196.0
1 2305.5, 1927.5, 117.0, 155.0
1 2470.5, 1930.5, 110.0, 154.0
1 4130.5, 1930.5, 135.0, 153.0
1 2986.5, 1940.5, 95.0, 177.0
1 1971.5, 1968.5, 84.0, 181.0
1 82.5, 1981.5, 74.0, 124.0
1 3763.5, 1980.5, 102.0, 246.0
1 2214.5, 1986.5, 87.0, 200.0
1 3911.5, 1986.5, 99.0, 143.0
1 2578.5, 1995.5, 108.0, 123.0
1 3300.5, 2008.5, 80.0, 212.0
1 3115.5, 2145.5, 197.0, 110.0
1 3170.5, 2206.5, 184.0, 110.0
1 3073.5, 2238.5, 104.0, 182.0
1 869.5, 2012.5, 118.0, 186.0
1 2275.5, 2013.5, 101.0, 201.0
1 3369.5, 2019.5, 131.0, 177.0
1 3526.5, 2018.5, 102.0, 201.0
1 2989.5, 2029.5, 185.0, 125.0
1 3668.5, 2030.5, 107.0, 173.0
1 2706.5, 2031.5, 138.0, 178.0
1 1822.5, 2046.5, 161.0, 152.0
1 2353.5, 2078.5, 89.0, 144.0
1 2610.5, 2081.5, 97.0, 201.0
1 489.5, 2082.5, 184.0, 90.0
1 2773.5, 2085.5, 178.0, 131.0
1 3609.5, 2086.5, 101.0, 126.0
1 3602.5, 2199.5, 102.0, 142.0
1 4037.5, 2088.5, 108.0, 250.0
1 4263.5, 2091.5, 85.0, 204.0
1 934.5, 2105.5, 98.0, 160.0
1 2067.5, 2104.5, 150.0, 167.0
1 2522.5, 2105.5, 90.0, 120.0
1 2434.5, 2115.5, 186.0, 155.0
1 1690.5, 2107.5, 126.0, 119.0
1 2060.5, 2108.5, 110.0, 94.0
1 1525.5, 2125.5, 172.0, 94.0
1 4176.5, 2112.5, 111.0, 207.0
1 999.5, 2117.5, 116.0, 206.0
1 1230.5, 2117.5, 115.0, 140.0
1 1871.5, 2125.5, 116.0, 172.0
1 1894.5, 2200.5, 190.0, 112.0
1 1935.5, 2127.5, 138.0, 119.0
1 2976.5, 2129.5, 197.0, 101.0
1 0.0, 2130.5, 32.5, 175.0
1 3942.5, 2133.5, 89.0, 161.0
1 3890.5, 2218.5, 103.0, 157.0
1 4003.5, 2352.5, 119.0, 169.0
1 3696.5, 2411.5, 130.0, 159.0
1 3603.5, 2423.5, 151.0, 170.0
1 3884.5, 2439.5, 155.0, 73.0
1 3914.5, 2469.5, 146.0, 219.0
1 4006.5, 2494.5, 121.0, 198.0
1 3605.5, 2531.5, 83.0, 111.0
1 3707.5, 2548.5, 140.0, 82.0
1 3646.5, 2607.5, 153.0, 115.0
1 3847.5, 2613.5, 121.0, 136.0
1 3413.5, 2145.5, 109.0, 189.0
1 2879.5, 2146.5, 145.0, 136.38
1 3014.5, 2210.5, 98.0, 113.0
1 681.5, 2150.5, 217.0, 84.0
1 3817.5, 2153.5, 117.0, 161.0
1 1056.5, 2158.5, 201.0, 138.0
1 1085.5, 2233.5, 190.0, 62.0
1 1225.13, 2254.5, 76.37, 131.88
1 1142.5, 2270.5, 113.0, 221.0
1 1206.5, 2400.12, 72.02, 54.38
1 2139.5, 2169.5, 128.0, 89.0
1 3993.5, 2180.5, 95.0, 187.0
1 1551.5, 2184.5, 72.0, 166.0
1 1476.5, 2198.5, 87.0, 127.0
1 1358.5, 2224.5, 89.0, 123.0
1 1489.5, 2331.5, 95.0, 178.0
1 479.5, 2187.5, 166.0, 163.0
1 578.96, 2202.24, 191.0, 98.0
1 687.56, 2224.15, 122.82, 114.0
1 684.5, 2297.5, 92.0, 113.0
1 498.14, 2333.5, 97.38, 197.88
1 714.5, 2368.5, 105.0, 175.0
1 819.5, 2380.5, 94.0, 161.0
1 585.5, 2385.5, 131.0, 207.0
1 754.5, 2544.5, 127.0, 181.0
1 667.5, 2552.5, 100.5, 175.0
1 1660.5, 2191.5, 125.0, 92.0
1 1798.5, 2197.5, 92.0, 189.0
1 1664.5, 2240.0, 148.0, 115.5
1 3494.5, 2204.5, 129.0, 142.0
1 2670.5, 2208.5, 135.8, 152.38
1 2853.5, 2261.5, 88.0, 208.0
1 2795.5, 2309.5, 82.0, 152.0
1 2739.5, 2358.5, 94.0, 228.0
1 2817.5, 2476.5, 166.0, 173.0
1 2115.5, 2219.5, 167.0, 164.0
1 768.5, 2221.5, 144.0, 156.0
1 771.5, 2318.5, 115.0, 188.0
1 1575.5, 2220.5, 95.0, 169.0
1 1585.5, 2381.5, 57.0, 129.0
1 2243.5, 2221.5, 245.0, 82.0
1 2210.5, 2266.5, 80.0, 160.0
1 2025.5, 2379.5, 89.0, 202.0
1 3644.5, 2223.5, 127.0, 168.0
1 3729.5, 2228.5, 88.0, 185.0
1 3318.5, 2225.5, 99.0, 156.0
1 3222.5, 2369.5, 155.0, 176.0
1 1304.5, 2241.5, 101.0, 165.0
1 2492.5, 2250.5, 126.0, 213.0
1 2516.5, 2321.5, 134.0, 208.0
1 2250.5, 2346.5, 183.0, 172.0
1 2293.5, 2390.5, 162.0, 163.0
1 2185.5, 2403.5, 79.0, 93.0
1 869.5, 2255.5, 134.0, 100.0
1 4098.5, 2257.5, 127.0, 166.0
1 4248.5, 2259.5, 199.0, 108.0
1 273.5, 2285.5, 194.0, 80.0
1 3110.5, 2315.5, 127.0, 159.0
1 3152.5, 2444.5, 116.0, 226.0
1 3018.5, 2456.5, 138.0, 150.0
1 3771.5, 2287.5, 128.0, 128.0
1 1038.5, 2292.5, 140.0, 67.0
1 1866.5, 2295.5, 189.4, 87.0
1 1225.63, 2312.5, 149.43, 185.5
1 1342.7, 2341.5, 117.8, 158.0
1 3359.5, 2315.5, 114.0, 83.0
1 3472.5, 2374.5, 150.0, 142.0
1 3548.5, 2314.5, 165.0, 157.0
1 3003.5, 2317.5, 114.0, 152.0
1 3452.5, 2322.5, 111.0, 87.0
1 1000.5, 2329.5, 140.0, 140.0
1 914.5, 2340.5, 108.0, 72.0
1 1684.5, 2332.5, 111.0, 146.0
1 1628.5, 2354.5, 119.0, 176.0
1 2574.5, 2355.5, 97.0, 241.0
1 4266.5, 2359.5, 143.0, 85.0
1 4297.5, 2395.5, 115.0, 149.0
1 4363.5, 2532.5, 150.0, 217.0
1 4191.5, 2366.5, 77.0, 231.0
1 4123.5, 2384.5, 81.0, 211.0
1 4264.5, 2445.5, 115.0, 194.0
1 4145.5, 2560.5, 86.0, 227.0
1 4072.5, 2575.5, 96.0, 192.0
1 4219.5, 2595.5, 210.0, 138.0
1 -0.5, 2371.5, 230.0, 101.0
1 1857.5, 2370.5, 149.0, 70.0
1 1998.5, 2414.5, 66.0, 160.0
1 3292.5, 2382.5, 146.0, 159.0
1 3301.0, 2530.5, 157.5, 185.0
1 1776.5, 2388.5, 88.0, 206.0
1 1024.5, 2391.5, 99.0, 164.0
1 902.5, 2397.5, 150.0, 226.0
1 969.5, 2413.5, 88.0, 134.0
1 3388.5, 2402.5, 84.0, 187.0
1 3434.5, 2463.5, 119.0, 160.0
1 3487.5, 2512.5, 131.0, 173.0
1 1851.5, 2406.5, 76.0, 175.0
1 4482.5, 2427.5, 142.0, 163.0
1 4605.5, 2450.5, 92.0, 189.0
1 4402.5, 2477.5, 141.0, 196.0
1 1907.5, 2429.5, 94.0, 208.0
1 2106.5, 2436.5, 179.0, 127.0
1 2989.5, 2463.5, 113.0, 211.0
1 1460.5, 2467.5, 129.0, 148.0
1 2389.5, 2480.5, 180.0, 141.0
1 1580.5, 2486.5, 107.0, 226.0
1 3782.5, 2497.5, 184.0, 68.0
1 639.5, 2505.5, 108.0, 147.0
1 1155.5, 2514.5, 218.0, 119.0
1 3237.5, 2529.5, 133.0, 160.0
1 836.5, 2530.5, 167.0, 155.0
1 1467.5, 2533.5, 120.0, 198.0
1 291.5, 2550.5, 204.0, 124.0
1 117.5, 2553.5, 126.0, 202.0
1 3787.5, 2561.5, 153.0, 130.0
1 2259.5, 2567.5, 191.0, 103.0
1 1017.5, 2575.5, 96.0, 142.0
1 4604.5, 2594.5, 139.0, 164.0
1 1191.5, 2623.5, 213.0, 107.0
1 1970.5, 2628.5, 86.0, 161.0
1 1903.5, 2659.5, 100.0, 160.0
1 3115.5, 2647.5, 132.0, 263.0
1 3231.5, 2649.5, 97.0, 204.0
1 1093.5, 2657.5, 87.0, 165.0
1 1269.5, 2725.5, 126.0, 169.0
1 1148.5, 2758.5, 175.0, 185.0
1 4232.5, 2659.5, 175.0, 164.0
1 2943.5, 2669.5, 94.0, 183.0
1 1662.5, 2675.5, 143.0, 216.0
1 1503.5, 2675.5, 162.0, 101.0
1 922.5, 2682.5, 126.0, 199.0
1 1001.5, 2709.5, 132.0, 211.0
1 214.0, 2684.5, 118.5, 209.0
1 2370.5, 2692.5, 172.0, 115.0
1 2807.5, 2702.5, 107.0, 133.0
1 3244.5, 2719.0, 123.0, 231.5
1 2647.5, 2719.5, 95.0, 172.0
1 1995.5, 2721.5, 92.0, 168.0
1 735.5, 2729.5, 145.0, 150.0
1 0.5, 2739.5, 111.0, 179.0
1 135.5, 2743.5, 123.0, 212.0
1 663.5, 2745.5, 110.0, 196.0
1 870.5, 2746.5, 132.0, 177.0
1 3452.5, 2750.5, 143.0, 216.0
1 3590.5, 2764.5, 90.0, 192.0
1 421.5, 2755.5, 118.0, 216.0
1 2160.5, 2765.5, 191.0, 138.0
1 348.0, 2776.5, 113.5, 193.0
1 3000.5, 2771.5, 129.0, 81.0
1 3369.5, 2781.5, 95.0, 249.0
1 2279.5, 2794.5, 166.0, 217.0
1 2431.5, 2810.5, 160.0, 94.0
1 804.5, 2797.5, 102.0, 148.0
1 2845.5, 2799.5, 87.0, 154.0
1 4058.5, 2806.5, 142.0, 216.0
1 2054.14, 2814.5, 114.36, 246.0
1 2527.5, 2825.5, 164.0, 158.0
1 291.5, 2833.5, 133.0, 258.0
1 2949.5, 2839.5, 136.0, 135.0
1 3285.5, 2845.5, 105.0, 206.0
1 3702.5, 2861.5, 102.0, 157.0
1 2428.5, 2871.5, 110.0, 105.0
1 4559.5, 2872.5, 101.0, 218.0
1 3748.5, 2896.5, 117.0, 157.0
1 3793.5, 2904.5, 168.0, 162.0
1 3452.5, 2929.5, 159.0, 97.0
1 2846.5, 3031.5, 178.0, 224.0
1 689.5, 3169.5, 98.0, 218.0
1 1678.5, 3316.5, 74.0, 127.0
1 3057.5, 3427.5, 183.0, 102.0
1 4382.5, 3484.5, 158.0, 157.0
1 241.5, 2221.5, 87.89, 141.0
1 250.2, 2343.47, 230.22, 106.98
1 389.31, 2304.5, 196.84, 201.75
1 521.79, 2327.25, 138.01, 178.5
1 583.64, 2233.88, 142.3, 151.06
1 1516.01, 3475.0, 173.03, 134.5
1 1576.02, 3487.0, 150.02, 131.0
1 111.52, 2230.0, 167.13, 149.5
1 245.45, 2195.79, 211.3, 107.63
1 104.36, 2102.76, 135.24, 117.75
1 1119.51, 1816.45, 107.51, 212.0
1 238.34, 2095.74, 216.53, 81.37
1 1360.76, 2373.5, 171.39, 180.75
1 4417.41, 2449.23, 190.67, 222.12
1 1980.66, 903.29, 150.07, 128.38
1 2307.63, 1088.0, 156.43, 104.88
1 3667.02, 1600.5, 94.12, 208.5
1 3635.47, 1413.18, 107.76, 210.0
1 3980.02, 1046.75, 125.27, 169.25
1 3972.04, 983.0, 96.6, 103.0
1 2000.5, 829.5, 115.0, 146.0
1 1898.04, 1438.0, 91.52, 116.0
1 1873.04, 1518.75, 78.01, 123.25
1 2556.54, 907.0, 98.02, 136.34
1 2461.81, 1002.25, 150.08, 188.94
1 2022.26, 1599.75, 182.02, 113.75
1 2147.13, 1591.06, 155.93, 200.69
1 2883.07, 1088.75, 108.26, 146.75
1 3021.39, 850.09, 185.0, 97.06
1 3084.0, 865.51, 211.16, 99.12
1 3490.05, 1199.62, 147.36, 169.0
1 3535.05, 1184.0, 132.91, 144.44
1 4248.95, 1514.99, 75.28, 172.75
1 4192.87, 1482.61, 93.14, 180.37
1 3204.82, 2282.04, 126.75, 180.46
1 2834.16, 2444.93, 161.66, 161.25
1 2931.05, 2261.5, 84.66, 227.96
1 2752.98, 2222.72, 224.34, 89.0
1 2431.34, 2301.36, 71.0, 173.25
1 2276.52, 2283.0, 217.02, 131.0
1 2082.79, 2341.25, 160.52, 96.25
1 2000.0, 2244.62, 150.28, 168.44
1 1409.51, 2217.5, 126.51, 170.5
1 3815.75, 2377.5, 223.25, 104.75
1 3772.5, 2449.75, 142.0, 83.75
1 3260.0, 1328.0, 84.5, 202.5
1 3196.5, 1358.0, 95.5, 179.0
1 2655.75, 2395.5, 91.25, 174.0
1 2653.5, 2327.0, 108.0, 213.0
1 826.75, 1746.25, 91.5, 183.25
1 776.75, 1676.0, 127.75, 195.75
