1 0.003929093567251462, 0.00013706140350877192, 0.035910087719298246, 0.013249269005847953
1 -9.137426900584795e-05, 0.025082236842105265, 0.04523026315789474, 0.009137426900584795
1 0.11275584795321637, 0.00013706140350877192, 0.011239035087719298, 0.014345760233918129
1 0.15487938596491227, 0.0, 0.016858552631578948, 0.02320906432748538
1 0.21244517543859648, 0.0, 0.027549342105263157, 0.02448830409356725
1 0.27613304093567254, 0.00013706140350877192, 0.012335526315789474, 0.009959795321637427
1 0.2838998538011696, 0.00013706140350877192, 0.019462719298245616, 0.016264619883040937
1 0.3008954678362573, -0.00013706140350877192, 0.029605263157894735, 0.033808479532163746
1 0.3283077485380117, -0.00013706140350877192, 0.02768640350877193, 0.018457602339181287
1 0.3356176900584795, 0.010279605263157895, 0.044956140350877194, 0.019005847953216373
1 0.39172149122807015, -0.00013706140350877192, 0.04523026315789474, 0.027960526315789474
1 0.3727156432748538, 0.03330592105263158, 0.04742324561403509, 0.02503654970760234
1 0.46153143274853803, -0.00013706140350877192, 0.05537280701754386, 0.021747076023391813
1 0.44106359649122806, 0.006441885964912281, 0.06469298245614036, 0.021198830409356724
1 0.42808845029239767, 0.06647478070175439, 0.05317982456140351, 0.02887426900584795
1 0.5022843567251462, 0.00013706140350877192, 0.018914473684210526, 0.012701023391812866
1 0.5074013157894737, -0.00013706140350877192, 0.046875, 0.02425986842105263
1 0.48675073099415206, 0.014391447368421052, 0.04673793859649123, 0.02887426900584795
1 0.4874817251461988, 0.06599506578947369, 0.03803453947368421, 0.04600694444444445
1 0.48729897660818716, 0.09635416666666667, 0.025767543859649123, 0.03929093567251462
1 0.5344480994152047, 0.00013706140350877192, 0.05537280701754386, 0.023940058479532164
1 0.5518092105263158, 0.0, 0.011650219298245614, 0.01699561403508772
1 0.5777595029239766, 0.00013706140350877192, 0.009046052631578948, 0.015990497076023392
1 0.6080957602339181, 0.00013706140350877192, 0.023848684210526317, 0.01918859649122807
1 0.62984283625731, 0.0, 0.009457236842105263, 0.016355994152046784
1 0.6715095029239766, -0.00013706140350877192, 0.03070175438596491, 0.03216374269005848
1 0.6627375730994152, 0.00013706140350877192, 0.028782894736842105, 0.013706140350877192
1 0.7336440058479532, -0.00013706140350877192, 0.024671052631578948, 0.026041666666666668
1 0.7917580409356725, 0.0, 0.0069901315789473685, 0.020285087719298246
1 0.8211805555555556, 0.00013706140350877192, 0.01069078947368421, 0.015442251461988304
1 0.8458516081871345, -0.00013706140350877192, 0.008771929824561403, 0.019371345029239765
1 0.016904239766081873, 0.00013706140350877192, 0.022203947368421052, 0.011695906432748537
1 0.028143274853801168, 0.00013706140350877192, 0.014528508771929825, 0.011056286549707603
1 0.03572733918128655, 0.00013706140350877192, 0.03070175438596491, 0.018914473684210526
1 0.028965643274853802, 0.021518640350877194, 0.05838815789473684, 0.028143274853801168
1 0.012883771929824562, 0.02261513157894737, 0.05263157894736842, 0.022112573099415205
1 0.053088450292397664, 0.00013706140350877192, 0.021107456140350877, 0.019828216374269007
1 0.07191154970760234, 0.00013706140350877192, 0.015625, 0.016264619883040937
1 0.08433845029239766, 0.00013706140350877192, 0.05016447368421053, 0.0222953216374269
1 0.41602704678362573, 0.00013706140350877192, 0.04139254385964912, 0.024853801169590642
1 0.5973135964912281, 0.00013706140350877192, 0.013706140350877192, 0.012609649122807017
1 0.6442799707602339, 0.00013706140350877192, 0.01918859649122807, 0.01964546783625731
1 0.6943530701754386, 0.0006853070175438596, 0.05921052631578947, 0.029239766081871343
1 0.21134868421052633, 0.004797149122807018, 0.03618421052631579, 0.031980994152046784
1 0.10297880116959064, 0.0050712719298245616, 0.05482456140350877, 0.01699561403508772
1 0.08580043859649122, 0.05194627192982456, 0.019462719298245616, 0.034173976608187134
1 0.5750182748538012, 0.006167763157894737, 0.05537280701754386, 0.030153508771929825
1 0.17991593567251463, 0.011101973684210526, 0.060581140350877194, 0.019919590643274854
1 0.24707602339181287, 0.010553728070175438, 0.04550438596491228, 0.026589912280701754
1 0.2652595029239766, 0.012472587719298246, 0.03179824561403509, 0.03764619883040936
1 0.24131944444444445, 0.02919407894736842, 0.03618421052631579, 0.01608187134502924
1 0.2696454678362573, 0.03193530701754386, 0.020285087719298246, 0.025219298245614034
1 0.29120979532163743, 0.03796600877192982, 0.055098684210526314, 0.01827485380116959
1 0.8008954678362573, 0.010827850877192983, 0.02275219298245614, 0.03654970760233918
1 0.35645102339181284, 0.012472587719298246, 0.024671052631578948, 0.04239766081871345
1 0.06679459064327485, 0.01631030701754386, 0.05290570175438596, 0.022112573099415205
1 0.1181469298245614, 0.014391447368421052, 0.05071271929824561, 0.02320906432748538
1 0.5532711988304093, 0.01493969298245614, 0.05455043859649123, 0.028143274853801168
1 0.5667945906432749, 0.017132675438596492, 0.0512609649122807, 0.02540204678362573
1 0.7502741228070176, 0.015762061403508772, 0.0400219298245614, 0.03728070175438596
1 0.6291118421052632, 0.016858552631578948, 0.04824561403508772, 0.023391812865497075
1 0.596765350877193, 0.017406798245614034, 0.05482456140350877, 0.03271198830409357
1 0.1446454678362573, 0.02069627192982456, 0.05893640350877193, 0.031432748538011694
1 0.1493969298245614, 0.04125548245614035, 0.05071271929824561, 0.029605263157894735
1 0.19179459064327486, 0.02398574561403509, 0.060581140350877194, 0.027960526315789474
1 0.656889619883041, 0.030290570175438597, 0.020833333333333332, 0.041301169590643276
1 0.3135051169590643, 0.02837171052631579, 0.05975877192982456, 0.021564327485380116
1 0.7997989766081871, 0.028919956140350877, 0.0268640350877193, 0.04349415204678363
1 0.4224232456140351, 0.03248355263157895, 0.05756578947368421, 0.021198830409356724
1 0.7075109649122807, 0.036047149122807015, 0.0556469298245614, 0.018457602339181287
1 0.3378106725146199, 0.06181469298245614, 0.0556469298245614, 0.02138157894736842
1 0.7330957602339181, 0.04070723684210526, 0.04577850877192982, 0.030519005847953216
1 0.359375, 0.04290021929824561, 0.03508771929824561, 0.02942251461988304
1 0.20641447368421054, 0.04290021929824561, 0.0512609649122807, 0.02942251461988304
1 0.23273026315789475, 0.057154605263157895, 0.04303728070175439, 0.03764619883040936
1 0.45513523391812866, 0.04481907894736842, 0.047697368421052634, 0.020924707602339183
1 0.2738486842105263, 0.04618969298245614, 0.04577850877192982, 0.01827485380116959
1 0.32611476608187134, 0.053865131578947366, 0.043859649122807015, 0.01864035087719298
1 0.3942799707602339, 0.05413925438596491, 0.03755482456140351, 0.017909356725146198
1 0.5280519005847953, 0.0546875, 0.05016447368421053, 0.034173976608187134
1 0.041209795321637425, 0.056606359649122806, 0.04906798245614035, 0.0268640350877193
1 0.6519554093567251, 0.05797697368421053, 0.06880482456140351, 0.026498538011695907
1 0.6758954678362573, 0.05879934210526316, 0.03940515350877193, 0.03216374269005848
1 0.6345942982456141, 0.07305372807017543, 0.04797149122807018, 0.0222953216374269
1 0.6207054093567251, 0.07524671052631579, 0.04742324561403509, 0.017726608187134504
1 0.6607273391812866, 0.1059484649122807, 0.04139254385964912, 0.030884502923976608
1 0.6208881578947368, 0.11417214912280702, 0.0400219298245614, 0.021747076023391813
1 0.6272843567251462, 0.12266995614035088, 0.04851973684210526, 0.029239766081871343
1 0.6512244152046783, 0.1835252192982456, 0.01699561403508772, 0.0356359649122807
1 0.6578033625730995, 0.19394188596491227, 0.01836622807017544, 0.02850877192982456
1 0.6373355263157895, 0.2060032894736842, 0.02987938596491228, 0.030884502923976608
1 0.625639619883041, 0.2197094298245614, 0.04139254385964912, 0.026133040935672515
1 0.5554641812865497, 0.06126644736842105, 0.061609100877192985, 0.01699561403508772
1 0.5689875730994152, 0.06674890350877193, 0.057702850877192985, 0.029970760233918127
1 0.0783077485380117, 0.06674890350877193, 0.03125, 0.03764619883040936
1 0.6049890350877193, 0.06757127192982457, 0.055098684210526314, 0.019554093567251463
1 0.23583698830409358, 0.07003837719298246, 0.039473684210526314, 0.04148391812865497
1 0.006853070175438596, 0.0722313596491228, 0.019736842105263157, 0.03271198830409357
1 0.20623172514619884, 0.07798793859649122, 0.035910087719298246, 0.029239766081871343
1 0.18704312865497075, 0.08566337719298246, 0.025219298245614034, 0.02412280701754386
1 0.18338815789473684, 0.0903234649122807, 0.05838815789473684, 0.016812865497076022
1 0.04577850877192982, 0.0712719298245614, 0.04865679824561404, 0.03134137426900585
1 0.0651498538011696, 0.08100328947368421, 0.05592105263157895, 0.025767543859649123
1 0.37161915204678364, 0.08100328947368421, 0.05345394736842105, 0.0360014619883041
1 0.38898026315789475, 0.08648574561403509, 0.04139254385964912, 0.02138157894736842
1 0.4083059210526316, 0.0815515350877193, 0.060581140350877194, 0.021427266081871343
1 0.2995248538011696, 0.11362390350877193, 0.0424890350877193, 0.03755482456140351
1 0.3350694444444444, 0.11499451754385964, 0.022820723684210526, 0.04623538011695907
1 0.41895102339181284, 0.11746162280701754, 0.03837719298245614, 0.026955409356725146
1 0.3199013157894737, 0.12513706140350878, 0.046875, 0.017361111111111112
1 0.37856359649122806, 0.1289747807017544, 0.052083333333333336, 0.034722222222222224
1 0.33397295321637427, 0.13308662280701755, 0.030153508771929825, 0.041140350877192984
1 0.3666849415204678, 0.13445723684210525, 0.048793859649122806, 0.017726608187134504
1 0.4315606725146199, 0.15323464912280702, 0.06044407894736842, 0.017361111111111112
1 0.2972404970760234, 0.14706688596491227, 0.026041666666666668, 0.027412280701754384
1 0.32510964912280704, 0.14919133771929824, 0.04666940789473684, 0.04157529239766082
1 0.41602704678362573, 0.15008223684210525, 0.041666666666666664, 0.019005847953216373
1 0.3350694444444444, 0.1591282894736842, 0.04550438596491228, 0.0356359649122807
1 0.31186038011695905, 0.16186951754385964, 0.027138157894736843, 0.017543859649122806
1 0.4121893274853801, 0.16296600877192982, 0.04550438596491228, 0.01864035087719298
1 0.2966922514619883, 0.16981907894736842, 0.04303728070175439, 0.041666666666666664
1 0.37966008771929827, 0.17694627192982457, 0.06633771929824561, 0.02887426900584795
1 0.3548062865497076, 0.18379934210526316, 0.03919956140350877, 0.03399122807017544
1 0.5839729532163743, 0.08209978070175439, 0.042214912280701754, 0.02266081871345029
1 0.11705043859649122, 0.08374451754385964, 0.03782894736842105, 0.02412280701754386
1 0.45038377192982454, 0.08538925438596491, 0.03289473684210526, 0.03271198830409357
1 0.4346673976608187, 0.08730811403508772, 0.0381030701754386, 0.028143274853801168
1 0.29413377192982454, 0.08566337719298246, 0.0400219298245614, 0.031980994152046784
1 0.7128106725146199, 0.0859375, 0.07291666666666667, 0.019736842105263157
1 0.7610562865497076, 0.08730811403508772, 0.05646929824561404, 0.01918859649122807
1 0.29047880116959063, 0.08813048245614036, 0.022203947368421052, 0.021747076023391813
1 0.255391081871345, 0.10649671052631579, 0.02987938596491228, 0.041301169590643276
1 0.0015533625730994151, 0.08977521929824561, 0.021655701754385966, 0.04422514619883041
1 9.137426900584795e-05, 0.10019188596491228, 0.013157894736842105, 0.018092105263157895
1 0.24954312865497075, 0.09059758771929824, 0.04742324561403509, 0.0266812865497076
1 0.2617872807017544, 0.09114583333333333, 0.02905701754385965, 0.03289473684210526
1 0.7433296783625731, 0.09196820175438597, 0.07003837719298246, 0.021747076023391813
1 0.7232273391812866, 0.13253837719298245, 0.04550438596491228, 0.02905701754385965
1 0.0920138888888889, 0.12184758771929824, 0.06030701754385965, 0.025950292397660817
1 0.3067434210526316, 0.09772478070175439, 0.026589912280701754, 0.03125
1 0.69234283625731, 0.0990953947368421, 0.046600877192982455, 0.019005847953216373
1 0.6797331871345029, 0.12102521929824561, 0.04139254385964912, 0.0222953216374269
1 0.6581688596491229, 0.15446820175438597, 0.03728070175438596, 0.05171783625730994
1 0.7033077485380117, 0.15885416666666666, 0.021655701754385966, 0.013888888888888888
1 0.7104349415204678, 0.16282894736842105, 0.039884868421052634, 0.01699561403508772
1 0.6726059941520468, 0.17338267543859648, 0.023848684210526317, 0.03728070175438596
1 0.6864948830409356, 0.19394188596491227, 0.014802631578947368, 0.009685672514619883
1 0.5142543859649122, 0.10046600877192982, 0.03344298245614035, 0.044316520467836254
1 0.4602521929824561, 0.10622258771929824, 0.027412280701754384, 0.03728070175438596
1 0.4911366959064328, 0.11828399122807018, 0.0268640350877193, 0.020833333333333332
1 0.20148026315789475, 0.10704495614035088, 0.023574561403508772, 0.031432748538011694
1 0.16767178362573099, 0.1084155701754386, 0.036458333333333336, 0.018092105263157895
1 0.15122441520467836, 0.11143092105263158, 0.03782894736842105, 0.02503654970760234
1 0.1116593567251462, 0.13061951754385964, 0.05345394736842105, 0.02805190058479532
1 0.13368055555555555, 0.14213267543859648, 0.04358552631578947, 0.027960526315789474
1 0.2303545321637427, 0.1084155701754386, 0.047697368421052634, 0.02046783625730994
1 0.20257675438596492, 0.11800986842105263, 0.027138157894736843, 0.033625730994152045
1 0.07319078947368421, 0.12637061403508773, 0.018229166666666668, 0.030062134502923978
1 0.06588084795321637, 0.1366502192982456, 0.038651315789473686, 0.025950292397660817
1 0.7016630116959064, 0.11060855263157894, 0.04851973684210526, 0.017543859649122806
1 0.5974963450292398, 0.11800986842105263, 0.041666666666666664, 0.0268640350877193
1 0.6053545321637427, 0.1377467105263158, 0.04577850877192982, 0.02722953216374269
1 0.12984283625730994, 0.11855811403508772, 0.039473684210526314, 0.019371345029239765
1 0.4569627192982456, 0.13007127192982457, 0.047697368421052634, 0.018457602339181287
1 0.44471856725146197, 0.14213267543859648, 0.03728070175438596, 0.016264619883040937
1 0.44956140350877194, 0.17722039473684212, 0.0424890350877193, 0.03517909356725146
1 0.4465460526315789, 0.18434758771929824, 0.04906798245614035, 0.03490497076023392
1 0.5761147660818714, 0.11938048245614036, 0.04303728070175439, 0.024305555555555556
1 0.2756761695906433, 0.12102521929824561, 0.044956140350877194, 0.03326023391812866
1 0.27165570175438597, 0.14898574561403508, 0.06551535087719298, 0.0268640350877193
1 0.2559393274853801, 0.14953399122807018, 0.07209429824561403, 0.02101608187134503
1 0.5309758771929824, 0.12129934210526316, 0.02905701754385965, 0.03929093567251462
1 0.553453947368421, 0.12314967105263158, 0.05187774122807018, 0.030153508771929825
1 0.5322551169590644, 0.13226425438596492, 0.0556469298245614, 0.024305555555555556
1 0.5125182748538012, 0.14377741228070176, 0.049342105263157895, 0.027503654970760235
1 0.4915021929824561, 0.1796875, 0.04468201754385965, 0.027412280701754384
1 0.5185489766081871, 0.18023574561403508, 0.06277412280701754, 0.019919590643274854
1 0.5042945906432749, 0.12294407894736842, 0.05098684210526316, 0.023940058479532164
1 0.7541118421052632, 0.13555372807017543, 0.03193530701754386, 0.05116959064327485
1 0.044316520467836254, 0.14021381578947367, 0.01699561403508772, 0.02266081871345029
1 0.20668859649122806, 0.14103618421052633, 0.03673245614035088, 0.024945175438596492
1 0.19490131578947367, 0.14432565789473684, 0.05619517543859649, 0.027595029239766082
1 0.4878472222222222, 0.14185855263157895, 0.0400219298245614, 0.023391812865497075
1 0.1855811403508772, 0.14514802631578946, 0.0356359649122807, 0.014071637426900584
1 0.5872624269005848, 0.14514802631578946, 0.024945175438596492, 0.017178362573099414
1 0.13733552631578946, 0.1484375, 0.0512609649122807, 0.03728070175438596
1 0.06642909356725146, 0.14925986842105263, 0.048793859649122806, 0.02046783625730994
1 0.03974780701754386, 0.15309758771929824, 0.06332236842105263, 0.03326023391812866
1 0.05327119883040936, 0.15638706140350878, 0.038651315789473686, 0.019371345029239765
1 0.001736111111111111, 0.15501644736842105, 0.0381030701754386, 0.020285087719298246
1 0.22468932748538012, 0.15583881578947367, 0.057839912280701754, 0.021929824561403508
1 0.24223318713450293, 0.15995065789473684, 0.04851973684210526, 0.014437134502923976
1 0.7579495614035088, 0.18325109649122806, 0.05413925438596491, 0.024899488304093567
1 0.5514437134502924, 0.1621436403508772, 0.04029605263157895, 0.02905701754385965
1 0.5699470029239766, 0.1630345394736842, 0.056674890350877194, 0.01781798245614035
1 0.5776224415204678, 0.18153782894736842, 0.04180372807017544, 0.029559576023391813
1 0.5858004385964912, 0.19558662280701755, 0.052083333333333336, 0.031432748538011694
1 0.5507127192982456, 0.20052083333333334, 0.05592105263157895, 0.03216374269005848
1 0.8178910818713451, 0.16186951754385964, 0.0625, 0.033808479532163746
1 0.39555921052631576, 0.16378837719298245, 0.04797149122807018, 0.02266081871345029
1 0.7413194444444444, 0.16515899122807018, 0.05921052631578947, 0.01827485380116959
1 0.7283442982456141, 0.16735197368421054, 0.05646929824561404, 0.017178362573099414
1 0.7305372807017544, 0.21422697368421054, 0.06304824561403509, 0.019371345029239765
1 0.7150036549707602, 0.21669407894736842, 0.05263157894736842, 0.02101608187134503
1 0.5874451754385965, 0.16872258771929824, 0.03234649122807018, 0.033625730994152045
1 0.6212536549707602, 0.17310855263157895, 0.039473684210526314, 0.01918859649122807
1 0.8040021929824561, 0.17913925438596492, 0.03892543859649123, 0.029970760233918127
1 0.8268457602339181, 0.2060032894736842, 0.047697368421052634, 0.019554093567251463
1 0.1810124269005848, 0.18078399122807018, 0.05838815789473684, 0.0222953216374269
1 0.16620979532163743, 0.22738486842105263, 0.03289473684210526, 0.027595029239766082
1 0.5348135964912281, 0.18215460526315788, 0.03399122807017544, 0.017909356725146198
1 -9.137426900584795e-05, 0.1846217105263158, 0.024396929824561403, 0.007858187134502924
1 0.7930372807017544, 0.18626644736842105, 0.059484649122807015, 0.03618421052631579
1 0.7875548245614035, 0.19120065789473684, 0.05674342105263158, 0.029605263157894735
1 0.09164839181286549, 0.18736293859649122, 0.03262061403508772, 0.04733187134502924
1 0.0030153508771929823, 0.19202302631578946, 0.05290570175438596, 0.02722953216374269
1 0.02238669590643275, 0.19311951754385964, 0.03974780701754386, 0.036915204678362575
1 0.6808296783625731, 0.19366776315789475, 0.0537280701754386, 0.03252923976608187
1 0.6563413742690059, 0.2090186403508772, 0.03700657894736842, 0.03527046783625731
1 0.700749269005848, 0.19558662280701755, 0.05400219298245614, 0.027960526315789474
1 0.14775219298245615, 0.19997258771929824, 0.05098684210526316, 0.03307748538011696
1 0.060032894736842105, 0.20106907894736842, 0.04029605263157895, 0.02138157894736842
1 0.6155884502923976, 0.20271381578947367, 0.029331140350877194, 0.021198830409356724
1 0.5424890350877193, 0.21450109649122806, 0.03919956140350877, 0.021198830409356724
1 0.09804459064327485, 0.21751644736842105, 0.029605263157894735, 0.04678362573099415
1 0.38441154970760233, 0.21888706140350878, 0.039336622807017545, 0.04312865497076023
1 0.26270102339181284, 0.22025767543859648, 0.049342105263157895, 0.01882309941520468
1 0.24954312865497075, 0.22902960526315788, 0.04824561403508772, 0.021929824561403508
1 0.19124634502923976, 0.22245065789473684, 0.06359649122807018, 0.02540204678362573
1 0.19289108187134502, 0.24136513157894737, 0.05756578947368421, 0.04057017543859649
1 0.6669407894736842, 0.2227247807017544, 0.04139254385964912, 0.025584795321637425
1 0.834703947368421, 0.22491776315789475, 0.04851973684210526, 0.029605263157894735
1 0.07684576023391813, 0.22546600877192982, 0.03344298245614035, 0.019005847953216373
1 0.5324378654970761, 0.23012609649122806, 0.06085526315789474, 0.017909356725146198
1 0.5335343567251462, 0.25424890350877194, 0.06606359649122807, 0.02722953216374269
1 0.03993055555555555, 0.23259320175438597, 0.057839912280701754, 0.027595029239766082
1 0.05710891812865497, 0.23780153508771928, 0.0625, 0.0268640350877193
1 0.5055281432748538, 0.23286732456140352, 0.07490405701754387, 0.03019919590643275
1 0.4353983918128655, 0.23560855263157895, 0.04906798245614035, 0.02905701754385965
1 0.4704861111111111, 0.23944627192982457, 0.054276315789473686, 0.023026315789473683
1 0.3487755847953216, 0.24191337719298245, 0.03481359649122807, 0.042214912280701754
1 0.6464729532163743, 0.24191337719298245, 0.057839912280701754, 0.024853801169590642
1 0.11083698830409357, 0.24465460526315788, 0.05043859649122807, 0.027960526315789474
1 0.0825109649122807, 0.2583607456140351, 0.051535087719298246, 0.039656432748538015
1 9.137426900584795e-05, 0.24520285087719298, 0.04084429824561404, 0.02850877192982456
1 0.013614766081871345, 0.26466557017543857, 0.0424890350877193, 0.021747076023391813
1 -9.137426900584795e-05, 0.24821820175438597, 0.023026315789473683, 0.009868421052631578
1 0.027138157894736843, 0.24958881578947367, 0.04961622807017544, 0.027960526315789474
1 0.4083516081871345, 0.2504111842105263, 0.0512609649122807, 0.023483187134502925
1 0.1356907894736842, 0.2578125, 0.05071271929824561, 0.027595029239766082
1 0.3012609649122807, 0.2616502192982456, 0.03892543859649123, 0.0402046783625731
1 0.5843384502923976, 0.26329495614035087, 0.062225877192982455, 0.0268640350877193
1 0.3586440058479532, 0.2753563596491228, 0.02987938596491228, 0.034722222222222224
1 0.48327850877192985, 0.26740679824561403, 0.024945175438596492, 0.02887426900584795
1 0.606999269005848, 0.2682291666666667, 0.055098684210526314, 0.021564327485380116
1 0.5591191520467836, 0.27179276315789475, 0.08086622807017543, 0.02768640350877193
1 0.27439692982456143, 0.2748081140350877, 0.07209429824561403, 0.034082602339181284
1 0.45038377192982454, 0.27508223684210525, 0.046875, 0.02284356725146199
1 0.7089729532163743, 0.27946820175438597, 0.06716008771929824, 0.03252923976608187
1 0.37874634502923976, 0.2808388157894737, 0.04550438596491228, 0.03673245614035088
1 0.6309393274853801, 0.2885142543859649, 0.05263157894736842, 0.018092105263157895
1 0.46884137426900585, 0.29125548245614036, 0.0356359649122807, 0.03654970760233918
1 0.5415752923976608, 0.2923519736842105, 0.060581140350877194, 0.024305555555555556
1 0.8180738304093568, 0.3041392543859649, 0.06359649122807018, 0.02503654970760234
1 0.5772112573099415, 0.3120888157894737, 0.03125, 0.03545321637426901
1 0.4441703216374269, 0.3430646929824561, 0.06085526315789474, 0.04093567251461988
1 0.5932931286549707, 0.36417214912280704, 0.06140350877192982, 0.03234649122807018
1 0.14994517543859648, 0.45408442982456143, 0.027960526315789474, 0.027777777777777776
1 0.5185489766081871, 0.4823190789473684, 0.05263157894736842, 0.029788011695906433
1 0.7849963450292398, 0.49136513157894735, 0.03892543859649123, 0.029605263157894735
1 0.7767726608187134, 0.8162006578947368, 0.05016447368421053, 0.029148391812865496
1 0.18165204678362573, 0.4152960526315789, 0.039336622807017545, 0.02403143274853801
1 0.1945358187134503, 0.40008223684210525, 0.023711622807017545, 0.022021198830409358
1 0.0001827485380116959, 0.10786732456140351, 0.014185855263157895, 0.010142543859649123
1 0.00022843567251461987, 0.10800438596491228, 0.025904605263157895, 0.024990862573099414
1 -4.5687134502923974e-05, 0.1230811403508772, 0.030496162280701754, 0.017498172514619884
1 0.00013706140350877192, 0.14665570175438597, 0.030016447368421052, 0.015579312865497076
1 0.015076754385964912, 0.10848410087719298, 0.04077576754385965, 0.033168859649122806
1 0.03844663742690058, 0.11677631578947369, 0.02939967105263158, 0.028622076023391813
1 0.076531432748538, 0.09368421052631579, 0.0346765350877193, 0.044316520467836254
1 0.1049890350877193, 0.11759868421052631, 0.06510416666666667, 0.024762426900584795
1 0.08072916666666667, 0.11204769736842106, 0.016927083333333332, 0.04262609649122807
1 0.14153874269005848, 0.11348684210526316, 0.03241502192982456, 0.017383040935672514
1 0.32419590643274854, 0.2635690789473684, 0.0756578947368421, 0.03874269005847953
1 0.34936951754385964, 0.28632127192982454, 0.03837719298245614, 0.033717105263157895
1 0.44000548245614035, 0.11863486842105263, 0.02587171052631579, 0.049798976608187134
1 0.4742781432748538, 0.13658168859649122, 0.05215186403508772, 0.01644736842105263
1 0.4820906432748538, 0.1874314692982456, 0.05215186403508772, 0.025584795321637425
1 0.4766081871345029, 0.03248355263157895, 0.06510416666666667, 0.021747076023391813
1 0.4914565058479532, 0.04666940789473684, 0.0356359649122807, 0.04180372807017544
1 0.516218932748538, 0.02495065789473684, 0.045635964912280697, 0.0268640350877193
1 0.7602339181286549, 0.15916118421052633, 0.021280153508771927, 0.031204312865497075
1 0.7592507309941521, 0.16906524122807018, 0.037760416666666664, 0.03193713450292397
1 0.7755847953216374, 0.20442708333333334, 0.06291118421052631, 0.03513340643274854
1 0.02238669590643275, 0.14857456140350878, 0.046600877192982455, 0.024396929824561403
1 0.01663011695906433, 0.12609649122807018, 0.05455043859649123, 0.024671052631578948
1 0.15570175438596492, 0.17105263157894737, 0.04851973684210526, 0.02905701754385965
1 0.164656432748538, 0.14665570175438597, 0.03892543859649123, 0.021290204678362575
1 0.24703033625730994, 0.12972861842105263, 0.024739583333333332, 0.043722587719298246
1 0.24547697368421054, 0.1494654605263158, 0.021450109649122806, 0.01653874269005848
1 0.35645102339181284, 0.07428728070175439, 0.04564144736842105, 0.017361111111111112
1 0.3451206140350877, 0.04084429824561404, 0.044270833333333336, 0.02677266081871345
1 0.37509137426900585, 0.0010964912280701754, 0.00932017543859649, 0.016904239766081873
1 0.381624634502924, 0.14329769736842105, 0.05084978070175439, 0.03216374269005848
1 0.6519554093567251, 0.30770285087719296, 0.04742324561403509, 0.03673245614035088
1 0.6426352339181286, 0.30372807017543857, 0.04673793859649123, 0.025676169590643276
1 0.6505847953216374, 0.14007675438596492, 0.04029605263157895, 0.02987938596491228
1 0.6352796052631579, 0.15762061403508773, 0.060512609649122806, 0.0222953216374269
1 0.7470760233918129, 0.2256030701754386, 0.06304824561403509, 0.04239766081871345
1 0.7537006578947368, 0.22224506578947367, 0.047149122807017545, 0.0447733918128655
1 0.8356176900584795, -0.0003426535087719298, 0.026932565789473683, 0.010462353801169591
