1 0.5530427631578947, 0.003746345029239766, 0.033717105263157895, 0.025767543859649123
1 0.5538651315789473, 0.012152777777777778, 0.044407894736842105, 0.02046783625730994
1 0.4302357456140351, 0.01471125730994152, 0.023848684210526317, 0.020285087719298246
1 0.4524396929824561, 0.014345760233918129, 0.019736842105263157, 0.02320906432748538
1 0.38199013157894735, 0.01653874269005848, 0.03042763157894737, 0.020833333333333332
1 0.46011513157894735, 0.021107456140350877, 0.03508771929824561, 0.01206140350877193
1 0.41049890350877194, 0.02238669590643275, 0.027138157894736843, 0.028143274853801168
1 0.42475328947368424, 0.02768640350877193, 0.024945175438596492, 0.02850877192982456
1 0.6292489035087719, 0.023117690058479533, 0.027412280701754384, 0.023757309941520467
1 0.6528234649122807, 0.024762426900584795, 0.024945175438596492, 0.027960526315789474
1 0.47628837719298245, 0.027320906432748537, 0.047149122807017545, 0.020650584795321638
1 0.48862390350877194, 0.0333516081871345, 0.04194078947368421, 0.020833333333333332
1 0.48917214912280704, 0.04961622807017544, 0.023300438596491228, 0.02631578947368421
1 0.3477247807017544, 0.027503654970760235, 0.022203947368421052, 0.01644736842105263
1 0.35704495614035087, 0.038468567251461985, 0.023848684210526317, 0.014802631578947368
1 0.35759320175438597, 0.047605994152046784, 0.033168859649122806, 0.02284356725146199
1 0.5245339912280702, 0.028782894736842105, 0.03125, 0.01864035087719298
1 0.548108552631579, 0.03042763157894737, 0.032072368421052634, 0.020650584795321638
1 0.30386513157894735, 0.03134137426900585, 0.030975877192982455, 0.021198830409356724
1 0.44421600877192985, 0.03188961988304093, 0.04331140350877193, 0.01827485380116959
1 0.32716557017543857, 0.033717105263157895, 0.03179824561403509, 0.02101608187134503
1 0.5927905701754386, 0.03481359649122807, 0.0356359649122807, 0.027412280701754384
1 0.3729440789473684, 0.036823830409356724, 0.03755482456140351, 0.012792397660818713
1 0.5253563596491229, 0.04047880116959064, 0.019462719298245616, 0.025584795321637425
1 0.22245065789473684, 0.04102704678362573, 0.023300438596491228, 0.023391812865497075
1 0.24355811403508773, 0.04322002923976608, 0.021929824561403508, 0.02320906432748538
1 0.6182839912280702, 0.04194078947368421, 0.039473684210526314, 0.016812865497076022
1 0.557702850877193, 0.042306286549707604, 0.047697368421052634, 0.015716374269005847
1 0.29180372807017546, 0.04267178362573099, 0.02412280701754386, 0.025767543859649123
1 0.44887609649122806, 0.043951023391812866, 0.023848684210526317, 0.02905701754385965
1 0.4694353070175439, 0.04413377192982456, 0.022203947368421052, 0.019919590643274854
1 0.5042489035087719, 0.046875, 0.02275219298245614, 0.02448830409356725
1 0.20518092105263158, 0.047240497076023395, 0.031524122807017545, 0.021564327485380116
1 0.545641447368421, 0.05016447368421053, 0.04824561403508772, 0.016264619883040937
1 0.5423519736842105, 0.061677631578947366, 0.0537280701754386, 0.01206140350877193
1 0.5571546052631579, 0.07118055555555555, 0.038651315789473686, 0.01425438596491228
1 0.26658442982456143, 0.05071271929824561, 0.02850877192982456, 0.023757309941520467
1 0.38116776315789475, 0.051443713450292396, 0.04550438596491228, 0.013157894736842105
1 0.3149671052631579, 0.052929459064327486, 0.03169407894736842, 0.02832419590643275
1 0.40446820175438597, 0.0560124269005848, 0.038651315789473686, 0.018092105263157895
1 0.34004934210526316, 0.0603983918128655, 0.035910087719298246, 0.02010233918128655
1 0.31280701754385964, 0.07922149122807018, 0.061233552631578946, 0.01781067251461988
1 0.19887609649122806, 0.06112938596491228, 0.025767543859649123, 0.023757309941520467
1 0.21724232456140352, 0.08214546783625731, 0.04084429824561404, 0.022112573099415205
1 0.20490679824561403, 0.09512061403508772, 0.051581688596491225, 0.01691154970760234
1 0.4570997807017544, 0.06204312865497076, 0.030975877192982455, 0.02412280701754386
1 0.5182291666666666, 0.06880482456140351, 0.03125, 0.02266081871345029
1 0.5354989035087719, 0.0686220760233918, 0.03262061403508772, 0.02503654970760234
1 0.29125548245614036, 0.06898757309941521, 0.025767543859649123, 0.027595029239766082
1 0.16269188596491227, 0.0691703216374269, 0.04303728070175439, 0.014437134502923976
1 0.25479714912280704, 0.0693530701754386, 0.03700657894736842, 0.01608187134502924
1 0.4954769736842105, 0.06990131578947369, 0.024396929824561403, 0.022478070175438597
1 0.5911458333333334, 0.06990131578947369, 0.0424890350877193, 0.016812865497076022
1 0.573327850877193, 0.08342470760233918, 0.03042763157894737, 0.0266812865497076
1 0.37979714912280704, 0.07191154970760234, 0.05701754385964912, 0.01608187134502924
1 0.23478618421052633, 0.07447002923976608, 0.03234649122807018, 0.02503654970760234
1 0.6034813596491229, 0.07593201754385964, 0.047149122807017545, 0.023026315789473683
1 0.48739035087719296, 0.082328216374269, 0.0346765350877193, 0.023391812865497075
1 0.6212993421052632, 0.07867324561403509, 0.04742324561403509, 0.023757309941520467
1 0.2616502192982456, 0.08086622807017543, 0.038651315789473686, 0.01882309941520468
1 0.25853070175438597, 0.0963998538011696, 0.0340953947368421, 0.024460891812865496
1 0.40405701754385964, 0.08123172514619884, 0.05112390350877193, 0.02046783625730994
1 0.17365679824561403, 0.0826937134502924, 0.047697368421052634, 0.012975146198830409
1 0.3754111842105263, 0.08305921052631579, 0.028782894736842105, 0.028691520467836257
1 0.6385690789473685, 0.08561769005847954, 0.05290570175438596, 0.01864035087719298
1 0.4683388157894737, 0.0876279239766082, 0.02768640350877193, 0.025767543859649123
1 0.4680646929824561, 0.10462353801169591, 0.05263157894736842, 0.014985380116959063
1 0.4395559210526316, 0.0876279239766082, 0.04331140350877193, 0.01864035087719298
1 0.3208607456140351, 0.08817616959064327, 0.05345394736842105, 0.010782163742690058
1 0.5215186403508771, 0.09164839181286549, 0.04824561403508772, 0.01608187134502924
1 0.1552905701754386, 0.09475511695906433, 0.03289473684210526, 0.0268640350877193
1 0.6563870614035088, 0.09658260233918128, 0.05263157894736842, 0.013888888888888888
1 0.6476151315789473, 0.1048062865497076, 0.05893640350877193, 0.012792397660818713
1 0.5897752192982456, 0.09731359649122807, 0.03755482456140351, 0.013523391812865496
1 0.31729714912280704, 0.09767909356725146, 0.05290570175438596, 0.01699561403508772
1 0.4179002192982456, 0.09767909356725146, 0.023026315789473683, 0.027777777777777776
1 0.27706962719298245, 0.10115131578947369, 0.04022752192982456, 0.022927631578947366
1 1.1500822368421053, 0.10115131578947369, 0.02275219298245614, 0.0062134502923976605
1 0.42941337719298245, 0.10151681286549707, 0.03755482456140351, 0.027412280701754384
1 0.5982730263157895, 0.1048062865497076, 0.04824561403508772, 0.017361111111111112
1 0.3978892543859649, 0.10699926900584796, 0.02768640350877193, 0.030884502923976608
1 0.40940241228070173, 0.1367872807017544, 0.03042763157894737, 0.027777777777777776
1 0.48670504385964913, 0.1091922514619883, 0.05071271929824561, 0.017909356725146198
1 0.5725054824561403, 0.11028874269005848, 0.027960526315789474, 0.02631578947368421
1 0.6276041666666666, 0.11156798245614036, 0.06304824561403509, 0.014437134502923976
1 0.6133497807017544, 0.11906067251461988, 0.03974780701754386, 0.025950292397660817
1 0.6714638157894737, 0.12088815789473684, 0.02275219298245614, 0.03125
1 0.6440515350877193, 0.1223501461988304, 0.03289473684210526, 0.030519005847953216
1 0.5270010964912281, 0.11284722222222222, 0.04851973684210526, 0.030153508771929825
1 0.21861293859649122, 0.11705043859649122, 0.0556469298245614, 0.016264619883040937
1 0.30167214912280704, 0.11960891812865497, 0.039473684210526314, 0.026133040935672515
1 0.3438870614035088, 0.1230811403508772, 0.027138157894736843, 0.03125
1 0.35704495614035087, 0.12856359649122806, 0.026589912280701754, 0.030884502923976608
1 0.37184758771929827, 0.13386330409356725, 0.029605263157894735, 0.03545321637426901
1 0.39240679824561403, 0.14391447368421054, 0.03536184210526316, 0.02850877192982456
1 0.2669956140350877, 0.11901133040935673, 0.03549890350877193, 0.010831505847953216
1 0.36938048245614036, 0.12015716374269006, 0.03673245614035088, 0.015350877192982455
1 0.5916940789473685, 0.1230811403508772, 0.03125, 0.03527046783625731
1 0.4765625, 0.1232638888888889, 0.04797149122807018, 0.019371345029239765
1 0.42749451754385964, 0.12582236842105263, 0.04961622807017544, 0.015533625730994151
1 0.49575109649122806, 0.12947733918128654, 0.03289473684210526, 0.028326023391812866
1 0.5585252192982456, 0.13130482456140352, 0.042214912280701754, 0.01918859649122807
1 0.2690515350877193, 0.13368055555555555, 0.04084429824561404, 0.015899122807017545
1 0.6210252192982456, 0.13422880116959066, 0.033717105263157895, 0.025584795321637425
1 0.30578399122807015, 0.14226973684210525, 0.03508771929824561, 0.03252923976608187
1 0.33237390350877194, 0.14702119883040934, 0.030153508771929825, 0.021198830409356724
1 0.5662006578947368, 0.15140716374269006, 0.05537280701754386, 0.017909356725146198
1 0.15803179824561403, 0.15341739766081872, 0.023574561403508772, 0.02850877192982456
1 0.45545504385964913, 0.15323464912280702, 0.02850877192982456, 0.03399122807017544
1 0.5297423245614035, 0.1545138888888889, 0.02905701754385965, 0.03490497076023392
1 0.5379660087719298, 0.17607821637426901, 0.035910087719298246, 0.02010233918128655
1 0.6259594298245614, 0.1546966374269006, 0.05866228070175439, 0.017178362573099414
1 0.48067434210526316, 0.16200657894736842, 0.03262061403508772, 0.027777777777777776
1 0.6813322368421053, 0.16529605263157895, 0.02412280701754386, 0.02503654970760234
1 0.36252741228070173, 0.16949926900584794, 0.02549342105263158, 0.02412280701754386
1 0.6177357456140351, 0.16931652046783627, 0.05674342105263158, 0.02320906432748538
1 0.5848410087719298, 0.1720577485380117, 0.055098684210526314, 0.023757309941520467
1 0.6388432017543859, 0.1722404970760234, 0.04906798245614035, 0.029788011695906433
1 0.5609923245614035, 0.17498172514619884, 0.030153508771929825, 0.027960526315789474
1 0.923108552631579, 0.1766264619883041, 0.03782894736842105, 0.02631578947368421
1 0.8904879385964912, 0.19069809941520469, 0.046052631578947366, 0.030153508771929825
1 0.14514802631578946, 0.20476973684210525, 0.04029605263157895, 0.0268640350877193
1 0.7309484649122807, 0.2080592105263158, 0.039473684210526314, 0.030519005847953216
1 0.7654879385964912, 0.20952119883040934, 0.03536184210526316, 0.02722953216374269
1 0.9842379385964912, 0.21262792397660818, 0.04523026315789474, 0.027046783625730993
1 0.28686951754385964, 0.2168311403508772, 0.023574561403508772, 0.029354897660818714
1 1.064281798245614, 0.2210343567251462, 0.0356359649122807, 0.016812865497076022
1 0.9047423245614035, 0.22231359649122806, 0.027138157894736843, 0.03399122807017544
1 0.6986019736842105, 0.22341008771929824, 0.030975877192982455, 0.027960526315789474
1 0.6769462719298246, 0.22505482456140352, 0.03728070175438596, 0.0266812865497076
1 0.12733004385964913, 0.22706505847953215, 0.03234649122807018, 0.028143274853801168
1 0.6308936403508771, 0.22889254385964913, 0.039473684210526314, 0.031432748538011694
1 0.07360197368421052, 0.22889254385964913, 0.019736842105263157, 0.025052997076023393
1 1.0121984649122806, 0.2292580409356725, 0.038651315789473686, 0.027412280701754384
1 0.0503015350877193, 0.2307200292397661, 0.03125, 0.031432748538011694
1 0.023163377192982455, 0.2382127192982456, 0.044361293859649126, 0.02503654970760234
1 0.44257127192982454, 0.2307200292397661, 0.02768640350877193, 0.034173976608187134
1 0.19284539473684212, 0.23145102339181287, 0.021655701754385966, 0.0356140350877193
1 0.1728344298245614, 0.23382675438596492, 0.024671052631578948, 0.029691154970760233
1 0.2441063596491228, 0.2347404970760234, 0.023300438596491228, 0.03545321637426901
1 0.7567160087719298, 0.23638523391812866, 0.029331140350877194, 0.02412280701754386
1 0.7462993421052632, 0.25301535087719296, 0.03399122807017544, 0.030519005847953216
1 1.0470120614035088, 0.23711622807017543, 0.03536184210526316, 0.028691520467836257
1 -0.00013706140350877192, 0.23857821637426901, 0.01918859649122807, 0.03125
1 0.01493969298245614, 0.2522843567251462, 0.03344298245614035, 0.024853801169590642
1 0.842516447368421, 0.23876096491228072, 0.03344298245614035, 0.018457602339181287
1 0.8342927631578947, 0.25009137426900585, 0.019736842105263157, 0.02942251461988304
1 1.0237116228070176, 0.24004020467836257, 0.03728070175438596, 0.02412280701754386
1 0.21121162280701755, 0.24058845029239767, 0.029605263157894735, 0.029605263157894735
1 0.2228152412280702, 0.25703581871345027, 0.026225328947368422, 0.031980994152046784
1 0.2193887061403509, 0.2648940058479532, 0.050485197368421046, 0.02942251461988304
1 0.5535910087719298, 0.24095394736842105, 0.021655701754385966, 0.025767543859649123
1 0.29015899122807015, 0.2431469298245614, 0.05016447368421053, 0.020833333333333332
1 0.8885690789473685, 0.24442616959064328, 0.02631578947368421, 0.039108187134502925
1 0.8712993421052632, 0.2579495614035088, 0.025219298245614034, 0.033808479532163746
1 0.5692160087719298, 0.24497441520467836, 0.026589912280701754, 0.03344298245614035
1 0.4628563596491228, 0.24698464912280702, 0.047149122807017545, 0.027960526315789474
1 1.0609923245614035, 0.24698464912280702, 0.028782894736842105, 0.03271198830409357
1 0.6218475877192983, 0.24753289473684212, 0.031524122807017545, 0.022112573099415205
1 0.06510416666666667, 0.25082236842105265, 0.05619517543859649, 0.02850877192982456
1 0.07442434210526316, 0.2572094298245614, 0.06112938596491228, 0.02522843567251462
1 0.08456688596491228, 0.26745248538011696, 0.05619517543859649, 0.021747076023391813
1 0.12513706140350878, 0.2791483918128655, 0.04139254385964912, 0.017909356725146198
1 0.14432565789473684, 0.29815423976608185, 0.033717105263157895, 0.041301169590643276
1 0.7907072368421053, 0.2522843567251462, 0.03673245614035088, 0.031067251461988302
1 0.3359375, 0.25411184210526316, 0.027138157894736843, 0.03326023391812866
1 0.5119243421052632, 0.2550255847953216, 0.036458333333333336, 0.025219298245614034
1 0.13993969298245615, 0.255391081871345, 0.021929824561403508, 0.024853801169590642
1 0.4041940789473684, 0.2555738304093567, 0.033168859649122806, 0.03782894736842105
1 0.4017269736842105, 0.28097587719298245, 0.03974780701754386, 0.03344298245614035
1 0.34553179824561403, 0.2564875730994152, 0.03892543859649123, 0.03545321637426901
1 0.3589638157894737, 0.2833516081871345, 0.030153508771929825, 0.038011695906432746
1 0.3373081140350877, 0.29870248538011696, 0.03399122807017544, 0.0266812865497076
1 0.38363486842105265, 0.2564875730994152, 0.023300438596491228, 0.03545321637426901
1 0.37321820175438597, 0.27074195906432746, 0.022478070175438597, 0.02722953216374269
1 0.38171600877192985, 0.2932200292397661, 0.02823464912280702, 0.03764619883040936
1 0.26987390350877194, 0.25721856725146197, 0.038171600877192985, 0.03709795321637427
1 1.0716831140350878, 0.2584978070175439, 0.036458333333333336, 0.030519005847953216
1 0.8532072368421053, 0.2584978070175439, 0.023300438596491228, 0.039473684210526314
1 0.9146107456140351, 0.25922880116959063, 0.027960526315789474, 0.031980994152046784
1 0.5875822368421053, 0.26014254385964913, 0.04029605263157895, 0.030884502923976608
1 0.03522478070175439, 0.261421783625731, 0.0356359649122807, 0.02503654970760234
1 0.6851699561403509, 0.2623355263157895, 0.022478070175438597, 0.03216374269005848
1 0.6665296052631579, 0.29102704678362573, 0.02823464912280702, 0.039473684210526314
1 0.6763980263157895, 0.32300804093567254, 0.0356359649122807, 0.046052631578947366
1 0.667077850877193, 0.26452850877192985, 0.017269736842105265, 0.02905701754385965
1 0.6473410087719298, 0.27129020467836257, 0.021107456140350877, 0.023940058479532164
1 0.6596765350877193, 0.29084429824561403, 0.015899122807017545, 0.01023391812865497
1 0.4702576754385965, 0.26571637426900585, 0.036458333333333336, 0.02823464912280702
1 0.5061677631578947, 0.27055921052631576, 0.025219298245614034, 0.03453947368421053
1 0.49328399122807015, 0.301078216374269, 0.04577850877192982, 0.021198830409356724
1 0.16296600877192982, 0.2665387426900585, 0.030153508771929825, 0.036595394736842105
1 0.4381853070175439, 0.2663559941520468, 0.02631578947368421, 0.038011695906432746
1 0.18516995614035087, 0.2665387426900585, 0.036458333333333336, 0.023026315789473683
1 0.5513980263157895, 0.26708698830409355, 0.03399122807017544, 0.028691520467836257
1 0.5497532894736842, 0.29157529239766083, 0.02823464912280702, 0.02942251461988304
1 0.9299616228070176, 0.2787828947368421, 0.02905701754385965, 0.03654970760233918
1 0.8244243421052632, 0.2696454678362573, 0.029331140350877194, 0.03252923976608187
1 0.30002741228070173, 0.2703764619883041, 0.032689144736842105, 0.03859100877192982
1 0.3033168859649123, 0.2999817251461988, 0.0268640350877193, 0.03874269005847953
1 -0.00013706140350877192, 0.27110745614035087, 0.025219298245614034, 0.02503654970760234
1 0.007538377192982456, 0.2826206140350877, 0.05646929824561404, 0.02412280701754386
1 1.0848410087719298, 0.2756761695906433, 0.02987938596491228, 0.031980994152046784
1 1.0700383771929824, 0.29961622807017546, 0.02850877192982456, 0.04532163742690058
1 1.048656798245614, 0.30180921052631576, 0.02768640350877193, 0.03307748538011696
1 0.7449287280701754, 0.27823464912280704, 0.034265350877192985, 0.02412280701754386
1 0.5253563596491229, 0.2787828947368421, 0.02549342105263158, 0.03399122807017544
1 0.7229989035087719, 0.28115862573099415, 0.0712719298245614, 0.0356359649122807
1 0.7961896929824561, 0.2831688596491228, 0.04851973684210526, 0.03453947368421053
1 0.9935581140350878, 0.28115862573099415, 0.03536184210526316, 0.012975146198830409
1 0.9754660087719298, 0.2826206140350877, 0.024945175438596492, 0.03782894736842105
1 0.9990405701754386, 0.29851973684210525, 0.03892543859649123, 0.01516812865497076
1 0.936266447368421, 0.3005299707602339, 0.046875, 0.02631578947368421
1 0.9688870614035088, 0.31295687134502925, 0.039473684210526314, 0.026498538011695907
1 0.9140625, 0.3147843567251462, 0.024945175438596492, 0.039473684210526314
1 0.2583607456140351, 0.2829861111111111, 0.024671052631578948, 0.03490497076023392
1 0.052220394736842105, 0.2838998538011696, 0.034265350877192985, 0.03216374269005848
1 0.01493969298245614, 0.29194078947368424, 0.04454495614035088, 0.029970760233918127
1 0.06510416666666667, 0.2937682748538012, 0.02823464912280702, 0.027595029239766082
1 0.00041118421052631577, 0.3038194444444444, 0.024396929824561403, 0.012426900584795321
1 -0.00013706140350877192, 0.31222587719298245, 0.015350877192982455, 0.014802631578947368
1 0.594983552631579, 0.28499634502923976, 0.04303728070175439, 0.030153508771929825
1 0.6917489035087719, 0.28609283625730997, 0.029331140350877194, 0.03892543859649123
1 0.8948739035087719, 0.28828581871345027, 0.0356359649122807, 0.028326023391812866
1 0.2227247807017544, 0.2923062865497076, 0.026589912280701754, 0.0268640350877193
1 0.8403234649122807, 0.2932200292397661, 0.027412280701754384, 0.04203216374269006
1 0.6166392543859649, 0.29431652046783624, 0.048793859649122806, 0.02722953216374269
1 0.5875822368421053, 0.31734283625730997, 0.04111842105263158, 0.027960526315789474
1 0.6067708333333334, 0.3188048245614035, 0.03262061403508772, 0.02284356725146199
1 0.8682839912280702, 0.29431652046783624, 0.035910087719298246, 0.027046783625730993
1 0.8482730263157895, 0.31679459064327486, 0.03453947368421053, 0.03326023391812866
1 0.32332785087719296, 0.2965095029239766, 0.029331140350877194, 0.03125
1 1.0960800438596492, 0.2970577485380117, 0.031524122807017545, 0.037463450292397664
1 0.7101151315789473, 0.3001644736842105, 0.016721491228070175, 0.030519005847953216
1 0.22711074561403508, 0.3014437134502924, 0.03673245614035088, 0.034173976608187134
1 0.7597313596491229, 0.30272295321637427, 0.04797149122807018, 0.020650584795321638
1 0.16351425438596492, 0.30308845029239767, 0.04632675438596491, 0.03490497076023392
1 0.2767269736842105, 0.3040021929824561, 0.02631578947368421, 0.02412280701754386
1 0.4041940789473684, 0.3045504385964912, 0.05893640350877193, 0.03435672514619883
1 0.4192708333333333, 0.3250182748538012, 0.023026315789473683, 0.029970760233918127
1 0.44120065789473684, 0.32593201754385964, 0.018914473684210526, 0.0356359649122807
1 0.1953125, 0.30564692982456143, 0.030153508771929825, 0.022112573099415205
1 1.152549342105263, 0.307108918128655, 0.024671052631578948, 0.039108187134502925
1 0.6385690789473685, 0.3067434210526316, 0.03919956140350877, 0.02284356725146199
1 1.176672149122807, 0.3069261695906433, 0.026589912280701754, 0.034722222222222224
1 0.12294407894736842, 0.30820540935672514, 0.023848684210526317, 0.042214912280701754
1 0.11938048245614036, 0.342562134502924, 0.018092105263157895, 0.009685672514619883
1 0.0996436403508772, 0.3098501461988304, 0.03042763157894737, 0.03490497076023392
1 0.07195723684210527, 0.33671418128654973, 0.03262061403508772, 0.029239766081871343
1 1.2742598684210527, 0.3105811403508772, 0.041666666666666664, 0.03252923976608187
1 0.07552083333333333, 0.3114948830409357, 0.03536184210526316, 0.03326023391812866
1 0.04618969298245614, 0.31277412280701755, 0.051672149122807015, 0.03654970760233918
1 0.9908168859649122, 0.31295687134502925, 0.03618421052631579, 0.04294590643274854
1 0.7347861842105263, 0.3144188596491228, 0.03481359649122807, 0.029788011695906433
1 0.7734375, 0.3144188596491228, 0.04906798245614035, 0.024671052631578948
1 0.7805646929824561, 0.32209429824561403, 0.05345394736842105, 0.031067251461988302
1 0.45737390350877194, 0.31606359649122806, 0.02275219298245614, 0.026498538011695907
1 0.4965734649122807, 0.31588084795321636, 0.04139254385964912, 0.02266081871345029
1 0.5237116228070176, 0.3374451754385965, 0.019462719298245616, 0.02905701754385965
1 0.551672149122807, 0.31679459064327486, 0.027412280701754384, 0.031067251461988302
1 1.1273300438596492, 0.3175255847953216, 0.023848684210526317, 0.03344298245614035
1 1.1117050438596492, 0.33013523391812866, 0.018092105263157895, 0.029788011695906433
1 0.4765625, 0.3180738304093567, 0.031524122807017545, 0.03709795321637427
1 0.2597313596491228, 0.3191703216374269, 0.03700657894736842, 0.037463450292397664
1 0.2890625, 0.3290387426900585, 0.030975877192982455, 0.031980994152046784
1 0.8926809210526315, 0.3191703216374269, 0.02275219298245614, 0.03399122807017544
1 0.027275219298245616, 0.3208150584795322, 0.02138157894736842, 0.036366959064327485
1 0.010827850877192983, 0.3286732456140351, 0.021107456140350877, 0.03252923976608187
1 0.7147752192982456, 0.3209978070175439, 0.022203947368421052, 0.04276315789473684
1 -0.00013706140350877192, 0.32172880116959063, 0.019736842105263157, 0.031615497076023395
1 0.6333607456140351, 0.32282529239766083, 0.024396929824561403, 0.03271198830409357
1 0.3841940789473684, 0.3235562865497076, 0.02794956140350877, 0.037351973684210525
1 0.3197642543859649, 0.32684576023391815, 0.03536184210526316, 0.0360014619883041
1 0.9381853070175439, 0.3288559941520468, 0.028782894736842105, 0.041301169590643276
1 0.7361567982456141, 0.33013523391812866, 0.0356359649122807, 0.03344298245614035
1 0.8578673245614035, 0.33086622807017546, 0.03755482456140351, 0.03490497076023392
1 0.23944627192982457, 0.33086622807017546, 0.026041666666666668, 0.03435672514619883
1 0.2564418859649123, 0.34676535087719296, 0.02412280701754386, 0.023574561403508772
1 1.0376918859649122, 0.3325109649122807, 0.029605263157894735, 0.03983918128654971
1 0.1396655701754386, 0.33305921052631576, 0.049342105263157895, 0.023757309941520467
1 0.5058936403508771, 0.3354349415204678, 0.019462719298245616, 0.03508771929824561
1 0.6936677631578947, 0.3352521929824561, 0.02412280701754386, 0.033808479532163746
1 0.5862116228070176, 0.3363486842105263, 0.026041666666666668, 0.03307748538011696
1 0.18133223684210525, 0.34311038011695905, 0.043859649122807015, 0.013523391812865496
1 0.357297149122807, 0.34420687134502925, 0.029901315789473682, 0.04132858187134503
1 0.40446820175438597, 0.34457236842105265, 0.0268640350877193, 0.033625730994152045
1 0.8052357456140351, 0.34457236842105265, 0.044407894736842105, 0.012426900584795321
1 0.7986567982456141, 0.35444078947368424, 0.054276315789473686, 0.013157894736842105
1 0.03275767543859649, 0.3451206140350877, 0.043859649122807015, 0.01882309941520468
1 0.8732182017543859, 0.3458516081871345, 0.03481359649122807, 0.044407894736842105
1 0.0840186403508772, 0.3495065789473684, 0.02768640350877193, 0.030884502923976608
1 0.5184347587719298, 0.3495065789473684, 0.04365405701754386, 0.03652046783625731
1 1.0190515350877194, 0.3504203216374269, 0.03042763157894737, 0.031615497076023395
1 0.9705317982456141, 0.3511513157894737, 0.027138157894736843, 0.017543859649122806
1 0.2227247807017544, 0.3516995614035088, 0.029331140350877194, 0.03453947368421053
1 0.23670504385964913, 0.3730811403508772, 0.0200109649122807, 0.03033625730994152
1 0.6130756578947368, 0.3522478070175439, 0.027960526315789474, 0.039656432748538015
1 0.8685581140350878, 0.35316154970760233, 0.015350877192982455, 0.022112573099415205
1 0.3315515350877193, 0.35370979532163743, 0.03399122807017544, 0.04060124269005848
1 0.10951206140350878, 0.355171783625731, 0.0668859649122807, 0.04422514619883041
1 0.17256030701754385, 0.36522295321637427, 0.02055921052631579, 0.039656432748538015
1 0.14871162280701755, 0.3686951754385965, 0.024671052631578948, 0.03764619883040936
1 0.13993969298245615, 0.39921418128654973, 0.05317982456140351, 0.021929824561403508
1 0.4179002192982456, 0.355171783625731, 0.027138157894736843, 0.043993055555555556
1 0.424468201754386, 0.36101973684210525, 0.03427631578947368, 0.037346491228070176
1 0.9096765350877193, 0.3559027777777778, 0.03125, 0.0356359649122807
1 0.2002467105263158, 0.35681652046783624, 0.02768640350877193, 0.03216374269005848
1 1.0810032894736843, 0.35699926900584794, 0.033717105263157895, 0.04824561403508772
1 0.45737390350877194, 0.35773026315789475, 0.03044956140350877, 0.03508771929824561
1 0.5590734649122807, 0.35791301169590645, 0.03234649122807018, 0.03435672514619883
1 0.6577576754385965, 0.3599232456140351, 0.039473684210526314, 0.028326023391812866
1 0.7221765350877193, 0.3599232456140351, 0.034265350877192985, 0.034173976608187134
1 0.2961896929824561, 0.36138523391812866, 0.03179824561403509, 0.03527046783625731
1 0.3170230263157895, 0.3811111111111111, 0.026041666666666668, 0.043687865497076026
1 0.2772752192982456, 0.3637609649122807, 0.020833333333333332, 0.03271198830409357
1 0.2578125, 0.3675986842105263, 0.03248355263157895, 0.03877923976608187
1 0.6942160087719298, 0.3637609649122807, 0.030975877192982455, 0.03983918128654971
1 0.6722861842105263, 0.38952850877192985, 0.03837719298245614, 0.03307748538011696
1 0.13719846491228072, 0.3668676900584795, 0.022478070175438597, 0.028143274853801168
1 0.5823739035087719, 0.3675986842105263, 0.023026315789473683, 0.03673245614035088
1 0.5892269736842105, 0.3944627192982456, 0.025219298245614034, 0.0400219298245614
1 0.6509046052631579, 0.3685124269005848, 0.027960526315789474, 0.028326023391812866
1 0.6361019736842105, 0.37454312865497075, 0.03508771929824561, 0.030153508771929825
1 0.19257127192982457, 0.37125365497076024, 0.0200109649122807, 0.03289473684210526
1 0.6029331140350878, 0.3776498538011696, 0.029605263157894735, 0.06323099415204679
1 0.6265076754385965, 0.39172149122807015, 0.05592105263157895, 0.0447733918128655
1 0.34087171052631576, 0.38221856725146197, 0.036984649122807016, 0.030153508771929825
1 0.5243969298245614, 0.38422880116959063, 0.04838267543859649, 0.014802631578947368
1 0.4965734649122807, 0.38477704678362573, 0.03125, 0.03527046783625731
1 0.5250822368421053, 0.4039656432748538, 0.027138157894736843, 0.03728070175438596
1 -0.00013706140350877192, 0.39208698830409355, 0.028782894736842105, 0.019371345029239765
1 0.7449287280701754, 0.39208698830409355, 0.03508771929824561, 0.04861111111111111
1 0.20984100877192982, 0.39336622807017546, 0.024830043859649122, 0.03914108187134503
1 0.7090186403508771, 0.3944627192982456, 0.0268640350877193, 0.031432748538011694
1 0.5492050438596491, 0.39647295321637427, 0.02549342105263158, 0.034722222222222224
1 0.8194901315789473, 0.3988486842105263, 0.028782894736842105, 0.0447733918128655
1 0.5719572368421053, 0.3973866959064328, 0.01836622807017544, 0.029970760233918127
1 0.3710252192982456, 0.3999451754385965, 0.030153508771929825, 0.03216374269005848
1 0.18105811403508773, 0.40268640350877194, 0.029331140350877194, 0.039656432748538015
1 0.19942434210526316, 0.4352156432748538, 0.02631578947368421, 0.04294590643274854
1 0.2490405701754386, 0.40634137426900585, 0.04331140350877193, 0.03125
1 0.8564967105263158, 0.4118238304093567, 0.032072368421052634, 0.04331140350877193
1 0.24355811403508773, 0.41657529239766083, 0.03179824561403509, 0.037463450292397664
1 0.2728892543859649, 0.47596856725146197, 0.03508771929824561, 0.025584795321637425
1 0.8271655701754386, 0.4763340643274854, 0.05290570175438596, 0.012609649122807017
1 0.21313048245614036, 0.484375, 0.040981359649122806, 0.02054093567251462
1 0.16981907894736842, 0.48565423976608185, 0.03042763157894737, 0.021198830409356724
1 0.41049890350877194, 0.48967470760233917, 0.026041666666666668, 0.03216374269005848
1 1.0028782894736843, 0.4935124269005848, 0.04194078947368421, 0.0133406432748538
1 0.5930646929824561, 0.5037463450292398, 0.03508771929824561, 0.012792397660818713
1 0.4527138157894737, 0.5055738304093568, 0.030975877192982455, 0.02010233918128655
1 0.3821491228070175, 0.3842251461988304, 0.04180372807017544, 0.04065058479532164
1 0.38109923245614036, 0.34726608187134506, 0.024876644736842105, 0.041800073099415205
1 0.09398300438596492, 0.2933516081871345, 0.07023026315789474, 0.01764437134502924
1 0.08943804824561404, 0.28337171052631577, 0.028031798245614036, 0.029886695906432746
1 1.0272066885964912, 0.3116355994152047, 0.027571271929824562, 0.03284722222222222
1 0.9515076754385965, 0.26784904970760237, 0.02953673245614035, 0.037136330409356724
