1 0.6421326754385965, 0.25922880116959063, 0.02412280701754386, 0.007858187134502924
1 0.7545230263157895, 0.25995979532163743, 0.0200109649122807, 0.008406432748538011
1 0.6626918859649122, 0.2610562865497076, 0.026589912280701754, 0.005116959064327485
1 0.8373081140350878, 0.261421783625731, 0.014528508771929825, 0.009868421052631578
1 0.6868146929824561, 0.26270102339181284, 0.017543859649122806, 0.010599415204678362
1 0.8630756578947368, 0.26361476608187134, 0.013980263157894737, 0.006944444444444444
1 0.6692708333333334, 0.26452850877192985, 0.01781798245614035, 0.005299707602339181
1 0.7723410087719298, 0.27074195906432746, 0.019462719298245616, 0.007309941520467836
1 0.8828125, 0.2648940058479532, 0.026041666666666668, 0.00712719298245614
1 0.7443804824561403, 0.265625, 0.012883771929824562, 0.010964912280701754
1 0.6138980263157895, 0.26672149122807015, 0.014802631578947368, 0.00712719298245614
1 0.7227247807017544, 0.2665387426900585, 0.011239035087719298, 0.011695906432748537
1 0.9044682017543859, 0.2665387426900585, 0.02412280701754386, 0.0043859649122807015
1 0.9814967105263158, 0.26672149122807015, 0.015625, 0.007858187134502924
1 0.5818256578947368, 0.26708698830409355, 0.025767543859649123, 0.006578947368421052
1 0.6969572368421053, 0.26708698830409355, 0.01343201754385965, 0.009137426900584795
1 1.0154879385964912, 0.26781798245614036, 0.015076754385964912, 0.01114766081871345
1 0.8296326754385965, 0.26800073099415206, 0.01343201754385965, 0.012426900584795321
1 0.8718475877192983, 0.26800073099415206, 0.015213815789473685, 0.010051169590643274
1 0.8104440789473685, 0.26854897660818716, 0.01864035087719298, 0.009502923976608187
1 0.7937225877192983, 0.2689144736842105, 0.015350877192982455, 0.008223684210526315
1 0.7748081140350878, 0.2747624269005848, 0.021107456140350877, 0.008954678362573099
1 0.9464089912280702, 0.2687317251461988, 0.019462719298245616, 0.005299707602339181
1 0.9354440789473685, 0.27147295321637427, 0.010964912280701754, 0.0062134502923976605
1 0.7070997807017544, 0.2692799707602339, 0.015076754385964912, 0.009685672514619883
1 0.6295230263157895, 0.2694627192982456, 0.020285087719298246, 0.006396198830409356
1 0.6722861842105263, 0.27202119883040937, 0.026041666666666668, 0.008771929824561403
1 0.692297149122807, 0.27658991228070173, 0.014802631578947368, 0.009502923976608187
1 0.6535498903508772, 0.2796966374269006, 0.02367050438596491, 0.006944444444444444
1 0.6555646929824561, 0.28536184210526316, 0.018914473684210526, 0.01206140350877193
1 0.8482730263157895, 0.2694627192982456, 0.013706140350877192, 0.010599415204678362
1 1.0426260964912282, 0.2694627192982456, 0.01343201754385965, 0.00712719298245614
1 1.101014254385965, 0.2696454678362573, 0.024396929824561403, 0.00712719298245614
1 0.9979440789473685, 0.269828216374269, 0.016721491228070175, 0.00804093567251462
1 0.8617050438596491, 0.2701937134502924, 0.010964912280701754, 0.010416666666666666
1 1.0308388157894737, 0.2701937134502924, 0.012883771929824562, 0.008771929824561403
1 0.8978892543859649, 0.27074195906432746, 0.015350877192982455, 0.01114766081871345
1 0.8691063596491229, 0.2729349415204678, 0.02823464912280702, 0.009502923976608187
1 0.9658771929824561, 0.27074195906432746, 0.022198464912280703, 0.006030701754385965
1 0.5694901315789473, 0.27147295321637427, 0.019462719298245616, 0.00804093567251462
1 0.5892269736842105, 0.2722039473684211, 0.023848684210526317, 0.007858187134502924
1 0.6034813596491229, 0.27439692982456143, 0.033168859649122806, 0.004934210526315789
1 0.923108552631579, 0.27202119883040937, 0.011239035087719298, 0.008771929824561403
1 1.0574287280701755, 0.2723866959064328, 0.015625, 0.007309941520467836
1 0.7534265350877193, 0.2731176900584795, 0.019462719298245616, 0.005847953216374269
1 0.8342927631578947, 0.2727521929824561, 0.01644736842105263, 0.011330409356725146
1 0.942297149122807, 0.2736659356725146, 0.01836622807017544, 0.007675438596491228
1 0.8046875, 0.27421418128654973, 0.024671052631578948, 0.007858187134502924
1 0.9658717105263158, 0.27421418128654973, 0.023574561403508772, 0.007858187134502924
1 1.0034265350877194, 0.27421418128654973, 0.020833333333333332, 0.007675438596491228
1 1.1407620614035088, 0.2745796783625731, 0.01644736842105263, 0.00932017543859649
1 0.9880756578947368, 0.2751279239766082, 0.013706140350877192, 0.005847953216374269
1 1.128700657894737, 0.2753106725146199, 0.01836622807017544, 0.009685672514619883
1 0.9513432017543859, 0.2756761695906433, 0.01781798245614035, 0.008954678362573099
1 0.9516173245614035, 0.28170687134502925, 0.023848684210526317, 0.008406432748538011
1 1.1961348684210527, 0.2760416666666667, 0.016721491228070175, 0.008223684210526315
1 1.0352247807017543, 0.27695540935672514, 0.026041666666666668, 0.006944444444444444
1 1.0132949561403508, 0.2808845029239766, 0.015899122807017545, 0.005208333333333333
1 1.0278234649122806, 0.28079312865497075, 0.01918859649122807, 0.011513157894736841
1 1.1613212719298245, 0.27677266081871343, 0.01206140350877193, 0.006578947368421052
1 1.1533717105263157, 0.280062134502924, 0.01617324561403509, 0.010051169590643274
1 1.1848958333333333, 0.27695540935672514, 0.027960526315789474, 0.01699561403508772
1 0.7465241228070176, 0.2774579678362573, 0.027187500000000003, 0.0051626461988304095
1 0.7498629385964912, 0.2822551169590643, 0.039473684210526314, 0.008406432748538011
1 0.7827576754385965, 0.27786915204678364, 0.02055921052631579, 0.008954678362573099
1 0.8027686403508771, 0.2784173976608187, 0.013980263157894737, 0.012426900584795321
1 0.9255756578947368, 0.2784173976608187, 0.015625, 0.00712719298245614
1 0.9694353070175439, 0.27823464912280704, 0.018914473684210526, 0.007492690058479532
1 0.7046326754385965, 0.2786001461988304, 0.015625, 0.00804093567251462
1 0.8734923245614035, 0.2791483918128655, 0.024671052631578948, 0.0062134502923976605
1 0.8710252192982456, 0.2838998538011696, 0.01644736842105263, 0.010051169590643274
1 1.170093201754386, 0.2795138888888889, 0.016721491228070175, 0.009137426900584795
1 0.5705866228070176, 0.2796966374269006, 0.02055921052631579, 0.007492690058479532
1 0.7243695175438597, 0.2798793859649123, 0.031524122807017545, 0.005847953216374269
1 1.0651041666666667, 0.2796966374269006, 0.022203947368421052, 0.010599415204678362
1 0.4614857456140351, 0.2802448830409357, 0.02768640350877193, 0.010416666666666666
1 0.8501918859649122, 0.2802448830409357, 0.01644736842105263, 0.007858187134502924
1 0.5193256578947368, 0.28042763157894735, 0.018914473684210526, 0.012426900584795321
1 0.6325383771929824, 0.28061038011695905, 0.015350877192982455, 0.007309941520467836
1 0.6207510964912281, 0.28481359649122806, 0.023574561403508772, 0.014437134502923976
1 1.045093201754386, 0.28061038011695905, 0.012883771929824562, 0.010599415204678362
1 0.9902686403508771, 0.28134137426900585, 0.02905701754385965, 0.008954678362573099
1 1.057702850877193, 0.28134137426900585, 0.016721491228070175, 0.007492690058479532
1 1.0952576754385965, 0.28115862573099415, 0.01761513157894737, 0.0100968567251462
1 0.8167489035087719, 0.28170687134502925, 0.030153508771929825, 0.006761695906432748
1 0.5034265350877193, 0.28188961988304095, 0.015625, 0.011513157894736841
1 0.5305646929824561, 0.28188961988304095, 0.021107456140350877, 0.010782163742690058
1 0.6169133771929824, 0.28207236842105265, 0.01617324561403509, 0.008223684210526315
1 0.6130756578947368, 0.29002192982456143, 0.01644736842105263, 0.005939327485380117
1 0.6012883771929824, 0.2937682748538012, 0.017543859649122806, 0.018457602339181287
1 0.9390076754385965, 0.28207236842105265, 0.012335526315789474, 0.010051169590643274
1 0.8984375, 0.2828033625730994, 0.018092105263157895, 0.008954678362573099
1 0.8871984649122807, 0.28444809941520466, 0.0200109649122807, 0.0133406432748538
1 0.8806195175438597, 0.2890168128654971, 0.020285087719298246, 0.012244152046783625
1 1.204906798245614, 0.2826206140350877, 0.02275219298245614, 0.010599415204678362
1 0.7038103070175439, 0.2829861111111111, 0.020285087719298246, 0.008771929824561403
1 0.8589638157894737, 0.2835343567251462, 0.01425438596491228, 0.00804093567251462
1 1.1097861842105263, 0.2837171052631579, 0.03248355263157895, 0.008589181286549707
1 1.1092379385964912, 0.2890168128654971, 0.026589912280701754, 0.003654970760233918
1 1.1155427631578947, 0.29157529239766083, 0.0268640350877193, 0.005665204678362573
1 0.5566063596491229, 0.28426535087719296, 0.015625, 0.00932017543859649
1 0.7909813596491229, 0.28463084795321636, 0.021929824561403508, 0.010964912280701754
1 1.139391447368421, 0.28499634502923976, 0.02850877192982456, 0.008223684210526315
1 0.7142269736842105, 0.28517909356725146, 0.020833333333333332, 0.010599415204678362
1 0.7405427631578947, 0.28536184210526316, 0.03508771929824561, 0.007309941520467836
1 0.7227247807017544, 0.286641081871345, 0.02275219298245614, 0.010416666666666666
1 0.9222861842105263, 0.28517909356725146, 0.015625, 0.010051169590643274
1 0.9850603070175439, 0.28591008771929827, 0.021929824561403508, 0.012244152046783625
1 0.6837993421052632, 0.286641081871345, 0.01836622807017544, 0.010964912280701754
1 1.0223410087719298, 0.286641081871345, 0.02275219298245614, 0.009502923976608187
1 1.1695449561403508, 0.286641081871345, 0.017269736842105265, 0.011330409356725146
1 0.8263432017543859, 0.2871893274853801, 0.025904605263157895, 0.01114766081871345
1 0.8447094298245614, 0.2873720760233918, 0.016721491228070175, 0.01206140350877193
1 0.9990405701754386, 0.2871893274853801, 0.013980263157894737, 0.008771929824561403
1 0.5001370614035088, 0.2877375730994152, 0.019462719298245616, 0.01644736842105263
1 0.9653234649122807, 0.2873720760233918, 0.02631578947368421, 0.012792397660818713
1 0.9765625, 0.2873720760233918, 0.023300438596491228, 0.011330409356725146
1 0.5472861842105263, 0.2879203216374269, 0.01069078947368421, 0.007675438596491228
1 1.2441063596491229, 0.2879203216374269, 0.026041666666666668, 0.009502923976608187
1 1.2257401315789473, 0.28828581871345027, 0.01864035087719298, 0.009137426900584795
1 0.6424067982456141, 0.28846856725146197, 0.01781798245614035, 0.01114766081871345
1 1.014391447368421, 0.2886513157894737, 0.020833333333333332, 0.007858187134502924
1 1.048656798245614, 0.2888340643274854, 0.03179824561403509, 0.007858187134502924
1 1.1870888157894737, 0.2888340643274854, 0.02138157894736842, 0.008589181286549707
1 1.1859923245614035, 0.29504751461988304, 0.02905701754385965, 0.011878654970760233
1 0.47738486842105265, 0.2891995614035088, 0.02275219298245614, 0.009685672514619883
1 0.7715186403508771, 0.2897478070175439, 0.024671052631578948, 0.010782163742690058
1 0.9551809210526315, 0.2895650584795322, 0.031524122807017545, 0.01206140350877193
1 0.9052905701754386, 0.2901133040935672, 0.01617324561403509, 0.01114766081871345
1 1.0648300438596492, 0.29102704678362573, 0.020833333333333332, 0.007492690058479532
1 1.1248629385964912, 0.3001644736842105, 0.013157894736842105, 0.017909356725146198
1 0.5544133771929824, 0.29066154970760233, 0.029331140350877194, 0.010964912280701754
1 1.0905975877192982, 0.29066154970760233, 0.028782894736842105, 0.00804093567251462
1 0.7890625, 0.29120979532163743, 0.016721491228070175, 0.007492690058479532
1 1.1492598684210527, 0.29120979532163743, 0.025219298245614034, 0.011695906432748537
1 0.4609375, 0.29139254385964913, 0.018092105263157895, 0.013706140350877192
1 0.8134594298245614, 0.29139254385964913, 0.018914473684210526, 0.012244152046783625
1 0.860608552631579, 0.29139254385964913, 0.021929824561403508, 0.015533625730994151
1 0.9439418859649122, 0.29139254385964913, 0.014802631578947368, 0.01206140350877193
1 0.5209703947368421, 0.29194078947368424, 0.03344298245614035, 0.007675438596491228
1 0.6940816885964913, 0.29155336257309944, 0.021041666666666667, 0.006257309941520468
1 0.7254660087719298, 0.2921235380116959, 0.028782894736842105, 0.011330409356725146
1 0.5777138157894737, 0.2924890350877193, 0.0200109649122807, 0.012426900584795321
1 0.7498629385964912, 0.2928545321637427, 0.018914473684210526, 0.010416666666666666
1 0.9348958333333334, 0.2935855263157895, 0.018092105263157895, 0.014071637426900584
1 0.9222861842105263, 0.29577850877192985, 0.01699561403508772, 0.013706140350877192
1 1.2123081140350878, 0.2934027777777778, 0.02987938596491228, 0.010964912280701754
1 0.7687774122807017, 0.29431652046783624, 0.021655701754385966, 0.008406432748538011
1 0.6851699561403509, 0.29559576023391815, 0.01699561403508772, 0.006761695906432748
1 1.0423519736842106, 0.29541301169590645, 0.018914473684210526, 0.010051169590643274
1 0.6210252192982456, 0.2959612573099415, 0.02275219298245614, 0.012792397660818713
1 0.6300712719298246, 0.29925073099415206, 0.018914473684210526, 0.014802631578947368
1 0.6865405701754386, 0.2965095029239766, 0.028782894736842105, 0.012609649122807017
1 0.8022203947368421, 0.2963267543859649, 0.012609649122807017, 0.012609649122807017
1 0.7816611842105263, 0.29851973684210525, 0.02275219298245614, 0.009502923976608187
1 1.0121984649122806, 0.2961440058479532, 0.03453947368421053, 0.008406432748538011
1 0.8301809210526315, 0.2965095029239766, 0.03125, 0.007675438596491228
1 0.9592927631578947, 0.2965095029239766, 0.026041666666666668, 0.008771929824561403
1 1.1689967105263157, 0.296875, 0.023026315789473683, 0.010964912280701754
1 1.058799342105263, 0.2970577485380117, 0.011513157894736841, 0.010782163742690058
1 1.0705866228070176, 0.296875, 0.015350877192982455, 0.0133406432748538
1 0.5656524122807017, 0.29797149122807015, 0.013157894736842105, 0.008223684210526315
1 0.5903234649122807, 0.2976059941520468, 0.013980263157894737, 0.007309941520467836
1 1.1271271929824562, 0.29735380116959065, 0.02432565789473684, 0.008841374269005848
1 0.5330317982456141, 0.29979897660818716, 0.01781798245614035, 0.01114766081871345
1 0.6637883771929824, 0.29961622807017546, 0.02055921052631579, 0.008406432748538011
1 0.6602247807017544, 0.3049159356725146, 0.013157894736842105, 0.010051169590643274
1 0.989172149122807, 0.29943347953216376, 0.023574561403508772, 0.012975146198830409
1 0.9077576754385965, 0.29979897660818716, 0.015625, 0.012244152046783625
1 0.6443256578947368, 0.3001644736842105, 0.017269736842105265, 0.014437134502923976
1 0.8910361842105263, 0.3001644736842105, 0.01864035087719298, 0.012792397660818713
1 1.0086348684210527, 0.3003472222222222, 0.022203947368421052, 0.0133406432748538
1 0.7284813596491229, 0.3007127192982456, 0.019736842105263157, 0.01023391812865497
1 1.0250822368421053, 0.3007127192982456, 0.021929824561403508, 0.013157894736842105
1 1.086485745614035, 0.3005299707602339, 0.015899122807017545, 0.01114766081871345
1 0.7649396929824561, 0.3012609649122807, 0.02138157894736842, 0.012792397660818713
1 0.8162006578947368, 0.3016264619883041, 0.04084429824561404, 0.008589181286549707
1 0.9458607456140351, 0.30199195906432746, 0.02549342105263158, 0.011513157894736841
1 0.7388980263157895, 0.30254020467836257, 0.02631578947368421, 0.010416666666666666
1 1.2123081140350878, 0.30272295321637427, 0.022478070175438597, 0.012426900584795321
1 0.8789747807017544, 0.30308845029239767, 0.01644736842105263, 0.014437134502923976
1 1.1950383771929824, 0.30327119883040937, 0.021929824561403508, 0.009502923976608187
1 0.6657072368421053, 0.3040021929824561, 0.02768640350877193, 0.015899122807017545
1 1.0958059210526316, 0.3038194444444444, 0.0200109649122807, 0.010051169590643274
1 1.1103344298245614, 0.30528143274853803, 0.017543859649122806, 0.013523391812865496
1 0.582922149122807, 0.3045504385964912, 0.013980263157894737, 0.00932017543859649
1 1.0434484649122806, 0.3047331871345029, 0.02768640350877193, 0.010051169590643274
1 0.9592927631578947, 0.3050986842105263, 0.03289473684210526, 0.011695906432748537
1 0.8529331140350878, 0.30528143274853803, 0.018092105263157895, 0.016264619883040937
1 0.5494791666666666, 0.3061951754385965, 0.033717105263157895, 0.01023391812865497
1 1.1366502192982457, 0.3067434210526316, 0.011787280701754386, 0.012975146198830409
1 1.1846217105263157, 0.30783991228070173, 0.01617324561403509, 0.010782163742690058
1 1.1966831140350878, 0.31277412280701755, 0.03755482456140351, 0.007858187134502924
1 1.1876370614035088, 0.31697733918128657, 0.0400219298245614, 0.01516812865497076
1 0.8373081140350878, 0.30857090643274854, 0.018092105263157895, 0.014802631578947368
1 1.1692708333333333, 0.30911915204678364, 0.01836622807017544, 0.015716374269005847
1 1.1437774122807018, 0.30930190058479534, 0.019462719298245616, 0.014985380116959063
1 0.7205317982456141, 0.3100328947368421, 0.02412280701754386, 0.016812865497076022
1 0.9148848684210527, 0.3105811403508772, 0.033168859649122806, 0.008406432748538011
1 0.9096765350877193, 0.31313961988304095, 0.015899122807017545, 0.01644736842105263
1 0.8712993421052632, 0.3107638888888889, 0.013706140350877192, 0.015899122807017545
1 1.0042489035087718, 0.3109466374269006, 0.020833333333333332, 0.01608187134502924
1 1.0651041666666667, 0.3109466374269006, 0.01699561403508772, 0.011878654970760233
1 1.0804550438596492, 0.311312134502924, 0.03344298245614035, 0.013523391812865496
1 1.0437225877192982, 0.31186038011695905, 0.026589912280701754, 0.013888888888888888
1 0.7460252192982456, 0.31222587719298245, 0.024671052631578948, 0.014437134502923976
1 0.7671326754385965, 0.31240862573099415, 0.01781798245614035, 0.014437134502923976
1 0.6898300438596491, 0.31259137426900585, 0.03508771929824561, 0.00932017543859649
1 0.8937774122807017, 0.31277412280701755, 0.015625, 0.01644736842105263
1 0.6023848684210527, 0.31332236842105265, 0.02138157894736842, 0.012792397660818713
1 1.1059484649122806, 0.3140533625730994, 0.018092105263157895, 0.011695906432748537
1 0.9817708333333334, 0.3140533625730994, 0.019462719298245616, 0.01516812865497076
1 0.9398300438596491, 0.3144188596491228, 0.019736842105263157, 0.01516812865497076
1 1.022889254385965, 0.3146016081871345, 0.013706140350877192, 0.013523391812865496
1 1.1602247807017543, 0.3147843567251462, 0.025219298245614034, 0.014802631578947368
1 0.8219572368421053, 0.3151498538011696, 0.02631578947368421, 0.011513157894736841
1 0.9897203947368421, 0.32922149122807015, 0.03344298245614035, 0.01608187134502924
1 0.4321546052631579, 0.31569809941520466, 0.020833333333333332, 0.01663011695906433
1 0.6769462719298246, 0.31588084795321636, 0.016721491228070175, 0.012792397660818713
1 1.0319353070175439, 0.31642909356725146, 0.018914473684210526, 0.013888888888888888
1 1.2000548245614036, 0.31624634502923976, 0.03856907894736842, 0.01114766081871345
1 0.5146655701754386, 0.31679459064327486, 0.015076754385964912, 0.0133406432748538
1 0.35704495614035087, 0.31734283625730997, 0.021655701754385966, 0.011513157894736841
1 0.4751918859649123, 0.31697733918128657, 0.023026315789473683, 0.013888888888888888
1 0.5530427631578947, 0.3175255847953216, 0.02549342105263158, 0.01425438596491228
1 0.4979440789473684, 0.3177083333333333, 0.015899122807017545, 0.009868421052631578
1 0.4888980263157895, 0.3244700292397661, 0.018914473684210526, 0.015533625730994151
1 0.45792214912280704, 0.3182565789473684, 0.021655701754385966, 0.014802631578947368
1 0.9968475877192983, 0.3191703216374269, 0.018914473684210526, 0.012244152046783625
1 1.120202850877193, 0.3202668128654971, 0.01699561403508772, 0.013523391812865496
1 1.051672149122807, 0.3206323099415205, 0.012883771929824562, 0.01114766081871345
1 0.4074835526315789, 0.3209978070175439, 0.015899122807017545, 0.015899122807017545
1 0.6859923245614035, 0.3209978070175439, 0.015076754385964912, 0.011513157894736841
1 0.8101699561403509, 0.3209978070175439, 0.018914473684210526, 0.018457602339181287
1 0.7890625, 0.3215460526315789, 0.02631578947368421, 0.014985380116959063
1 0.7005208333333334, 0.32209429824561403, 0.032072368421052634, 0.0133406432748538
1 0.44120065789473684, 0.32245979532163743, 0.018092105263157895, 0.012975146198830409
1 0.8564967105263158, 0.32264254385964913, 0.019736842105263157, 0.017361111111111112
1 0.6147203947368421, 0.3235562865497076, 0.01918859649122807, 0.011330409356725146
1 1.0618146929824561, 0.32319078947368424, 0.023574561403508772, 0.009137426900584795
1 0.3608826754385965, 0.323921783625731, 0.031524122807017545, 0.015899122807017545
1 0.4198190789473684, 0.323921783625731, 0.011239035087719298, 0.008954678362573099
1 0.7676809210526315, 0.3246527777777778, 0.03070175438596491, 0.01023391812865497
1 0.7558936403508771, 0.32922149122807015, 0.02631578947368421, 0.010599415204678362
1 0.9272203947368421, 0.3246527777777778, 0.02138157894736842, 0.014071637426900584
1 1.1341831140350878, 0.3246527777777778, 0.021107456140350877, 0.012975146198830409
1 1.0886787280701755, 0.3250182748538012, 0.021655701754385966, 0.015533625730994151
1 0.31154057017543857, 0.32629751461988304, 0.021655701754385966, 0.011695906432748537
1 0.31811951754385964, 0.33671418128654973, 0.04057017543859649, 0.011878654970760233
1 0.38747258771929827, 0.3290387426900585, 0.020833333333333332, 0.01864035087719298
1 0.7353344298245614, 0.32666301169590645, 0.02412280701754386, 0.012244152046783625
1 0.8902138157894737, 0.32666301169590645, 0.029605263157894735, 0.01644736842105263
1 1.1884594298245614, 0.32666301169590645, 0.027138157894736843, 0.005482456140350877
1 1.1813322368421053, 0.33068347953216376, 0.04523026315789474, 0.009685672514619883
1 0.8373081140350878, 0.32702850877192985, 0.023574561403508772, 0.019554093567251463
1 0.6182839912280702, 0.3272112573099415, 0.022478070175438597, 0.012244152046783625
1 0.5061677631578947, 0.3275767543859649, 0.014528508771929825, 0.015350877192982455
1 0.6657072368421053, 0.3284904970760234, 0.0356359649122807, 0.009685672514619883
1 0.3334703947368421, 0.3288559941520468, 0.023300438596491228, 0.012975146198830409
1 0.5834703947368421, 0.3286732456140351, 0.017543859649122806, 0.017361111111111112
1 0.9612116228070176, 0.3288559941520468, 0.023026315789473683, 0.014985380116959063
1 0.653717105263158, 0.3290387426900585, 0.0179906798245614, 0.01139985380116959
1 0.6707483552631579, 0.3342470760233918, 0.022382127192982458, 0.006807383040935673
1 0.9469572368421053, 0.32922149122807015, 0.030153508771929825, 0.01663011695906433
1 0.5215186403508771, 0.32958698830409355, 0.020833333333333332, 0.015533625730994151
1 1.0215186403508771, 0.32995248538011696, 0.023300438596491228, 0.0133406432748538
1 0.4699835526315789, 0.33086622807017546, 0.020285087719298246, 0.015533625730994151
1 0.6287006578947368, 0.33086622807017546, 0.023300438596491228, 0.017909356725146198
1 0.5470120614035088, 0.3314144736842105, 0.027412280701754384, 0.01882309941520468
1 0.5557839912280702, 0.33653143274853803, 0.023848684210526317, 0.015899122807017545
1 0.6023848684210527, 0.3317799707602339, 0.019736842105263157, 0.019554093567251463
1 0.43571820175438597, 0.3319627192982456, 0.027412280701754384, 0.01827485380116959
1 0.9184484649122807, 0.3328764619883041, 0.017269736842105265, 0.01206140350877193
1 1.0464638157894737, 0.3326937134502924, 0.04057017543859649, 0.006761695906432748
1 0.41488486842105265, 0.33305921052631576, 0.02275219298245614, 0.014071637426900584
1 0.7024396929824561, 0.33360745614035087, 0.01864035087719298, 0.017726608187134504
1 1.099095394736842, 0.33397295321637427, 0.01864035087719298, 0.01644736842105263
1 0.6435032894736842, 0.33433845029239767, 0.01442982456140351, 0.009868421052631578
1 0.7188870614035088, 0.33433845029239767, 0.021655701754385966, 0.012244152046783625
1 0.8214089912280702, 0.33433845029239767, 0.020833333333333332, 0.017361111111111112
1 0.8748629385964912, 0.3347039473684211, 0.01918859649122807, 0.015716374269005847
1 0.7811129385964912, 0.3354349415204678, 0.0200109649122807, 0.013523391812865496
1 1.1256853070175439, 0.3359831871345029, 0.024671052631578948, 0.0133406432748538
1 0.29975328947368424, 0.33653143274853803, 0.02138157894736842, 0.013157894736842105
1 0.3129111842105263, 0.3439327485380117, 0.04194078947368421, 0.00849780701754386
1 0.3294270833333333, 0.35201937134502925, 0.026384320175438597, 0.008634868421052632
1 0.31798245614035087, 0.3515168128654971, 0.01137609649122807, 0.006030701754385965
1 0.31565241228070173, 0.35791301169590645, 0.04057017543859649, 0.007309941520467836
1 0.7462993421052632, 0.3370796783625731, 0.023026315789473683, 0.0133406432748538
1 0.8915844298245614, 0.3378106725146199, 0.018914473684210526, 0.014802631578947368
1 0.6912006578947368, 0.338358918128655, 0.015350877192982455, 0.013706140350877192
1 0.28029057017543857, 0.33927266081871343, 0.017543859649122806, 0.008223684210526315
1 0.6772203947368421, 0.33890716374269003, 0.015625, 0.012244152046783625
1 0.8532072368421053, 0.33908991228070173, 0.02055921052631579, 0.010416666666666666
1 0.9316063596491229, 0.33908991228070173, 0.0200109649122807, 0.013706140350877192
1 1.051672149122807, 0.33945540935672514, 0.01864035087719298, 0.017178362573099414
1 0.48999451754385964, 0.34073464912280704, 0.030975877192982455, 0.0062134502923976605
1 0.6374725877192983, 0.34055190058479534, 0.038651315789473686, 0.012975146198830409
1 1.0785361842105263, 0.34073464912280704, 0.021929824561403508, 0.012792397660818713
1 0.44640899122807015, 0.3412828947368421, 0.023574561403508772, 0.014985380116959063
1 0.7369791666666666, 0.3423793859649123, 0.01644736842105263, 0.01663011695906433
1 0.9521655701754386, 0.342562134502924, 0.01836622807017544, 0.01699561403508772
1 1.0163103070175439, 0.342562134502924, 0.01836622807017544, 0.016264619883040937
1 1.0308388157894737, 0.34292763157894735, 0.015076754385964912, 0.014802631578947368
1 0.7197094298245614, 0.34311038011695905, 0.018092105263157895, 0.015350877192982455
1 0.8093475877192983, 0.34292763157894735, 0.022478070175438597, 0.009502923976608187
1 0.8107182017543859, 0.349141081871345, 0.0200109649122807, 0.016264619883040937
1 0.9710800438596491, 0.34384137426900585, 0.023300438596491228, 0.01516812865497076
1 0.48204495614035087, 0.34402412280701755, 0.03344298245614035, 0.008589181286549707
1 1.0001370614035088, 0.34420687134502925, 0.017269736842105265, 0.015350877192982455
1 0.8956962719298246, 0.34457236842105265, 0.03262061403508772, 0.00932017543859649
1 0.891858552631579, 0.3502375730994152, 0.035910087719298246, 0.009502923976608187
1 0.6448739035087719, 0.3453033625730994, 0.033717105263157895, 0.010782163742690058
1 0.3647203947368421, 0.3456688596491228, 0.03892543859649123, 0.008589181286549707
1 0.35375548245614036, 0.3500548245614035, 0.020833333333333332, 0.013737207602339182
1 0.8318256578947368, 0.3456688596491228, 0.02631578947368421, 0.012244152046783625
1 1.1114309210526316, 0.3465826023391813, 0.02138157894736842, 0.01864035087719298
1 0.28672423245614037, 0.34612573099415206, 0.028928179824561404, 0.009228801169590644
1 0.2668585526315789, 0.34804459064327486, 0.026041666666666668, 0.009502923976608187
1 0.27453399122807015, 0.3526133040935672, 0.03453947368421053, 0.006578947368421052
1 0.45600328947368424, 0.34713084795321636, 0.020285087719298246, 0.010964912280701754
1 0.4063870614035088, 0.34731359649122806, 0.03042763157894737, 0.003837719298245614
1 0.6188322368421053, 0.34767909356725146, 0.023300438596491228, 0.008406432748538011
1 0.7526041666666666, 0.34786184210526316, 0.01864035087719298, 0.009502923976608187
1 0.47108004385964913, 0.34841008771929827, 0.020833333333333332, 0.014071637426900584
1 0.844983552631579, 0.34859283625730997, 0.03782894736842105, 0.011513157894736841
1 0.8640350877192983, 0.35425804093567254, 0.03522478070175439, 0.009137426900584795
1 0.8644462719298246, 0.3602430555555556, 0.018914473684210526, 0.012655336257309942
1 0.8811677631578947, 0.362984283625731, 0.017269736842105265, 0.01320358187134503
1 1.1572094298245614, 0.34859283625730997, 0.018914473684210526, 0.015533625730994151
1 0.7851699561403509, 0.34868421052631576, 0.027741228070175438, 0.012883771929824562
1 0.7734375, 0.3516995614035088, 0.030153508771929825, 0.012426900584795321
1 1.1371984649122806, 0.3498720760233918, 0.024945175438596492, 0.017361111111111112
1 0.5226151315789473, 0.3504203216374269, 0.020833333333333332, 0.009502923976608187
1 0.5826480263157895, 0.3504203216374269, 0.03070175438596491, 0.007492690058479532
1 0.4115953947368421, 0.3513340643274854, 0.036458333333333336, 0.005847953216374269
1 0.39158442982456143, 0.3524305555555556, 0.035507127192982456, 0.005482456140350877
1 0.36444627192982454, 0.35453216374269003, 0.02768640350877193, 0.008132309941520468
1 0.7016173245614035, 0.3524305555555556, 0.030153508771929825, 0.008223684210526315
1 0.4827055921052632, 0.3515844298245614, 0.04194078947368421, 0.00932017543859649
1 1.0938870614035088, 0.3526133040935672, 0.01617324561403509, 0.01206140350877193
1 1.104577850877193, 0.3559027777777778, 0.01836622807017544, 0.013157894736842105
1 1.1106140350877194, 0.3686951754385965, 0.025350877192982457, 0.012792397660818713
1 1.1174616228070176, 0.37892909356725146, 0.021655701754385966, 0.01608187134502924
1 0.9242050438596491, 0.35334429824561403, 0.03453947368421053, 0.008771929824561403
1 0.9817708333333334, 0.35352704678362573, 0.023848684210526317, 0.013888888888888888
1 0.9960252192982456, 0.3668676900584795, 0.02823464912280702, 0.01023391812865497
1 0.9820449561403509, 0.3683296783625731, 0.018092105263157895, 0.01827485380116959
1 1.129797149122807, 0.35352704678362573, 0.022478070175438597, 0.01827485380116959
1 1.0705866228070176, 0.35444078947368424, 0.021655701754385966, 0.007675438596491228
1 1.0472176535087718, 0.35508040935672514, 0.024468201754385965, 0.011421783625730994
1 1.0574287280701755, 0.36083698830409355, 0.0268640350877193, 0.010051169590643274
1 0.5727796052631579, 0.355171783625731, 0.01617324561403509, 0.00932017543859649
1 0.5626370614035088, 0.35754751461988304, 0.022478070175438597, 0.01023391812865497
1 0.5450932017543859, 0.36485745614035087, 0.02412280701754386, 0.008954678362573099
1 0.5439967105263158, 0.3668676900584795, 0.03755482456140351, 0.013888888888888888
1 0.5875822368421053, 0.3549890350877193, 0.013980263157894737, 0.010964912280701754
1 0.3852796052631579, 0.3555372807017544, 0.021929824561403508, 0.00712719298245614
1 0.6111567982456141, 0.3555372807017544, 0.021929824561403508, 0.005116959064327485
1 0.6136239035087719, 0.35663377192982454, 0.02905701754385965, 0.008406432748538011
1 0.6432291666666666, 0.3560855263157895, 0.015625, 0.013706140350877192
1 0.20682565789473684, 0.35645102339181284, 0.01864035087719298, 0.015716374269005847
1 0.16872258771929824, 0.3597404970760234, 0.04057017543859649, 0.01206140350877193
1 0.3984375, 0.35663377192982454, 0.026041666666666668, 0.011513157894736841
1 0.41433662280701755, 0.35699926900584794, 0.03125, 0.010964912280701754
1 0.44229714912280704, 0.35809576023391815, 0.02850877192982456, 0.009502923976608187
1 0.3978892543859649, 0.36430921052631576, 0.01864035087719298, 0.02046783625730994
1 0.44695723684210525, 0.3668676900584795, 0.02850877192982456, 0.019371345029239765
1 0.7143640350877193, 0.35645102339181284, 0.017955043859649123, 0.009137426900584795
1 0.7103892543859649, 0.3630299707602339, 0.020285087719298246, 0.008406432748538011
1 0.5464638157894737, 0.35754751461988304, 0.017543859649122806, 0.008223684210526315
1 0.7756304824561403, 0.3639437134502924, 0.012609649122807017, 0.010599415204678362
1 1.0253563596491229, 0.35773026315789475, 0.01206140350877193, 0.008589181286549707
1 0.8246984649122807, 0.35809576023391815, 0.028919956140350877, 0.009868421052631578
1 0.8532072368421053, 0.36577119883040937, 0.017543859649122806, 0.007858187134502924
1 0.8430646929824561, 0.3672331871345029, 0.015625, 0.01827485380116959
1 1.0346765350877194, 0.35791301169590645, 0.02138157894736842, 0.013523391812865496
1 0.5966282894736842, 0.3584612573099415, 0.015625, 0.010416666666666666
1 0.49856359649122806, 0.3598830409356725, 0.02056469298245614, 0.01663011695906433
1 0.5132949561403509, 0.3599232456140351, 0.01425438596491228, 0.01699561403508772
1 0.9321546052631579, 0.3588267543859649, 0.03700657894736842, 0.007309941520467836
1 1.0039747807017543, 0.3586440058479532, 0.020285087719298246, 0.008954678362573099
1 1.0826480263157894, 0.3586440058479532, 0.01699561403508772, 0.009868421052631578
1 0.9006304824561403, 0.3591922514619883, 0.013980263157894737, 0.005116959064327485
1 0.7304002192982456, 0.3595577485380117, 0.013157894736842105, 0.011878654970760233
1 0.9118695175438597, 0.3595577485380117, 0.01836622807017544, 0.012426900584795321
1 0.5374177631578947, 0.3597404970760234, 0.01836622807017544, 0.008589181286549707
1 0.7887883771929824, 0.3599232456140351, 0.025219298245614034, 0.01516812865497076
1 0.9634046052631579, 0.3597404970760234, 0.018092105263157895, 0.01206140350877193
1 0.5270010964912281, 0.3602887426900585, 0.018914473684210526, 0.016264619883040937
1 0.6541940789473685, 0.36101973684210525, 0.04194078947368421, 0.008954678362573099
1 0.692546600877193, 0.36577119883040937, 0.014827302631578948, 0.01608187134502924
1 0.6662554824561403, 0.36778143274853803, 0.016721491228070175, 0.009685672514619883
1 0.6509046052631579, 0.3685124269005848, 0.020833333333333332, 0.013157894736842105
1 0.635827850877193, 0.37417763157894735, 0.03179824561403509, 0.024671052631578948
1 0.3561677631578947, 0.36120248538011696, 0.029111842105263158, 0.016794590643274855
1 0.30742872807017546, 0.3628472222222222, 0.0356359649122807, 0.009685672514619883
1 0.3436129385964912, 0.3630299707602339, 0.028782894736842105, 0.013157894736842105
1 0.41680372807017546, 0.36156798245614036, 0.025219298245614034, 0.015899122807017545
1 0.3745888157894737, 0.3626644736842105, 0.022478070175438597, 0.02503654970760234
1 0.3904879385964912, 0.3668676900584795, 0.013706140350877192, 0.01425438596491228
1 1.1547423245614035, 0.3628472222222222, 0.038651315789473686, 0.00932017543859649
1 0.25370065789473684, 0.363578216374269, 0.05071271929824561, 0.009685672514619883
1 0.8976151315789473, 0.3633954678362573, 0.019462719298245616, 0.011695906432748537
1 0.6064967105263158, 0.3639437134502924, 0.041666666666666664, 0.009685672514619883
1 0.9414747807017544, 0.3639437134502924, 0.021655701754385966, 0.012244152046783625
1 1.011924342105263, 0.3641264619883041, 0.03673245614035088, 0.011878654970760233
1 0.46367872807017546, 0.36485745614035087, 0.015899122807017545, 0.015533625730994151
1 1.0716831140350878, 0.3668676900584795, 0.042902960526315786, 0.010051169590643274
1 1.0645559210526316, 0.37509137426900585, 0.023300438596491228, 0.006578947368421052
1 1.0999177631578947, 0.37892909356725146, 0.023848684210526317, 0.012975146198830409
1 0.7942708333333334, 0.3661366959064328, 0.02768640350877193, 0.013706140350877192
1 0.9217379385964912, 0.3661366959064328, 0.020285087719298246, 0.011513157894736841
1 0.9033717105263158, 0.3730811403508772, 0.02905701754385965, 0.013706140350877192
1 0.7435581140350878, 0.3665021929824561, 0.02850877192982456, 0.01023391812865497
1 0.5947094298245614, 0.3668676900584795, 0.011239035087719298, 0.009502923976608187
1 0.4277686403508772, 0.36814692982456143, 0.020833333333333332, 0.011878654970760233
1 0.9617598684210527, 0.3697916666666667, 0.02206688596491228, 0.01206140350877193
1 1.1664281798245615, 0.37111659356725146, 0.033544407894736845, 0.009822733918128655
1 0.6350054824561403, 0.3685124269005848, 0.016721491228070175, 0.016264619883040937
1 0.723547149122807, 0.3688779239766082, 0.023939144736842104, 0.009959795321637427
1 0.8068804824561403, 0.3690606725146199, 0.02055921052631579, 0.017361111111111112
1 0.7065515350877193, 0.3697916666666667, 0.03837719298245614, 0.013523391812865496
1 0.7468475877192983, 0.369608918128655, 0.033168859649122806, 0.012609649122807017
1 0.8241502192982456, 0.3697916666666667, 0.020285087719298246, 0.014985380116959063
1 0.35128837719298245, 0.37015716374269003, 0.024671052631578948, 0.024853801169590642
1 0.6152686403508771, 0.37088815789473684, 0.019736842105263157, 0.018457602339181287
1 1.0475603070175439, 0.37088815789473684, 0.023574561403508772, 0.012426900584795321
1 1.0267269736842106, 0.37198464912280704, 0.022203947368421052, 0.010051169590643274
1 0.9466831140350878, 0.37125365497076024, 0.020285087719298246, 0.00932017543859649
1 0.9313322368421053, 0.37545687134502925, 0.021792763157894735, 0.015350877192982455
1 0.9496984649122807, 0.380391081871345, 0.03070175438596491, 0.013523391812865496
1 0.6794133771929824, 0.37143640350877194, 0.014528508771929825, 0.013523391812865496
1 0.08758223684210527, 0.3725328947368421, 0.03453947368421053, 0.02540204678362573
1 1.1371984649122806, 0.3721673976608187, 0.018092105263157895, 0.014071637426900584
1 1.152549342105263, 0.3723501461988304, 0.016721491228070175, 0.014437134502923976
1 0.8591858552631578, 0.3733095760233918, 0.03989035087719298, 0.013660453216374269
1 0.5919682017543859, 0.37436038011695905, 0.021655701754385966, 0.01918859649122807
1 1.217516447368421, 0.37454312865497075, 0.02768640350877193, 0.011695906432748537
1 0.7671326754385965, 0.37509137426900585, 0.03837719298245614, 0.013523391812865496
1 1.2043695175438596, 0.3763706140350877, 0.0422889254385965, 0.017863669590643276
1 1.199424342105263, 0.3776498538011696, 0.034265350877192985, 0.01699561403508772
1 0.8592379385964912, 0.376187865497076, 0.03344298245614035, 0.014071637426900584
1 0.8965186403508771, 0.376187865497076, 0.024396929824561403, 0.01699561403508772
1 1.1689967105263157, 0.376187865497076, 0.027138157894736843, 0.011878654970760233
1 1.1659813596491229, 0.38532529239766083, 0.046052631578947366, 0.0133406432748538
1 0.5001370614035088, 0.3765533625730994, 0.04742324561403509, 0.01114766081871345
1 0.27124451754385964, 0.3772843567251462, 0.02823464912280702, 0.01882309941520468
1 0.40858004385964913, 0.3778326023391813, 0.025767543859649123, 0.018092105263157895
1 1.2449287280701755, 0.37819809941520466, 0.017543859649122806, 0.013888888888888888
1 0.5659265350877193, 0.37838084795321636, 0.0268640350877193, 0.01918859649122807
1 0.3123629385964912, 0.37892909356725146, 0.042214912280701754, 0.011695906432748537
1 1.0837445175438596, 0.38514254385964913, 0.02850877192982456, 0.013706140350877192
1 0.9688870614035088, 0.37966008771929827, 0.030153508771929825, 0.017543859649122806
1 0.42886513157894735, 0.3800255847953216, 0.035910087719298246, 0.01206140350877193
1 1.0297423245614035, 0.37984283625730997, 0.019462719298245616, 0.010599415204678362
1 1.0560581140350878, 0.3811220760233918, 0.023300438596491228, 0.007858187134502924
1 0.46779057017543857, 0.3814875730994152, 0.019736842105263157, 0.011330409356725146
1 1.1914747807017543, 0.3817616959064328, 0.038651315789473686, 0.017635233918128657
1 0.7394462719298246, 0.3827668128654971, 0.041666666666666664, 0.009685672514619883
1 1.133360745614035, 0.38422880116959063, 0.017269736842105265, 0.015716374269005847
1 1.1492598684210527, 0.38495979532163743, 0.018092105263157895, 0.016264619883040937
1 0.3762335526315789, 0.3862390350877193, 0.0356359649122807, 0.010416666666666666
1 0.6777686403508771, 0.3860562865497076, 0.017543859649122806, 0.01699561403508772
1 1.0393366228070176, 0.3860562865497076, 0.03618421052631579, 0.01206140350877193
1 0.5072642543859649, 0.386421783625731, 0.05043859649122807, 0.010051169590643274
1 1.254797149122807, 0.3867872807017544, 0.024396929824561403, 0.014437134502923976
1 0.9316063596491229, 0.38879751461988304, 0.02275219298245614, 0.025219298245614034
1 0.4842379385964912, 0.38934576023391815, 0.01617324561403509, 0.014619883040935672
1 0.9532620614035088, 0.3897112573099415, 0.01918859649122807, 0.019554093567251463
1 1.167077850877193, 0.3898940058479532, 0.042214912280701754, 0.015533625730994151
1 0.5746984649122807, 0.3902595029239766, 0.03481359649122807, 0.010782163742690058
1 0.6626918859649122, 0.3902595029239766, 0.022478070175438597, 0.014985380116959063
1 0.8573190789473685, 0.3900767543859649, 0.023574561403508772, 0.017543859649122806
1 0.8691063596491229, 0.4036001461988304, 0.018092105263157895, 0.01663011695906433
1 0.29070723684210525, 0.3908077485380117, 0.023026315789473683, 0.017726608187134504
1 0.30057565789473684, 0.4052448830409357, 0.025219298245614034, 0.02266081871345029
1 0.6092379385964912, 0.3913559941520468, 0.027412280701754384, 0.02046783625730994
1 0.44640899122807015, 0.3915387426900585, 0.02412280701754386, 0.01827485380116959
1 0.4647752192982456, 0.39263523391812866, 0.025767543859649123, 0.0222953216374269
1 0.889391447368421, 0.39190423976608185, 0.016721491228070175, 0.016812865497076022
1 0.07798793859649122, 0.39300073099415206, 0.03700657894736842, 0.02101608187134503
1 0.7638432017543859, 0.39318347953216376, 0.0400219298245614, 0.01023391812865497
1 0.2695997807017544, 0.3937317251461988, 0.022478070175438597, 0.020833333333333332
1 0.3178453947368421, 0.3937317251461988, 0.0200109649122807, 0.023391812865497075
1 0.5220668859649122, 0.3946454678362573, 0.025767543859649123, 0.017361111111111112
1 0.04810855263157895, 0.3951937134502924, 0.03974780701754386, 0.015350877192982455
1 0.22409539473684212, 0.3951937134502924, 0.03974780701754386, 0.01644736842105263
1 0.20052083333333334, 0.3997624269005848, 0.03892543859649123, 0.015716374269005847
1 0.33484100877192985, 0.39574195906432746, 0.021929824561403508, 0.02138157894736842
1 0.40200109649122806, 0.39574195906432746, 0.03289473684210526, 0.013706140350877192
1 0.38500548245614036, 0.39629020467836257, 0.027138157894736843, 0.021747076023391813
1 0.8238760964912281, 0.39610745614035087, 0.022203947368421052, 0.01699561403508772
1 0.43325109649122806, 0.39647295321637427, 0.0268640350877193, 0.017726608187134504
1 0.4935581140350877, 0.39665570175438597, 0.03700657894736842, 0.02010233918128655
1 0.9576480263157895, 0.3972039473684211, 0.024396929824561403, 0.02101608187134503
1 0.9094024122807017, 0.3977521929824561, 0.02275219298245614, 0.012975146198830409
1 1.0061677631578947, 0.3981176900584795, 0.03495065789473684, 0.019736842105263157
1 0.8981633771929824, 0.3984831871345029, 0.017269736842105265, 0.014437134502923976
1 0.7183388157894737, 0.3988486842105263, 0.0381030701754386, 0.013888888888888888
1 0.41762609649122806, 0.4010416666666667, 0.020285087719298246, 0.014437134502923976
1 1.0311129385964912, 0.4006761695906433, 0.023300438596491228, 0.01516812865497076
1 0.9850603070175439, 0.40158991228070173, 0.023848684210526317, 0.02448830409356725
1 0.6933936403508771, 0.40305190058479534, 0.026589912280701754, 0.025584795321637425
1 0.7783717105263158, 0.40286915204678364, 0.034265350877192985, 0.01023391812865497
1 0.7443804824561403, 0.4034173976608187, 0.033717105263157895, 0.02046783625730994
1 0.7709703947368421, 0.40707236842105265, 0.029605263157894735, 0.0133406432748538
1 0.7992050438596491, 0.4052448830409357, 0.0356359649122807, 0.015716374269005847
1 0.9691611842105263, 0.407437865497076, 0.02275219298245614, 0.02046783625730994
1 1.1448739035087718, 0.4072551169590643, 0.032072368421052634, 0.022478070175438597
1 1.0604440789473684, 0.4081688596491228, 0.020833333333333332, 0.017178362573099414
1 1.2504111842105263, 0.41054459064327486, 0.021929824561403508, 0.02010233918128655
1 1.0730537280701755, 0.4118238304093567, 0.023574561403508772, 0.015899122807017545
1 1.083470394736842, 0.4123720760233918, 0.03399122807017544, 0.016264619883040937
1 1.0056195175438596, 0.4136513157894737, 0.03536184210526316, 0.011330409356725146
1 0.8792489035087719, 0.4251644736842105, 0.03179824561403509, 0.017543859649122806
1 0.6761239035087719, 0.4359466374269006, 0.019462719298245616, 0.015716374269005847
1 0.6193804824561403, 0.45166301169590645, 0.02412280701754386, 0.008589181286549707
1 0.5807291666666666, 0.4540387426900585, 0.018914473684210526, 0.009137426900584795
1 0.5859375, 0.4576937134502924, 0.021655701754385966, 0.012609649122807017
1 0.9357182017543859, 0.4576937134502924, 0.03536184210526316, 0.013157894736842105
1 0.20545504385964913, 0.46153143274853803, 0.043859649122807015, 0.00932017543859649
1 0.5352247807017544, 0.47194809941520466, 0.021929824561403508, 0.011513157894736841
1 1.1330866228070176, 0.48601973684210525, 0.029742324561403508, 0.011878654970760233
1 1.4727247807017543, 0.5063048245614035, 0.0268640350877193, 0.00712719298245614
1 1.0425493421052632, 0.4725877192982456, 0.028374451754385965, 0.01699561403508772
1 1.1978536184210526, 0.5201937134502924, 0.06936129385964912, 0.01251827485380117
1 1.244734100877193, 0.4597953216374269, 0.0291968201754386, 0.02010233918128655
1 1.3712527412280702, 0.5042945906432749, 0.039067982456140356, 0.015625
1 0.2253344298245614, 0.3483187134502924, 0.02974780701754386, 0.0201937134502924
1 0.2428125, 0.3448921783625731, 0.0257702850877193, 0.019691154970760235
1 0.5761101973684211, 0.36579130116959063, 0.019328399122807018, 0.008634868421052632
1 0.5649808114035089, 0.3717763157894737, 0.030054824561403508, 0.015762061403508772
1 0.6797971491228071, 0.3605171783625731, 0.034542214912280704, 0.011993786549707602
1 0.7400137061403509, 0.36229897660818716, 0.04235745614035088, 0.00758406432748538
1 0.7457593201754387, 0.3576845760233918, 0.041249999999999995, 0.0062938596491228065
1 0.8234786184210526, 0.3665021929824561, 0.022069627192982458, 0.012701023391812866
1 0.8483141447368421, 0.3576845760233918, 0.041430921052631575, 0.007858187134502924
1 1.1660855263157894, 0.36798611111111107, 0.0325219298245614, 0.007744883040935673
1 1.0925849780701755, 0.3737426900584795, 0.03290021929824561, 0.007379385964912281
1 1.0701836622807017, 0.38199013157894735, 0.03189967105263158, 0.01402595029239766
1 1.0792297149122807, 0.37888340643274854, 0.02398300438596491, 0.004934210526315789
1 1.006170504385965, 0.37593567251461985, 0.02358004385964912, 0.020126096491228068
1 0.9875959429824561, 0.37082602339181286, 0.026557017543859647, 0.017079678362573097
1 1.1391529605263158, 0.2946363304093567, 0.028031798245614036, 0.011306652046783626
1 1.150671600877193, 0.3024707602339181, 0.02196546052631579, 0.012152777777777778
1 1.0767543859649122, 0.2770687134502924, 0.019432565789473683, 0.013501461988304092
1 1.066954495614035, 0.2739857456140351, 0.018714364035087718, 0.0066703216374269
1 1.0837938596491228, 0.2746820175438596, 0.03154605263157895, 0.010268640350877193
1 1.086143092105263, 0.2741228070175439, 0.028651315789473684, 0.006465643274853801
1 1.1025246710526317, 0.2989766081871345, 0.025838815789473685, 0.00712719298245614
1 1.0805564692982457, 0.2942470760233918, 0.03385964912280701, 0.009137426900584795
1 0.964766995614035, 0.3257182017543859, 0.03862390350877193, 0.017337353801169592
1 0.9638212719298246, 0.314921418128655, 0.020230263157894737, 0.012724780701754385
1 0.9123519736842106, 0.27905701754385964, 0.012919407894736843, 0.010873538011695907
1 0.9089336622807017, 0.2706505847953216, 0.0179577850877193, 0.012792397660818713
1 0.7634347587719299, 0.26777229532163743, 0.029062499999999998, 0.007264254385964912
1 0.7574698464912281, 0.2643914473684211, 0.028103070175438595, 0.00849780701754386
1 0.6933278508771931, 0.35060307017543857, 0.025989583333333333, 0.006465643274853801
1 0.6699890350877192, 0.3511293859649123, 0.032280701754385965, 0.007057748538011695
1 0.7211211622807018, 0.2766812865497076, 0.02645559210526316, 0.006509502923976607
1 0.7319270833333333, 0.26847953216374265, 0.014517543859649124, 0.009046052631578948
1 0.7111129385964912, 0.26466557017543857, 0.014224232456140351, 0.006463815789473684
1 0.660671600877193, 0.35549159356725146, 0.03958333333333333, 0.00897843567251462
1 0.6554989035087719, 0.35110562865497075, 0.02375, 0.014687500000000001
1 0.4733388157894737, 0.36252741228070173, 0.027075109649122808, 0.012426900584795321
1 0.472140899122807, 0.36380665204678364, 0.020800438596491225, 0.017702850877192984
1 0.47868695175438597, 0.35985380116959065, 0.029917763157894735, 0.0060087719298245615
1 0.4890378289473684, 0.35869152046783626, 0.03413377192982456, 0.003585526315789474
1 0.4601343201754386, 0.5262244152046783, 0.05702576754385965, 0.011330409356725146
1 0.5961622807017545, 0.28613852339181284, 0.02117872807017544, 0.012107090643274854
1 0.5827604166666667, 0.28531980994152045, 0.032412280701754385, 0.008086622807017545
1 0.573500548245614, 0.28307748538011696, 0.03526589912280702, 0.007629751461988304
1 0.5897423245614035, 0.27976608187134505, 0.03643092105263158, 0.007309941520467836
1 0.6009128289473684, 0.27789108187134504, 0.03430098684210526, 0.004256213450292397
1 0.662390350877193, 0.2913468567251462, 0.023064692982456142, 0.011878654970760233
1 0.6736979166666667, 0.2805646929824561, 0.019879385964912278, 0.013225511695906434
1 0.6423081140350877, 0.27983369883040937, 0.030054824561403508, 0.009435307017543861
1 0.6690405701754386, 0.2770687134502924, 0.02107456140350877, 0.007035818713450292
1 0.645984100877193, 0.2739857456140351, 0.03601151315789474, 0.006829312865497076
1 0.6392598684210526, 0.2704459064327486, 0.03413377192982456, 0.010073099415204678
1 0.6493667763157894, 0.2679312865497076, 0.03608826754385965, 0.0038852339181286552
1 0.6516282894736842, 0.26452850877192985, 0.021110197368421055, 0.004682017543859649
1 0.6356962719298246, 0.26710891812865495, 0.029608004385964913, 0.0033132309941520466
1 0.2504111842105263, 0.3583698830409357, 0.038308662280701754, 0.00918311403508772
1 0.2837171052631579, 0.3552174707602339, 0.028988486842105265, 0.010553728070175438
1 0.3139035087719298, 0.3498720760233918, 0.028338815789473684, 0.00402046783625731
