1 0.4864309210526316, 0.23108552631578946, 0.00932017543859649, 0.012244152046783625
1 1.1350054824561404, 0.2689144736842105, 0.01425438596491228, 0.013888888888888888
1 0.30359100877192985, 0.27439692982456143, 0.0268640350877193, 0.009502923976608187
1 1.1089638157894737, 0.275858918128655, 0.022478070175438597, 0.01206140350877193
1 0.8932291666666666, 0.28609283625730997, 0.007675438596491228, 0.007492690058479532
1 0.8674616228070176, 0.2868238304093567, 0.027138157894736843, 0.008589181286549707
1 0.7517817982456141, 0.2864583333333333, 0.012335526315789474, 0.0133406432748538
1 0.0746984649122807, 0.29139254385964913, 0.013980263157894737, 0.017726608187134504
1 0.9560032894736842, 0.2966922514619883, 0.012609649122807017, 0.01827485380116959
1 0.9321546052631579, 0.2977887426900585, 0.009594298245614035, 0.013888888888888888
1 0.9162554824561403, 0.29797149122807015, 0.017543859649122806, 0.014619883040935672
1 0.9052905701754386, 0.3034539473684211, 0.01918859649122807, 0.008771929824561403
1 0.9409265350877193, 0.3001644736842105, 0.01069078947368421, 0.013523391812865496
1 -0.00013706140350877192, 0.301078216374269, 0.00712719298245614, 0.010782163742690058
1 0.15583881578947367, 0.3100328947368421, 0.017543859649122806, 0.01425438596491228
1 0.016858552631578948, 0.33689692982456143, 0.028782894736842105, 0.007858187134502924
1 0.05194627192982456, 0.33982090643274854, 0.04084429824561404, 0.0133406432748538
1 0.12294407894736842, 0.34292763157894735, 0.027138157894736843, 0.021747076023391813
1 0.11938048245614036, 0.3456688596491228, 0.012335526315789474, 0.015899122807017545
1 0.00013706140350877192, 0.34365862573099415, 0.015899122807017545, 0.00712719298245614
1 0.03851425438596491, 0.34402412280701755, 0.020285087719298246, 0.014802631578947368
1 0.017955043859649123, 0.3447551169590643, 0.02275219298245614, 0.009502923976608187
1 0.00013706140350877192, 0.3470394736842105, 0.019736842105263157, 0.010508040935672515
1 0.00013706140350877192, 0.3548062865497076, 0.013706140350877192, 0.018457602339181287
1 0.10046600877192982, 0.3447551169590643, 0.01781798245614035, 0.012975146198830409
1 0.17941337719298245, 0.34457236842105265, 0.019462719298245616, 0.009137426900584795
1 0.06620065789473684, 0.3453033625730994, 0.03042763157894737, 0.008223684210526315
1 0.06674890350877193, 0.3522478070175439, 0.024945175438596492, 0.010051169590643274
1 0.060032894736842105, 0.3557200292397661, 0.02617872807017544, 0.01114766081871345
1 0.16269188596491227, 0.3462171052631579, 0.02007949561403509, 0.019371345029239765
1 0.13993969298245615, 0.34786184210526316, 0.01781798245614035, 0.008223684210526315
1 0.1484375, 0.34859283625730997, 0.01836622807017544, 0.017178362573099414
1 0.2797423245614035, 0.3493238304093567, 0.022203947368421052, 0.009685672514619883
1 0.27645285087719296, 0.3553545321637427, 0.031524122807017545, 0.010964912280701754
1 0.2520559210526316, 0.3504203216374269, 0.030153508771929825, 0.015899122807017545
1 0.08895285087719298, 0.35078581871345027, 0.015076754385964912, 0.02010233918128655
1 0.10183662280701754, 0.3560855263157895, 0.0200109649122807, 0.01882309941520468
1 0.21614583333333334, 0.3513340643274854, 0.015625, 0.01516812865497076
1 0.23862390350877194, 0.3513340643274854, 0.01699561403508772, 0.015533625730994151
1 0.32250548245614036, 0.3515168128654971, 0.0268640350877193, 0.008771929824561403
1 0.8386787280701754, 0.35297880116959063, 0.022478070175438597, 0.013157894736842105
1 0.024533991228070175, 0.35370979532163743, 0.013157894736842105, 0.017909356725146198
1 0.17447916666666666, 0.35370979532163743, 0.021929824561403508, 0.016264619883040937
1 0.1884594298245614, 0.35352704678362573, 0.017269736842105265, 0.015350877192982455
1 0.011101973684210526, 0.35425804093567254, 0.015076754385964912, 0.01918859649122807
1 0.13418311403508773, 0.3562682748538012, 0.015350877192982455, 0.01644736842105263
1 0.2553453947368421, 0.35617690058479534, 0.02412280701754386, 0.01343201754385965
1 0.2284813596491228, 0.35773026315789475, 0.013157894736842105, 0.014619883040935672
1 0.22820723684210525, 0.3674159356725146, 0.02768640350877193, 0.01882309941520468
1 0.30825109649122806, 0.35773026315789475, 0.010142543859649123, 0.017178362573099414
1 0.19229714912280702, 0.3586440058479532, 0.022478070175438597, 0.01918859649122807
1 0.32195723684210525, 0.3586440058479532, 0.03755482456140351, 0.013888888888888888
1 0.3178453947368421, 0.36120248538011696, 0.015625, 0.017178362573099414
1 0.028919956140350877, 0.3591922514619883, 0.017543859649122806, 0.01699561403508772
1 0.04920504385964912, 0.3675986842105263, 0.027412280701754384, 0.021747076023391813
1 0.04235197368421053, 0.36778143274853803, 0.013980263157894737, 0.018457602339181287
1 0.015487938596491228, 0.37436038011695905, 0.013706140350877192, 0.014071637426900584
1 0.00027412280701754384, 0.37545687134502925, 0.003700657894736842, 0.021198830409356724
1 0.29262609649122806, 0.3602887426900585, 0.015625, 0.02101608187134503
1 0.20381030701754385, 0.363578216374269, 0.015076754385964912, 0.01206140350877193
1 0.07387609649122807, 0.3641264619883041, 0.022478070175438597, 0.009868421052631578
1 0.07140899122807018, 0.3725328947368421, 0.022203947368421052, 0.010782163742690058
1 0.12294407894736842, 0.36430921052631576, 0.015899122807017545, 0.014802631578947368
1 0.14185855263157895, 0.36504020467836257, 0.023848684210526317, 0.010051169590643274
1 0.13527960526315788, 0.3727156432748538, 0.021929824561403508, 0.0133406432748538
1 0.2630208333333333, 0.36558845029239767, 0.03289473684210526, 0.009868421052631578
1 0.24300986842105263, 0.369608918128655, 0.021107456140350877, 0.021564327485380116
1 0.25507127192982454, 0.37125365497076024, 0.01918859649122807, 0.017909356725146198
1 0.2791940789473684, 0.37472587719298245, 0.014528508771929825, 0.007675438596491228
1 0.2578125, 0.3824926900584795, 0.012609649122807017, 0.01800073099415205
1 0.2846765350877193, 0.3897112573099415, 0.013980263157894737, 0.011330409356725146
1 0.26850328947368424, 0.3946454678362573, 0.025767543859649123, 0.012426900584795321
1 0.3589638157894737, 0.3661366959064328, 0.01644736842105263, 0.01206140350877193
1 0.9875274122807017, 0.3666849415204678, 0.03481359649122807, 0.011695906432748537
1 0.2177905701754386, 0.3670504385964912, 0.01699561403508772, 0.015716374269005847
1 0.3729440789473684, 0.3670504385964912, 0.014528508771929825, 0.01608187134502924
1 0.17639802631578946, 0.36814692982456143, 0.014802631578947368, 0.018092105263157895
1 0.1562171052631579, 0.3814875730994152, 0.022648026315789476, 0.009159356725146199
1 0.15172697368421054, 0.3885233918128655, 0.015076754385964912, 0.02147295321637427
1 0.13829495614035087, 0.3913559941520468, 0.01644736842105263, 0.019371345029239765
1 0.3998081140350877, 0.3686951754385965, 0.01864035087719298, 0.014071637426900584
1 0.4058388157894737, 0.37180190058479534, 0.01644736842105263, 0.013523391812865496
1 1.0121984649122806, 0.3697916666666667, 0.01836622807017544, 0.01864035087719298
1 0.38253837719298245, 0.37015716374269003, 0.01781798245614035, 0.017726608187134504
1 0.07826206140350878, 0.37161915204678364, 0.027138157894736843, 0.014071637426900584
1 0.1034813596491228, 0.3736293859649123, 0.015350877192982455, 0.021564327485380116
1 0.07661732456140351, 0.3815789473684211, 0.027138157894736843, 0.013066520467836257
1 0.054961622807017545, 0.3840460526315789, 0.027960526315789474, 0.009868421052631578
1 0.08018092105263158, 0.3873355263157895, 0.02412280701754386, 0.011330409356725146
1 0.32442434210526316, 0.39190423976608185, 0.015411184210526315, 0.014345760233918129
1 0.2994791666666667, 0.405062134502924, 0.03728070175438596, 0.0133406432748538
1 0.33045504385964913, 0.40981359649122806, 0.023026315789473683, 0.012975146198830409
1 0.3540296052631579, 0.4114583333333333, 0.023848684210526317, 0.021564327485380116
1 0.2972861842105263, 0.4144736842105263, 0.03344298245614035, 0.014163011695906433
1 0.33292214912280704, 0.4182200292397661, 0.01699561403508772, 0.007675438596491228
1 0.34854714912280704, 0.4355811403508772, 0.015625, 0.019005847953216373
1 0.18297697368421054, 0.37472587719298245, 0.034265350877192985, 0.01206140350877193
1 0.21011513157894737, 0.37819809941520466, 0.01699561403508772, 0.019005847953216373
1 0.1903782894736842, 0.3814875730994152, 0.01617324561403509, 0.021747076023391813
1 0.19997258771929824, 0.3831323099415205, 0.013706140350877192, 0.022112573099415205
1 0.17941337719298245, 0.3862390350877193, 0.013157894736842105, 0.01882309941520468
1 1.2695997807017543, 0.37527412280701755, 0.028782894736842105, 0.01918859649122807
1 0.30825109649122806, 0.37563961988304095, 0.023848684210526317, 0.011513157894736841
1 0.11554276315789473, 0.3763706140350877, 0.012883771929824562, 0.017543859649122806
1 0.2690515350877193, 0.3763706140350877, 0.01617324561403509, 0.019736842105263157
1 1.2887883771929824, 0.3778326023391813, 0.03289473684210526, 0.01114766081871345
1 0.1215734649122807, 0.380391081871345, 0.017269736842105265, 0.021747076023391813
1 0.12760416666666666, 0.3833150584795322, 0.02850877192982456, 0.01864035087719298
1 0.13061951754385964, 0.40926535087719296, 0.024945175438596492, 0.012244152046783625
1 0.4036458333333333, 0.3807565789473684, 0.023026315789473683, 0.021564327485380116
1 0.38884320175438597, 0.3915387426900585, 0.01699561403508772, 0.02046783625730994
1 0.7641173245614035, 0.3805738304093567, 0.033717105263157895, 0.012792397660818713
1 0.4013322368421052, 0.40926535087719296, 0.014374999999999999, 0.017361111111111112
1 0.3861019736842105, 0.4112755847953216, 0.014802631578947368, 0.021198830409356724
1 0.3784265350877193, 0.4251644736842105, 0.009046052631578948, 0.01864035087719298
1 0.39679276315789475, 0.4262609649122807, 0.015899122807017545, 0.009502923976608187
1 0.38171600877192985, 0.4324744152046784, 0.017269736842105265, 0.020650584795321638
1 0.8841831140350878, 0.3811220760233918, 0.02138157894736842, 0.01864035087719298
1 0.2838541666666667, 0.3813048245614035, 0.027412280701754384, 0.008589181286549707
1 0.39295504385964913, 0.38203581871345027, 0.015076754385964912, 0.011330409356725146
1 1.1986019736842106, 0.385233918128655, 0.035910087719298246, 0.022934941520467836
1 1.2282072368421053, 0.3902595029239766, 0.023574561403508772, 0.022478070175438597
1 1.2202576754385965, 0.40688961988304095, 0.027138157894736843, 0.016264619883040937
1 0.9466831140350878, 0.3834978070175439, 0.024671052631578948, 0.023391812865497075
1 0.2284813596491228, 0.38514254385964913, 0.011787280701754386, 0.015716374269005847
1 0.23780153508771928, 0.386421783625731, 0.015350877192982455, 0.017178362573099414
1 0.3109923245614035, 0.38514254385964913, 0.015350877192982455, 0.01864035087719298
1 0.30441337719298245, 0.3940972222222222, 0.016721491228070175, 0.0133406432748538
1 1.2347861842105263, 0.38532529239766083, 0.021107456140350877, 0.020833333333333332
1 0.5250822368421053, 0.38550804093567254, 0.01836622807017544, 0.019371345029239765
1 1.1722861842105263, 0.38532529239766083, 0.02987938596491228, 0.01882309941520468
1 0.5944353070175439, 0.386421783625731, 0.027138157894736843, 0.0133406432748538
1 0.5870339912280702, 0.3869700292397661, 0.01864035087719298, 0.012244152046783625
1 0.29454495614035087, 0.3869700292397661, 0.01617324561403509, 0.01699561403508772
1 0.5407072368421053, 0.3871527777777778, 0.01425438596491228, 0.013888888888888888
1 0.42502741228070173, 0.38770102339181284, 0.02987938596491228, 0.012244152046783625
1 0.7210800438596491, 0.38770102339181284, 0.02631578947368421, 0.010964912280701754
1 1.1382949561403508, 0.3875182748538012, 0.024671052631578948, 0.019554093567251463
1 0.026726973684210526, 0.38788377192982454, 0.02768640350877193, 0.009502923976608187
1 0.041529605263157895, 0.3940972222222222, 0.025219298245614034, 0.009685672514619883
1 0.008634868421052632, 0.3946454678362573, 0.02768640350877193, 0.013888888888888888
1 0.07661732456140351, 0.3951937134502924, 0.02987938596491228, 0.013523391812865496
1 0.07332785087719298, 0.39610745614035087, 0.011239035087719298, 0.007675438596491228
1 0.031661184210526314, 0.3979349415204678, 0.01425438596491228, 0.01918859649122807
1 0.054961622807017545, 0.3983004385964912, 0.018092105263157895, 0.01699561403508772
1 0.05852521929824561, 0.4012244152046784, 0.01864035087719298, 0.017726608187134504
1 0.0346765350877193, 0.40286915204678364, 0.020285087719298246, 0.017178362573099414
1 0.0050712719298245616, 0.4052448830409357, 0.029605263157894735, 0.014071637426900584
1 0.02042214912280702, 0.41931652046783624, 0.03179824561403509, 0.01023391812865497
1 0.3789747807017544, 0.38788377192982454, 0.015625, 0.02010233918128655
1 0.5157620614035088, 0.38788377192982454, 0.015899122807017545, 0.012792397660818713
1 0.8019462719298246, 0.38788377192982454, 0.019736842105263157, 0.011513157894736841
1 0.6462445175438597, 0.38843201754385964, 0.011787280701754386, 0.011878654970760233
1 0.6336348684210527, 0.39263523391812866, 0.020285087719298246, 0.013523391812865496
1 0.6180098684210527, 0.40268640350877194, 0.02823464912280702, 0.01663011695906433
1 0.7613760964912281, 0.38861476608187134, 0.015899122807017545, 0.011330409356725146
1 0.7772752192982456, 0.38861476608187134, 0.012609649122807017, 0.021747076023391813
1 1.0582510964912282, 0.38843201754385964, 0.03728070175438596, 0.014071637426900584
1 1.0656524122807018, 0.39610745614035087, 0.0200109649122807, 0.014619883040935672
1 1.1950383771929824, 0.38824926900584794, 0.026041666666666668, 0.023026315789473683
1 0.16515899122807018, 0.38879751461988304, 0.015076754385964912, 0.017178362573099414
1 0.15364583333333334, 0.4006761695906433, 0.017269736842105265, 0.019554093567251463
1 0.16132127192982457, 0.40597587719298245, 0.018914473684210526, 0.01023391812865497
1 0.00041118421052631577, 0.3902595029239766, 0.025219298245614034, 0.017543859649122806
1 0.36800986842105265, 0.3902595029239766, 0.014802631578947368, 0.02448830409356725
1 0.4941063596491228, 0.3902595029239766, 0.02987938596491228, 0.015716374269005847
1 0.9052905701754386, 0.3908077485380117, 0.0268640350877193, 0.02138157894736842
1 1.2682291666666667, 0.3908077485380117, 0.03728070175438596, 0.014437134502923976
1 0.8142817982456141, 0.3911732456140351, 0.01699561403508772, 0.021929824561403508
1 1.1679002192982457, 0.3911732456140351, 0.027412280701754384, 0.01918859649122807
1 0.21121162280701755, 0.39172149122807015, 0.018092105263157895, 0.017726608187134504
1 0.20956688596491227, 0.40140716374269003, 0.02631578947368421, 0.013523391812865496
1 0.19284539473684212, 0.40213815789473684, 0.0200109649122807, 0.015533625730994151
1 0.19503837719298245, 0.4145650584795322, 0.023026315789473683, 0.020650584795321638
1 1.1561129385964912, 0.39172149122807015, 0.03262061403508772, 0.01882309941520468
1 0.4376370614035088, 0.39226973684210525, 0.0268640350877193, 0.017361111111111112
1 0.5524945175438597, 0.39226973684210525, 0.020285087719298246, 0.01114766081871345
1 0.5744243421052632, 0.39629020467836257, 0.01699561403508772, 0.01644736842105263
1 0.5431743421052632, 0.4085343567251462, 0.013706140350877192, 0.012426900584795321
1 0.7961896929824561, 0.39281798245614036, 0.019462719298245616, 0.014985380116959063
1 0.0996436403508772, 0.39300073099415206, 0.019736842105263157, 0.01918859649122807
1 0.10265899122807018, 0.40963084795321636, 0.024396929824561403, 0.011878654970760233
1 0.4529879385964912, 0.39300073099415206, 0.025219298245614034, 0.01644736842105263
1 1.1182839912280702, 0.39318347953216376, 0.021929824561403508, 0.02412280701754386
1 0.8364857456140351, 0.39336622807017546, 0.01836622807017544, 0.016264619883040937
1 0.923108552631579, 0.3937317251461988, 0.018914473684210526, 0.014619883040935672
1 0.24081688596491227, 0.3939144736842105, 0.01836622807017544, 0.021198830409356724
1 0.25863486842105265, 0.4006761695906433, 0.027960526315789474, 0.011695906432748537
1 0.23204495614035087, 0.40542763157894735, 0.02055921052631579, 0.015716374269005847
1 0.21943530701754385, 0.4083516081871345, 0.021107456140350877, 0.014437134502923976
1 0.2512335526315789, 0.4085343567251462, 0.02905701754385965, 0.012426900584795321
1 0.6939418859649122, 0.3939144736842105, 0.015625, 0.021564327485380116
1 1.0478344298245614, 0.3939144736842105, 0.02768640350877193, 0.020650584795321638
1 1.2539747807017543, 0.3937317251461988, 0.015350877192982455, 0.02010233918128655
1 0.4220120614035088, 0.3940972222222222, 0.025904605263157895, 0.015716374269005847
1 0.4272203947368421, 0.4076206140350877, 0.010964912280701754, 0.01023391812865497
1 0.46504934210526316, 0.3946454678362573, 0.023848684210526317, 0.021564327485380116
1 0.7890625, 0.3946454678362573, 0.0200109649122807, 0.010782163742690058
1 0.6043037280701754, 0.3950109649122807, 0.02768640350877193, 0.01882309941520468
1 0.5982730263157895, 0.40944809941520466, 0.012609649122807017, 0.011878654970760233
1 0.608141447368421, 0.4140168128654971, 0.023854166666666666, 0.015533625730994151
1 0.6264199561403508, 0.40874634502923973, 0.020921052631578944, 0.0281140350877193
1 0.623766447368421, 0.4290021929824561, 0.015350877192982455, 0.012426900584795321
1 0.6010142543859649, 0.43283991228070173, 0.026589912280701754, 0.019554093567251463
1 0.6119791666666666, 0.44234283625730997, 0.018092105263157895, 0.023026315789473683
1 0.748766447368421, 0.39574195906432746, 0.031524122807017545, 0.012244152046783625
1 0.8526589912280702, 0.39574195906432746, 0.01425438596491228, 0.017543859649122806
1 1.135827850877193, 0.39629020467836257, 0.02138157894736842, 0.021747076023391813
1 0.5903234649122807, 0.3983004385964912, 0.02768640350877193, 0.00932017543859649
1 1.0401589912280702, 0.3986659356725146, 0.023300438596491228, 0.01644736842105263
1 0.11307565789473684, 0.39903143274853803, 0.012335526315789474, 0.011695906432748537
1 0.4746436403508772, 0.39903143274853803, 0.028782894736842105, 0.016264619883040937
1 0.651452850877193, 0.3988486842105263, 0.02549342105263158, 0.010964912280701754
1 0.667077850877193, 0.4012244152046784, 0.017543859649122806, 0.021198830409356724
1 0.6561129385964912, 0.40323464912280704, 0.010964912280701754, 0.010964912280701754
1 0.6443256578947368, 0.407437865497076, 0.015076754385964912, 0.01425438596491228
1 0.6594024122807017, 0.4131944444444444, 0.008223684210526315, 0.005939327485380117
1 0.6509046052631579, 0.417671783625731, 0.026041666666666668, 0.01023391812865497
1 0.6462445175438597, 0.42406798245614036, 0.011513157894736841, 0.012426900584795321
1 0.6555646929824561, 0.4258954678362573, 0.014528508771929825, 0.018457602339181287
1 0.6492598684210527, 0.4353983918128655, 0.008771929824561403, 0.011878654970760233
1 0.6306195175438597, 0.43740862573099415, 0.017269736842105265, 0.014619883040935672
1 0.6533717105263158, 0.4388706140350877, 0.023026315789473683, 0.01882309941520468
1 0.6435032894736842, 0.4403326023391813, 0.005756578947368421, 0.00932017543859649
1 0.6443256578947368, 0.4465460526315789, 0.010416666666666666, 0.011330409356725146
1 0.6319901315789473, 0.44764254385964913, 0.014528508771929825, 0.017726608187134504
1 0.7095668859649122, 0.39921418128654973, 0.017269736842105265, 0.015716374269005847
1 0.5223410087719298, 0.3999451754385965, 0.024945175438596492, 0.01516812865497076
1 0.5206962719298246, 0.4039656432748538, 0.027412280701754384, 0.020650584795321638
1 0.5100054824561403, 0.4076206140350877, 0.014802631578947368, 0.02320906432748538
1 0.5215186403508771, 0.43375365497076024, 0.0268640350877193, 0.027960526315789474
1 0.5037006578947368, 0.4459978070175439, 0.023026315789473683, 0.02138157894736842
1 0.5223410087719298, 0.4534904970760234, 0.023300438596491228, 0.01663011695906433
1 0.5100054824561403, 0.4668311403508772, 0.021929824561403508, 0.010599415204678362
1 1.010279605263158, 0.4004934210526316, 0.016721491228070175, 0.01644736842105263
1 1.0231633771929824, 0.400858918128655, 0.02905701754385965, 0.01918859649122807
1 0.7413651315789473, 0.40158991228070173, 0.03728070175438596, 0.01023391812865497
1 0.7545230263157895, 0.40615862573099415, 0.021929824561403508, 0.012244152046783625
1 0.9250274122807017, 0.40158991228070173, 0.025219298245614034, 0.018092105263157895
1 0.48944627192982454, 0.4262609649122807, 0.01206140350877193, 0.022112573099415205
1 0.47765899122807015, 0.43795687134502925, 0.014528508771929825, 0.023574561403508772
1 0.41488486842105265, 0.4039656432748538, 0.01343201754385965, 0.01864035087719298
1 0.29015899122807015, 0.4043311403508772, 0.024945175438596492, 0.007309941520467836
1 0.27042214912280704, 0.4112755847953216, 0.028782894736842105, 0.012792397660818713
1 0.1796875, 0.40542763157894735, 0.015899122807017545, 0.014802631578947368
1 0.7898848684210527, 0.4046966374269006, 0.03179824561403509, 0.015350877192982455
1 1.1961348684210527, 0.405062134502924, 0.032072368421052634, 0.018457602339181287
1 0.5017817982456141, 0.40542763157894735, 0.01781798245614035, 0.01663011695906433
1 0.5620888157894737, 0.40597587719298245, 0.015899122807017545, 0.02284356725146199
1 0.5796326754385965, 0.4185855263157895, 0.01781798245614035, 0.01827485380116959
1 0.5876507675438597, 0.41817434210526316, 0.018023574561403508, 0.01228983918128655
1 0.8304550438596491, 0.40634137426900585, 0.029331140350877194, 0.0133406432748538
1 1.1563870614035088, 0.40634137426900585, 0.025767543859649123, 0.011330409356725146
1 0.4387335526315789, 0.40707236842105265, 0.01425438596491228, 0.012792397660818713
1 0.45024671052631576, 0.4076206140350877, 0.013706140350877192, 0.0133406432748538
1 0.4565515350877193, 0.4147478070175439, 0.012335526315789474, 0.01516812865497076
1 0.3748629385964912, 0.4083516081871345, 0.01699561403508772, 0.015899122807017545
1 0.07634320175438597, 0.4088998538011696, 0.030838815789473683, 0.013249269005847953
1 0.06318530701754387, 0.41109283625730997, 0.016721491228070175, 0.012244152046783625
1 0.07743969298245613, 0.4178545321637427, 0.018914473684210526, 0.015533625730994151
1 0.050027412280701754, 0.4227887426900585, 0.021929824561403508, 0.023757309941520467
1 0.06921600877192982, 0.4313779239766082, 0.027412280701754384, 0.014985380116959063
1 0.717516447368421, 0.40926535087719296, 0.03262061403508772, 0.010964912280701754
1 1.1794133771929824, 0.41072733918128657, 0.030153508771929825, 0.013706140350877192
1 0.6355537280701754, 0.4114583333333333, 0.013980263157894737, 0.011878654970760233
1 0.7504111842105263, 0.4118238304093567, 0.021929824561403508, 0.016264619883040937
1 0.007264254385964912, 0.4120065789473684, 0.024396929824561403, 0.020833333333333332
1 6.853070175438596e-05, 0.416140350877193, 0.01103344298245614, 0.0154203216374269
1 0.00013706140350877192, 0.43146929824561403, 0.007949561403508772, 0.00758406432748538
1 0.8378563596491229, 0.4145650584795322, 0.017269736842105265, 0.019005847953216373
1 0.15501644736842105, 0.4151133040935672, 0.02850877192982456, 0.009502923976608187
1 0.4666940789473684, 0.4149305555555556, 0.014528508771929825, 0.019371345029239765
1 0.8252467105263158, 0.4151133040935672, 0.015350877192982455, 0.02010233918128655
1 0.7929002192982456, 0.4152960526315789, 0.017543859649122806, 0.014071637426900584
1 1.057702850877193, 0.4152960526315789, 0.0268640350877193, 0.021564327485380116
1 0.43270285087719296, 0.41602704678362573, 0.026589912280701754, 0.01516812865497076
1 0.6851699561403509, 0.41566154970760233, 0.015350877192982455, 0.012609649122807017
1 0.7819353070175439, 0.41602704678362573, 0.01699561403508772, 0.014071637426900584
1 0.7695997807017544, 0.417671783625731, 0.020833333333333332, 0.01918859649122807
1 0.7813870614035088, 0.42808845029239767, 0.013706140350877192, 0.023026315789473683
1 0.7002467105263158, 0.41657529239766083, 0.023026315789473683, 0.014071637426900584
1 0.7007949561403509, 0.4291849415204678, 0.021655701754385966, 0.008771929824561403
1 1.161047149122807, 0.41639254385964913, 0.034265350877192985, 0.019554093567251463
1 1.0146655701754386, 0.4173062865497076, 0.0200109649122807, 0.014437134502923976
1 0.2778234649122807, 0.4174890350877193, 0.02631578947368421, 0.015350877192982455
1 1.182702850877193, 0.417671783625731, 0.02823464912280702, 0.02266081871345029
1 0.17118969298245615, 0.4178545321637427, 0.031524122807017545, 0.014802631578947368
1 0.15090460526315788, 0.43064692982456143, 0.033717105263157895, 0.020285087719298246
1 1.0862116228070176, 0.4182200292397661, 0.025767543859649123, 0.01918859649122807
1 0.9063870614035088, 0.4185855263157895, 0.028782894736842105, 0.020833333333333332
1 1.1344572368421053, 0.4185855263157895, 0.028782894736842105, 0.01882309941520468
1 0.4083059210526316, 0.41931652046783624, 0.02275219298245614, 0.019371345029239765
1 0.4732730263157895, 0.41895102339181284, 0.01644736842105263, 0.01699561403508772
1 0.033854166666666664, 0.41949926900584794, 0.02823464912280702, 0.0133406432748538
1 0.7293037280701754, 0.41949926900584794, 0.033717105263157895, 0.011695906432748537
1 0.7251918859649122, 0.42479897660818716, 0.034265350877192985, 0.011878654970760233
1 0.09443530701754387, 0.41968201754385964, 0.02905701754385965, 0.008771929824561403
1 0.09690241228070176, 0.4249817251461988, 0.01425438596491228, 0.014802631578947368
1 0.9806743421052632, 0.41986476608187134, 0.027960526315789474, 0.016264619883040937
1 1.1506304824561404, 0.41986476608187134, 0.02905701754385965, 0.0222953216374269
1 0.21175986842105263, 0.42059576023391815, 0.012609649122807017, 0.01663011695906433
1 0.21724232456140352, 0.4209612573099415, 0.03070175438596491, 0.011695906432748537
1 0.8192160087719298, 0.42059576023391815, 0.009868421052631578, 0.013706140350877192
1 0.8093475877192983, 0.4211440058479532, 0.01617324561403509, 0.017361111111111112
1 0.13007127192982457, 0.4213267543859649, 0.023574561403508772, 0.021929824561403508
1 0.11143092105263158, 0.42406798245614036, 0.03234649122807018, 0.010964912280701754
1 0.1128015350877193, 0.4322916666666667, 0.024671052631578948, 0.007675438596491228
1 0.2246436403508772, 0.4213267543859649, 0.03392269736842105, 0.01827485380116959
1 0.32579495614035087, 0.4211440058479532, 0.009046052631578948, 0.009868421052631578
1 0.29207785087719296, 0.4224232456140351, 0.03536184210526316, 0.017178362573099414
1 0.33100328947368424, 0.42754020467836257, 0.010964912280701754, 0.00932017543859649
1 0.3003015350877193, 0.4297331871345029, 0.02987938596491228, 0.011330409356725146
1 0.28440241228070173, 0.4403326023391813, 0.030975877192982455, 0.03070175438596491
1 0.5006853070175439, 0.4220577485380117, 0.013157894736842105, 0.023026315789473683
1 0.18489583333333334, 0.4222404970760234, 0.015213815789473685, 0.01644736842105263
1 0.1503563596491228, 0.43832236842105265, 0.0400219298245614, 0.017361111111111112
1 0.41954495614035087, 0.4222404970760234, 0.019736842105263157, 0.024305555555555556
1 0.4296875, 0.4286366959064328, 0.01644736842105263, 0.019919590643274854
1 0.4211896929824561, 0.44672880116959063, 0.015076754385964912, 0.020650584795321638
1 0.4321546052631579, 0.44745979532163743, 0.013980263157894737, 0.01644736842105263
1 0.14761513157894737, 0.42297149122807015, 0.026589912280701754, 0.014071637426900584
1 0.14953399122807018, 0.4264437134502924, 0.022478070175438597, 0.01206140350877193
1 0.5982730263157895, 0.4226059941520468, 0.015899122807017545, 0.019736842105263157
1 0.6673519736842105, 0.42351973684210525, 0.01836622807017544, 0.012609649122807017
1 0.3671875, 0.42406798245614036, 0.012335526315789474, 0.01608187134502924
1 1.132264254385965, 0.4255299707602339, 0.029605263157894735, 0.02284356725146199
1 0.3378563596491228, 0.4258954678362573, 0.01699561403508772, 0.008589181286549707
1 0.8808936403508771, 0.426078216374269, 0.026589912280701754, 0.019371345029239765
1 1.120202850877193, 0.426078216374269, 0.02631578947368421, 0.02010233918128655
1 0.5741502192982456, 0.42680921052631576, 0.01918859649122807, 0.015716374269005847
1 0.5864857456140351, 0.4385051169590643, 0.015350877192982455, 0.01516812865497076
1 0.5757949561403509, 0.4432565789473684, 0.011239035087719298, 0.019919590643274854
1 0.2728892543859649, 0.42754020467836257, 0.023574561403508772, 0.015716374269005847
1 0.03522478070175439, 0.42772295321637427, 0.017543859649122806, 0.023940058479532164
1 0.00013706140350877192, 0.42827119883040937, 0.033168859649122806, 0.017178362573099414
1 0.02288925438596491, 0.43448464912280704, 0.012609649122807017, 0.015899122807017545
1 0.007538377192982456, 0.44819078947368424, 0.02850877192982456, 0.025219298245614034
1 0.5607182017543859, 0.42827119883040937, 0.01781798245614035, 0.017361111111111112
1 0.6755756578947368, 0.4284539473684211, 0.02549342105263158, 0.01644736842105263
1 0.20326206140350878, 0.4290021929824561, 0.010142543859649123, 0.020833333333333332
1 0.8715734649122807, 0.4288194444444444, 0.024945175438596492, 0.01882309941520468
1 0.760827850877193, 0.4295504385964912, 0.019736842105263157, 0.013523391812865496
1 0.7388980263157895, 0.4348501461988304, 0.03399122807017544, 0.012244152046783625
1 0.7950932017543859, 0.4297331871345029, 0.013980263157894737, 0.019371345029239765
1 0.5105537280701754, 0.4299159356725146, 0.014528508771929825, 0.0222953216374269
1 0.47299890350877194, 0.4310124269005848, 0.015899122807017545, 0.017361111111111112
1 1.1108826754385965, 0.4311951754385965, 0.027138157894736843, 0.02010233918128655
1 0.4414747807017544, 0.4313779239766082, 0.01836622807017544, 0.02284356725146199
1 0.7123081140350878, 0.4319261695906433, 0.01781798245614035, 0.02101608187134503
1 0.45600328947368424, 0.4324744152046784, 0.016721491228070175, 0.02320906432748538
1 0.3866502192982456, 0.43338815789473684, 0.022478070175438597, 0.02138157894736842
1 0.37733004385964913, 0.45422149122807015, 0.024396929824561403, 0.019919590643274854
1 0.36417214912280704, 0.45805921052631576, 0.016721491228070175, 0.023757309941520467
1 0.3559484649122807, 0.4671966374269006, 0.019736842105263157, 0.024853801169590642
1 0.8183936403508771, 0.43393640350877194, 0.01644736842105263, 0.017543859649122806
1 0.7293037280701754, 0.43448464912280704, 0.009868421052631578, 0.01425438596491228
1 0.9072094298245614, 0.43448464912280704, 0.023574561403508772, 0.01827485380116959
1 0.3104440789473684, 0.4348501461988304, 0.03919956140350877, 0.014619883040935672
1 0.838952850877193, 0.4348501461988304, 0.012883771929824562, 0.012975146198830409
1 0.18270285087719298, 0.4353983918128655, 0.020833333333333332, 0.021929824561403508
1 0.21340460526315788, 0.4353983918128655, 0.01918859649122807, 0.017178362573099414
1 0.9664199561403509, 0.4353983918128655, 0.020833333333333332, 0.01864035087719298
1 0.686266447368421, 0.4361293859649123, 0.017269736842105265, 0.01699561403508772
1 0.6802357456140351, 0.4527595029239766, 0.014528508771929825, 0.012975146198830409
1 0.8479989035087719, 0.436312134502924, 0.013157894736842105, 0.010051169590643274
1 1.0504385964912282, 0.43777412280701755, 0.020148026315789474, 0.023940058479532164
1 0.8622532894736842, 0.43686038011695905, 0.019462719298245616, 0.019736842105263157
1 0.8575932017543859, 0.4432565789473684, 0.00849780701754386, 0.0062134502923976605
1 0.8586896929824561, 0.4494700292397661, 0.015899122807017545, 0.01608187134502924
1 0.8510142543859649, 0.4569627192982456, 0.01343201754385965, 0.010782163742690058
1 0.0659265350877193, 0.43740862573099415, 0.035910087719298246, 0.023757309941520467
1 0.24890350877192982, 0.43722587719298245, 0.02206688596491228, 0.017909356725146198
1 0.2284813596491228, 0.4396016081871345, 0.03042763157894737, 0.01663011695906433
1 0.8044133771929824, 0.43813961988304095, 0.014528508771929825, 0.022478070175438597
1 0.09936951754385964, 0.438687865497076, 0.03289473684210526, 0.010051169590643274
1 0.13034539473684212, 0.4388706140350877, 0.02850877192982456, 0.012792397660818713
1 0.2816611842105263, 0.4388706140350877, 0.01425438596491228, 0.024671052631578948
1 0.26795504385964913, 0.4427083333333333, 0.017269736842105265, 0.024671052631578948
1 0.6975054824561403, 0.4388706140350877, 0.01617324561403509, 0.014802631578947368
1 1.1004660087719298, 0.4388706140350877, 0.020285087719298246, 0.021747076023391813
1 0.40803179824561403, 0.4392361111111111, 0.015076754385964912, 0.015350877192982455
1 0.9570997807017544, 0.4403326023391813, 0.01836622807017544, 0.019554093567251463
1 1.0873081140350878, 0.4403326023391813, 0.017269736842105265, 0.01516812865497076
1 0.3301809210526316, 0.44069809941520466, 0.017543859649122806, 0.017726608187134504
1 0.3008497807017544, 0.45422149122807015, 0.03508771929824561, 0.017178362573099414
1 0.5459155701754386, 0.44088084795321636, 0.021655701754385966, 0.018457602339181287
1 0.5640076754385965, 0.4434393274853801, 0.011787280701754386, 0.01882309941520468
1 1.0714089912280702, 0.44124634502923976, 0.03070175438596491, 0.01864035087719298
1 1.0163103070175439, 0.44179459064327486, 0.01836622807017544, 0.02540204678362573
1 1.0368695175438596, 0.4562317251461988, 0.019736842105263157, 0.01827485380116959
1 1.0341282894736843, 0.4629934210526316, 0.014802631578947368, 0.027412280701754384
1 1.0248081140350878, 0.4670138888888889, 0.020833333333333332, 0.025219298245614034
1 1.0297423245614035, 0.44179459064327486, 0.020285087719298246, 0.016812865497076022
1 0.7524671052631579, 0.4442616959064328, 0.02563048245614035, 0.013249269005847953
1 0.7756304824561403, 0.4439875730994152, 0.011787280701754386, 0.011878654970760233
1 0.7844024122807017, 0.4459978070175439, 0.017269736842105265, 0.019736842105263157
1 0.7515076754385965, 0.4500182748538012, 0.027138157894736843, 0.015716374269005847
1 0.7759046052631579, 0.45476973684210525, 0.008771929824561403, 0.007675438596491228
1 0.7739857456140351, 0.46390716374269003, 0.013706140350877192, 0.010782163742690058
1 0.7657620614035088, 0.46445540935672514, 0.014802631578947368, 0.020285087719298246
1 0.7753563596491229, 0.47560307017543857, 0.01617324561403509, 0.01644736842105263
1 0.9077576754385965, 0.4427083333333333, 0.016721491228070175, 0.020650584795321638
1 1.1498081140350878, 0.4432565789473684, 0.024396929824561403, 0.023757309941520467
1 0.8277138157894737, 0.4434393274853801, 0.01864035087719298, 0.012792397660818713
1 0.8888432017543859, 0.4439875730994152, 0.0200109649122807, 0.009868421052631578
1 0.8822642543859649, 0.44709429824561403, 0.020285087719298246, 0.01644736842105263
1 0.1040296052631579, 0.4454495614035088, 0.03262061403508772, 0.014437134502923976
1 0.1689967105263158, 0.4454495614035088, 0.01617324561403509, 0.020285087719298246
1 0.6646107456140351, 0.4452668128654971, 0.020285087719298246, 0.01608187134502924
1 0.9990405701754386, 0.4456323099415205, 0.01699561403508772, 0.017726608187134504
1 1.1300712719298245, 0.4458150584795322, 0.02768640350877193, 0.015533625730994151
1 1.119654605263158, 0.4465460526315789, 0.015076754385964912, 0.01644736842105263
1 0.2983826754385965, 0.44691154970760233, 0.03262061403508772, 0.02046783625730994
1 0.4017269736842105, 0.44691154970760233, 0.019462719298245616, 0.02284356725146199
1 0.38116776315789475, 0.4609831871345029, 0.024945175438596492, 0.015899122807017545
1 0.38829495614035087, 0.46555190058479534, 0.023300438596491228, 0.0266812865497076
1 0.7375274122807017, 0.44672880116959063, 0.015076754385964912, 0.02138157894736842
1 0.844983552631579, 0.44709429824561403, 0.01343201754385965, 0.009868421052631578
1 1.069764254385965, 0.44709429824561403, 0.018092105263157895, 0.02138157894736842
1 0.4666940789473684, 0.4487390350877193, 0.014528508771929825, 0.02101608187134503
1 0.3438870614035088, 0.4483735380116959, 0.014802631578947368, 0.02320906432748538
1 0.47354714912280704, 0.4628106725146199, 0.015899122807017545, 0.023574561403508772
1 0.49054276315789475, 0.4772478070175439, 0.020833333333333332, 0.023757309941520467
1 0.4535361842105263, 0.48181652046783624, 0.022478070175438597, 0.01114766081871345
1 0.9253015350877193, 0.4487390350877193, 0.01617324561403509, 0.01425438596491228
1 0.9346217105263158, 0.45513523391812866, 0.022478070175438597, 0.009502923976608187
1 0.9228344298245614, 0.46153143274853803, 0.00932017543859649, 0.00712719298245614
1 0.9274945175438597, 0.4635416666666667, 0.02055921052631579, 0.010782163742690058
1 0.1903782894736842, 0.448921783625731, 0.03344298245614035, 0.028326023391812866
1 0.44640899122807015, 0.4491045321637427, 0.018092105263157895, 0.0222953216374269
1 0.4390076754385965, 0.4576937134502924, 0.012883771929824562, 0.016812865497076022
1 0.4979440789473684, 0.448921783625731, 0.015076754385964912, 0.021747076023391813
1 0.7120339912280702, 0.4494700292397661, 0.021655701754385966, 0.009685672514619883
1 0.6950383771929824, 0.45056652046783624, 0.018914473684210526, 0.01023391812865497
1 0.5856633771929824, 0.4496527777777778, 0.015350877192982455, 0.0222953216374269
1 1.0453673245614035, 0.4498355263157895, 0.021107456140350877, 0.017909356725146198
1 0.1728344298245614, 0.45056652046783624, 0.033168859649122806, 0.023026315789473683
1 1.1750274122807018, 0.45038377192982454, 0.03618421052631579, 0.011878654970760233
1 0.09882127192982457, 0.45129751461988304, 0.02412280701754386, 0.015350877192982455
1 0.08429276315789473, 0.45495248538011696, 0.024671052631578948, 0.021929824561403508
1 0.12431469298245613, 0.45129751461988304, 0.024945175438596492, 0.026498538011695907
1 0.9905427631578947, 0.45111476608187134, 0.011513157894736841, 0.010782163742690058
1 1.008360745614035, 0.4604349415204678, 0.019736842105263157, 0.01827485380116959
1 0.998766447368421, 0.467562134502924, 0.02905701754385965, 0.019005847953216373
1 0.7194353070175439, 0.45166301169590645, 0.018914473684210526, 0.023940058479532164
1 0.23314144736842105, 0.45202850877192985, 0.027138157894736843, 0.02101608187134503
1 0.8066063596491229, 0.4527595029239766, 0.020285087719298246, 0.022112573099415205
1 0.8123629385964912, 0.45568347953216376, 0.021655701754385966, 0.017543859649122806
1 0.8353892543859649, 0.45568347953216376, 0.017543859649122806, 0.016812865497076022
1 0.8241502192982456, 0.46482090643274854, 0.020833333333333332, 0.015899122807017545
1 0.8008497807017544, 0.4739583333333333, 0.023163377192982455, 0.01516812865497076
1 0.7912554824561403, 0.4777960526315789, 0.011239035087719298, 0.01699561403508772
1 0.7896107456140351, 0.4883954678362573, 0.017543859649122806, 0.03435672514619883
1 0.9784813596491229, 0.4522112573099415, 0.021107456140350877, 0.020285087719298246
1 0.9006304824561403, 0.4527595029239766, 0.022478070175438597, 0.022112573099415205
1 0.5993695175438597, 0.4529422514619883, 0.013157894736842105, 0.019736842105263157
1 0.20243969298245615, 0.4538559941520468, 0.029331140350877194, 0.019919590643274854
1 0.3573190789473684, 0.4538559941520468, 0.011239035087719298, 0.013157894736842105
1 0.5393366228070176, 0.4540387426900585, 0.023848684210526317, 0.01882309941520468
1 0.5527686403508771, 0.46153143274853803, 0.03070175438596491, 0.010599415204678362
1 0.573327850877193, 0.4673793859649123, 0.031524122807017545, 0.023026315789473683
1 0.5930646929824561, 0.4708516081871345, 0.024671052631578948, 0.019736842105263157
1 0.14679276315789475, 0.45440423976608185, 0.022203947368421052, 0.011513157894736841
1 -0.00013706140350877192, 0.45495248538011696, 0.00849780701754386, 0.020285087719298246
1 0.25699013157894735, 0.45568347953216376, 0.019736842105263157, 0.022478070175438597
1 0.8770559210526315, 0.4562317251461988, 0.020285087719298246, 0.015899122807017545
1 0.8707510964912281, 0.4598866959064328, 0.015076754385964912, 0.019736842105263157
1 0.8781524122807017, 0.4704861111111111, 0.01918859649122807, 0.020285087719298246
1 0.6229440789473685, 0.457328216374269, 0.01617324561403509, 0.02266081871345029
1 0.6119791666666666, 0.46390716374269003, 0.017543859649122806, 0.02503654970760234
1 0.6388432017543859, 0.4575109649122807, 0.022478070175438597, 0.016812865497076022
1 0.6722861842105263, 0.45860745614035087, 0.010416666666666666, 0.012975146198830409
1 0.6703673245614035, 0.4664656432748538, 0.01918859649122807, 0.021747076023391813
1 0.6818804824561403, 0.4671966374269006, 0.01425438596491228, 0.025219298245614034
1 0.7024396929824561, 0.45842470760233917, 0.02275219298245614, 0.014071637426900584
1 0.9529879385964912, 0.45842470760233917, 0.024671052631578948, 0.010599415204678362
1 0.3098958333333333, 0.45879020467836257, 0.03344298245614035, 0.022112573099415205
1 0.6594024122807017, 0.45933845029239767, 0.01425438596491228, 0.02046783625730994
1 0.639391447368421, 0.46792763157894735, 0.019736842105263157, 0.018457602339181287
1 0.6415844298245614, 0.4699835526315789, 0.021655701754385966, 0.030290570175438597
1 1.0881304824561404, 0.4597039473684211, 0.021107456140350877, 0.008406432748538011
1 0.2265625, 0.4600694444444444, 0.027960526315789474, 0.01663011695906433
1 0.6933936403508771, 0.4598866959064328, 0.01425438596491228, 0.01206140350877193
1 0.754797149122807, 0.4608004385964912, 0.01206140350877193, 0.023940058479532164
1 0.7468475877192983, 0.4706688596491228, 0.014528508771929825, 0.021929824561403508
1 0.7353344298245614, 0.4766995614035088, 0.013706140350877192, 0.03289473684210526
1 0.7424616228070176, 0.48711622807017546, 0.018914473684210526, 0.02631578947368421
1 1.1171875, 0.4608004385964912, 0.029605263157894735, 0.014985380116959063
1 1.1089638157894737, 0.4611659356725146, 0.023026315789473683, 0.023757309941520467
1 0.33675986842105265, 0.4620796783625731, 0.012883771929824562, 0.01206140350877193
1 0.31345942982456143, 0.4659173976608187, 0.024396929824561403, 0.0222953216374269
1 0.9729989035087719, 0.4626279239766082, 0.030153508771929825, 0.02101608187134503
1 0.9628563596491229, 0.46792763157894735, 0.025767543859649123, 0.02138157894736842
1 0.9990405701754386, 0.4798062865497076, 0.02850877192982456, 0.019371345029239765
1 0.9883497807017544, 0.4834612573099415, 0.02549342105263158, 0.0133406432748538
1 1.0585252192982457, 0.4628106725146199, 0.017269736842105265, 0.024853801169590642
1 0.42859100877192985, 0.46408991228070173, 0.01699561403508772, 0.017909356725146198
1 0.8973410087719298, 0.46427266081871343, 0.013706140350877192, 0.013888888888888888
1 0.40391995614035087, 0.46500365497076024, 0.024396929824561403, 0.021747076023391813
1 0.7310855263157895, 0.4662828947368421, 0.02206688596491228, 0.01836622807017544
1 0.8556743421052632, 0.4666483918128655, 0.015899122807017545, 0.020285087719298246
1 1.0774396929824561, 0.4664656432748538, 0.034265350877192985, 0.010599415204678362
1 0.49629934210526316, 0.46829312865497075, 0.020833333333333332, 0.025219298245614034
1 0.5160361842105263, 0.4852887426900585, 0.03700657894736842, 0.011878654970760233
1 0.932702850877193, 0.46957236842105265, 0.01836622807017544, 0.011878654970760233
1 0.5163103070175439, 0.4704861111111111, 0.025767543859649123, 0.01663011695906433
1 0.9203673245614035, 0.4708516081871345, 0.019462719298245616, 0.0222953216374269
1 0.9442160087719298, 0.4704861111111111, 0.017543859649122806, 0.014802631578947368
1 0.532483552631579, 0.4708516081871345, 0.032072368421052634, 0.01644736842105263
1 0.8340186403508771, 0.4710343567251462, 0.023026315789473683, 0.02010233918128655
1 0.8170230263157895, 0.4803545321637427, 0.01425438596491228, 0.013157894736842105
1 0.8282620614035088, 0.48273026315789475, 0.015625, 0.019736842105263157
1 1.048108552631579, 0.47194809941520466, 0.015076754385964912, 0.023940058479532164
1 0.6979166666666666, 0.47267909356725146, 0.0278234649122807, 0.010051169590643274
1 0.6947642543859649, 0.47852704678362573, 0.017543859649122806, 0.021198830409356724
1 0.5533168859649122, 0.47341008771929827, 0.019462719298245616, 0.02320906432748538
1 1.0623629385964912, 0.47359283625730997, 0.024396929824561403, 0.024671052631578948
1 0.34087171052631576, 0.4737755847953216, 0.0268640350877193, 0.025950292397660817
1 0.37678179824561403, 0.4752375730994152, 0.01617324561403509, 0.019736842105263157
1 0.8984375, 0.4754203216374269, 0.01699561403508772, 0.021929824561403508
1 0.7197094298245614, 0.47852704678362573, 0.015350877192982455, 0.02887426900584795
1 0.7051809210526315, 0.48145102339181284, 0.01836622807017544, 0.028691520467836257
1 0.5700383771929824, 0.4763340643274854, 0.02138157894736842, 0.018092105263157895
1 0.4154331140350877, 0.4766995614035088, 0.02138157894736842, 0.02320906432748538
1 0.40337171052631576, 0.47944078947368424, 0.020970394736842105, 0.019736842105263157
1 0.8649945175438597, 0.4772478070175439, 0.018092105263157895, 0.02905701754385965
1 0.8800712719298246, 0.48163377192982454, 0.020285087719298246, 0.021929824561403508
1 1.0837445175438596, 0.4774305555555556, 0.033717105263157895, 0.014437134502923976
1 0.6251370614035088, 0.4803545321637427, 0.01644736842105263, 0.023026315789473683
1 0.6530975877192983, 0.4807200292397661, 0.01864035087719298, 0.027046783625730993
1 0.33182565789473684, 0.48145102339181284, 0.02549342105263158, 0.024305555555555556
1 0.4239309210526316, 0.48145102339181284, 0.022478070175438597, 0.020285087719298246
1 0.9529879385964912, 0.48181652046783624, 0.013980263157894737, 0.025584795321637425
1 0.9409265350877193, 0.48327850877192985, 0.01343201754385965, 0.02266081871345029
1 0.48149671052631576, 0.4840095029239766, 0.026041666666666668, 0.023574561403508772
1 0.7583607456140351, 0.4852887426900585, 0.015625, 0.02046783625730994
1 0.967516447368421, 0.48547149122807015, 0.014802631578947368, 0.027595029239766082
1 0.45079495614035087, 0.4874817251461988, 0.029331140350877194, 0.019005847953216373
1 0.8559484649122807, 0.4874817251461988, 0.017543859649122806, 0.02722953216374269
1 0.8416940789473685, 0.4916849415204678, 0.01836622807017544, 0.023940058479532164
1 1.0261787280701755, 0.4874817251461988, 0.023026315789473683, 0.01864035087719298
1 0.6700932017543859, 0.4876644736842105, 0.0200109649122807, 0.02448830409356725
1 0.9250274122807017, 0.488578216374269, 0.023300438596491228, 0.02412280701754386
1 0.7750822368421053, 0.48949195906432746, 0.01864035087719298, 0.025584795321637425
1 0.7616502192982456, 0.4913194444444444, 0.018914473684210526, 0.02412280701754386
1 0.8115405701754386, 0.48985745614035087, 0.01617324561403509, 0.012426900584795321
1 0.979577850877193, 0.49004020467836257, 0.032072368421052634, 0.013888888888888888
1 0.02919407894736842, 0.49022295321637427, 0.041666666666666664, 0.009685672514619883
1 0.42365679824561403, 0.4911366959064328, 0.030975877192982455, 0.019554093567251463
1 0.3866502192982456, 0.4918676900584795, 0.02631578947368421, 0.019919590643274854
1 0.6854440789473685, 0.4925986842105263, 0.019736842105263157, 0.016264619883040937
1 0.8803453947368421, 0.4935124269005848, 0.023574561403508772, 0.01827485380116959
1 0.013843201754385965, 0.4975328947368421, 0.03508771929824561, 0.014802631578947368
1 0.8839089912280702, 0.4982638888888889, 0.031524122807017545, 0.021747076023391813
1 0.0278234649122807, 0.49972587719298245, 0.033168859649122806, 0.019919590643274854
1 0.8101699561403509, 0.5004568713450293, 0.023848684210526317, 0.02540204678362573
1 0.9842379385964912, 0.5026498538011696, 0.03728070175438596, 0.011878654970760233
1 0.8296326754385965, 0.5033808479532164, 0.04303728070175439, 0.024853801169590642
1 0.6648848684210527, 0.5055738304093568, 0.022203947368421052, 0.02010233918128655
1 0.02124451754385965, 0.5092288011695907, 0.039473684210526314, 0.02503654970760234
1 0.039336622807017545, 0.5106907894736842, 0.03618421052631579, 0.02503654970760234
1 0.046052631578947366, 0.35375548245614036, 0.01103344298245614, 0.01343201754385965
1 0.05311129385964912, 0.35891812865497075, 0.01617324561403509, 0.01800073099415205
1 0.003289473684210526, 0.37088815789473684, 0.016584429824561403, 0.011878654970760233
1 0.003974780701754386, 0.3811220760233918, 0.011239035087719298, 0.016264619883040937
1 0.057291666666666664, 0.4227887426900585, 0.024945175438596492, 0.028691520467836257
1 0.5797697368421053, 0.241593567251462, 0.037143640350877194, 0.01827485380116959
1 0.9126918859649122, 0.4908625730994152, 0.02398574561403509, 0.026224415204678362
1 0.9087171052631579, 0.4770650584795322, 0.015866228070175438, 0.014733187134502924
1 0.8057154605263158, 0.48711622807017546, 0.01274671052631579, 0.02645285087719298
1 0.7891310307017544, 0.4701206140350877, 0.02055921052631579, 0.008908991228070175
1 0.7886513157894737, 0.4510690789473684, 0.018023574561403508, 0.021335891812865496
1 0.5764117324561403, 0.41113852339181284, 0.02261513157894737, 0.009228801169590644
1 0.5857319078947368, 0.40465095029239767, 0.01651589912280702, 0.009046052631578948
1 0.5516036184210527, 0.3972039473684211, 0.032552083333333336, 0.010279605263157895
1 0.546875, 0.40145285087719296, 0.020285087719298246, 0.014300073099415205
1 0.5378974780701754, 0.41625548245614036, 0.027138157894736843, 0.01779422514619883
1 0.5374862938596491, 0.4251187865497076, 0.02515076754385965, 0.02828033625730994
1 0.5213130482456141, 0.41936220760233917, 0.017406798245614034, 0.023163377192982455
1 0.5286787280701755, 0.41872258771929827, 0.01898574561403509, 0.013751827485380117
1 0.4772478070175439, 0.4668530701754386, 0.02035361842105263, 0.021246345029239767
1 0.48516447368421056, 0.4453801169590643, 0.021173245614035087, 0.022342836257309942
1 0.48327850877192985, 0.4088998538011696, 0.01850328947368421, 0.01918859649122807
1 0.4876973684210526, 0.40003654970760233, 0.021107456140350877, 0.020445906432748538
1 0.44510690789473684, 0.47053179824561403, 0.0322094298245614, 0.020924707602339183
1 0.4457236842105263, 0.45682565789473684, 0.027033991228070178, 0.02266081871345029
1 0.4116639254385965, 0.38121345029239767, 0.03508771929824561, 0.02275219298245614
1 0.39696271929824556, 0.3997843567251462, 0.020663377192982457, 0.015398391812865498
1 0.36938048245614036, 0.43987573099415206, 0.01651589912280702, 0.02023940058479532
1 0.3554002192982456, 0.4319718567251462, 0.01816063596491228, 0.02106176900584795
1 0.3500548245614035, 0.37792397660818716, 0.026247258771929825, 0.022796052631578946
1 0.3456003289473684, 0.3767361111111111, 0.016258223684210527, 0.01941703216374269
1 0.33813048245614036, 0.37212171052631576, 0.020526315789473684, 0.0201937134502924
1 0.32459429824561403, 0.37961440058479534, 0.022856359649122807, 0.015944809941520467
1 0.23506030701754385, 0.3567470760233918, 0.013637609649122808, 0.012335526315789474
1 0.2259813596491228, 0.42427266081871345, 0.04169956140350877, 0.018230994152046785
1 0.2563048245614035, 0.4213486842105263, 0.022683662280701754, 0.020902777777777777
1 0.15364583333333334, 0.3688998538011696, 0.02662280701754386, 0.01622076023391813
1 0.15352521929824559, 0.36540570175438597, 0.02167214912280702, 0.0167671783625731
1 0.12397203947368421, 0.41582236842105263, 0.030052083333333333, 0.00975328947368421
1 0.1249671052631579, 0.3971820175438597, 0.01706140350877193, 0.01962171052631579
1 3.289473684210526e-05, 0.40718567251461985, 0.005929276315789473, 0.009024122807017544
1 0.02525219298245614, 0.374155701754386, 0.018777412280701754, 0.012997076023391814
1 0.017510964912280703, 0.3822989766081871, 0.02360745614035088, 0.0077083333333333335
1 0.9355701754385966, 0.4369517543859649, 0.0183031798245614, 0.015171783625730994
1 0.944344846491228, 0.441109283625731, 0.01782072368421053, 0.017823464912280703
1 0.3476672149122807, 0.41288011695906435, 0.01021107456140351, 0.013115862573099414
1 0.3373684210526316, 0.39368238304093567, 0.01583333333333333, 0.009367690058479532
1 0.3379166666666667, 0.4021363304093567, 0.01590186403508772, 0.009735014619883041
1 0.3527905701754386, 0.4000347222222222, 0.015219298245614035, 0.020199195906432748
1 0.3579331140350877, 0.3843421052631579, 0.0258031798245614, 0.020091374269005847
