1 2416.5, 80.5, 147.0, 150.0
1 2529.5, 94.5, 147.0, 140.0
1 2422.5, 221.5, 155.0, 148.0
1 2973.5, 98.5, 96.0, 186.0
1 1772.5, 100.5, 130.0, 116.0
1 1848.5, 108.5, 180.0, 81.0
1 1984.5, 137.5, 140.0, 151.0
1 3138.5, 156.5, 110.0, 131.0
1 2137.5, 171.5, 101.0, 162.0
1 2046.5, 241.5, 97.0, 161.0
1 2109.5, 291.5, 109.0, 167.0
1 3250.5, 185.5, 204.0, 113.0
1 3323.5, 199.5, 262.0, 115.0
1 3169.5, 241.5, 136.0, 212.0
1 3148.5, 348.5, 188.0, 174.0
1 1886.5, 186.5, 152.0, 82.0
1 1734.5, 193.5, 179.0, 78.0
1 1699.5, 234.5, 171.0, 86.0
1 1625.5, 262.5, 192.0, 112.0
1 1776.5, 266.5, 219.0, 71.5
1 2345.5, 187.5, 99.0, 202.0
1 1401.5, 202.5, 132.0, 141.0
1 3900.5, 202.5, 108.0, 171.0
1 3788.5, 304.5, 161.0, 138.0
1 3776.5, 343.5, 165.0, 198.0
1 3930.5, 354.5, 94.0, 209.25
1 1366.5, 336.5, 204.0, 155.0
1 2215.5, 222.5, 79.0, 206.0
1 1962.5, 226.5, 166.0, 143.0
1 1893.5, 334.5, 135.0, 86.0
1 2502.5, 229.5, 170.0, 129.0
1 2665.5, 242.5, 119.0, 157.0
1 2531.5, 282.5, 136.0, 152.0
1 2426.5, 333.5, 112.0, 189.0
1 2549.27, 369.0, 177.0, 192.0
1 2898.5, 236.5, 105.0, 220.0
1 2799.5, 242.5, 112.0, 200.0
1 4119.5, 236.5, 106.0, 161.0
1 3660.5, 240.5, 154.25, 148.5
1 3666.5, 471.25, 167.0, 194.25
1 4296.5, 250.5, 88.0, 159.0
1 2282.5, 252.5, 89.0, 178.0
1 3110.5, 259.5, 82.0, 199.0
1 4005.5, 260.5, 118.0, 165.0
1 3022.5, 269.5, 96.0, 202.0
1 4211.5, 273.5, 98.0, 173.0
1 3442.5, 283.5, 159.0, 99.0
1 3340.5, 348.5, 107.0, 203.0
1 3480.5, 463.5, 136.0, 162.0
1 3368.5, 473.5, 140.0, 201.0
1 3583.5, 497.5, 89.0, 199.0
1 3448.5, 573.5, 138.0, 193.0
1 4676.5, 282.5, 198.0, 123.0
1 4575.5, 347.5, 199.0, 121.0
1 4565.5, 378.5, 189.0, 192.0
1 3310.5, 299.5, 154.0, 158.0
1 1246.0, 313.5, 130.5, 162.0
1 3499.5, 315.5, 106.0, 171.0
1 3580.5, 319.5, 80.0, 142.0
1 4387.5, 321.5, 117.0, 175.0
1 4201.5, 385.5, 225.0, 151.0
1 4075.5, 504.5, 103.0, 122.0
1 4154.5, 513.5, 138.0, 193.0
1 2745.5, 335.5, 157.0, 194.0
1 2715.5, 437.5, 97.0, 240.0
1 1692.5, 337.5, 207.0, 125.0
1 1713.5, 389.5, 248.0, 85.0
1 1868.5, 401.5, 220.0, 133.0
1 1751.5, 468.5, 202.0, 133.0
1 2925.5, 349.5, 125.0, 201.0
1 4931.5, 359.5, 121.0, 186.0
1 4854.5, 370.5, 130.0, 202.0
1 4022.5, 391.5, 190.0, 115.0
1 5062.5, 401.5, 91.0, 175.5
1 5092.5, 451.5, 147.0, 192.0
1 4997.5, 481.5, 131.5, 188.0
1 5295.5, 400.5, 114.0, 204.0
1 5220.5, 425.5, 118.0, 176.0
1 5356.5, 542.5, 115.0, 204.0
1 5214.5, 548.5, 178.0, 205.0
1 5082.5, 610.5, 143.0, 193.0
1 5208.5, 651.5, 146.0, 167.0
1 5343.5, 747.5, 127.5, 161.0
1 2020.5, 416.5, 110.0, 195.0
1 2190.5, 426.5, 214.0, 147.0
1 2065.0, 430.5, 159.5, 220.0
1 2143.5, 564.5, 170.0, 166.0
1 2064.5, 543.5, 157.5, 194.0
1 2563.5, 432.5, 179.0, 166.0
1 3805.5, 436.5, 162.5, 162.0
1 3753.5, 600.5, 159.0, 227.0
1 3839.5, 595.88, 183.0, 196.62
1 3831.5, 647.5, 140.0, 180.0
1 3064.5, 453.5, 130.0, 180.1
1 3164.5, 461.5, 179.0, 130.0
1 3026.5, 556.5, 123.0, 176.0
1 1440.5, 461.5, 230.0, 58.0
1 1232.5, 468.5, 169.0, 145.0
1 1337.5, 499.5, 248.0, 84.0
1 1695.5, 474.5, 199.0, 151.0
1 1630.5, 485.5, 117.0, 166.0
1 924.5, 478.5, 132.0, 247.5
1 2297.5, 481.5, 241.0, 92.0
1 2378.5, 551.5, 253.0, 120.0
1 2604.5, 670.5, 134.0, 140.0
1 4418.5, 482.5, 134.0, 189.0
1 4286.5, 484.5, 99.0, 198.0
1 4365.5, 510.5, 103.0, 167.0
1 565.5, 486.5, 179.5, 178.5
1 4582.5, 491.5, 147.0, 186.0
1 4707.5, 578.5, 213.0, 94.0
1 4628.5, 664.5, 290.0, 73.0
1 2808.5, 497.5, 199.0, 129.0
1 1529.5, 512.5, 110.0, 144.0
1 1312.5, 574.5, 228.0, 149.0
1 1394.5, 609.5, 132.0, 229.5
1 1136.5, 677.5, 203.0, 171.0
1 987.5, 516.5, 146.0, 206.0
1 1893.5, 517.5, 132.0, 198.0
1 827.5, 518.5, 124.0, 182.0
1 3269.5, 536.5, 134.0, 211.0
1 2633.5, 548.5, 149.5, 212.0
1 4890.5, 571.5, 196.0, 168.0
1 2196.5, 583.5, 186.0, 190.0
1 2306.5, 614.5, 233.0, 109.0
1 3165.5, 589.5, 166.0, 250.0
1 3326.5, 677.5, 126.0, 170.0
1 1767.5, 599.5, 134.0, 212.0
1 1716.5, 634.5, 93.0, 205.0
1 2858.5, 610.5, 161.0, 213.0
1 2967.5, 611.5, 118.0, 219.0
1 1099.5, 612.5, 63.0, 129.0
1 1509.75, 640.75, 203.75, 94.75
1 1533.5, 697.25, 181.0, 179.25
1 1438.04, 726.89, 184.5, 109.0
1 4091.5, 644.5, 137.0, 177.0
1 4202.5, 695.5, 120.0, 202.0
1 2504.5, 651.5, 156.0, 199.0
1 3682.5, 657.5, 223.0, 235.0
1 3698.5, 793.5, 197.0, 168.0
1 3875.5, 839.5, 153.0, 251.5
1 4298.5, 660.5, 250.0, 123.0
1 769.5, 675.5, 153.0, 179.5
1 560.5, 678.5, 213.0, 100.0
1 4948.5, 686.5, 156.0, 222.0
1 5046.5, 814.5, 172.0, 155.0
1 2766.5, 692.5, 140.0, 205.0
1 3606.5, 695.5, 98.0, 226.0
1 3141.5, 699.5, 151.0, 219.0
1 2349.25, 708.5, 140.25, 206.75
1 2221.5, 864.5, 136.0, 202.0
1 2285.5, 902.5, 172.75, 143.0
1 931.5, 713.5, 216.0, 107.0
1 4687.5, 729.5, 211.0, 82.0
1 4297.5, 787.5, 117.0, 187.0
1 4049.5, 791.5, 265.0, 155.0
1 4474.5, 797.5, 224.0, 116.0
1 4373.5, 825.5, 144.0, 232.0
1 2038.5, 717.5, 112.0, 176.0
1 1277.5, 721.5, 154.0, 195.0
1 2211.5, 725.5, 194.0, 183.75
1 3069.5, 729.5, 138.0, 223.0
1 2476.5, 734.5, 168.25, 154.25
1 556.5, 739.5, 130.0, 160.0
1 4872.5, 745.5, 192.0, 253.0
1 4763.5, 811.5, 187.0, 131.0
1 4895.5, 935.5, 157.0, 195.0
1 5132.5, 1021.5, 120.0, 196.0
1 4815.5, 1032.5, 196.0, 253.0
1 5035.5, 1046.5, 100.0, 256.0
1 4966.5, 1144.5, 160.0, 201.0
1 3380.5, 852.5, 124.0, 206.0
1 3287.5, 857.5, 100.0, 232.0
1 2648.5, 780.5, 122.0, 218.0
1 2541.5, 856.5, 164.0, 109.0
1 1729.5, 794.5, 145.0, 186.0
1 1748.5, 966.5, 115.0, 114.0
1 1207.5, 798.5, 105.0, 158.0
1 1100.0, 947.0, 283.5, 147.5
1 2859.5, 810.5, 199.0, 83.0
1 5131.5, 814.5, 240.0, 182.0
1 1514.5, 823.5, 224.0, 191.0
1 1574.5, 848.5, 174.0, 218.5
1 1002.75, 826.5, 134.63, 170.0
1 1801.5, 832.5, 138.0, 166.0
1 4261.5, 977.5, 154.0, 193.0
1 4194.5, 1090.5, 170.0, 257.0
1 4106.5, 1176.5, 142.0, 207.0
1 1985.5, 873.25, 203.0, 177.25
1 4110.5, 882.5, 147.0, 211.0
1 2771.5, 893.5, 305.0, 113.0
1 2440.25, 889.5, 151.25, 220.0
1 3589.5, 891.5, 179.0, 190.0
1 4515.5, 897.5, 119.0, 195.0
1 4627.5, 896.5, 239.0, 91.0
1 3172.5, 910.5, 129.0, 263.5
1 1818.5, 915.5, 180.0, 214.0
1 5315.5, 929.5, 138.0, 232.0
1 5200.5, 936.5, 152.0, 203.0
1 1309.0, 945.5, 160.5, 101.0
1 2954.5, 958.5, 212.0, 184.0
1 3650.0, 966.5, 246.5, 176.0
1 4751.5, 965.5, 116.0, 210.0
1 4496.0, 972.5, 225.5, 187.0
1 4433.5, 1105.5, 233.0, 211.0
1 4600.5, 1122.5, 128.0, 213.0
1 4662.5, 961.5, 122.0, 230.0
1 2882.5, 1000.5, 106.0, 212.0
1 2794.5, 1111.5, 196.0, 170.0
1 4823.5, 1024.5, 99.0, 187.0
1 2150.5, 1030.5, 167.0, 239.0
1 1970.5, 1052.5, 222.0, 133.0
1 3365.5, 1031.5, 235.0, 109.0
1 2316.5, 1026.12, 202.12, 238.38
1 1436.5, 1062.5, 147.0, 222.0
1 2503.5, 1085.5, 156.0, 216.0
1 4336.5, 1084.5, 102.0, 208.0
1 395.5, 1088.5, 163.0, 226.0
1 545.5, 1118.5, 143.0, 225.0
1 3234.5, 1091.5, 186.0, 275.0
1 642.0, 1106.5, 158.5, 249.0
1 887.5, 1109.5, 104.0, 193.0
1 -0.5, 1110.5, 124.0, 179.0
1 3786.25, 1111.5, 152.25, 249.0
1 3691.5, 1147.5, 136.0, 202.0
1 3883.5, 1202.5, 122.0, 205.0
1 1111.5, 1120.5, 180.0, 211.0
1 2991.5, 1119.5, 181.0, 164.5
1 3498.5, 1118.5, 158.0, 205.0
1 5210.5, 1123.5, 236.0, 124.0
1 1884.5, 1147.5, 88.0, 175.0
1 251.5, 1156.5, 103.0, 248.0
1 323.5, 1203.5, 73.0, 155.0
1 134.5, 1298.5, 146.0, 261.0
1 1705.5, 1152.0, 201.0, 158.5
1 1945.5, 1166.5, 91.0, 228.0
1 1817.5, 1313.5, 237.0, 147.0
1 5190.5, 1188.5, 248.0, 166.0
1 1494.5, 1199.5, 144.0, 188.0
1 1487.5, 1286.5, 192.0, 151.0
1 2029.5, 1215.5, 196.0, 181.0
1 5135.5, 1215.5, 210.0, 200.0
1 5064.5, 1368.5, 238.0, 106.0
1 4698.0, 1222.5, 143.5, 221.5
1 3284.5, 1232.5, 161.5, 246.0
1 2991.5, 1234.5, 158.0, 280.0
1 0.5, 1236.5, 194.0, 220.0
1 2375.5, 1249.5, 232.5, 175.0
1 4222.5, 1258.5, 82.0, 186.0
1 840.5, 1271.5, 102.5, 242.41
1 738.5, 1487.5, 207.0, 86.0
1 694.5, 1551.5, 238.0, 155.0
1 2598.75, 1514.5, 105.75, 177.0
1 3435.5, 1281.5, 151.0, 259.0
1 4287.5, 1297.5, 190.0, 143.0
1 1699.5, 1305.5, 147.0, 208.0
1 1374.5, 1364.5, 164.0, 261.0
1 1669.5, 1382.5, 113.0, 178.0
1 1443.5, 1478.5, 196.0, 207.0
1 2872.5, 1306.5, 120.0, 300.0
1 4422.5, 1308.5, 174.0, 272.5
1 1300.5, 1308.5, 124.0, 286.0
1 932.5, 1316.5, 138.0, 225.0
1 623.0, 1325.5, 135.5, 265.0
1 3680.5, 1325.5, 238.25, 253.25
1 3171.5, 1331.75, 176.0, 217.75
1 3337.0, 1399.5, 155.5, 211.0
1 305.5, 1350.5, 135.0, 245.0
1 413.5, 1348.0, 154.0, 271.5
1 1094.5, 1353.5, 181.0, 242.0
1 1097.5, 1443.5, 200.0, 223.0
1 3555.5, 1362.5, 180.0, 237.0
1 3636.5, 1377.5, 165.0, 221.0
1 3818.5, 1363.5, 210.0, 262.0
1 4020.5, 1379.5, 144.0, 223.5
1 4760.5, 1389.0, 226.0, 160.5
1 2106.5, 1394.5, 129.0, 271.0
1 1972.5, 1441.5, 107.0, 246.0
1 1991.5, 1656.5, 198.0, 198.0
1 1957.5, 1658.5, 171.0, 112.0
1 1764.5, 1761.5, 246.0, 133.0
1 1841.5, 1403.5, 168.0, 96.0
1 4185.5, 1411.5, 264.0, 121.0
1 2742.5, 1423.5, 147.0, 297.5
1 3085.5, 1424.5, 131.0, 323.0
1 3177.5, 1610.5, 263.0, 136.0
1 3161.5, 1723.5, 249.0, 118.0
1 2283.5, 1453.5, 174.0, 191.0
1 2372.5, 1621.5, 108.0, 195.0
1 5066.5, 1457.5, 271.0, 117.0
1 2356.5, 1460.5, 204.0, 155.0
1 1866.5, 1477.5, 113.0, 207.0
1 2959.5, 1472.5, 136.0, 204.0
1 2873.38, 1659.75, 288.37, 135.75
1 4517.5, 1481.5, 113.0, 240.0
1 4637.5, 1498.5, 214.0, 202.0
1 472.0, 1502.5, 166.5, 240.0
1 238.5, 1555.0, 241.0, 109.5
1 232.5, 1659.5, 270.0, 100.0
1 240.5, 1707.5, 155.0, 162.0
1 76.5, 1833.5, 162.0, 125.0
1 162.5, 1853.5, 171.0, 184.0
1 144.5, 1929.5, 187.0, 207.0
1 38.0, 1941.5, 136.5, 189.0
1 2182.5, 1512.5, 125.5, 204.0
1 3411.5, 1537.5, 205.0, 218.0
1 18.5, 1556.5, 221.0, 140.0
1 2266.5, 1561.5, 119.0, 250.0
1 4133.5, 1564.5, 200.0, 308.5
1 3577.5, 1569.5, 102.0, 276.5
1 3307.5, 1743.5, 293.0, 141.0
1 2984.5, 1759.5, 248.0, 143.0
1 3201.5, 1814.5, 134.5, 142.0
1 3420.5, 1842.5, 268.0, 159.0
1 3282.5, 1849.5, 141.0, 237.0
1 3576.5, 1860.5, 155.0, 266.0
1 3182.5, 1945.5, 162.0, 200.0
1 4317.5, 1571.5, 196.0, 175.0
1 3664.5, 1596.5, 173.0, 252.5
1 4057.5, 1606.5, 139.0, 233.0
1 3983.5, 1643.5, 100.0, 211.0
1 3987.5, 1812.5, 126.0, 195.0
1 3883.5, 1610.5, 118.0, 241.0
1 3801.5, 1610.5, 105.0, 210.0
1 544.5, 1614.5, 135.0, 188.0
1 1448.5, 1621.5, 177.0, 133.0
1 1313.5, 1644.5, 185.0, 117.0
1 619.5, 1624.5, 162.0, 255.0
1 930.5, 1633.5, 142.0, 176.0
1 2464.5, 1678.5, 227.0, 203.0
1 2686.5, 1638.5, 129.0, 263.0
1 2039.5, 1791.5, 218.0, 193.0
1 1894.5, 1833.5, 198.0, 203.0
1 2520.5, 1859.5, 206.0, 253.0
1 1715.5, 1865.5, 260.0, 112.0
1 2245.5, 1884.5, 281.0, 148.0
1 1692.5, 1948.5, 132.0, 106.0
1 2014.5, 1960.5, 178.0, 106.0
1 2203.5, 1960.5, 244.0, 217.0
1 1778.5, 1973.5, 115.0, 338.25
1 2114.5, 2021.5, 110.0, 137.0
1 2027.5, 2063.5, 252.0, 198.0
1 -0.5, 1641.5, 70.0, 132.0
1 692.5, 1684.5, 267.0, 164.0
1 1140.5, 1760.5, 163.0, 203.0
1 1083.5, 1769.5, 105.0, 163.0
1 728.5, 1779.5, 247.0, 70.0
1 1010.5, 1788.5, 125.0, 218.0
1 860.75, 1797.88, 151.75, 300.87
1 902.5, 1874.5, 183.75, 232.0
1 1037.0, 1940.5, 181.5, 185.0
1 1260.5, 1698.5, 181.0, 202.0
1 1253.5, 1778.5, 125.0, 165.0
1 4545.5, 1707.5, 161.5, 337.0
1 0.5, 1713.5, 208.0, 180.0
1 30.25, 1737.5, 279.25, 118.0
1 -0.5, 1883.5, 76.0, 228.0
1 4846.5, 1715.5, 117.0, 250.0
1 2068.5, 1718.5, 195.0, 123.0
1 1441.5, 1733.5, 197.0, 106.75
1 4731.5, 1737.5, 156.0, 273.0
1 4845.5, 1932.5, 284.0, 147.0
1 320.5, 1747.5, 201.0, 223.0
1 245.5, 1978.5, 157.0, 162.0
1 375.5, 1935.5, 140.0, 225.0
1 256.5, 2136.5, 169.0, 239.0
1 4422.5, 1756.5, 116.0, 215.0
1 4350.5, 1857.5, 148.0, 207.0
1 1616.5, 1758.5, 121.0, 229.0
1 1450.5, 1810.5, 202.0, 126.0
1 4229.5, 1780.5, 193.0, 186.0
1 4030.5, 1859.5, 245.0, 226.0
1 4166.5, 1946.5, 203.0, 163.0
1 4090.5, 2027.5, 124.0, 288.0
1 3983.5, 2240.25, 131.0, 135.0
1 4048.85, 2318.0, 188.15, 199.34
1 461.5, 1792.5, 170.0, 103.0
1 634.5, 1884.5, 154.0, 177.0
1 497.5, 1888.5, 143.0, 104.0
1 638.5, 1954.5, 121.0, 213.0
1 3713.5, 1805.5, 142.5, 235.0
1 4488.5, 1814.5, 123.0, 239.0
1 787.5, 1819.5, 157.0, 274.0
1 3837.5, 1826.5, 169.0, 189.0
1 669.5, 1842.5, 178.0, 85.0
1 3002.5, 1891.5, 110.0, 224.0
1 2921.5, 1936.5, 131.5, 190.0
1 2962.5, 2107.0, 214.0, 190.5
1 2944.74, 2156.2, 204.0, 200.0
1 1350.5, 1911.5, 84.0, 190.0
1 3336.5, 1939.5, 146.0, 264.0
1 3463.5, 1923.0, 139.0, 241.5
1 3396.5, 2107.0, 118.0, 276.5
1 1261.5, 1932.5, 92.0, 203.0
1 2529.5, 1935.5, 195.0, 254.0
1 2621.5, 2061.5, 147.0, 194.0
1 2380.5, 2129.5, 205.0, 177.0
1 3892.5, 1951.5, 182.0, 197.0
1 2726.5, 1955.5, 134.0, 214.0
1 2775.5, 1990.5, 172.0, 293.0
1 2708.5, 2041.5, 136.0, 188.0
1 1070.5, 1958.5, 218.0, 234.0
1 476.5, 1963.5, 181.0, 292.0
1 553.5, 1983.5, 120.0, 174.0
1 361.5, 2152.5, 232.0, 173.0
1 3790.5, 1962.5, 108.0, 119.0
1 4626.5, 1972.5, 214.0, 153.0
1 1584.5, 1991.5, 122.0, 261.0
1 1674.5, 2023.5, 106.0, 238.0
1 2258.5, 2012.5, 216.0, 207.0
1 4502.5, 2031.5, 161.0, 214.43
1 4226.5, 2058.5, 320.0, 96.0
1 4318.5, 2110.5, 229.0, 110.0
1 4206.5, 2152.5, 210.0, 81.0
1 4382.5, 2199.5, 197.0, 258.0
1 4216.5, 2208.5, 258.0, 85.0
1 4513.5, 2212.5, 159.0, 257.0
1 4232.5, 2283.5, 219.0, 169.0
1 3779.0, 2077.5, 231.5, 154.0
1 3740.0, 2159.5, 182.75, 174.0
1 3787.0, 2214.5, 204.5, 225.0
1 3587.5, 2222.5, 200.0, 255.0
1 4851.5, 2049.5, 199.0, 88.0
1 4858.5, 2172.5, 161.0, 243.0
1 4702.5, 2305.5, 120.0, 288.0
1 4601.5, 2314.5, 165.5, 252.0
1 4807.5, 2351.5, 320.0, 221.5
1 5205.0, 2027.5, 233.5, 324.0
1 1333.5, 2100.5, 134.0, 294.0
1 4006.5, 2102.5, 129.0, 199.0
1 131.5, 2109.5, 159.0, 185.0
1 2564.5, 2114.5, 151.0, 294.0
1 1171.5, 2121.5, 194.0, 154.0
1 3210.5, 2122.5, 184.0, 201.0
1 789.5, 2125.5, 279.0, 146.0
1 5127.5, 2138.5, 203.0, 206.0
1 5291.5, 2287.5, 123.0, 216.0
1 5070.0, 2175.5, 237.5, 288.0
1 5038.5, 2210.5, 194.0, 252.0
1 603.5, 2194.5, 127.0, 180.0
1 1114.5, 2222.5, 215.0, 221.5
1 1191.5, 2342.0, 273.5, 122.5
1 828.5, 2263.5, 279.0, 131.0
1 702.5, 2295.5, 113.0, 166.0
1 1825.5, 2294.5, 114.0, 217.0
1 1742.5, 2330.5, 137.0, 220.0
1 2580.0, 2308.5, 249.5, 170.0
1 481.5, 2323.5, 149.0, 253.0
1 580.5, 2359.5, 159.0, 307.5
1 4301.5, 2350.5, 163.0, 186.0
1 5350.5, 2367.5, 121.0, 229.0
1 2879.5, 2376.5, 183.0, 222.0
1 230.5, 2378.5, 181.0, 182.0
1 135.5, 2392.5, 158.0, 296.5
1 3313.5, 2382.5, 191.0, 347.5
1 3457.5, 2386.5, 126.0, 291.75
1 901.5, 2390.5, 176.0, 221.0
1 733.5, 2454.5, 244.0, 225.0
1 3090.5, 2391.5, 109.0, 264.5
1 1448.5, 2394.5, 204.0, 267.0
1 2348.5, 2395.5, 256.0, 157.0
1 397.35, 2400.79, 167.0, 221.0
1 1339.5, 2393.0, 209.0, 319.5
1 2710.5, 2442.5, 149.5, 226.0
1 323.5, 2474.5, 126.0, 185.0
1 2064.5, 2480.0, 248.0, 178.5
1 3793.5, 2513.5, 215.5, 325.5
1 3769.5, 2756.5, 215.0, 129.0
1 3174.5, 2529.5, 185.0, 109.0
1 2207.5, 2494.0, 222.0, 334.5
1 2413.5, 2555.5, 218.0, 132.0
1 3933.5, 2542.5, 138.0, 247.0
1 3657.5, 2554.5, 168.0, 345.0
1 2971.0, 2560.5, 151.0, 203.0
1 3477.5, 2567.5, 184.0, 214.0
1 2542.5, 2576.5, 222.0, 206.0
1 4168.5, 2576.5, 129.0, 359.0
1 2368.5, 2614.5, 197.0, 151.0
1 4068.5, 2625.5, 114.0, 230.0
1 3084.5, 2627.5, 224.0, 172.0
1 4583.0, 2630.0, 203.5, 274.5
1 3544.5, 2670.5, 136.0, 255.0
1 70.0, 2681.5, 228.0, 319.5
1 5262.5, 2733.5, 154.5, 292.0
1 4250.5, 2738.5, 203.0, 208.0
1 2955.5, 2857.0, 243.0, 292.5
1 4100.5, 2877.5, 115.0, 271.0
1 1475.5, 3040.5, 136.0, 136.0
1 1450.5, 3154.5, 93.0, 172.0
1 1146.5, 3439.5, 134.0, 137.0
1 3474.5, 3554.5, 124.0, 92.0
1 1172.0, 2462.5, 265.0, 152.5
1 1902.0, 2536.5, 204.5, 320.5
1 4367.0, 2821.0, 258.5, 218.0
1 4964.5, 2269.0, 232.5, 293.5
1 4846.0, 2096.5, 211.5, 175.5
1 3140.5, 2154.0, 173.5, 250.5
1 3105.5, 1881.0, 104.5, 278.5
1 2936.69, 1824.74, 216.0, 119.5
1 2918.5, 1984.5, 16.0, 10.5
1 2847.18, 1785.6, 112.32, 226.15
1 2754.5, 1814.0, 165.5, 199.5
1 2135.25, 1858.77, 129.86, 218.94
1 2209.5, 1806.0, 344.0, 110.0
1 2447.5, 1916.5, 99.0, 209.5
1 1341.5, 799.5, 212.5, 145.5
1 1525.0, 206.0, 111.5, 179.5
1 1448.0, 343.0, 237.0, 131.0
1 3412.0, 424.25, 60.25, 64.0
1 3450.25, 334.5, 64.75, 134.75
1 3672.34, 355.31, 134.0, 235.29
1 3619.05, 294.75, 147.5, 224.03
1 3942.5, 495.5, 188.0, 237.5
1 3900.28, 586.84, 177.72, 179.41
1 3464.5, 779.0, 126.0, 218.0
1 3547.0, 752.0, 107.0, 241.5
1 4018.0, 863.0, 138.5, 250.5
1 3946.0, 1068.0, 153.5, 270.5
1 4068.13, 1083.62, 115.75, 259.71
1 790.0, 1114.0, 104.88, 150.5
1 736.5, 1216.5, 144.5, 255.5
1 446.0, 1192.5, 123.5, 198.5
1 352.5, 1848.5, 134.0, 232.0
1 4793.88, 2381.27, 282.0, 271.0
1 3189.34, 1496.09, 248.66, 149.9
1 2808.88, 1592.85, 193.35, 232.03
1 2529.95, 1632.89, 174.0, 230.75
1 1157.46, 544.11, 122.75, 185.28
1 1255.72, 566.55, 224.5, 110.0
1 2580.66, 1273.31, 156.0, 195.5
1 2680.0, 1254.0, 189.0, 225.5
1 2466.0, 1421.0, 157.0, 227.5
1 1410.5, 1923.0, 172.0, 286.0
1 1436.0, 1911.0, 185.0, 191.0
1 4454.0, 353.49, 119.82, 136.26
1 4481.46, 433.42, 141.5, 202.0
1 4173.0, 2267.09, 128.75, 126.16
1 3558.5, 2035.0, 220.0, 196.5
1 3687.52, 2043.5, 119.73, 266.5
1 1631.0, 1496.3, 253.0, 219.93
1 1627.5, 1581.15, 267.5, 187.95
1 1943.5, 664.46, 101.5, 188.44
1 1903.0, 598.98, 162.5, 186.44
1 1795.5, 1679.46, 195.5, 134.96
1 1728.5, 1672.46, 157.5, 231.43
1 1868.0, 2025.94, 103.0, 228.94
1 1940.0, 1970.96, 95.5, 286.42
1 2239.5, 1312.35, 90.0, 209.28
1 2169.5, 1197.23, 132.5, 187.95
1 3581.0, 2356.58, 117.0, 238.93
1 3500.5, 2159.33, 136.5, 240.43
1 4662.5, 2080.57, 117.5, 268.93
1 4759.5, 2056.58, 102.0, 290.92
1 4565.0, 734.97, 206.5, 170.45
1 4369.5, 711.98, 231.5, 131.46
