1 0.6491666666666667, 0.173625, 0.024666666666666667, 0.02575
1 0.5955, 0.179625, 0.024333333333333332, 0.02525
1 0.5845, 0.198625, 0.020666666666666667, 0.02725
1 0.4575, 0.201875, 0.022333333333333334, 0.01975
1 0.6201666666666666, 0.203375, 0.021333333333333333, 0.0255
1 0.5161666666666667, 0.205125, 0.029333333333333333, 0.02125
1 0.4775, 0.207625, 0.037, 0.0175
1 0.5408333333333334, 0.205625, 0.03933333333333333, 0.01425
1 0.6761666666666667, 0.206125, 0.02033333333333333, 0.02525
1 0.6455, 0.209625, 0.021333333333333333, 0.02775
1 0.6161666666666666, 0.234125, 0.03333333333333333, 0.0195
1 0.7671666666666667, 0.210125, 0.039, 0.01775
1 0.6668333333333333, 0.210375, 0.024, 0.0275
1 0.6948333333333333, 0.210625, 0.024666666666666667, 0.0285
1 0.7225, 0.211875, 0.02266666666666667, 0.02675
1 0.43383333333333335, 0.212375, 0.017333333333333333, 0.03175
1 0.5998333333333333, 0.213875, 0.021666666666666667, 0.027
1 0.5435, 0.216625, 0.041666666666666664, 0.02025
1 0.7478333333333333, 0.218125, 0.017666666666666667, 0.02475
1 0.4608333333333333, 0.220625, 0.025666666666666667, 0.024
1 0.4465, 0.221875, 0.021666666666666667, 0.02225
1 0.4435, 0.240625, 0.025333333333333333, 0.032
1 0.49983333333333335, 0.221625, 0.04566666666666667, 0.01425
1 0.4015, 0.223125, 0.024666666666666667, 0.0325
1 0.7081666666666667, 0.223125, 0.020666666666666667, 0.034
1 0.7681666666666667, 0.224375, 0.042333333333333334, 0.013
1 0.7668333333333334, 0.234875, 0.03233333333333333, 0.0245
1 0.6155, 0.224875, 0.029333333333333333, 0.0215
1 0.42483333333333334, 0.225375, 0.022, 0.0315
1 0.4865, 0.229875, 0.02, 0.02425
1 0.5528333333333333, 0.231875, 0.02, 0.026
1 0.5681666666666667, 0.232375, 0.04033333333333333, 0.016
1 0.5678333333333333, 0.248625, 0.035, 0.01525
1 0.6388333333333334, 0.233375, 0.04133333333333333, 0.02025
1 0.8611666666666666, 0.233125, 0.02266666666666667, 0.0315
1 0.8675, 0.242625, 0.028666666666666667, 0.0295
1 0.8961666666666667, 0.233125, 0.024666666666666667, 0.02775
1 0.7835, 0.233875, 0.042, 0.017
1 0.5095, 0.235375, 0.027666666666666666, 0.027
1 0.5065, 0.261625, 0.034666666666666665, 0.02
1 0.7458333333333333, 0.237125, 0.023666666666666666, 0.029
1 0.8168333333333333, 0.237375, 0.022333333333333334, 0.0345
1 0.8391666666666666, 0.237125, 0.02, 0.033
1 0.5348333333333334, 0.238875, 0.023333333333333334, 0.0305
1 0.7308333333333333, 0.238125, 0.023333333333333334, 0.03275
1 0.7161666666666666, 0.245125, 0.024, 0.03
1 0.6678333333333333, 0.238875, 0.028333333333333332, 0.02575
1 0.6955, 0.238625, 0.012, 0.01975
1 0.6415, 0.240375, 0.042666666666666665, 0.021
1 0.6165, 0.256125, 0.026333333333333334, 0.0185
1 0.5775, 0.244125, 0.03966666666666667, 0.011
1 0.4861666666666667, 0.246375, 0.037, 0.01775
1 0.7655, 0.246875, 0.038, 0.0195
1 0.7771666666666667, 0.264875, 0.046, 0.01425
1 0.5928333333333333, 0.252125, 0.04633333333333333, 0.02
1 0.47883333333333333, 0.256625, 0.04466666666666667, 0.02375
1 0.8888333333333334, 0.256875, 0.04466666666666667, 0.018
1 0.6758333333333333, 0.257125, 0.03833333333333333, 0.0125
1 0.6388333333333334, 0.257625, 0.028333333333333332, 0.03375
1 0.5595, 0.259375, 0.043333333333333335, 0.018
1 0.6248333333333334, 0.262625, 0.025666666666666667, 0.03375
1 0.4215, 0.263875, 0.024333333333333332, 0.035
1 0.6448333333333334, 0.264875, 0.03266666666666666, 0.0285
1 0.7501666666666666, 0.264875, 0.025333333333333333, 0.02775
1 0.5148333333333334, 0.265375, 0.036, 0.0245
1 0.7321666666666666, 0.265875, 0.03166666666666667, 0.018
1 0.5588333333333333, 0.267125, 0.02266666666666667, 0.0315
1 0.5518333333333333, 0.274625, 0.017333333333333333, 0.0275
1 0.7068333333333333, 0.267375, 0.018666666666666668, 0.03025
1 0.6821666666666667, 0.268125, 0.026, 0.02175
1 0.6065, 0.269625, 0.018, 0.03475
1 0.5351666666666667, 0.271375, 0.02033333333333333, 0.032
1 0.6741666666666667, 0.271375, 0.028333333333333332, 0.03
1 0.6521666666666667, 0.299125, 0.04666666666666667, 0.0155
1 0.7581666666666667, 0.271875, 0.03, 0.02675
1 0.7235, 0.273125, 0.025333333333333333, 0.02175
1 0.5928333333333333, 0.277125, 0.024333333333333332, 0.0365625
1 0.5788333333333333, 0.277875, 0.017666666666666667, 0.031
1 0.6135, 0.296125, 0.03966666666666667, 0.02575
1 0.7835, 0.278875, 0.042, 0.01575
1 0.4568333333333333, 0.281875, 0.017666666666666667, 0.03225
1 0.4741666666666667, 0.282625, 0.024333333333333332, 0.03425
1 0.6501666666666667, 0.289625, 0.037, 0.012
1 0.5051666666666667, 0.290375, 0.04033333333333333, 0.015
1 0.8273333333333334, 0.291625, 0.052833333333333336, 0.01975
1 0.6978333333333333, 0.292875, 0.048, 0.022
1 0.7141666666666666, 0.302375, 0.034, 0.0235
1 0.4975, 0.297625, 0.043666666666666666, 0.01925
1 0.44316666666666665, 0.299625, 0.027333333333333334, 0.0245
1 0.5378333333333334, 0.299625, 0.04466666666666667, 0.0245
1 0.3585, 0.302875, 0.022333333333333334, 0.03425
1 0.5711666666666667, 0.304625, 0.035666666666666666, 0.02675
1 0.4755, 0.307125, 0.025666666666666667, 0.03375
1 0.4831666666666667, 0.314875, 0.025666666666666667, 0.033
1 0.5045, 0.309375, 0.028666666666666667, 0.03425
1 0.6241666666666666, 0.311625, 0.044, 0.0225
1 0.5335, 0.314375, 0.042666666666666665, 0.0305
1 0.5031666666666667, 0.322375, 0.022, 0.029
1 0.5855, 0.323125, 0.03, 0.0365
1 0.45516666666666666, 0.326875, 0.038, 0.02925
1 0.5688333333333333, 0.330625, 0.029, 0.03925
1 0.5531666666666667, 0.331625, 0.021333333333333333, 0.03575
1 0.6048333333333333, 0.338625, 0.03266666666666666, 0.033
1 0.3575, 0.339625, 0.035, 0.0305
1 0.4515, 0.339625, 0.049666666666666665, 0.02625
1 0.9331666666666667, 0.341625, 0.027333333333333334, 0.03625
1 0.6371666666666667, 0.345375, 0.019, 0.01475
1 1.0055, 0.352875, 0.027666666666666666, 0.03125
1 0.9155, 0.354375, 0.021, 0.02425
1 0.9741666666666666, 0.355375, 0.024666666666666667, 0.03625
1 0.9578333333333333, 0.375125, 0.027, 0.03775
1 1.0318333333333334, 0.355625, 0.029666666666666668, 0.03425
1 0.43783333333333335, 0.358375, 0.034333333333333334, 0.0245
1 0.7631666666666667, 0.357875, 0.023666666666666666, 0.03225
1 0.7881666666666667, 0.359375, 0.03333333333333333, 0.0325
1 0.6291666666666667, 0.359125, 0.030666666666666665, 0.02225
1 0.8208333333333333, 0.360875, 0.017666666666666667, 0.032
1 0.7411666666666666, 0.361375, 0.025, 0.03375
1 0.8931666666666667, 0.361875, 0.022333333333333334, 0.03325
1 0.5295, 0.363375, 0.026, 0.0345
1 0.6535, 0.364875, 0.023333333333333334, 0.02925
1 0.8398333333333333, 0.367125, 0.017333333333333333, 0.028
1 0.9988333333333334, 0.367875, 0.018333333333333333, 0.03375
1 0.9478333333333333, 0.368125, 0.021, 0.037
1 0.7781666666666667, 0.368625, 0.016666666666666666, 0.02225
1 1.0638333333333334, 0.369875, 0.051, 0.02025
1 0.6875, 0.372375, 0.03866666666666667, 0.02625
1 0.6071666666666666, 0.373625, 0.026, 0.03225
1 0.3451666666666667, 0.374375, 0.03666666666666667, 0.023
1 0.6211666666666666, 0.374125, 0.020666666666666667, 0.01125
1 0.5065, 0.375625, 0.026, 0.03175
1 0.4851666666666667, 0.385375, 0.026, 0.03125
1 0.8781666666666667, 0.375875, 0.019, 0.03275
1 0.9331666666666667, 0.376125, 0.018333333333333333, 0.036
1 0.9131666666666667, 0.376625, 0.02033333333333333, 0.0275
1 0.8971666666666667, 0.377875, 0.0205, 0.02925
1 0.6678333333333333, 0.378625, 0.019666666666666666, 0.031
1 0.5791666666666667, 0.379125, 0.022333333333333334, 0.0395
1 0.6341666666666667, 0.379125, 0.019333333333333334, 0.033
1 0.7918333333333333, 0.380375, 0.030333333333333334, 0.019
1 0.8271666666666667, 0.384375, 0.021, 0.03725
1 0.8185, 0.393625, 0.016, 0.03275
1 1.0575, 0.384625, 0.018666666666666668, 0.032
1 1.0785, 0.385875, 0.041666666666666664, 0.02475
1 0.44283333333333336, 0.389125, 0.04133333333333333, 0.02075
1 0.5561666666666667, 0.386875, 0.021, 0.03275
1 0.7151666666666666, 0.387625, 0.019, 0.03875
1 0.7315, 0.388375, 0.027333333333333334, 0.034
1 0.5211666666666667, 0.389125, 0.02266666666666667, 0.03475
1 0.7541666666666667, 0.389625, 0.030333333333333334, 0.02425
1 0.6028333333333333, 0.390875, 0.020666666666666667, 0.03575
1 0.6928333333333333, 0.390625, 0.022, 0.038
1 0.6481666666666667, 0.391125, 0.021, 0.0305
1 0.9665, 0.391625, 0.03166666666666667, 0.031
1 0.4031666666666667, 0.391625, 0.026, 0.03225
1 1.0298333333333334, 0.392125, 0.029333333333333333, 0.035
1 0.7825, 0.393875, 0.018333333333333333, 0.03725
1 0.8478333333333333, 0.394125, 0.021666666666666667, 0.0325
1 0.8021666666666667, 0.395375, 0.018666666666666668, 0.03275
1 0.9008333333333334, 0.397375, 0.027666666666666666, 0.035
1 0.4235, 0.397875, 0.029333333333333333, 0.0335
1 0.6241666666666666, 0.399125, 0.019666666666666666, 0.035
1 0.6645, 0.400375, 0.031, 0.03425
1 0.5391666666666667, 0.402125, 0.02266666666666667, 0.0405
1 0.37283333333333335, 0.405625, 0.029, 0.037
1 0.9265, 0.406125, 0.032, 0.0205
1 0.8811666666666667, 0.407375, 0.025333333333333333, 0.03025
1 0.3511666666666667, 0.408375, 0.02266666666666667, 0.034
1 0.5055, 0.409125, 0.031, 0.03125
1 0.6478333333333334, 0.408625, 0.03666666666666667, 0.0225
1 0.8575, 0.409375, 0.03133333333333333, 0.03775
1 0.4555, 0.414125, 0.021333333333333333, 0.0395
1 0.7185, 0.418125, 0.051666666666666666, 0.0195
1 0.4718333333333333, 0.420125, 0.039, 0.03375
1 0.4135, 0.420125, 0.04, 0.02325
1 0.6848333333333333, 0.421875, 0.025333333333333333, 0.039
1 0.4915, 0.424625, 0.04766666666666667, 0.02575
1 0.7528333333333334, 0.446125, 0.04833333333333333, 0.01875
1 0.8221666666666667, 0.455375, 0.019666666666666666, 0.0355
1 0.7365, 0.455875, 0.015333333333333332, 0.028
1 0.7928333333333333, 0.460375, 0.027666666666666666, 0.026
1 0.7651666666666667, 0.462125, 0.025, 0.037
1 0.7185, 0.463125, 0.024666666666666667, 0.03175
1 0.6731666666666667, 0.466875, 0.051333333333333335, 0.0235
1 0.4625, 0.470625, 0.026, 0.03825
1 0.5535, 0.470625, 0.042, 0.022
1 0.6318333333333334, 0.471875, 0.025, 0.0385
1 0.7525, 0.474125, 0.023666666666666666, 0.038
1 0.4845, 0.475375, 0.023333333333333334, 0.0375
1 0.5265, 0.475375, 0.021, 0.03325
1 0.5881666666666666, 0.478875, 0.024333333333333332, 0.04075
1 0.3195, 0.480875, 0.025666666666666667, 0.04525
1 0.7868333333333334, 0.480375, 0.021, 0.0445
1 0.6188333333333333, 0.481375, 0.021333333333333333, 0.038
1 0.36083333333333334, 0.482625, 0.028333333333333332, 0.03225
1 0.5011666666666666, 0.482625, 0.025, 0.04125
1 0.8411666666666666, 0.482625, 0.028, 0.0255
1 0.4115, 0.484875, 0.037333333333333336, 0.03475
1 0.7411666666666666, 0.484625, 0.017666666666666667, 0.0325
1 0.9761666666666666, 0.484625, 0.029666666666666668, 0.02375
1 0.6758333333333333, 0.485875, 0.04833333333333333, 0.014
1 0.4405, 0.486125, 0.032, 0.02975
1 0.8045, 0.486875, 0.035666666666666666, 0.03475
1 0.5525, 0.489125, 0.03966666666666667, 0.021
1 0.6061666666666666, 0.489625, 0.023, 0.03475
1 0.8885, 0.490875, 0.029, 0.036
1 0.6738333333333333, 0.495625, 0.050666666666666665, 0.01525
1 0.8641666666666666, 0.498625, 0.025, 0.0305
1 0.5828333333333333, 0.566875, 0.023666666666666666, 0.0175
1 0.5328333333333334, 0.573125, 0.021, 0.0145
1 0.7468333333333333, 0.578375, 0.019333333333333334, 0.0255
1 0.4098333333333333, 0.585375, 0.036333333333333336, 0.013
1 0.6581666666666667, 0.650125, 0.01633333333333333, 0.01275
1 1.0078333333333334, 0.3813125, 0.043, 0.032
1 1.01, 0.375625, 0.034583333333333334, 0.033
1 0.8573333333333333, 0.3624375, 0.033666666666666664, 0.0354375
1 0.8629600000000001, 0.3825, 0.020746666666666667, 0.033
