1 0.5382858187134503, 0.5376918859649122, 0.012609649122807017, 0.010599415204678362
1 0.5465095029239766, 0.5426260964912281, 0.01425438596491228, 0.010416666666666666
1 0.5574744152046783, 0.5453673245614035, 0.017269736842105265, 0.00804093567251462
1 0.5501644736842105, 0.5464638157894737, 0.01425438596491228, 0.008954678362573099
1 0.5633223684210527, 0.5464638157894737, 0.01864035087719298, 0.007492690058479532
1 0.5814144736842105, 0.5467379385964912, 0.014528508771929825, 0.0133406432748538
1 0.5810489766081871, 0.5494791666666666, 0.017543859649122806, 0.008954678362573099
1 0.5706323099415205, 0.5486567982456141, 0.015625, 0.005847953216374269
1 0.5770285087719298, 0.5505756578947368, 0.02090186403508772, 0.008360745614035088
1 0.7332785087719298, 0.5541392543859649, 0.01644736842105263, 0.008954678362573099
1 0.6179641812865497, 0.5560581140350878, 0.01425438596491228, 0.014802631578947368
1 0.7288925438596491, 0.5607182017543859, 0.011239035087719298, 0.008771929824561403
1 0.7294407894736842, 0.5671600877192983, 0.01631030701754386, 0.014071637426900584
1 0.7389437134502924, 0.5705866228070176, 0.007675438596491228, 0.015899122807017545
1 0.5446820175438597, 0.5618146929824561, 0.009868421052631578, 0.01644736842105263
1 0.6769919590643275, 0.5620888157894737, 0.012883771929824562, 0.013157894736842105
1 0.5640076754385965, 0.5631853070175439, 0.015556469298245614, 0.015031067251461989
1 0.6938048245614035, 0.5626370614035088, 0.011513157894736841, 0.004751461988304093
1 0.6963633040935673, 0.5653782894736842, 0.017543859649122806, 0.006761695906432748
1 0.7424159356725146, 0.5631853070175439, 0.008771929824561403, 0.01699561403508772
1 0.7150036549707602, 0.5645559210526315, 0.016721491228070175, 0.00932017543859649
1 0.7234100877192983, 0.5664747807017544, 0.013157894736842105, 0.007492690058479532
1 0.7192068713450293, 0.5790844298245614, 0.01343201754385965, 0.01023391812865497
1 0.5516264619883041, 0.5659265350877193, 0.012609649122807017, 0.016812865497076022
1 0.5949378654970761, 0.5659265350877193, 0.017543859649122806, 0.010782163742690058
1 0.6886878654970761, 0.5670230263157895, 0.019736842105263157, 0.00712719298245614
1 0.703125, 0.5670230263157895, 0.02240953947368421, 0.006578947368421052
1 0.6060855263157895, 0.5675712719298246, 0.017543859649122806, 0.008817616959064328
1 0.6828399122807017, 0.5686677631578947, 0.01206140350877193, 0.006578947368421052
1 0.7557565789473685, 0.5689418859649122, 0.011787280701754386, 0.01425438596491228
1 0.7091557017543859, 0.5708607456140351, 0.020833333333333332, 0.006030701754385965
1 0.632218567251462, 0.5716831140350878, 0.021929824561403508, 0.007492690058479532
1 0.6146747076023392, 0.5722313596491229, 0.015076754385964912, 0.012381213450292397
1 0.6486659356725146, 0.5722313596491229, 0.015899122807017545, 0.012609649122807017
1 0.7153691520467836, 0.5736019736842105, 0.01699561403508772, 0.005116959064327485
1 0.6751644736842105, 0.5755208333333334, 0.013980263157894737, 0.015533625730994151
1 0.7444261695906432, 0.5763432017543859, 0.01836622807017544, 0.007858187134502924
1 0.7601425438596491, 0.5763432017543859, 0.008771929824561403, 0.013523391812865496
1 0.2623355263157895, 0.5774396929824561, 0.01644736842105263, 0.012426900584795321
1 0.26745248538011696, 0.5823739035087719, 0.012609649122807017, 0.014437134502923976
1 0.6404422514619883, 0.5777138157894737, 0.018297697368421052, 0.0133406432748538
1 0.7263340643274854, 0.5788103070175439, 0.012609649122807017, 0.008771929824561403
1 0.6981907894736842, 0.5804550438596491, 0.018914473684210526, 0.006578947368421052
1 0.7562134502923976, 0.5818256578947368, 0.017269736842105265, 0.01069078947368421
1 0.7435124269005848, 0.5933388157894737, 0.01425438596491228, 0.012609649122807017
1 0.7356542397660819, 0.5815515350877193, 0.01864035087719298, 0.010416666666666666
1 0.2307200292397661, 0.5820997807017544, 0.01699561403508772, 0.012792397660818713
1 0.6660270467836257, 0.5826480263157895, 0.017543859649122806, 0.01644736842105263
1 0.7327302631578947, 0.5848410087719298, 0.01836622807017544, 0.008406432748538011
1 0.7630665204678363, 0.5853892543859649, 0.009594298245614035, 0.014437134502923976
1 0.6978709795321637, 0.5884046052631579, 0.021792763157894735, 0.014208698830409356
1 0.6550621345029239, 0.5903234649122807, 0.01699561403508772, 0.008406432748538011
1 0.7239583333333334, 0.5908717105263158, 0.015899122807017545, 0.008223684210526315
1 0.6658442982456141, 0.5911458333333334, 0.01836622807017544, 0.01023391812865497
1 0.7064144736842105, 0.5919682017543859, 0.019599780701754384, 0.014437134502923976
1 0.7148209064327485, 0.5930646929824561, 0.01617324561403509, 0.010782163742690058
1 0.7643457602339181, 0.5958059210526315, 0.011787280701754386, 0.011878654970760233
1 0.7515533625730995, 0.5974506578947368, 0.018092105263157895, 0.007309941520467836
1 0.8096673976608187, 0.598889802631579, 0.02460252192982456, 0.009685672514619883
1 0.6378837719298246, 0.6001918859649122, 0.0200109649122807, 0.008954678362573099
1 0.40177266081871343, 0.6018366228070176, 0.018914473684210526, 0.007492690058479532
1 0.4078033625730994, 0.6032072368421053, 0.01918859649122807, 0.01114766081871345
1 0.7206688596491229, 0.6029331140350878, 0.014802631578947368, 0.014802631578947368
1 0.7318165204678363, 0.6034813596491229, 0.014802631578947368, 0.01114766081871345
1 0.34694809941520466, 0.6051260964912281, 0.02055921052631579, 0.011513157894736841
1 0.45440423976608185, 0.6048519736842105, 0.012883771929824562, 0.012792397660818713
1 0.7647112573099415, 0.6056743421052632, 0.012609649122807017, 0.016812865497076022
1 0.46573464912280704, 0.6059484649122807, 0.012609649122807017, 0.014802631578947368
1 0.5136147660818714, 0.6062225877192983, 0.018914473684210526, 0.008406432748538011
1 0.7436951754385965, 0.6059484649122807, 0.018914473684210526, 0.012609649122807017
1 0.4874817251461988, 0.6067708333333334, 0.0200109649122807, 0.00932017543859649
1 0.8184393274853801, 0.6067708333333334, 0.016721491228070175, 0.006944444444444444
1 0.3385416666666667, 0.6073190789473685, 0.022478070175438597, 0.010599415204678362
1 0.5711805555555556, 0.6078673245614035, 0.01644736842105263, 0.010782163742690058
1 0.6002375730994152, 0.6073190789473685, 0.011787280701754386, 0.00804093567251462
1 0.7771381578947368, 0.608141447368421, 0.011787280701754386, 0.015716374269005847
1 0.41895102339181284, 0.6097861842105263, 0.019462719298245616, 0.010599415204678362
1 0.7106176900584795, 0.6092379385964912, 0.017269736842105265, 0.015899122807017545
1 0.6161366959064327, 0.6097861842105263, 0.016721491228070175, 0.007675438596491228
1 0.37527412280701755, 0.6111567982456141, 0.013157894736842105, 0.010599415204678362
1 0.6621893274853801, 0.6125274122807017, 0.019462719298245616, 0.010599415204678362
1 0.3670504385964912, 0.6128015350877193, 0.017269736842105265, 0.008954678362573099
1 0.5868969298245614, 0.6128015350877193, 0.020833333333333332, 0.007858187134502924
1 0.3526133040935672, 0.6130756578947368, 0.01425438596491228, 0.012975146198830409
1 0.3860562865497076, 0.6133497807017544, 0.011787280701754386, 0.015899122807017545
1 0.6727887426900585, 0.6133497807017544, 0.017543859649122806, 0.006944444444444444
1 0.5081323099415205, 0.6136239035087719, 0.015076754385964912, 0.007309941520467836
1 0.2749451754385965, 0.6144462719298246, 0.01864035087719298, 0.01023391812865497
1 0.29979897660818716, 0.6144462719298246, 0.020833333333333332, 0.010416666666666666
1 0.6228983918128655, 0.614172149122807, 0.020833333333333332, 0.007858187134502924
1 0.6521381578947368, 0.614172149122807, 0.013980263157894737, 0.006578947368421052
1 0.6841191520467836, 0.6147203947368421, 0.02055921052631579, 0.01023391812865497
1 0.5644188596491229, 0.6149945175438597, 0.01864035087719298, 0.00804093567251462
1 0.180281432748538, 0.6155427631578947, 0.01644736842105263, 0.006030701754385965
1 0.2694627192982456, 0.6155427631578947, 0.01343201754385965, 0.009685672514619883
1 0.30765716374269003, 0.6152686403508771, 0.01864035087719298, 0.008589181286549707
1 0.29833698830409355, 0.6330866228070176, 0.014528508771929825, 0.010416666666666666
1 0.62984283625731, 0.6158168859649122, 0.01918859649122807, 0.008589181286549707
1 0.48985745614035087, 0.6158168859649122, 0.02275219298245614, 0.010416666666666666
1 0.18686038011695907, 0.6169133771929824, 0.017269736842105265, 0.00804093567251462
1 0.4121893274853801, 0.6166392543859649, 0.01781798245614035, 0.008223684210526315
1 0.6035270467836257, 0.6166392543859649, 0.01864035087719298, 0.00932017543859649
1 0.29175804093567254, 0.6174616228070176, 0.01699561403508772, 0.01114766081871345
1 0.20202850877192982, 0.6174616228070176, 0.02138157894736842, 0.00804093567251462
1 0.5242141812865497, 0.6180098684210527, 0.019736842105263157, 0.007309941520467836
1 0.6384320175438597, 0.6174616228070176, 0.015899122807017545, 0.005299707602339181
1 0.19563230994152048, 0.6182839912280702, 0.0200109649122807, 0.006944444444444444
1 0.28499634502923976, 0.6180098684210527, 0.019462719298245616, 0.009868421052631578
1 0.3184393274853801, 0.6199287280701754, 0.017269736842105265, 0.00804093567251462
1 0.531889619883041, 0.6199287280701754, 0.020285087719298246, 0.006944444444444444
1 0.37801535087719296, 0.6210252192982456, 0.01781798245614035, 0.00712719298245614
1 0.3908077485380117, 0.6207510964912281, 0.00932017543859649, 0.015533625730994151
1 0.4662828947368421, 0.6210252192982456, 0.01836622807017544, 0.009685672514619883
1 0.4805372807017544, 0.6207510964912281, 0.019462719298245616, 0.007492690058479532
1 0.25922880116959063, 0.6212993421052632, 0.01343201754385965, 0.006030701754385965
1 0.4224232456140351, 0.6215734649122807, 0.01781798245614035, 0.006761695906432748
1 0.517452485380117, 0.6212993421052632, 0.02055921052631579, 0.00804093567251462
1 0.7131761695906432, 0.6218475877192983, 0.019462719298245616, 0.01206140350877193
1 0.1631030701754386, 0.6218475877192983, 0.019736842105263157, 0.009685672514619883
1 0.17114400584795322, 0.6218475877192983, 0.022478070175438597, 0.009137426900584795
1 0.5395650584795322, 0.6218475877192983, 0.023574561403508772, 0.007492690058479532
1 0.6446454678362573, 0.6221217105263158, 0.019736842105263157, 0.010051169590643274
1 0.3235562865497076, 0.6226699561403509, 0.01918859649122807, 0.008223684210526315
1 0.3321454678362573, 0.6223958333333334, 0.015625, 0.01023391812865497
1 0.4947916666666667, 0.6226699561403509, 0.0200109649122807, 0.009502923976608187
1 0.580500730994152, 0.6223958333333334, 0.018092105263157895, 0.010964912280701754
1 0.5709978070175439, 0.6232182017543859, 0.021655701754385966, 0.008954678362573099
1 0.22231359649122806, 0.623766447368421, 0.02055921052631579, 0.010051169590643274
1 0.2117141812865497, 0.6287006578947368, 0.020833333333333332, 0.011695906432748537
1 0.5015533625730995, 0.6240405701754386, 0.01644736842105263, 0.008771929824561403
1 0.6980080409356725, 0.6245888157894737, 0.01699561403508772, 0.010964912280701754
1 0.23547149122807018, 0.6245888157894737, 0.01699561403508772, 0.006761695906432748
1 0.2256030701754386, 0.6391173245614035, 0.015899122807017545, 0.011513157894736841
1 0.3597404970760234, 0.6248629385964912, 0.012609649122807017, 0.008954678362573099
1 0.690515350877193, 0.6245888157894737, 0.007401315789473684, 0.011330409356725146
1 0.24497441520467836, 0.6254111842105263, 0.019736842105263157, 0.00804093567251462
1 0.3697916666666667, 0.6254111842105263, 0.015899122807017545, 0.008406432748538011
1 0.5971308479532164, 0.6251370614035088, 0.019462719298245616, 0.00712719298245614
1 0.2519188596491228, 0.6259594298245614, 0.01918859649122807, 0.008771929824561403
1 0.4253472222222222, 0.6256853070175439, 0.01644736842105263, 0.009502923976608187
1 0.38459429824561403, 0.626233552631579, 0.010142543859649123, 0.014437134502923976
1 0.37911184210526316, 0.6347313596491229, 0.009594298245614035, 0.015533625730994151
1 0.37033991228070173, 0.6388432017543859, 0.020833333333333332, 0.008954678362573099
1 0.45074926900584794, 0.626233552631579, 0.012609649122807017, 0.008954678362573099
1 0.3067434210526316, 0.6273300438596491, 0.01864035087719298, 0.010964912280701754
1 0.3518823099415205, 0.6273300438596491, 0.010964912280701754, 0.008954678362573099
1 0.5465095029239766, 0.6273300438596491, 0.02138157894736842, 0.009685672514619883
1 0.6625548245614035, 0.6278782894736842, 0.020833333333333332, 0.008954678362573099
1 0.27658991228070173, 0.6287006578947368, 0.01644736842105263, 0.009137426900584795
1 0.2659904970760234, 0.6292489035087719, 0.01836622807017544, 0.009137426900584795
1 0.2550255847953216, 0.6347313596491229, 0.011787280701754386, 0.013706140350877192
1 0.24113669590643275, 0.655016447368421, 0.010416666666666666, 0.015350877192982455
1 0.2382127192982456, 0.6602247807017544, 0.009046052631578948, 0.015533625730994151
1 0.43320540935672514, 0.6289747807017544, 0.019736842105263157, 0.0062134502923976605
1 0.7378472222222222, 0.6289747807017544, 0.022478070175438597, 0.008954678362573099
1 0.2029422514619883, 0.6300712719298246, 0.017269736842105265, 0.012975146198830409
1 0.3412828947368421, 0.629797149122807, 0.018914473684210526, 0.006944444444444444
1 0.3284904970760234, 0.6478892543859649, 0.015350877192982455, 0.023757309941520467
1 0.6172331871345029, 0.629797149122807, 0.021655701754385966, 0.01114766081871345
1 0.7102521929824561, 0.6295230263157895, 0.017543859649122806, 0.007309941520467836
1 0.22450657894736842, 0.6300712719298246, 0.020833333333333332, 0.010964912280701754
1 0.4438048245614035, 0.6300712719298246, 0.02138157894736842, 0.006944444444444444
1 0.40542763157894735, 0.6306195175438597, 0.014528508771929825, 0.00932017543859649
1 0.6874086257309941, 0.6308936403508771, 0.015899122807017545, 0.010782163742690058
1 0.18338815789473684, 0.6314418859649122, 0.014528508771929825, 0.007309941520467836
1 0.5613121345029239, 0.6317160087719298, 0.01918859649122807, 0.00932017543859649
1 0.5909173976608187, 0.6311677631578947, 0.018092105263157895, 0.006578947368421052
1 0.34767909356725146, 0.6317160087719298, 0.016721491228070175, 0.005665204678362573
1 0.13002558479532164, 0.6325383771929824, 0.0200109649122807, 0.009137426900584795
1 0.4394188596491228, 0.6325383771929824, 0.012335526315789474, 0.004568713450292397
1 0.1409904970760234, 0.6330866228070176, 0.014528508771929825, 0.012792397660818713
1 0.29194078947368424, 0.6330866228070176, 0.017543859649122806, 0.008406432748538011
1 0.17498172514619884, 0.6336348684210527, 0.018914473684210526, 0.009868421052631578
1 0.5494334795321637, 0.6336348684210527, 0.01918859649122807, 0.01206140350877193
1 0.6276498538011696, 0.6336348684210527, 0.009868421052631578, 0.013157894736842105
1 0.670047514619883, 0.6336348684210527, 0.022203947368421052, 0.009685672514619883
1 0.6355080409356725, 0.6339089912280702, 0.016721491228070175, 0.01023391812865497
1 0.8396381578947368, 0.6341831140350878, 0.01617324561403509, 0.016264619883040937
1 0.5130665204678363, 0.6344572368421053, 0.01781798245614035, 0.006396198830409356
1 0.45842470760233917, 0.6350054824561403, 0.017269736842105265, 0.007492690058479532
1 0.8122258771929824, 0.6352796052631579, 0.022478070175438597, 0.01206140350877193
1 0.4121893274853801, 0.635827850877193, 0.012335526315789474, 0.010599415204678362
1 0.4079861111111111, 0.6473410087719298, 0.015076754385964912, 0.005665204678362573
1 0.6044407894736842, 0.6355537280701754, 0.019736842105263157, 0.014071637426900584
1 0.8582785087719298, 0.635827850877193, 0.023574561403508772, 0.010964912280701754
1 0.23620248538011696, 0.6363760964912281, 0.014802631578947368, 0.008589181286549707
1 0.2341922514619883, 0.6432291666666666, 0.017543859649122806, 0.013706140350877192
1 0.40232090643274854, 0.6361019736842105, 0.012609649122807017, 0.007675438596491228
1 0.6459247076023392, 0.6361019736842105, 0.01425438596491228, 0.010416666666666666
1 0.7047697368421053, 0.6361019736842105, 0.023300438596491228, 0.007858187134502924
1 0.7327302631578947, 0.6361019736842105, 0.017543859649122806, 0.0062134502923976605
1 0.5351790935672515, 0.6369243421052632, 0.0200109649122807, 0.009137426900584795
1 0.3111293859649123, 0.6377467105263158, 0.012883771929824562, 0.00932017543859649
1 0.31277412280701755, 0.639391447368421, 0.016721491228070175, 0.011695906432748537
1 0.4297331871345029, 0.6374725877192983, 0.014528508771929825, 0.005299707602339181
1 0.48236476608187134, 0.6374725877192983, 0.017269736842105265, 0.009137426900584795
1 0.765625, 0.6374725877192983, 0.020285087719298246, 0.007858187134502924
1 0.746984649122807, 0.6377467105263158, 0.01699561403508772, 0.007492690058479532
1 0.33397295321637427, 0.6382949561403509, 0.015899122807017545, 0.006578947368421052
1 0.3602887426900585, 0.6388432017543859, 0.01069078947368421, 0.01206140350877193
1 0.3908077485380117, 0.6385690789473685, 0.006853070175438596, 0.01023391812865497
1 0.46463815789473684, 0.6385690789473685, 0.013706140350877192, 0.009868421052631578
1 0.5750182748538012, 0.6382949561403509, 0.02055921052631579, 0.008589181286549707
1 0.6795504385964912, 0.6385690789473685, 0.014802631578947368, 0.009137426900584795
1 0.6777229532163743, 0.6445997807017544, 0.020285087719298246, 0.011330409356725146
1 0.28536184210526316, 0.6391173245614035, 0.01644736842105263, 0.008406432748538011
1 0.47560307017543857, 0.6388432017543859, 0.015350877192982455, 0.006944444444444444
1 0.5183662280701754, 0.639391447368421, 0.01644736842105263, 0.012426900584795321
1 0.6554276315789473, 0.6388432017543859, 0.01864035087719298, 0.014437134502923976
1 0.7219480994152047, 0.6391173245614035, 0.024671052631578948, 0.011878654970760233
1 0.888797514619883, 0.6388432017543859, 0.01918859649122807, 0.012609649122807017
1 0.15889985380116958, 0.639391447368421, 0.020285087719298246, 0.007858187134502924
1 0.7862755847953217, 0.6399396929824561, 0.019462719298245616, 0.011330409356725146
1 0.11960891812865497, 0.6407620614035088, 0.021107456140350877, 0.009868421052631578
1 0.49853801169590645, 0.639328399122807, 0.012946820175438595, 0.011056286549707603
1 0.35334429824561403, 0.638360745614035, 0.018026315789473685, 0.010964912280701754
1 0.35316154970760233, 0.6487116228070176, 0.01918859649122807, 0.008223684210526315
1 0.9112755847953217, 0.6413103070175439, 0.0200109649122807, 0.011878654970760233
1 0.7595942982456141, 0.6415844298245614, 0.021655701754385966, 0.00804093567251462
1 0.8253837719298246, 0.6415844298245614, 0.01864035087719298, 0.009502923976608187
1 0.8694261695906432, 0.641858552631579, 0.02055921052631579, 0.010416666666666666
1 0.1669407894736842, 0.6424067982456141, 0.015899122807017545, 0.007675438596491228
1 0.41913377192982454, 0.6424067982456141, 0.007401315789473684, 0.006578947368421052
1 0.39903143274853803, 0.6429550438596491, 0.01206140350877193, 0.005847953216374269
1 0.4401498538011696, 0.6426809210526315, 0.015076754385964912, 0.008589181286549707
1 0.780610380116959, 0.6429550438596491, 0.0200109649122807, 0.006761695906432748
1 0.6419042397660819, 0.6432291666666666, 0.013980263157894737, 0.011513157894736841
1 0.6894188596491229, 0.6432291666666666, 0.018092105263157895, 0.008223684210526315
1 0.4209612573099415, 0.6440515350877193, 0.01699561403508772, 0.00932017543859649
1 0.5532711988304093, 0.6440515350877193, 0.024671052631578948, 0.006944444444444444
1 0.6024305555555556, 0.6440515350877193, 0.020285087719298246, 0.0133406432748538
1 0.7488121345029239, 0.6443256578947368, 0.01617324561403509, 0.01023391812865497
1 0.37180190058479534, 0.6445997807017544, 0.02055921052631579, 0.012244152046783625
1 0.10316154970760234, 0.6451480263157895, 0.018092105263157895, 0.009868421052631578
1 0.5607638888888888, 0.6451480263157895, 0.014528508771929825, 0.012244152046783625
1 0.5898209064327485, 0.6451480263157895, 0.021929824561403508, 0.010599415204678362
1 0.8553545321637427, 0.6448739035087719, 0.023300438596491228, 0.008589181286549707
1 0.6292945906432749, 0.6456962719298246, 0.017269736842105265, 0.008223684210526315
1 0.21500365497076024, 0.6462445175438597, 0.016721491228070175, 0.00932017543859649
1 0.19343932748538012, 0.6467927631578947, 0.00712719298245614, 0.01516812865497076
1 0.4140168128654971, 0.6467927631578947, 0.01836622807017544, 0.006578947368421052
1 0.7976059941520468, 0.6465186403508771, 0.022203947368421052, 0.00804093567251462
1 0.1722404970760234, 0.6473410087719298, 0.01425438596491228, 0.01425438596491228
1 0.17297149122807018, 0.6588541666666666, 0.008771929824561403, 0.014071637426900584
1 0.8054641812865497, 0.6473410087719298, 0.024671052631578948, 0.008406432748538011
1 0.7729349415204678, 0.6476151315789473, 0.021655701754385966, 0.009868421052631578
1 0.8374451754385965, 0.6476151315789473, 0.019462719298245616, 0.008954678362573099
1 0.5081323099415205, 0.6481633771929824, 0.017543859649122806, 0.007675438596491228
1 0.7087902046783626, 0.6484375, 0.01617324561403509, 0.01206140350877193
1 0.846765350877193, 0.6481633771929824, 0.022478070175438597, 0.008589181286549707
1 0.13514254385964913, 0.6492598684210527, 0.01781798245614035, 0.01023391812865497
1 0.12966008771929824, 0.6657072368421053, 0.015350877192982455, 0.005847953216374269
1 0.13020833333333334, 0.6785910087719298, 0.01617324561403509, 0.00932017543859649
1 0.488578216374269, 0.6489857456140351, 0.01864035087719298, 0.007492690058479532
1 0.1543311403508772, 0.6492598684210527, 0.01069078947368421, 0.005665204678362573
1 0.29431652046783624, 0.6492598684210527, 0.017543859649122806, 0.005299707602339181
1 0.36193347953216376, 0.6495339912280702, 0.01864035087719298, 0.007858187134502924
1 0.3584612573099415, 0.6648848684210527, 0.022478070175438597, 0.010416666666666666
1 0.5278691520467836, 0.6495339912280702, 0.016721491228070175, 0.012426900584795321
1 0.09512061403508772, 0.6500822368421053, 0.017543859649122806, 0.010051169590643274
1 0.09530336257309942, 0.6632401315789473, 0.015350877192982455, 0.006578947368421052
1 0.40323464912280704, 0.6498081140350878, 0.012609649122807017, 0.004751461988304093
1 0.4359466374269006, 0.6498081140350878, 0.012883771929824562, 0.006030701754385965
1 0.49607090643274854, 0.6500822368421053, 0.01864035087719298, 0.005482456140350877
1 0.5015533625730995, 0.6520010964912281, 0.018914473684210526, 0.0062134502923976605
1 0.6475694444444444, 0.6506304824561403, 0.015625, 0.012975146198830409
1 0.6541483918128655, 0.6544682017543859, 0.01206140350877193, 0.007675438596491228
1 0.6585343567251462, 0.6552905701754386, 0.013980263157894737, 0.007858187134502924
1 0.2762244152046784, 0.6511787280701754, 0.011787280701754386, 0.01114766081871345
1 0.3915168128654971, 0.6513486842105263, 0.014665570175438597, 0.009250730994152046
1 0.544499269005848, 0.6511787280701754, 0.019736842105263157, 0.011878654970760233
1 0.6186951754385965, 0.6517269736842105, 0.015076754385964912, 0.014985380116959063
1 0.6208881578947368, 0.6621436403508771, 0.008771929824561403, 0.011695906432748537
1 0.4220577485380117, 0.6528234649122807, 0.012883771929824562, 0.013157894736842105
1 0.4609831871345029, 0.6525493421052632, 0.006853070175438596, 0.014985380116959063
1 0.45933845029239767, 0.6563870614035088, 0.01206140350877193, 0.012975146198830409
1 0.4710343567251462, 0.660641447368421, 0.015208333333333332, 0.006396198830409356
1 0.7418676900584795, 0.6528234649122807, 0.018914473684210526, 0.006578947368421052
1 0.7838998538011696, 0.6525493421052632, 0.017269736842105265, 0.008771929824561403
1 0.20239400584795322, 0.6533717105263158, 0.008223684210526315, 0.013157894736842105
1 0.2690972222222222, 0.6530975877192983, 0.01206140350877193, 0.006396198830409356
1 0.5223866959064327, 0.6533717105263158, 0.01644736842105263, 0.006396198830409356
1 0.602796052631579, 0.6536458333333334, 0.015076754385964912, 0.00804093567251462
1 0.7312682748538012, 0.6533717105263158, 0.023026315789473683, 0.009868421052631578
1 0.0825109649122807, 0.6539199561403509, 0.013980263157894737, 0.007492690058479532
1 0.07611476608187134, 0.6679002192982456, 0.021655701754385966, 0.007858187134502924
1 0.5939327485380117, 0.6536458333333334, 0.015350877192982455, 0.00849780701754386
1 0.5836074561403509, 0.6681743421052632, 0.01343201754385965, 0.01425438596491228
1 0.22505482456140352, 0.655016447368421, 0.012609649122807017, 0.011878654970760233
1 0.07684576023391813, 0.6555646929824561, 0.013706140350877192, 0.005847953216374269
1 0.1459247076023392, 0.6552905701754386, 0.018914473684210526, 0.008954678362573099
1 0.10809576023391813, 0.6561129385964912, 0.016721491228070175, 0.01206140350877193
1 0.1596308479532164, 0.6566611842105263, 0.01617324561403509, 0.008223684210526315
1 0.25447733918128657, 0.6566611842105263, 0.014528508771929825, 0.014071637426900584
1 0.28810307017543857, 0.6563870614035088, 0.019462719298245616, 0.00804093567251462
1 0.2727521929824561, 0.6569353070175439, 0.02138157894736842, 0.006761695906432748
1 0.313687865497076, 0.6572094298245614, 0.01206140350877193, 0.01023391812865497
1 0.34329312865497075, 0.6569353070175439, 0.015076754385964912, 0.009868421052631578
1 0.7464364035087719, 0.6572094298245614, 0.012335526315789474, 0.015350877192982455
1 0.08927266081871345, 0.657483552631579, 0.010964912280701754, 0.006761695906432748
1 0.38459429824561403, 0.6577576754385965, 0.0200109649122807, 0.006944444444444444
1 0.053088450292397664, 0.6585800438596491, 0.00849780701754386, 0.014437134502923976
1 0.3003472222222222, 0.6585800438596491, 0.01781798245614035, 0.0133406432748538
1 0.44197733918128657, 0.6588541666666666, 0.015625, 0.011878654970760233
1 0.44216008771929827, 0.6651589912280702, 0.019462719298245616, 0.006761695906432748
1 0.6623720760233918, 0.6585800438596491, 0.013706140350877192, 0.013157894736842105
1 0.768000730994152, 0.6588541666666666, 0.02138157894736842, 0.007675438596491228
1 0.15871710526315788, 0.6596765350877193, 0.02055921052631579, 0.0133406432748538
1 0.3463998538011696, 0.6594024122807017, 0.021929824561403508, 0.010416666666666666
1 0.06373355263157894, 0.6596765350877193, 0.010485197368421052, 0.013112207602339181
1 0.12563961988304093, 0.6599506578947368, 0.012609649122807017, 0.00932017543859649
1 0.11266447368421052, 0.6621436403508771, 0.011787280701754386, 0.015533625730994151
1 0.20550073099415206, 0.6599506578947368, 0.00849780701754386, 0.015716374269005847
1 0.1978252923976608, 0.6665296052631579, 0.018914473684210526, 0.008589181286549707
1 0.3288559941520468, 0.6596765350877193, 0.009868421052631578, 0.014802631578947368
1 0.3235562865497076, 0.6676260964912281, 0.021655701754385966, 0.008406432748538011
1 0.5260416666666666, 0.6599506578947368, 0.013706140350877192, 0.01663011695906433
1 0.5735562865497076, 0.6596765350877193, 0.019736842105263157, 0.00804093567251462
1 0.15158991228070176, 0.6602247807017544, 0.019462719298245616, 0.008954678362573099
1 0.2621527777777778, 0.6604989035087719, 0.01206140350877193, 0.006396198830409356
1 0.2650767543859649, 0.6648848684210527, 0.019736842105263157, 0.006944444444444444
1 0.2563048245614035, 0.6709155701754386, 0.014802631578947368, 0.010416666666666666
1 0.3776498538011696, 0.6602247807017544, 0.019462719298245616, 0.006944444444444444
1 0.4313779239766082, 0.6604989035087719, 0.018914473684210526, 0.005116959064327485
1 0.7171966374269005, 0.6602247807017544, 0.016721491228070175, 0.010782163742690058
1 0.788468567251462, 0.6607730263157895, 0.018914473684210526, 0.009137426900584795
1 0.7851790935672515, 0.6763980263157895, 0.01699561403508772, 0.010964912280701754
1 0.1356907894736842, 0.6613212719298246, 0.019736842105263157, 0.010325292397660819
1 0.1841191520467836, 0.6613212719298246, 0.0200109649122807, 0.007675438596491228
1 0.19179459064327486, 0.6613212719298246, 0.017269736842105265, 0.013888888888888888
1 0.18357090643274854, 0.6747532894736842, 0.01781798245614035, 0.00804093567251462
1 0.45550073099415206, 0.6613212719298246, 0.00932017543859649, 0.007675438596491228
1 0.46326754385964913, 0.6637883771929824, 0.009594298245614035, 0.007035818713450292
1 0.4766995614035088, 0.6615953947368421, 0.01918859649122807, 0.008771929824561403
1 0.5116045321637427, 0.6613212719298246, 0.02138157894736842, 0.007675438596491228
1 0.856999269005848, 0.6613212719298246, 0.015350877192982455, 0.013706140350877192
1 0.19124634502923976, 0.6618695175438597, 0.010142543859649123, 0.006761695906432748
1 0.27805190058479534, 0.6621436403508771, 0.018914473684210526, 0.007492690058479532
1 0.28481359649122806, 0.6643366228070176, 0.016721491228070175, 0.006944444444444444
1 0.436312134502924, 0.6626918859649122, 0.021929824561403508, 0.005847953216374269
1 0.6327668128654971, 0.6624177631578947, 0.01781798245614035, 0.006944444444444444
1 0.705500730994152, 0.6624177631578947, 0.012609649122807017, 0.013706140350877192
1 0.8270285087719298, 0.6624177631578947, 0.02055921052631579, 0.01023391812865497
1 0.81734283625731, 0.6709155701754386, 0.010964912280701754, 0.014985380116959063
1 0.8877010233918129, 0.6624177631578947, 0.020285087719298246, 0.00932017543859649
1 0.7621527777777778, 0.6632401315789473, 0.017543859649122806, 0.006761695906432748
1 0.7557565789473685, 0.6703673245614035, 0.02055921052631579, 0.014071637426900584
1 0.7690972222222222, 0.6810581140350878, 0.01836622807017544, 0.006578947368421052
1 0.22359283625730994, 0.6637883771929824, 0.01206140350877193, 0.011878654970760233
1 0.4045138888888889, 0.6635142543859649, 0.009594298245614035, 0.014071637426900584
1 0.0998720760233918, 0.6643366228070176, 0.017543859649122806, 0.00804093567251462
1 0.10188230994152046, 0.6742050438596491, 0.021655701754385966, 0.009137426900584795
1 0.09347587719298246, 0.6818804824561403, 0.023026315789473683, 0.00932017543859649
1 0.3049159356725146, 0.6640625, 0.021107456140350877, 0.010599415204678362
1 0.3001644736842105, 0.6769462719298246, 0.01918859649122807, 0.006396198830409356
1 0.638249269005848, 0.6640625, 0.01836622807017544, 0.007309941520467836
1 0.8012609649122807, 0.6640625, 0.022203947368421052, 0.00804093567251462
1 0.7957785087719298, 0.6695449561403509, 0.017269736842105265, 0.008406432748538011
1 0.8760051169590644, 0.6640625, 0.025767543859649123, 0.0133406432748538
1 0.8699744152046783, 0.6662554824561403, 0.023026315789473683, 0.009137426900584795
1 0.08305921052631579, 0.6648848684210527, 0.014802631578947368, 0.007492690058479532
1 0.16931652046783627, 0.6648848684210527, 0.013980263157894737, 0.005847953216374269
1 0.16365131578947367, 0.6698190789473685, 0.013706140350877192, 0.0062134502923976605
1 0.4936951754385965, 0.6646107456140351, 0.022478070175438597, 0.006030701754385965
1 0.6638340643274854, 0.6646107456140351, 0.015625, 0.013157894736842105
1 0.4255299707602339, 0.6651589912280702, 0.015899122807017545, 0.005665204678362573
1 0.6762609649122807, 0.6654331140350878, 0.01918859649122807, 0.007492690058479532
1 0.8436586257309941, 0.6654331140350878, 0.018092105263157895, 0.007675438596491228
1 0.17402229532163743, 0.6659813596491229, 0.015350877192982455, 0.010279605263157895
1 0.1715095029239766, 0.6747532894736842, 0.015350877192982455, 0.008954678362573099
1 0.20860745614035087, 0.6657072368421053, 0.009868421052631578, 0.012609649122807017
1 0.20367324561403508, 0.6703673245614035, 0.016721491228070175, 0.007492690058479532
1 0.5053910818713451, 0.6657072368421053, 0.01918859649122807, 0.0062134502923976605
1 0.5061220760233918, 0.6840734649122807, 0.022478070175438597, 0.006944444444444444
1 0.6439144736842105, 0.6657072368421053, 0.015625, 0.008954678362573099
1 0.3665021929824561, 0.6665296052631579, 0.021655701754385966, 0.010782163742690058
1 0.04267178362573099, 0.6668037280701754, 0.012609649122807017, 0.01663011695906433
1 0.0421235380116959, 0.6744791666666666, 0.01206140350877193, 0.0133406432748538
1 0.06519554093567251, 0.6767077850877193, 0.017165570175438596, 0.0069718567251461985
1 0.5317068713450293, 0.6673519736842105, 0.016721491228070175, 0.009868421052631578
1 0.649031432748538, 0.6668037280701754, 0.014528508771929825, 0.012244152046783625
1 0.6885051169590644, 0.6668037280701754, 0.015350877192982455, 0.008589181286549707
1 0.0686220760233918, 0.6676260964912281, 0.007675438596491228, 0.006578947368421052
1 0.23528874269005848, 0.6673519736842105, 0.007949561403508772, 0.014437134502923976
1 0.5158077485380117, 0.6676260964912281, 0.023026315789473683, 0.00932017543859649
1 0.5375548245614035, 0.6676260964912281, 0.01644736842105263, 0.012975146198830409
1 0.6991045321637427, 0.6673519736842105, 0.010416666666666666, 0.017726608187134504
1 0.721125730994152, 0.6763980263157895, 0.01644736842105263, 0.011421783625730994
1 0.7475328947368421, 0.6673519736842105, 0.021655701754385966, 0.012244152046783625
1 0.22121710526315788, 0.6679002192982456, 0.0200109649122807, 0.00804093567251462
1 0.29395102339181284, 0.6679002192982456, 0.021929824561403508, 0.006944444444444444
1 0.3098501461988304, 0.6681743421052632, 0.024396929824561403, 0.009502923976608187
1 0.31551535087719296, 0.6698190789473685, 0.019736842105263157, 0.008771929824561403
1 0.33671418128654973, 0.6679002192982456, 0.023574561403508772, 0.008954678362573099
1 0.8339729532163743, 0.6681743421052632, 0.01699561403508772, 0.010051169590643274
1 0.08799342105263158, 0.6687225877192983, 0.020285087719298246, 0.006578947368421052
1 0.33068347953216376, 0.6684484649122807, 0.0200109649122807, 0.007675438596491228
1 0.5773940058479532, 0.6687225877192983, 0.010964912280701754, 0.010599415204678362
1 0.5987755847953217, 0.6684484649122807, 0.009046052631578948, 0.015899122807017545
1 0.07172880116959064, 0.6692708333333334, 0.02138157894736842, 0.007492690058479532
1 0.5633223684210527, 0.6698190789473685, 0.01617324561403509, 0.009502923976608187
1 0.7742141812865497, 0.6698190789473685, 0.01781798245614035, 0.006030701754385965
1 0.780610380116959, 0.6695449561403509, 0.021107456140350877, 0.007309941520467836
1 0.4178545321637427, 0.6703673245614035, 0.01699561403508772, 0.009685672514619883
1 0.6197916666666666, 0.670641447368421, 0.01836622807017544, 0.011695906432748537
1 0.8953764619883041, 0.6700932017543859, 0.021655701754385966, 0.009685672514619883
1 0.11686769005847954, 0.6711896929824561, 0.012883771929824562, 0.012426900584795321
1 0.11101973684210527, 0.6753015350877193, 0.01206140350877193, 0.012244152046783625
1 0.4010416666666667, 0.6714638157894737, 0.00712719298245614, 0.013523391812865496
1 0.4039656432748538, 0.6755756578947368, 0.02055921052631579, 0.007858187134502924
1 0.4571454678362573, 0.6711896929824561, 0.0200109649122807, 0.007675438596491228
1 0.3511513157894737, 0.6717379385964912, 0.021655701754385966, 0.006761695906432748
1 0.8067434210526315, 0.6722861842105263, 0.020285087719298246, 0.012609649122807017
1 0.13898026315789475, 0.6725603070175439, 0.02055921052631579, 0.006761695906432748
1 0.4986293859649123, 0.6725603070175439, 0.022203947368421052, 0.007309941520467836
1 0.5439510233918129, 0.6722861842105263, 0.014528508771929825, 0.013706140350877192
1 0.46427266081871343, 0.673108552631579, 0.01781798245614035, 0.005208333333333333
1 0.740953947368421, 0.6728344298245614, 0.018914473684210526, 0.007675438596491228
1 0.7371162280701754, 0.6774945175438597, 0.020285087719298246, 0.00932017543859649
1 0.20641447368421054, 0.6739309210526315, 0.023848684210526317, 0.010051169590643274
1 0.23601973684210525, 0.6739309210526315, 0.020833333333333332, 0.010051169590643274
1 0.23273026315789475, 0.6772203947368421, 0.021655701754385966, 0.00712719298245614
1 0.6662097953216374, 0.6739309210526315, 0.02055921052631579, 0.00932017543859649
1 0.1455592105263158, 0.6750274122807017, 0.013980263157894737, 0.006578947368421052
1 0.2435124269005848, 0.6753015350877193, 0.021655701754385966, 0.008771929824561403
1 0.6049890350877193, 0.6753015350877193, 0.011787280701754386, 0.015533625730994151
1 0.6552448830409356, 0.6753015350877193, 0.021107456140350877, 0.007492690058479532
1 0.6461074561403509, 0.6788651315789473, 0.01644736842105263, 0.01023391812865497
1 0.4880299707602339, 0.6761239035087719, 0.012883771929824562, 0.006030701754385965
1 0.8531615497076024, 0.6761239035087719, 0.017543859649122806, 0.017543859649122806
1 0.08927266081871345, 0.6769462719298246, 0.021107456140350877, 0.009502923976608187
1 0.21354166666666666, 0.676672149122807, 0.01644736842105263, 0.007309941520467836
1 0.2290752923976608, 0.6769462719298246, 0.011513157894736841, 0.00402046783625731
1 0.469937865497076, 0.676672149122807, 0.01644736842105263, 0.00804093567251462
1 0.4745065789473684, 0.6772203947368421, 0.01918859649122807, 0.010051169590643274
1 0.59859283625731, 0.676672149122807, 0.01644736842105263, 0.008223684210526315
1 0.7263340643274854, 0.6772203947368421, 0.011239035087719298, 0.01114766081871345
1 0.07501827485380116, 0.6780427631578947, 0.020833333333333332, 0.014071637426900584
1 0.18832236842105263, 0.6780427631578947, 0.02138157894736842, 0.008954678362573099
1 0.4517543859649123, 0.6777686403508771, 0.019462719298245616, 0.008863304093567252
1 0.40963084795321636, 0.6783168859649122, 0.020833333333333332, 0.00804093567251462
1 0.03298611111111111, 0.6796875, 0.007401315789473684, 0.008954678362573099
1 0.42680921052631576, 0.6794133771929824, 0.0200109649122807, 0.00712719298245614
1 0.5254934210526315, 0.6794133771929824, 0.023300438596491228, 0.00804093567251462
1 0.5439510233918129, 0.6799616228070176, 0.017269736842105265, 0.012426900584795321
1 0.5525402046783626, 0.6799616228070176, 0.020833333333333332, 0.008223684210526315
1 0.5684393274853801, 0.6799616228070176, 0.024396929824561403, 0.008406432748538011
1 0.5916483918128655, 0.6802357456140351, 0.01836622807017544, 0.012609649122807017
1 0.6612755847953217, 0.6799616228070176, 0.01644736842105263, 0.004934210526315789
1 0.1596308479532164, 0.6807839912280702, 0.02549342105263158, 0.01114766081871345
1 0.5768457602339181, 0.6805098684210527, 0.009594298245614035, 0.009502923976608187
1 0.8184393274853801, 0.6805098684210527, 0.014802631578947368, 0.012975146198830409
1 0.6967288011695907, 0.6813322368421053, 0.01836622807017544, 0.012609649122807017
1 0.7003837719298246, 0.6988760964912281, 0.01918859649122807, 0.012609649122807017
1 0.04906798245614035, 0.6818804824561403, 0.0200109649122807, 0.008223684210526315
1 0.7018457602339181, 0.6818804824561403, 0.013980263157894737, 0.009685672514619883
1 0.8495065789473685, 0.6818804824561403, 0.0200109649122807, 0.009868421052631578
1 0.8438413742690059, 0.6843475877192983, 0.01918859649122807, 0.009502923976608187
1 0.8275767543859649, 0.6857182017543859, 0.00932017543859649, 0.016264619883040937
1 0.8315972222222222, 0.6953125, 0.015625, 0.0133406432748538
1 0.5607638888888888, 0.6821546052631579, 0.023300438596491228, 0.006944444444444444
1 0.6702302631578947, 0.6824287280701754, 0.013706140350877192, 0.009137426900584795
1 0.8897112573099415, 0.6821546052631579, 0.020285087719298246, 0.008406432748538011
1 0.5808662280701754, 0.682702850877193, 0.01617324561403509, 0.01023391812865497
1 0.6353252923976608, 0.6798930921052632, 0.016241776315789474, 0.017361111111111112
1 0.342562134502924, 0.6835252192982456, 0.01918859649122807, 0.008589181286549707
1 0.6925255847953217, 0.6832510964912281, 0.015076754385964912, 0.005665204678362573
1 0.3672331871345029, 0.6840734649122807, 0.01069078947368421, 0.018457602339181287
1 0.8555372807017544, 0.6842105263157895, 0.014391447368421052, 0.011239035087719298
1 0.12527412280701755, 0.6843475877192983, 0.020833333333333332, 0.007858187134502924
1 0.19069809941520469, 0.6846217105263158, 0.02055921052631579, 0.0133406432748538
1 0.4313779239766082, 0.6846217105263158, 0.0200109649122807, 0.006944444444444444
1 0.9098135964912281, 0.6843475877192983, 0.02055921052631579, 0.009502923976608187
1 0.9149305555555556, 0.6961348684210527, 0.020285087719298246, 0.011330409356725146
1 0.9067068713450293, 0.7005208333333334, 0.024396929824561403, 0.00712719298245614
1 0.9136513157894737, 0.7076480263157895, 0.011239035087719298, 0.00932017543859649
1 0.921875, 0.7166940789473685, 0.015625, 0.00804093567251462
1 0.9116410818713451, 0.7188870614035088, 0.015625, 0.01114766081871345
1 0.10352704678362573, 0.6851699561403509, 0.017269736842105265, 0.009685672514619883
1 0.109375, 0.6848958333333334, 0.022203947368421052, 0.010416666666666666
1 0.4430738304093567, 0.6851699561403509, 0.02138157894736842, 0.007675438596491228
1 0.607547514619883, 0.6851699561403509, 0.00849780701754386, 0.00932017543859649
1 0.9229714912280702, 0.6848958333333334, 0.012335526315789474, 0.017543859649122806
1 0.7921235380116959, 0.6859923245614035, 0.011239035087719298, 0.012975146198830409
1 0.0377375730994152, 0.686266447368421, 0.015076754385964912, 0.01206140350877193
1 0.3496893274853801, 0.6859923245614035, 0.020833333333333332, 0.015716374269005847
1 0.7117141812865497, 0.686266447368421, 0.015076754385964912, 0.009685672514619883
1 0.11960891812865497, 0.6865405701754386, 0.019462719298245616, 0.006578947368421052
1 0.29175804093567254, 0.6868146929824561, 0.015899122807017545, 0.007675438596491228
1 0.38898026315789475, 0.6870888157894737, 0.019462719298245616, 0.01114766081871345
1 0.38952850877192985, 0.6991502192982456, 0.01836622807017544, 0.010051169590643274
1 0.7765899122807017, 0.6873629385964912, 0.023026315789473683, 0.00712719298245614
1 0.15158991228070176, 0.6879111842105263, 0.018914473684210526, 0.01023391812865497
1 0.6163194444444444, 0.6879111842105263, 0.01644736842105263, 0.01023391812865497
1 0.6091922514619883, 0.6933936403508771, 0.01781798245614035, 0.01644736842105263
1 0.4145650584795322, 0.688733552631579, 0.018914473684210526, 0.011695906432748537
1 0.4626279239766082, 0.6881853070175439, 0.01425438596491228, 0.010416666666666666
1 0.5370065789473685, 0.6884594298245614, 0.012883771929824562, 0.006761695906432748
1 0.6758954678362573, 0.6881853070175439, 0.015076754385964912, 0.017361111111111112
1 0.6696820175438597, 0.6972313596491229, 0.01836622807017544, 0.006944444444444444
1 0.031524122807017545, 0.688733552631579, 0.012335526315789474, 0.010964912280701754
1 0.13824926900584794, 0.688733552631579, 0.0200109649122807, 0.013157894736842105
1 0.49515716374269003, 0.688733552631579, 0.01864035087719298, 0.00712719298245614
1 0.2689144736842105, 0.6892817982456141, 0.023848684210526317, 0.011878654970760233
1 0.8120431286549707, 0.6892817982456141, 0.01836622807017544, 0.010964912280701754
1 0.8098501461988304, 0.6936677631578947, 0.025219298245614034, 0.011878654970760233
1 0.48930921052631576, 0.6898300438596491, 0.021929824561403508, 0.010416666666666666
1 0.9034173976608187, 0.6898300438596491, 0.011239035087719298, 0.006030701754385965
1 0.8922697368421053, 0.6939418859649122, 0.015076754385964912, 0.012244152046783625
1 0.2647112573099415, 0.6903782894736842, 0.006853070175438596, 0.00804093567251462
1 0.3283534356725146, 0.6896244517543859, 0.009799890350877192, 0.01585343567251462
1 0.75484283625731, 0.6906524122807017, 0.022203947368421052, 0.01206140350877193
1 0.8688779239766082, 0.7024396929824561, 0.020833333333333332, 0.010964912280701754
1 0.8836805555555556, 0.7024396929824561, 0.02412280701754386, 0.008954678362573099
1 0.6400767543859649, 0.6917489035087719, 0.016721491228070175, 0.010416666666666666
1 0.17498172514619884, 0.6928453947368421, 0.008223684210526315, 0.012609649122807017
1 0.4710343567251462, 0.6925712719298246, 0.014528508771929825, 0.010051169590643274
1 0.7404057017543859, 0.6931195175438597, 0.015350877192982455, 0.01425438596491228
1 0.7396747076023392, 0.7030564692982456, 0.014048793859649123, 0.009137426900584795
1 0.7824378654970761, 0.6925712719298246, 0.018914473684210526, 0.010782163742690058
1 0.8235562865497076, 0.6925712719298246, 0.01425438596491228, 0.010416666666666666
1 0.1669407894736842, 0.6933936403508771, 0.018092105263157895, 0.007309941520467836
1 0.2153691520467836, 0.6933936403508771, 0.021929824561403508, 0.009868421052631578
1 0.36522295321637427, 0.6931195175438597, 0.011239035087719298, 0.017909356725146198
1 0.37582236842105265, 0.6939418859649122, 0.013157894736842105, 0.012244152046783625
1 0.5881761695906432, 0.6933936403508771, 0.01644736842105263, 0.0133406432748538
1 0.44069809941520466, 0.6944901315789473, 0.015625, 0.006030701754385965
1 0.48583698830409355, 0.6944901315789473, 0.0200109649122807, 0.010051169590643274
1 0.8827668128654971, 0.6950383771929824, 0.01069078947368421, 0.00712719298245614
1 0.6333150584795322, 0.6953125, 0.018914473684210526, 0.014619883040935672
1 0.4602521929824561, 0.6961348684210527, 0.01918859649122807, 0.0062134502923976605
1 0.5106907894736842, 0.6961348684210527, 0.022478070175438597, 0.006944444444444444
1 0.5728252923976608, 0.6961348684210527, 0.018914473684210526, 0.008223684210526315
1 0.7899305555555556, 0.6961348684210527, 0.01425438596491228, 0.010599415204678362
1 0.42315423976608185, 0.6966831140350878, 0.019736842105263157, 0.006578947368421052
1 0.5015533625730995, 0.6964089912280702, 0.024396929824561403, 0.007309941520467836
1 0.08086622807017543, 0.6969572368421053, 0.010142543859649123, 0.010599415204678362
1 0.436312134502924, 0.6969572368421053, 0.019462719298245616, 0.005665204678362573
1 0.6026133040935673, 0.6969572368421053, 0.019462719298245616, 0.019371345029239765
1 0.7175621345029239, 0.6910635964912281, 0.014459978070175438, 0.010347222222222221
1 0.4810855263157895, 0.6975054824561403, 0.01343201754385965, 0.004751461988304093
1 0.25721856725146197, 0.6980537280701754, 0.012335526315789474, 0.013706140350877192
1 0.2734831871345029, 0.698327850877193, 0.018092105263157895, 0.008406432748538011
1 0.3149671052631579, 0.6980537280701754, 0.02432839912280702, 0.007309941520467836
1 0.5397478070175439, 0.6980537280701754, 0.019736842105263157, 0.008223684210526315
1 0.6545138888888888, 0.698327850877193, 0.02275219298245614, 0.00712719298245614
1 0.8597404970760234, 0.698327850877193, 0.020833333333333332, 0.00804093567251462
1 0.12892909356725146, 0.6988760964912281, 0.01644736842105263, 0.010051169590643274
1 0.20440423976608188, 0.6988760964912281, 0.00849780701754386, 0.01023391812865497
1 0.36065423976608185, 0.6991502192982456, 0.01699561403508772, 0.008771929824561403
1 0.6790021929824561, 0.6988760964912281, 0.02055921052631579, 0.012244152046783625
1 0.9556834795321637, 0.6988760964912281, 0.022203947368421052, 0.0133406432748538
1 0.9750548245614035, 0.707922149122807, 0.02138157894736842, 0.01206140350877193
1 0.9671966374269005, 0.7172423245614035, 0.01918859649122807, 0.019371345029239765
1 0.14336622807017543, 0.6991502192982456, 0.01836622807017544, 0.00712719298245614
1 0.27750365497076024, 0.6994243421052632, 0.02138157894736842, 0.009868421052631578
1 0.29833698830409355, 0.6991502192982456, 0.017269736842105265, 0.006396198830409356
1 0.5494334795321637, 0.6994243421052632, 0.015076754385964912, 0.013523391812865496
1 0.6492141812865497, 0.6991502192982456, 0.021655701754385966, 0.005116959064327485
1 0.7972404970760234, 0.6991502192982456, 0.012883771929824562, 0.01663011695906433
1 0.8354349415204678, 0.6994243421052632, 0.020285087719298246, 0.010782163742690058
1 0.8449378654970761, 0.7002467105263158, 0.017543859649122806, 0.006761695906432748
1 0.19618055555555555, 0.6999725877192983, 0.01343201754385965, 0.006944444444444444
1 0.19873903508771928, 0.7095668859649122, 0.012335526315789474, 0.007492690058479532
1 0.19380482456140352, 0.7134046052631579, 0.01644736842105263, 0.008954678362573099
1 0.2895650584795322, 0.6999725877192983, 0.01617324561403509, 0.008406432748538011
1 0.28188961988304095, 0.7024396929824561, 0.025767543859649123, 0.009685672514619883
1 0.5344480994152047, 0.6996984649122807, 0.017543859649122806, 0.006761695906432748
1 0.7526498538011696, 0.6990816885964912, 0.02446546052631579, 0.009137426900584795
1 0.7701937134502924, 0.6999725877192983, 0.01836622807017544, 0.011330409356725146
1 0.9655519005847953, 0.6999725877192983, 0.018914473684210526, 0.010599415204678362
1 0.3302266081871345, 0.7005208333333334, 0.024396929824561403, 0.010325292397660819
1 0.4664656432748538, 0.7005208333333334, 0.022478070175438597, 0.010416666666666666
1 0.5167214912280702, 0.7002467105263158, 0.017269736842105265, 0.012609649122807017
1 0.24497441520467836, 0.7010690789473685, 0.017269736842105265, 0.006396198830409356
1 0.251187865497076, 0.7007949561403509, 0.021929824561403508, 0.006761695906432748
1 0.7279788011695907, 0.7010690789473685, 0.02275219298245614, 0.006761695906432748
1 0.17973318713450293, 0.7016173245614035, 0.02055921052631579, 0.008223684210526315
1 0.6852156432748538, 0.7016173245614035, 0.01425438596491228, 0.011513157894736841
1 0.6837536549707602, 0.7142269736842105, 0.011787280701754386, 0.007309941520467836
1 0.6883223684210527, 0.7229989035087719, 0.013980263157894737, 0.006578947368421052
1 0.8522478070175439, 0.7016173245614035, 0.016721491228070175, 0.008223684210526315
1 0.33963815789473684, 0.7021655701754386, 0.019736842105263157, 0.00932017543859649
1 0.6616410818713451, 0.7021655701754386, 0.024945175438596492, 0.011695906432748537
1 0.7175621345029239, 0.7024396929824561, 0.023574561403508772, 0.011695906432748537
1 0.8986659356725146, 0.7021655701754386, 0.021655701754385966, 0.007766812865497076
1 0.30802266081871343, 0.7024396929824561, 0.019736842105263157, 0.00804093567251462
1 0.16419956140350878, 0.7032620614035088, 0.023026315789473683, 0.014985380116959063
1 0.7128106725146199, 0.7029879385964912, 0.024396929824561403, 0.01114766081871345
1 0.2309027777777778, 0.7038103070175439, 0.010964912280701754, 0.01516812865497076
1 0.22322733918128654, 0.7084703947368421, 0.011787280701754386, 0.007858187134502924
1 0.22139985380116958, 0.713952850877193, 0.01644736842105263, 0.006761695906432748
1 0.6724232456140351, 0.7038103070175439, 0.01864035087719298, 0.007492690058479532
1 0.18795687134502925, 0.7040844298245614, 0.01918859649122807, 0.006944444444444444
1 0.3520650584795322, 0.704358552631579, 0.02275219298245614, 0.008954678362573099
1 0.3597404970760234, 0.707922149122807, 0.018092105263157895, 0.005116959064327485
1 0.3697916666666667, 0.7046326754385965, 0.012883771929824562, 0.009685672514619883
1 0.3767361111111111, 0.704358552631579, 0.01699561403508772, 0.01023391812865497
1 0.4141995614035088, 0.704358552631579, 0.023300438596491228, 0.008223684210526315
1 0.42717470760233917, 0.704358552631579, 0.018092105263157895, 0.005847953216374269
1 0.43046418128654973, 0.7049067982456141, 0.021107456140350877, 0.007675438596491228
1 0.5261330409356725, 0.7049067982456141, 0.018092105263157895, 0.008315058479532164
1 0.5254934210526315, 0.7224506578947368, 0.017543859649122806, 0.006761695906432748
1 0.20367324561403508, 0.7054550438596491, 0.013157894736842105, 0.007492690058479532
1 0.5678910818713451, 0.7051809210526315, 0.025219298245614034, 0.007858187134502924
1 0.6956323099415205, 0.7057291666666666, 0.009046052631578948, 0.010051169590643274
1 0.6912463450292398, 0.7095668859649122, 0.022203947368421052, 0.008223684210526315
1 0.8226425438596491, 0.7060032894736842, 0.01699561403508772, 0.008223684210526315
1 0.5960343567251462, 0.7070997807017544, 0.010416666666666666, 0.010051169590643274
1 0.7871893274853801, 0.7076480263157895, 0.013706140350877192, 0.015533625730994151
1 0.40542763157894735, 0.7081962719298246, 0.024396929824561403, 0.010964912280701754
1 0.4768823099415205, 0.7087445175438597, 0.021655701754385966, 0.00804093567251462
1 0.5596673976608187, 0.7084703947368421, 0.02275219298245614, 0.007492690058479532
1 0.6254568713450293, 0.7087445175438597, 0.009868421052631578, 0.015533625730994151
1 0.1271016081871345, 0.7095668859649122, 0.020833333333333332, 0.013706140350877192
1 0.2564875730994152, 0.7090186403508771, 0.022478070175438597, 0.008223684210526315
1 0.4438048245614035, 0.7092927631578947, 0.02549342105263158, 0.010051169590643274
1 0.5521747076023392, 0.7092927631578947, 0.018092105263157895, 0.007309941520467836
1 0.5470577485380117, 0.7095668859649122, 0.028782894736842105, 0.006578947368421052
1 0.23273026315789475, 0.7103892543859649, 0.02055921052631579, 0.011878654970760233
1 0.24223318713450293, 0.7169682017543859, 0.010964912280701754, 0.009685672514619883
1 0.2307200292397661, 0.7260142543859649, 0.01644736842105263, 0.01206140350877193
1 0.7497258771929824, 0.7103892543859649, 0.01836622807017544, 0.008589181286549707
1 0.8908077485380117, 0.7103892543859649, 0.019462719298245616, 0.008406432748538011
1 0.15323464912280702, 0.7106633771929824, 0.02055921052631579, 0.012792397660818713
1 0.34713084795321636, 0.7109375, 0.02055921052631579, 0.008771929824561403
1 0.3699744152046784, 0.7109375, 0.02275219298245614, 0.007858187134502924
1 0.4834612573099415, 0.7106633771929824, 0.011513157894736841, 0.012975146198830409
1 0.1320358187134503, 0.7114857456140351, 0.018914473684210526, 0.012975146198830409
1 0.5903691520467836, 0.7117598684210527, 0.024945175438596492, 0.00932017543859649
1 0.8292214912280702, 0.7112116228070176, 0.02275219298245614, 0.007675438596491228
1 0.22724780701754385, 0.7123081140350878, 0.021655701754385966, 0.01114766081871345
1 0.5181834795321637, 0.7123081140350878, 0.015899122807017545, 0.00932017543859649
1 0.6974597953216374, 0.7120339912280702, 0.02138157894736842, 0.011695906432748537
1 0.7351059941520468, 0.7125822368421053, 0.020285087719298246, 0.011513157894736841
1 0.7977887426900585, 0.7125822368421053, 0.01425438596491228, 0.01644736842105263
1 0.7990679824561403, 0.7221765350877193, 0.012883771929824562, 0.011695906432748537
1 0.7976059941520468, 0.7320449561403509, 0.027412280701754384, 0.01023391812865497
1 0.2902960526315789, 0.7131304824561403, 0.01425438596491228, 0.0062134502923976605
1 0.3036366959064328, 0.7131304824561403, 0.01069078947368421, 0.00804093567251462
1 0.3900767543859649, 0.7128563596491229, 0.019736842105263157, 0.010827850877192983
1 0.5307931286549707, 0.7221080043859649, 0.023026315789473683, 0.011695906432748537
1 0.14756944444444445, 0.7145010964912281, 0.023574561403508772, 0.009137426900584795
1 0.5061220760233918, 0.713952850877193, 0.01864035087719298, 0.006396198830409356
1 0.5845211988304093, 0.7145010964912281, 0.02055921052631579, 0.008589181286549707
1 0.6044407894736842, 0.7147752192982456, 0.018914473684210526, 0.00804093567251462
1 0.6572551169590644, 0.7145010964912281, 0.025767543859649123, 0.010051169590643274
1 0.844389619883041, 0.7180646929824561, 0.0200109649122807, 0.009685672514619883
1 0.4209612573099415, 0.7158717105263158, 0.02055921052631579, 0.010782163742690058
1 0.636421783625731, 0.7166940789473685, 0.019462719298245616, 0.011878654970760233
1 0.7634320175438597, 0.7166940789473685, 0.017269736842105265, 0.009868421052631578
1 0.7557565789473685, 0.723547149122807, 0.010142543859649123, 0.01425438596491228
1 0.2034904970760234, 0.7166940789473685, 0.010964912280701754, 0.016264619883040937
1 0.2625182748538012, 0.7169682017543859, 0.018092105263157895, 0.007858187134502924
1 0.36504020467836257, 0.7169682017543859, 0.015899122807017545, 0.006396198830409356
1 0.29851973684210525, 0.7172423245614035, 0.01343201754385965, 0.01023391812865497
1 0.5708150584795322, 0.7172423245614035, 0.023026315789473683, 0.010416666666666666
1 0.4982638888888889, 0.7183388157894737, 0.019736842105263157, 0.01023391812865497
1 0.49022295321637427, 0.7186129385964912, 0.01781798245614035, 0.008406432748538011
1 0.8507858187134503, 0.7177905701754386, 0.01781798245614035, 0.009685672514619883
1 0.5640533625730995, 0.7191611842105263, 0.015625, 0.004751461988304093
1 0.5978618421052632, 0.7188870614035088, 0.020833333333333332, 0.008771929824561403
1 0.28810307017543857, 0.719983552631579, 0.024945175438596492, 0.010782163742690058
1 0.6804641812865497, 0.719983552631579, 0.01644736842105263, 0.006761695906432748
1 0.8363486842105263, 0.7202576754385965, 0.021107456140350877, 0.0133406432748538
1 0.31624634502923976, 0.7208059210526315, 0.010416666666666666, 0.00932017543859649
1 0.30930190058479534, 0.7243695175438597, 0.014528508771929825, 0.012701023391812866
1 0.48199926900584794, 0.7205317982456141, 0.015899122807017545, 0.009868421052631578
1 0.6278326023391813, 0.7205317982456141, 0.02631578947368421, 0.00932017543859649
1 0.24095394736842105, 0.7216282894736842, 0.024671052631578948, 0.012244152046783625
1 0.26745248538011696, 0.7219024122807017, 0.023026315789473683, 0.013888888888888888
1 0.2826206140350877, 0.7219024122807017, 0.015625, 0.008223684210526315
1 0.6121162280701754, 0.7216282894736842, 0.020833333333333332, 0.007309941520467836
1 0.7767726608187134, 0.7219024122807017, 0.021107456140350877, 0.007858187134502924
1 0.1355080409356725, 0.7221765350877193, 0.023574561403508772, 0.012609649122807017
1 0.1272843567251462, 0.7246436403508771, 0.021929824561403508, 0.014985380116959063
1 0.21737938596491227, 0.7224506578947368, 0.02138157894736842, 0.010051169590643274
1 0.21335891812865498, 0.729577850877193, 0.01918859649122807, 0.011878654970760233
1 0.6738852339181286, 0.7224506578947368, 0.025767543859649123, 0.00804093567251462
1 0.8058296783625731, 0.7227247807017544, 0.01644736842105263, 0.01023391812865497
1 0.8133223684210527, 0.7227247807017544, 0.02549342105263158, 0.008406432748538011
1 0.8208150584795322, 0.7229989035087719, 0.020833333333333332, 0.008589181286549707
1 0.20568347953216373, 0.7240953947368421, 0.021107456140350877, 0.01114766081871345
1 0.5061220760233918, 0.7240953947368421, 0.022478070175438597, 0.01206140350877193
1 0.700749269005848, 0.7238212719298246, 0.017269736842105265, 0.01023391812865497
1 0.16547880116959066, 0.7243695175438597, 0.021929824561403508, 0.010964912280701754
1 0.41566154970760233, 0.7246436403508771, 0.018092105263157895, 0.007858187134502924
1 0.8610197368421053, 0.7243695175438597, 0.02823464912280702, 0.011513157894736841
1 0.5525402046783626, 0.7251918859649122, 0.0200109649122807, 0.006578947368421052
1 0.555281432748538, 0.7320449561403509, 0.01644736842105263, 0.00932017543859649
1 0.18649488304093567, 0.7257401315789473, 0.019736842105263157, 0.009502923976608187
1 0.29851973684210525, 0.7254660087719298, 0.024671052631578948, 0.006030701754385965
1 0.24570540935672514, 0.7262883771929824, 0.022203947368421052, 0.010782163742690058
1 0.5194627192982456, 0.7260142543859649, 0.021655701754385966, 0.00804093567251462
1 0.6080957602339181, 0.7262883771929824, 0.019462719298245616, 0.006030701754385965
1 0.5817799707602339, 0.7268366228070176, 0.019736842105263157, 0.00712719298245614
1 0.7106176900584795, 0.7265625, 0.009594298245614035, 0.01663011695906433
1 0.5753837719298246, 0.7271107456140351, 0.02275219298245614, 0.008223684210526315
1 0.6599963450292398, 0.7276589912280702, 0.026041666666666668, 0.01023391812865497
1 0.19618055555555555, 0.7287554824561403, 0.015076754385964912, 0.012426900584795321
1 0.1720577485380117, 0.7290296052631579, 0.0200109649122807, 0.009137426900584795
1 0.1769919590643275, 0.7320449561403509, 0.02055921052631579, 0.006578947368421052
1 0.670047514619883, 0.7287554824561403, 0.02275219298245614, 0.007309941520467836
1 0.7583150584795322, 0.7290296052631579, 0.021107456140350877, 0.006761695906432748
1 0.7700109649122807, 0.7293037280701754, 0.02275219298245614, 0.006761695906432748
1 0.18283991228070176, 0.7298519736842105, 0.01644736842105263, 0.006030701754385965
1 0.2515533625730994, 0.7306743421052632, 0.0268640350877193, 0.008589181286549707
1 0.8250182748538012, 0.7306743421052632, 0.016721491228070175, 0.008223684210526315
1 0.0644188596491228, 0.7309484649122807, 0.021107456140350877, 0.013523391812865496
1 0.07913011695906433, 0.7312225877192983, 0.024671052631578948, 0.01800073099415205
1 0.7365679824561403, 0.7314967105263158, 0.023848684210526317, 0.008223684210526315
1 0.7504568713450293, 0.7320449561403509, 0.023848684210526317, 0.01114766081871345
1 0.8977521929824561, 0.7320449561403509, 0.01644736842105263, 0.016812865497076022
1 0.2305372807017544, 0.7320449561403509, 0.01918859649122807, 0.01114766081871345
1 0.292671783625731, 0.7320449561403509, 0.018092105263157895, 0.006396198830409356
1 0.3242872807017544, 0.7323190789473685, 0.015899122807017545, 0.012975146198830409
1 0.7444261695906432, 0.7323190789473685, 0.023300438596491228, 0.006761695906432748
1 0.7848135964912281, 0.7323190789473685, 0.023848684210526317, 0.01023391812865497
1 0.2784173976608187, 0.7328673245614035, 0.021107456140350877, 0.011513157894736841
1 0.5094115497076024, 0.7334155701754386, 0.023026315789473683, 0.009868421052631578
1 0.6804641812865497, 0.7334155701754386, 0.02138157894736842, 0.010964912280701754
1 0.7190241228070176, 0.7334155701754386, 0.01206140350877193, 0.010782163742690058
1 0.07026681286549707, 0.7342379385964912, 0.01781798245614035, 0.012975146198830409
1 0.7634320175438597, 0.7339638157894737, 0.01918859649122807, 0.006030701754385965
1 0.039473684210526314, 0.7345120614035088, 0.014528508771929825, 0.010325292397660819
1 0.6906980994152047, 0.7345120614035088, 0.023574561403508772, 0.007492690058479532
1 0.780610380116959, 0.7345120614035088, 0.01644736842105263, 0.004934210526315789
1 0.01653874269005848, 0.7366913377192982, 0.013993969298245612, 0.00932017543859649
1 0.6440972222222222, 0.7353344298245614, 0.014802631578947368, 0.01206140350877193
1 0.6393457602339181, 0.7375274122807017, 0.012335526315789474, 0.009137426900584795
1 0.5854349415204678, 0.735608552631579, 0.012609649122807017, 0.009502923976608187
1 0.8292214912280702, 0.7353344298245614, 0.01864035087719298, 0.008589181286549707
1 0.8343384502923976, 0.7367050438596491, 0.017269736842105265, 0.010782163742690058
1 0.6980080409356725, 0.7361567982456141, 0.02412280701754386, 0.007309941520467836
1 0.7047697368421053, 0.7361567982456141, 0.022478070175438597, 0.005116959064327485
1 0.7098866959064327, 0.7361567982456141, 0.019736842105263157, 0.004934210526315789
1 0.7137244152046783, 0.7364309210526315, 0.01781798245614035, 0.005665204678362573
1 0.5936586257309941, 0.7375274122807017, 0.01425438596491228, 0.009137426900584795
1 0.8061951754385965, 0.7378015350877193, 0.022478070175438597, 0.006761695906432748
1 0.8109466374269005, 0.7443804824561403, 0.02138157894736842, 0.008771929824561403
1 0.6148574561403509, 0.7383497807017544, 0.026589912280701754, 0.01023391812865497
1 0.14007675438596492, 0.7397203947368421, 0.01206140350877193, 0.017909356725146198
1 0.7195723684210527, 0.7402686403508771, 0.01425438596491228, 0.010051169590643274
1 0.8451206140350878, 0.7430098684210527, 0.021655701754385966, 0.012244152046783625
1 0.8411001461988304, 0.745202850877193, 0.019462719298245616, 0.01114766081871345
1 0.7711074561403509, 0.7446546052631579, 0.017269736842105265, 0.010782163742690058
1 0.7897478070175439, 0.7454769736842105, 0.015076754385964912, 0.010051169590643274
1 0.26836622807017546, 0.7462993421052632, 0.021655701754385966, 0.007309941520467836
1 0.8288559941520468, 0.7526041666666666, 0.01781798245614035, 0.011878654970760233
1 0.9396016081871345, 0.7569901315789473, 0.02309484649122807, 0.009731359649122808
1 0.7468019005847953, 0.7572642543859649, 0.018914473684210526, 0.014619883040935672
1 0.7981542397660819, 0.7611019736842105, 0.02549342105263158, 0.017726608187134504
1 0.25922880116959063, 0.7912554824561403, 0.010142543859649123, 0.007858187134502924
1 0.06807383040935673, 0.7972861842105263, 0.01864035087719298, 0.009502923976608187
1 0.3072916666666667, 0.8000274122807017, 0.01343201754385965, 0.01023391812865497
1 0.2648940058479532, 0.8071546052631579, 0.01425438596491228, 0.010964912280701754
1 0.47322733918128657, 0.8085252192982456, 0.010964912280701754, 0.005847953216374269
1 0.7683662280701754, 0.8159265350877193, 0.007401315789473684, 0.013157894736842105
1 0.7303545321637427, 0.8205866228070176, 0.018914473684210526, 0.008406432748538011
1 0.8878837719298246, 0.8203125, 0.011513157894736841, 0.012426900584795321
1 0.17132675438596492, 0.8222998903508771, 0.021038925438596492, 0.017726608187134504
1 0.8950109649122807, 0.8348410087719298, 0.012609649122807017, 0.01640168128654971
1 0.5870796783625731, 0.8759594298245614, 0.020148026315789474, 0.021335891812865496
1 0.5843384502923976, 0.8820586622807017, 0.02617872807017544, 0.011970029239766082
1 0.05532711988304093, 0.6673519736842105, 0.015213815789473685, 0.007949561403508772
1 0.05537280701754386, 0.6832510964912281, 0.016036184210526317, 0.007903874269005849
1 0.06099232456140351, 0.6698876096491229, 0.020490679824561403, 0.009137426900584795
1 0.1836622807017544, 0.6384320175438597, 0.017543859649122806, 0.015533625730994151
1 0.1852156432748538, 0.6546052631578947, 0.0073327850877192985, 0.01644736842105263
1 0.2500456871345029, 0.6695449561403509, 0.014528508771929825, 0.005985014619883041
1 0.2531067251461988, 0.6840049342105263, 0.018571820175438597, 0.009137426900584795
1 0.30459612573099415, 0.7305372807017544, 0.014322916666666666, 0.00941154970760234
1 0.308296783625731, 0.7321820175438597, 0.011565241228070174, 0.01088267543859649
1 0.3909904970760234, 0.6558388157894737, 0.017201206140350877, 0.012152777777777778
1 0.39140168128654973, 0.6620065789473685, 0.017269736842105265, 0.012838084795321638
1 0.3814418859649123, 0.6435718201754386, 0.014802631578947368, 0.01644736842105263
1 0.38290387426900585, 0.6491913377192983, 0.013637609649122808, 0.015305190058479532
1 0.45015533625730997, 0.6417214912280702, 0.024739583333333332, 0.007766812865497076
1 0.4482602339181287, 0.6307565789473685, 0.01617324561403509, 0.009387792397660818
1 0.4512061403508772, 0.694421600877193, 0.02158717105263158, 0.00735562865497076
1 0.450875365497076, 0.7082209429824562, 0.013157894736842105, 0.011970029239766082
1 0.5407072368421053, 0.7180646929824561, 0.0234375, 0.007903874269005849
1 0.5327119883040936, 0.7128563596491229, 0.02261513157894737, 0.009228801169590644
1 0.5598044590643275, 0.6591968201754386, 0.0073327850877192985, 0.015213815789473685
1 0.5584795321637427, 0.6658442982456141, 0.008908991228070175, 0.013843201754385965
1 0.6292489035087719, 0.6797560307017544, 0.01864035087719298, 0.010964912280701754
1 0.6248866959064328, 0.6818119517543859, 0.022990679824561405, 0.008863304093567252
1 0.7094298245614035, 0.6766036184210527, 0.01308936403508772, 0.015990497076023392
1 0.6960891812865497, 0.6689967105263158, 0.013500548245614035, 0.016036184210526317
1 0.7325932017543859, 0.6966145833333334, 0.01836622807017544, 0.007995248538011696
1 0.7200511695906433, 0.6897971491228071, 0.011650219298245614, 0.014576023391812866
1 0.9435307017543859, 0.7055592105263159, 0.021962719298245614, 0.011330409356725146
1 0.9271290204678363, 0.6974369517543859, 0.016036184210526317, 0.01653874269005848
1 0.9283168859649122, 0.7044956140350878, 0.0190515350877193, 0.017863669590643276
1 0.9253015350877193, 0.7043914473684211, 0.027955043859649125, 0.013145102339181288
1 0.7583607456140351, 0.5975191885964912, 0.02172423245614035, 0.006076388888888889
1 0.7514619883040936, 0.5805235745614035, 0.016721491228070175, 0.009365862573099416
1 0.14359466374269006, 0.6508360745614035, 0.013292214912280702, 0.007035818713450292
1 0.14875730994152048, 0.6379577850877193, 0.01952576754385965, 0.012244152046783625
1 0.2454312865497076, 0.6457730263157895, 0.008495065789473684, 0.012244152046783625
1 0.24666483918128654, 0.6452247807017545, 0.011099232456140352, 0.018548976608187134
1 0.2545230263157895, 0.647280701754386, 0.013769188596491228, 0.01621893274853801
1 0.26324926900584794, 0.6467324561403509, 0.011441885964912281, 0.014528508771929825
1 0.27599597953216376, 0.6448135964912282, 0.0123327850877193, 0.012701023391812866
1 0.3231451023391813, 0.7232675438596491, 0.01986842105263158, 0.010964912280701754
1 0.32058662280701755, 0.7253234649122807, 0.01630482456140351, 0.008589181286549707
1 0.299296418128655, 0.6457702850877193, 0.01986842105263158, 0.006487573099415204
1 0.30327119883040937, 0.645907346491228, 0.014936951754385966, 0.009046052631578948
1 0.3233735380116959, 0.6465241228070175, 0.02151315789473684, 0.011878654970760233
1 0.31853070175438597, 0.6451535087719298, 0.017812500000000002, 0.011467470760233918
1 0.325703581871345, 0.6339857456140351, 0.013018092105263158, 0.010645102339181287
1 0.4310581140350877, 0.7174396929824561, 0.01603344298245614, 0.010873538011695907
1 0.4409722222222222, 0.7154550438596491, 0.022401315789473682, 0.008543494152046784
1 0.4559119152046784, 0.6248711622807018, 0.008083881578947369, 0.012609649122807017
1 0.4600237573099415, 0.6133607456140351, 0.01253563596491228, 0.013706140350877192
1 0.4718567251461988, 0.6555701754385965, 0.00822094298245614, 0.017315423976608187
1 0.4832328216374269, 0.6646737938596491, 0.02322642543859649, 0.006396198830409356
1 0.48725328947368424, 0.663031798245614, 0.013495065789473683, 0.006076388888888889
1 0.5830135233918129, 0.6460334429824561, 0.01760690789473684, 0.007401315789473684
1 0.5810032894736842, 0.6598108552631579, 0.009797149122807018, 0.008704312865497077
1 0.69828216374269, 0.6439117324561403, 0.023223684210526317, 0.008771929824561403
1 0.6833424707602339, 0.658640350877193, 0.011784539473684212, 0.01918859649122807
1 0.6835252192982456, 0.675016447368421, 0.01603344298245614, 0.00941154970760234
1 0.6837536549707602, 0.6704961622807017, 0.011304824561403509, 0.008132309941520468
1 0.8673702485380117, 0.6913322368421053, 0.02240405701754386, 0.007903874269005849
1 0.8751827485380117, 0.6965405701754386, 0.025074013157894738, 0.0100968567251462
1 0.9527595029239766, 0.7048327850877193, 0.022609649122807017, 0.0133406432748538
1 0.9472313596491229, 0.7051069078947368, 0.02459703947368421, 0.017315423976608187
