1 2736.5, 918.5, 168.0, 198.0
1 3376.5, 937.5, 121.0, 240.75
1 2872.5, 938.5, 162.0, 183.0
1 2747.5, 1109.5, 190.0, 212.0
1 3046.5, 1123.5, 126.0, 201.0
1 2777.5, 1254.5, 135.0, 238.0
1 2866.5, 1279.5, 218.5, 257.0
1 2946.5, 1371.5, 196.0, 215.0
1 1992.5, 958.5, 158.0, 153.0
1 2079.5, 968.5, 214.0, 112.0
1 2128.5, 1068.5, 182.0, 105.0
1 2246.5, 1003.5, 157.0, 199.0
1 3945.75, 1168.5, 169.75, 132.84
1 3914.5, 1237.5, 110.0, 240.0
1 3832.5, 1260.5, 120.0, 247.0
1 3615.5, 1273.5, 213.0, 204.0
1 3888.5, 1427.5, 133.0, 250.0
1 2430.5, 1038.5, 102.0, 224.0
1 4451.5, 1060.5, 131.0, 216.0
1 2659.5, 1069.5, 120.0, 246.0
1 2603.5, 1151.5, 104.0, 230.0
1 1925.5, 1078.5, 254.0, 107.0
1 1833.5, 1157.0, 201.5, 160.5
1 1568.5, 1097.5, 161.0, 176.0
1 1715.5, 1097.5, 128.0, 226.0
1 1546.5, 1270.5, 232.0, 203.0
1 1642.5, 1295.5, 265.0, 151.0
1 4707.5, 1102.5, 129.0, 221.0
1 4822.5, 1142.5, 118.0, 225.0
1 5038.5, 1203.5, 124.0, 226.0
1 5240.5, 1239.5, 230.0, 146.0
1 5118.5, 1256.5, 121.0, 174.0
1 4516.5, 1258.5, 104.0, 290.0
1 5230.5, 1277.5, 240.0, 236.0
1 4617.5, 1286.5, 205.0, 190.0
1 4826.5, 1296.5, 259.0, 182.0
1 5173.5, 1330.5, 157.0, 272.0
1 4697.5, 1409.5, 131.0, 188.0
1 4934.5, 1412.5, 122.0, 221.0
1 5071.5, 1414.5, 190.0, 243.0
1 4566.5, 1448.5, 200.0, 291.5
1 5035.5, 1448.5, 127.0, 222.0
1 4791.5, 1459.5, 169.0, 239.0
1 4499.5, 1548.5, 212.0, 214.18
1 2521.5, 1110.5, 87.0, 260.0
1 2226.5, 1119.5, 200.0, 187.0
1 2329.5, 1136.5, 104.0, 208.0
1 2406.5, 1207.5, 123.0, 208.0
1 2138.5, 1260.5, 178.0, 113.5
1 2311.5, 1364.5, 123.0, 248.0
1 4909.0, 1128.5, 116.5, 193.0
1 2850.5, 1115.5, 191.0, 165.0
1 3318.5, 1116.5, 108.0, 277.0
1 3198.5, 1122.5, 126.0, 258.0
1 4182.5, 1121.5, 189.0, 193.0
1 4225.5, 1236.5, 147.0, 321.0
1 4154.5, 1250.5, 161.0, 213.0
1 4370.5, 1364.5, 146.0, 211.0
1 4231.5, 1424.5, 193.0, 227.0
1 4333.5, 1575.5, 202.0, 286.0
1 4429.5, 1575.99, 227.0, 238.51
1 4587.5, 1129.5, 135.0, 233.0
1 3531.0, 1133.5, 122.5, 262.0
1 3451.5, 1162.5, 117.0, 255.0
1 3355.5, 1260.5, 144.0, 253.0
1 2888.5, 1180.5, 152.0, 202.0
1 3792.5, 1196.5, 172.0, 202.0
1 4015.5, 1203.5, 108.0, 244.0
1 4095.5, 1213.5, 99.0, 184.0
1 1403.5, 1241.5, 152.0, 218.0
1 3136.5, 1246.5, 193.0, 245.0
1 3224.5, 1451.5, 239.0, 164.0
1 1920.5, 1269.5, 241.0, 152.0
1 1946.5, 1332.5, 291.0, 113.0
1 2132.5, 1343.5, 254.0, 178.0
1 2509.5, 1373.5, 240.0, 186.0
1 2371.5, 1379.5, 171.0, 269.0
1 3119.5, 1383.5, 114.0, 298.0
1 3594.0, 1398.5, 248.5, 170.0
1 3482.5, 1529.5, 155.0, 231.0
1 4010.5, 1401.75, 152.5, 213.75
1 4096.5, 1432.5, 133.0, 264.0
1 3993.5, 1532.5, 152.0, 257.0
1 1630.5, 1424.5, 271.0, 81.0
1 1997.5, 1430.5, 243.0, 169.0
1 2172.5, 1490.5, 149.0, 255.0
1 5306.5, 1427.5, 160.0, 233.0
1 5357.0, 1644.5, 114.5, 89.0
1 1926.5, 1440.5, 245.0, 201.0
1 1858.5, 1449.5, 144.0, 217.0
1 1393.5, 1443.5, 202.0, 187.0
1 1515.5, 1483.5, 291.0, 117.0
1 1492.5, 1579.5, 264.5, 199.0
1 1601.5, 1635.5, 145.0, 265.0
1 1293.5, 1712.5, 234.0, 219.0
1 1465.5, 1770.5, 177.0, 251.0
1 2630.5, 1446.5, 284.0, 114.0
1 1038.5, 1461.5, 153.0, 308.0
1 925.5, 1506.5, 146.0, 237.0
1 614.5, 1479.5, 211.0, 214.0
1 1744.5, 1493.5, 129.0, 199.0
1 3762.5, 1498.5, 173.0, 276.0
1 1114.5, 1511.5, 163.0, 251.0
1 1246.5, 1625.5, 80.0, 171.0
1 3029.5, 1525.5, 201.0, 281.0
1 3205.5, 1708.5, 154.0, 259.0
1 2382.5, 1534.5, 165.0, 233.0
1 2732.5, 1539.5, 303.0, 138.0
1 2985.0, 1664.5, 182.5, 195.0
1 2469.5, 1550.5, 187.0, 225.0
1 2532.5, 1569.5, 205.0, 249.0
1 2659.5, 1623.5, 268.0, 139.0
1 3646.5, 1569.5, 213.0, 312.0
1 3858.5, 1675.5, 136.0, 220.0
1 3292.5, 1598.5, 205.0, 271.0
1 3420.5, 1599.5, 149.0, 279.0
1 2023.5, 1610.5, 179.0, 274.0
1 1970.5, 1655.5, 123.0, 258.0
1 4730.5, 1617.0, 171.0, 248.5
1 4427.5, 1641.5, 172.0, 218.0
1 4973.5, 1642.5, 293.0, 158.0
1 5059.5, 1700.5, 268.0, 169.0
1 5296.5, 1742.5, 175.0, 185.0
1 5009.5, 1807.5, 129.0, 251.0
1 5196.5, 1827.5, 274.0, 143.0
1 5120.5, 1857.5, 144.0, 284.0
1 5262.5, 1950.5, 144.0, 248.0
1 5385.5, 1953.5, 84.5, 95.0
1 5316.5, 2045.5, 155.0, 240.0
1 4621.5, 2179.5, 173.0, 313.0
1 4823.5, 2315.0, 165.0, 272.5
1 4257.5, 1647.5, 282.0, 299.0
1 4294.5, 1826.5, 239.0, 216.0
1 4171.5, 1698.5, 127.0, 297.0
1 4183.5, 1954.5, 201.0, 244.0
1 2887.5, 1661.5, 198.0, 255.0
1 1730.5, 1668.5, 238.0, 119.0
1 4861.5, 1691.5, 169.0, 259.0
1 3632.5, 1710.5, 188.0, 265.0
1 861.5, 1710.5, 183.0, 231.0
1 632.5, 1713.5, 252.0, 134.0
1 2723.75, 1734.5, 155.75, 262.0
1 2570.5, 1938.5, 163.0, 248.0
1 2498.5, 2155.5, 205.0, 286.0
1 2326.5, 2175.5, 235.0, 175.0
1 1051.5, 1752.5, 257.0, 145.0
1 3553.5, 1754.5, 174.0, 277.0
1 1751.5, 1754.5, 219.0, 221.0
1 1648.5, 1777.5, 215.0, 128.0
1 1543.5, 1872.5, 243.0, 174.0
1 2351.5, 1755.5, 128.0, 217.0
1 2558.5, 1761.5, 221.0, 227.25
1 2873.5, 1769.5, 191.0, 194.0
1 4098.5, 1770.5, 149.0, 309.0
1 4016.5, 1811.5, 138.0, 289.0
1 3928.5, 1906.5, 151.0, 270.0
1 3818.5, 1915.5, 132.0, 312.0
1 3648.0, 1986.5, 203.5, 329.0
1 3781.5, 2218.5, 195.0, 374.0
1 3856.5, 2390.5, 148.0, 326.0
1 3697.5, 2543.5, 268.0, 274.0
1 3942.5, 2610.5, 178.0, 276.0
1 4689.5, 1816.5, 326.0, 194.0
1 4774.5, 1937.5, 196.0, 269.0
1 3096.5, 1822.5, 121.0, 278.5
1 3312.5, 1837.5, 233.0, 127.0
1 619.5, 1840.5, 145.5, 168.0
1 2000.5, 1862.5, 164.0, 233.0
1 2029.5, 2082.5, 141.0, 134.0
1 1384.5, 1876.5, 135.0, 197.0
1 1271.5, 2058.5, 277.0, 188.0
1 4546.5, 1881.5, 150.0, 286.0
1 1749.5, 1894.5, 259.0, 243.0
1 1851.5, 1933.5, 171.0, 218.0
1 2086.5, 1904.5, 154.0, 212.0
1 1155.5, 1912.5, 129.0, 209.0
1 2947.5, 1931.5, 196.0, 129.0
1 3218.5, 1950.5, 377.25, 161.0
1 2316.5, 1948.5, 213.0, 216.0
1 2113.5, 2007.5, 199.0, 302.5
1 4287.5, 2046.5, 253.0, 222.0
1 3438.5, 2050.5, 231.0, 226.0
1 1518.5, 2053.5, 175.0, 128.0
1 2215.5, 2094.5, 137.0, 213.0
1 3326.5, 2104.5, 155.0, 278.0
1 3261.5, 2248.5, 203.0, 212.0
1 3932.5, 2136.5, 272.0, 139.0
1 2706.5, 2175.5, 203.0, 262.0
1 2865.5, 2183.5, 155.5, 313.0
1 5072.5, 2198.5, 131.0, 265.0
1 1668.5, 2200.5, 154.0, 284.0
1 5196.5, 2231.5, 274.0, 248.0
1 4133.5, 2235.5, 171.0, 292.0
1 4449.5, 2234.5, 163.0, 331.0
1 4331.5, 2286.5, 155.0, 266.0
1 4568.5, 2360.5, 140.0, 263.0
1 4325.5, 2515.5, 245.0, 306.0
1 4489.5, 2584.5, 266.0, 267.0
1 5383.5, 2242.5, 87.0, 172.0
1 441.5, 2254.5, 148.0, 289.0
1 623.5, 2285.5, 162.0, 291.0
1 3487.5, 2254.5, 225.0, 184.0
1 738.5, 2268.5, 182.0, 288.0
1 1022.5, 2271.5, 123.0, 246.0
1 903.5, 2282.5, 127.0, 193.0
1 937.0, 2478.5, 161.5, 314.0
1 1057.5, 2539.5, 194.0, 291.0
1 859.5, 2761.5, 253.0, 115.0
1 1314.5, 2280.5, 188.0, 269.0
1 2199.5, 2311.5, 110.0, 213.0
1 2279.5, 2332.5, 98.0, 303.0
1 2122.5, 2518.5, 289.0, 185.0
1 274.5, 2342.5, 117.0, 318.0
1 137.5, 2528.5, 181.0, 336.0
1 1744.5, 2375.5, 158.0, 241.0
1 1737.5, 2485.5, 224.0, 196.0
1 2556.5, 2375.5, 132.0, 228.0
1 502.5, 2382.5, 146.0, 267.0
1 -0.5, 2382.5, 81.0, 161.0
1 -2.0, 2451.5, 206.5, 274.9
1 2374.5, 2392.5, 238.0, 227.0
1 348.5, 2395.5, 96.0, 228.0
1 3515.5, 2400.5, 152.0, 355.0
1 3374.5, 2498.5, 151.0, 376.0
1 4968.5, 2415.5, 102.0, 247.0
1 5051.5, 2466.5, 207.0, 194.0
1 4921.0, 2604.49, 329.5, 170.01
1 3158.0, 2425.5, 204.5, 283.0
1 3019.5, 2454.5, 193.0, 252.0
1 2901.5, 2629.5, 192.0, 292.0
1 3072.5, 2764.5, 117.0, 234.0
1 4033.5, 2461.5, 196.0, 320.0
1 4042.5, 2784.5, 232.0, 287.0
1 3742.5, 2890.5, 329.0, 173.0
1 3750.5, 3034.5, 308.0, 162.0
1 5216.5, 2482.5, 190.0, 336.0
1 2744.5, 2484.5, 311.5, 154.0
1 1983.5, 2503.5, 189.0, 277.0
1 1519.5, 2526.5, 168.0, 359.5
1 1615.5, 2592.5, 191.0, 332.0
1 1962.5, 2607.5, 135.0, 245.0
1 1719.5, 2725.83, 215.0, 281.67
1 1938.0, 2870.5, 296.5, 244.0
1 2628.5, 2531.5, 125.0, 239.0
1 710.5, 2555.5, 170.0, 336.0
1 4180.5, 2563.5, 232.0, 302.0
1 4276.5, 2583.5, 217.0, 287.0
1 4736.5, 2576.5, 168.0, 249.0
1 1283.5, 2581.5, 210.0, 314.0
1 1321.5, 2698.5, 201.0, 293.0
1 341.5, 2592.5, 162.0, 324.0
1 471.5, 2595.5, 179.0, 347.0
1 2464.5, 2620.5, 168.0, 355.0
1 2325.5, 2684.5, 129.0, 319.0
1 2308.5, 2961.5, 211.0, 162.0
1 2103.5, 3117.5, 285.0, 182.0
1 3223.0, 2650.5, 187.5, 341.0
1 2704.5, 2694.5, 199.0, 244.0
1 2579.5, 2772.5, 136.0, 273.0
1 2689.5, 2838.5, 132.0, 335.0
1 2816.5, 2915.5, 132.0, 260.0
1 2793.5, 2697.5, 230.0, 199.0
1 5331.5, 2706.5, 139.0, 314.0
1 5385.5, 3005.5, 85.5, 276.0
1 3491.5, 2708.5, 153.0, 277.0
1 3497.5, 2952.5, 236.0, 237.0
1 2202.5, 2738.5, 137.0, 271.0
1 551.0, 2785.5, 192.5, 360.0
1 5131.5, 2823.5, 210.0, 228.0
1 4236.5, 2834.5, 123.0, 324.0
1 3939.5, 3057.5, 337.0, 189.0
1 3563.5, 3086.5, 285.0, 191.0
1 3814.5, 3165.5, 155.0, 232.0
1 3505.5, 3183.5, 256.0, 174.0
1 4087.5, 3190.5, 315.5, 221.0
1 4280.5, 3194.5, 169.0, 382.0
1 3920.5, 3204.5, 161.0, 273.0
1 3700.5, 3248.5, 154.0, 398.0
1 3569.5, 3267.5, 166.0, 370.0
1 4130.5, 3309.5, 170.0, 318.0
1 3994.5, 3322.5, 164.0, 325.0
1 3486.5, 3334.5, 137.0, 269.0
1 3806.5, 3348.5, 207.0, 267.0
1 3603.5, 3562.5, 79.5, 84.0
1 3684.5, 3592.5, 114.0, 55.0
1 812.5, 2851.5, 278.0, 213.0
1 4346.5, 2857.5, 194.0, 280.0
1 3335.5, 2866.5, 205.0, 294.0
1 306.5, 2876.5, 243.0, 132.0
1 11.5, 2870.5, 248.0, 161.0
1 4792.5, 2870.5, 174.0, 297.0
1 4726.5, 2918.5, 121.0, 282.0
1 4756.5, 3149.5, 130.0, 257.0
1 4595.5, 2878.5, 141.0, 321.0
1 4474.5, 2913.5, 164.0, 223.0
1 4650.5, 3330.5, 232.0, 279.0
1 4445.5, 3464.5, 139.0, 183.0
1 4549.5, 3511.5, 249.0, 136.0
1 1726.5, 2914.5, 229.0, 232.0
1 1553.5, 2961.5, 219.0, 150.0
1 3185.5, 2931.5, 151.0, 343.0
1 640.5, 2933.5, 164.0, 262.0
1 1095.5, 2953.5, 173.0, 239.0
1 727.5, 2953.5, 198.0, 338.0
1 2367.5, 2962.5, 225.0, 274.0
1 2922.5, 2994.5, 275.0, 259.0
1 0.0, 2987.5, 47.5, 205.0
1 266.5, 3001.5, 294.0, 136.0
1 0.5, 3070.5, 227.0, 154.0
1 0.5, 3208.0, 81.0, 94.5
1 0.5, 3246.5, 129.0, 69.0
1 -0.5, 3282.5, 93.5, 116.0
1 73.5, 3327.5, 158.0, 287.0
1 819.5, 3027.5, 314.0, 235.0
1 861.5, 3144.5, 297.0, 117.0
1 1073.0, 3180.5, 130.5, 373.43
1 795.5, 3247.5, 217.0, 114.0
1 1534.5, 3039.5, 170.0, 275.0
1 1472.5, 3122.5, 145.0, 234.47
1 1282.5, 3131.5, 132.0, 234.0
1 1202.5, 3176.5, 154.0, 279.0
1 1136.5, 3289.5, 162.0, 316.0
1 1245.5, 3343.5, 206.0, 303.0
1 1488.5, 3357.5, 139.0, 290.0
1 1294.5, 3393.5, 252.0, 254.0
1 2454.5, 3044.5, 235.0, 173.0
1 3387.5, 3049.5, 123.0, 348.0
1 3289.5, 3160.5, 197.0, 279.0
1 5249.5, 3065.5, 135.0, 224.0
1 5008.5, 3121.5, 225.0, 253.0
1 5333.5, 3145.5, 137.0, 307.0
1 5175.5, 3204.5, 164.0, 268.0
1 4958.5, 3341.5, 262.0, 194.0
1 5366.5, 3429.5, 104.0, 137.0
1 4887.5, 3446.5, 154.0, 201.0
1 5050.5, 3449.5, 387.0, 193.0
1 5173.5, 3552.5, 194.0, 95.0
1 5368.5, 3587.5, 72.0, 60.0
1 5044.5, 3592.5, 166.0, 55.0
1 1716.5, 3079.5, 220.0, 144.0
1 533.5, 3182.5, 212.0, 156.0
1 755.5, 3302.5, 188.0, 245.0
1 587.5, 3322.5, 182.0, 142.0
1 176.5, 3365.5, 213.0, 282.0
1 453.5, 3374.5, 163.0, 273.0
1 764.5, 3407.5, 148.0, 239.0
1 2433.5, 3148.5, 260.0, 279.0
1 3025.5, 3224.5, 186.0, 355.0
1 2582.5, 3245.5, 121.0, 297.0
1 2922.5, 3274.5, 116.0, 320.0
1 2411.5, 3353.5, 214.0, 173.0
1 2661.5, 3375.5, 267.0, 272.0
1 2764.5, 3448.5, 207.0, 199.0
1 2531.5, 3466.5, 145.0, 181.0
1 4447.5, 3197.5, 136.0, 258.0
1 4813.5, 3203.5, 191.0, 302.36
1 945.5, 3210.5, 182.0, 379.0
1 2267.5, 3213.5, 230.0, 312.0
1 2056.5, 3249.5, 301.0, 159.0
1 2062.5, 3386.5, 121.0, 134.0
1 2153.5, 3413.5, 122.0, 234.0
1 1616.5, 3319.5, 116.0, 272.0
1 1751.0, 3327.5, 202.5, 260.0
1 1693.5, 3339.49, 208.0, 308.01
1 3058.5, 3333.5, 201.0, 314.0
1 3342.5, 3420.5, 192.0, 226.0
1 3265.5, 3497.5, 111.0, 150.0
1 4531.5, 3341.5, 135.0, 179.0
1 573.5, 3414.5, 156.0, 233.0
1 654.5, 3447.5, 161.0, 200.0
1 1913.5, 3441.5, 128.0, 206.0
1 2006.5, 3474.5, 147.0, 173.0
1 4267.5, 3453.5, 242.0, 194.0
1 3154.5, 3520.5, 140.0, 127.0
1 2442.5, 3529.5, 178.0, 118.0
1 4806.5, 3557.5, 131.0, 90.0
1 4086.5, 3572.5, 109.0, 75.0
1 3852.5, 3586.5, 178.0, 61.0
1 1650.5, 3593.5, 102.0, 54.0
1 1516.5, 3603.5, 110.0, 44.0
1 2918.5, 3602.5, 141.0, 45.0
1 2.5, 3319.0, 97.0, 314.0
1 307.5, 3433.5, 195.0, 213.0
1 395.5, 3282.08, 178.17, 201.42
1 88.5, 3115.5, 269.0, 178.0
1 92.5, 3227.75, 198.25, 214.0
1 291.5, 3061.25, 170.0, 265.25
1 380.0, 3143.5, 197.5, 267.5
1 194.25, 3288.5, 211.25, 247.0
1 1357.5, 3115.0, 188.5, 309.5
1 1732.25, 3200.5, 249.75, 169.5
1 1890.5, 3111.5, 184.5, 311.5
1 2052.75, 2991.25, 180.25, 325.5
1 2128.5, 2990.0, 256.5, 201.5
1 850.0, 2416.5, 160.0, 327.5
1 1916.75, 1125.0, 199.25, 107.5
1 1959.0, 1182.5, 309.75, 84.25
1 2838.5, 1998.0, 181.5, 246.5
1 2655.0, 1969.75, 241.0, 196.25
1 3637.5, 2652.5, 169.5, 375.5
1 3776.38, 2799.0, 224.12, 138.28
1 2628.0, 3160.5, 374.5, 180.5
1 2693.01, 3280.13, 288.0, 201.5
1 4770.0, 2199.0, 108.5, 335.5
1 3712.0, 1047.5, 264.5, 133.0
1 3799.0, 1072.5, 294.5, 140.0
1 3571.5, 1013.0, 130.0, 159.0
1 3631.0, 1119.75, 139.0, 277.25
1 3520.5, 1395.5, 164.5, 223.75
1 4335.0, 1194.5, 187.5, 151.5
1 4328.5, 1242.5, 203.0, 240.5
1 5360.0, 1162.0, 111.0, 138.0
1 1318.0, 1547.74, 136.0, 241.43
1 1429.5, 1572.24, 256.0, 135.46
1 2283.5, 3408.92, 163.5, 237.43
1 2270.0, 3546.88, 87.0, 99.97
1 1921.5, 2751.54, 289.5, 309.91
1 2146.0, 2615.5, 225.25, 149.47
1 2227.5, 1687.47, 129.5, 250.43
1 2193.5, 1599.0, 177.5, 250.43
1 2991.0, 2929.41, 223.5, 293.92
1 3248.0, 3352.87, 192.0, 294.84
1 4673.0, 1904.44, 189.5, 333.97
1 4585.0, 3160.96, 178.0, 256.43
1 4872.0, 2815.06, 260.0, 387.88
1 4976.5, 2053.08, 176.0, 269.42
1 4899.5, 2206.56, 227.0, 322.91
1 5430.5, 1538.15, 42.5, 87.98
