1 0.500875, 0.1985, 0.019666666666666666, 0.014
1 0.517125, 0.21383333333333332, 0.023333333333333334, 0.014
1 0.591875, 0.21383333333333332, 0.020666666666666667, 0.0185
1 0.321875, 0.21483333333333332, 0.021666666666666667, 0.01675
1 0.343875, 0.21883333333333332, 0.018666666666666668, 0.02125
1 0.573625, 0.22083333333333333, 0.019, 0.0155
1 0.588125, 0.22116666666666668, 0.025333333333333333, 0.01175
1 0.562625, 0.22183333333333333, 0.02033333333333333, 0.01675
1 0.633875, 0.2235, 0.015666666666666666, 0.0165
1 0.524625, 0.22583333333333333, 0.018666666666666668, 0.02525
1 0.360125, 0.22916666666666666, 0.018666666666666668, 0.02725
1 0.421125, 0.23183333333333334, 0.017666666666666667, 0.0235
1 0.636125, 0.23183333333333334, 0.016, 0.018
1 0.472375, 0.23316666666666666, 0.014, 0.02875
1 0.616625, 0.2335, 0.020666666666666667, 0.0185
1 0.324875, 0.2345, 0.014666666666666666, 0.0255
1 0.600875, 0.23683333333333334, 0.029, 0.01625
1 0.561125, 0.2395, 0.021666666666666667, 0.01575
1 0.456875, 0.24216666666666667, 0.023666666666666666, 0.01225
1 0.546625, 0.24316666666666667, 0.02266666666666667, 0.01425
1 0.582375, 0.24283333333333335, 0.018, 0.01525
1 0.303625, 0.24316666666666667, 0.023333333333333334, 0.0205
1 0.639125, 0.24516666666666667, 0.026333333333333334, 0.012
1 0.627375, 0.2455, 0.026, 0.01175
1 0.249125, 0.2465, 0.018666666666666668, 0.023
1 0.276875, 0.24816666666666667, 0.025, 0.01825
1 0.210625, 0.2505, 0.022, 0.015
1 0.485625, 0.2515, 0.025333333333333333, 0.015
1 0.372125, 0.2515, 0.021666666666666667, 0.014
1 0.248875, 0.25383333333333336, 0.019666666666666666, 0.027
1 0.313375, 0.2535, 0.017666666666666667, 0.02975
1 0.531125, 0.2535, 0.014, 0.023
1 0.514375, 0.25416666666666665, 0.025666666666666667, 0.01275
1 0.503125, 0.25716666666666665, 0.024, 0.01475
1 0.493875, 0.25816666666666666, 0.023666666666666666, 0.0145
1 0.556875, 0.25883333333333336, 0.021666666666666667, 0.02175
1 0.450625, 0.2605, 0.025666666666666667, 0.018
1 0.434625, 0.2608333333333333, 0.029, 0.01175
1 0.523125, 0.2608333333333333, 0.024333333333333332, 0.0165
1 0.669625, 0.2608333333333333, 0.012666666666666666, 0.014
1 0.659875, 0.27208333333333334, 0.02875, 0.021
1 0.676125, 0.2748333333333333, 0.014, 0.01075
1 0.669375, 0.2881666666666667, 0.027333333333333334, 0.01475
1 0.568875, 0.2638333333333333, 0.024, 0.02275
1 0.420375, 0.2648333333333333, 0.021666666666666667, 0.01525
1 0.683375, 0.26416666666666666, 0.02033333333333333, 0.01275
1 0.646625, 0.26716666666666666, 0.026, 0.0225
1 0.756375, 0.2675, 0.023, 0.01475
1 0.239875, 0.27116666666666667, 0.025, 0.02375
1 0.771625, 0.27116666666666667, 0.02, 0.02575
1 0.630625, 0.2725, 0.020666666666666667, 0.01725
1 0.693625, 0.2728333333333333, 0.01633333333333333, 0.017
1 0.397375, 0.2738333333333333, 0.023666666666666666, 0.018
1 0.368125, 0.2755, 0.023333333333333334, 0.01725
1 0.532125, 0.2771666666666667, 0.014, 0.021
1 0.320125, 0.2795, 0.02, 0.027
1 0.482875, 0.2795, 0.023666666666666666, 0.02525
1 0.087125, 0.2821666666666667, 0.02666666666666667, 0.02025
1 0.302625, 0.2821666666666667, 0.014666666666666666, 0.02425
1 0.550375, 0.2825, 0.013, 0.021
1 0.729625, 0.2825, 0.03, 0.01175
1 0.745125, 0.2821666666666667, 0.01525, 0.01475
1 0.168625, 0.2835, 0.026, 0.018
1 0.697625, 0.2835, 0.030333333333333334, 0.014
1 0.079875, 0.2845, 0.024, 0.0125
1 0.380875, 0.2841666666666667, 0.025, 0.01375
1 0.717625, 0.2845, 0.030666666666666665, 0.01225
1 0.117375, 0.2855, 0.02666666666666667, 0.01575
1 0.612875, 0.28583333333333333, 0.021, 0.03375
1 0.707625, 0.28583333333333333, 0.025666666666666667, 0.01225
1 0.685125, 0.2875, 0.024666666666666667, 0.01375
1 0.131875, 0.2885, 0.028, 0.0245
1 0.418625, 0.2881666666666667, 0.03, 0.017
1 0.067125, 0.2901666666666667, 0.027, 0.01225
1 0.553125, 0.2895, 0.014, 0.0245
1 0.123625, 0.2901666666666667, 0.027, 0.0165
1 0.757375, 0.2935, 0.028666666666666667, 0.02125
1 0.594125, 0.2941666666666667, 0.013, 0.02625
1 0.391875, 0.2951666666666667, 0.016666666666666666, 0.02725
1 0.738625, 0.2951666666666667, 0.02666666666666667, 0.014
1 0.355625, 0.2955, 0.017, 0.022
1 0.305375, 0.29783333333333334, 0.017666666666666667, 0.021
1 0.751375, 0.2981666666666667, 0.034666666666666665, 0.01575
1 0.525125, 0.3001666666666667, 0.026333333333333334, 0.01725
1 0.039625, 0.30316666666666664, 0.015, 0.0265
1 0.448625, 0.30316666666666664, 0.021666666666666667, 0.012
1 0.600125, 0.30583333333333335, 0.017, 0.02575
1 0.772625, 0.30583333333333335, 0.027666666666666666, 0.02325
1 0.548125, 0.3125, 0.029666666666666668, 0.02325
1 0.153875, 0.31283333333333335, 0.01633333333333333, 0.02925
1 0.662625, 0.31416666666666665, 0.034333333333333334, 0.013
1 0.670375, 0.31583333333333335, 0.028666666666666667, 0.0165
1 0.532375, 0.31616666666666665, 0.029, 0.0195
1 0.683625, 0.3155, 0.015666666666666666, 0.033
1 0.363625, 0.3195, 0.015333333333333332, 0.03625
1 0.610875, 0.3205, 0.015333333333333332, 0.032
1 0.577875, 0.32516666666666666, 0.034666666666666665, 0.01575
1 0.629375, 0.32516666666666666, 0.024, 0.026625
1 0.653125, 0.3258333333333333, 0.029666666666666668, 0.01225
1 0.490125, 0.32616666666666666, 0.017333333333333333, 0.0315
1 0.718375, 0.32716666666666666, 0.028, 0.01625
1 0.322125, 0.3295, 0.019, 0.03125
1 0.687375, 0.33216666666666667, 0.031, 0.021
1 0.856125, 0.33616666666666667, 0.03133333333333333, 0.026
1 0.433375, 0.3365, 0.030333333333333334, 0.01325
1 0.554875, 0.3435, 0.023666666666666666, 0.0165
1 0.610375, 0.3478333333333333, 0.014, 0.03175
1 0.810875, 0.3485, 0.03766666666666667, 0.02225
1 0.774625, 0.34883333333333333, 0.027, 0.014
1 0.881375, 0.34983333333333333, 0.025, 0.02475
1 0.592125, 0.3515, 0.035, 0.01525
1 0.708125, 0.3551666666666667, 0.025, 0.025
1 0.319125, 0.3581666666666667, 0.024333333333333332, 0.02875
1 0.655625, 0.3581666666666667, 0.03766666666666667, 0.01575
1 0.0, 0.3591666666666667, 0.035, 0.012125
1 0.574125, 0.3601666666666667, 0.03166666666666667, 0.017
1 0.637125, 0.3605, 0.030666666666666665, 0.01725
1 0.804125, 0.3605, 0.032, 0.0225
1 0.402125, 0.36183333333333334, 0.031, 0.01625
1 0.786125, 0.36616666666666664, 0.037, 0.02475
1 0.798875, 0.36583333333333334, 0.03166666666666667, 0.01875
1 0.669125, 0.3665, 0.022333333333333334, 0.02125
1 0.087375, 0.3675, 0.03333333333333333, 0.01775
1 0.907625, 0.36883333333333335, 0.03666666666666667, 0.0215
1 0.096625, 0.36983333333333335, 0.042333333333333334, 0.021
1 0.032375, 0.37316666666666665, 0.03166666666666667, 0.02975
1 0.620375, 0.3735, 0.036333333333333336, 0.01775
1 0.744375, 0.37616666666666665, 0.036, 0.0175
1 0.708625, 0.37683333333333335, 0.035666666666666666, 0.0205
1 0.017875, 0.3795, 0.03, 0.02025
1 0.139125, 0.38416666666666666, 0.033666666666666664, 0.0305
1 0.179875, 0.3865, 0.034333333333333334, 0.01525
1 0.385625, 0.38616666666666666, 0.032, 0.01825
1 0.661875, 0.3865, 0.029666666666666668, 0.0265
1 0.755375, 0.38916666666666666, 0.03333333333333333, 0.02275
1 0.192375, 0.3898333333333333, 0.03666666666666667, 0.01775
1 0.681125, 0.3918333333333333, 0.03266666666666666, 0.0215
1 0.947375, 0.3918333333333333, 0.033, 0.0195
1 0.885625, 0.3948333333333333, 0.03766666666666667, 0.0315
1 0.473625, 0.39716666666666667, 0.046, 0.015
1 0.444875, 0.4015, 0.030666666666666665, 0.01475
1 0.274875, 0.4025, 0.036, 0.02225
1 0.210875, 0.4041666666666667, 0.036, 0.02675
1 0.422375, 0.4065, 0.034666666666666665, 0.0215
1 0.934375, 0.4068333333333333, 0.034333333333333334, 0.03475
1 0.058375, 0.4081666666666667, 0.027666666666666666, 0.0225
1 0.306375, 0.4091666666666667, 0.036333333333333336, 0.019
1 0.360625, 0.4121666666666667, 0.02, 0.02975
1 0.001625, 0.41283333333333333, 0.019, 0.019
1 0.504625, 0.4141666666666667, 0.036333333333333336, 0.022
1 0.725375, 0.41383333333333333, 0.03666666666666667, 0.01825
1 0.347375, 0.4165, 0.030333333333333334, 0.012
1 0.965125, 0.41683333333333333, 0.03333333333333333, 0.03325
1 0.384375, 0.4181666666666667, 0.034, 0.0205
1 0.488625, 0.4195, 0.036, 0.01675
1 0.576875, 0.4195, 0.03166666666666667, 0.02275
1 0.169875, 0.4195, 0.02, 0.02725
1 0.449625, 0.41983333333333334, 0.035333333333333335, 0.02525
1 0.686125, 0.4225, 0.022333333333333334, 0.02175
1 0.222625, 0.4235, 0.033666666666666664, 0.0155
1 0.325125, 0.4251666666666667, 0.03766666666666667, 0.023
1 0.053375, 0.42916666666666664, 0.030333333333333334, 0.015
1 0.151875, 0.42916666666666664, 0.03233333333333333, 0.02425
1 0.776875, 0.42883333333333334, 0.042666666666666665, 0.01875
1 0.846375, 0.42983333333333335, 0.036, 0.021
1 0.000125, 0.4325, 0.02266666666666667, 0.02925
1 0.004625, 0.44575, 0.030416666666666668, 0.017
1 0.043125, 0.43283333333333335, 0.033666666666666664, 0.0105
1 0.088125, 0.43316666666666664, 0.038, 0.02025
1 0.810125, 0.43316666666666664, 0.03866666666666667, 0.015
1 0.355875, 0.43416666666666665, 0.025666666666666667, 0.02275
1 0.131625, 0.43483333333333335, 0.037333333333333336, 0.019
1 0.026625, 0.43583333333333335, 0.035, 0.01725
1 0.545625, 0.43583333333333335, 0.030666666666666665, 0.03
1 0.261375, 0.43716666666666665, 0.043, 0.01775
1 0.924125, 0.43683333333333335, 0.04066666666666666, 0.017
1 0.235375, 0.43783333333333335, 0.028, 0.0145
1 0.430125, 0.43783333333333335, 0.034333333333333334, 0.018
1 0.248625, 0.43816666666666665, 0.03, 0.011
1 0.793125, 0.4385, 0.042333333333333334, 0.017
1 0.105625, 0.4395, 0.034, 0.02125
1 0.510625, 0.4395, 0.03833333333333333, 0.02175
1 0.512625, 0.4645, 0.03233333333333333, 0.0225
1 0.067125, 0.44016666666666665, 0.02033333333333333, 0.02275
1 0.900375, 0.4405, 0.043333333333333335, 0.023
1 0.117875, 0.44116666666666665, 0.03266666666666666, 0.017
1 0.630375, 0.44183333333333336, 0.035333333333333335, 0.02325
1 0.171875, 0.4425, 0.034333333333333334, 0.02325
1 0.832375, 0.44383333333333336, 0.043, 0.02025
1 0.395375, 0.44483333333333336, 0.038, 0.01625
1 0.382875, 0.4505, 0.027333333333333334, 0.02175
1 0.694625, 0.44483333333333336, 0.037, 0.01875
1 0.214125, 0.44583333333333336, 0.03266666666666666, 0.01875
1 0.580875, 0.44583333333333336, 0.03, 0.01725
1 0.660125, 0.44616666666666666, 0.037, 0.017
1 0.986875, 0.4465, 0.017, 0.012625
1 0.199625, 0.44716666666666666, 0.027666666666666666, 0.01325
1 0.273875, 0.44683333333333336, 0.03866666666666667, 0.0225
1 0.330125, 0.44716666666666666, 0.027333333333333334, 0.02425
1 0.047375, 0.4485, 0.037, 0.025
1 0.290875, 0.4485, 0.02666666666666667, 0.02
1 0.365125, 0.44916666666666666, 0.03266666666666666, 0.02775
1 0.014375, 0.4495, 0.028, 0.01825
1 0.410375, 0.4498333333333333, 0.038, 0.01775
1 0.184125, 0.4518333333333333, 0.034333333333333334, 0.01575
1 0.148125, 0.45316666666666666, 0.034666666666666665, 0.02575
1 0.642125, 0.4538333333333333, 0.025666666666666667, 0.01775
1 0.478625, 0.4558333333333333, 0.027666666666666666, 0.03375
1 0.330875, 0.4568333333333333, 0.038, 0.0305
1 0.313305, 0.4648333333333333, 0.04425, 0.02057
1 0.074875, 0.45816666666666667, 0.030666666666666665, 0.0135
1 0.135875, 0.45816666666666667, 0.037333333333333336, 0.0185
1 0.298625, 0.45816666666666667, 0.043666666666666666, 0.019
1 0.233625, 0.4598333333333333, 0.02, 0.01625
1 0.058375, 0.4608333333333333, 0.03666666666666667, 0.019
1 0.000125, 0.4615, 0.025, 0.00625
1 0.082625, 0.4625, 0.028666666666666667, 0.02225
1 0.848625, 0.4625, 0.03866666666666667, 0.025
1 0.597125, 0.4628333333333333, 0.032, 0.014
1 0.242125, 0.4658333333333333, 0.027666666666666666, 0.022
1 0.739625, 0.4655, 0.036333333333333336, 0.024
1 0.880125, 0.4658333333333333, 0.027, 0.024
1 0.358375, 0.4661666666666667, 0.032, 0.02475
1 0.346375, 0.4668333333333333, 0.03166666666666667, 0.02175
1 0.456375, 0.4705, 0.030666666666666665, 0.03375
1 0.113875, 0.4731666666666667, 0.028333333333333332, 0.02275
1 0.412375, 0.4728333333333333, 0.024666666666666667, 0.03725
1 0.432375, 0.4791666666666667, 0.033666666666666664, 0.0195
1 0.516875, 0.4728333333333333, 0.031, 0.0285
1 0.094125, 0.4735, 0.04033333333333333, 0.033
1 0.085625, 0.4745, 0.035333333333333335, 0.02725
1 0.264625, 0.4755, 0.029666666666666668, 0.032
1 0.021375, 0.4761666666666667, 0.032, 0.02975
1 0.177375, 0.4765, 0.024, 0.0175
1 0.189375, 0.4881666666666667, 0.018, 0.03275
1 0.201875, 0.4761666666666667, 0.02033333333333333, 0.028
1 0.539625, 0.4765, 0.024666666666666667, 0.031
1 0.709125, 0.4761666666666667, 0.033, 0.01775
1 0.660125, 0.47683333333333333, 0.03166666666666667, 0.014
1 0.145875, 0.47883333333333333, 0.033666666666666664, 0.03125
1 0.128125, 0.5105, 0.048666666666666664, 0.0225
1 0.229625, 0.4795, 0.023333333333333334, 0.02175
1 0.571625, 0.47883333333333333, 0.033, 0.0255
1 0.820375, 0.4795, 0.035333333333333335, 0.02125
1 0.620375, 0.4795, 0.023, 0.01775
1 0.603625, 0.5005, 0.041666666666666664, 0.019
1 0.619625, 0.5005, 0.03966666666666667, 0.0175
1 0.685125, 0.4795, 0.03, 0.03
1 0.783875, 0.4811666666666667, 0.034333333333333334, 0.018
1 0.287625, 0.48183333333333334, 0.024333333333333332, 0.0125
1 0.454125, 0.48183333333333334, 0.039, 0.02625
1 0.451375, 0.4975, 0.027666666666666666, 0.0215
1 0.470875, 0.5115, 0.04766666666666667, 0.018
1 0.484125, 0.4821666666666667, 0.037, 0.02275
1 0.721375, 0.48283333333333334, 0.03, 0.01675
1 0.139125, 0.4841666666666667, 0.026333333333333334, 0.02325
1 0.803125, 0.48683333333333334, 0.03166666666666667, 0.016
1 0.796125, 0.5115, 0.041, 0.019
1 0.786375, 0.5161666666666667, 0.053, 0.018
1 0.813125, 0.5211666666666667, 0.04733333333333333, 0.01825
1 0.846375, 0.5361666666666667, 0.029333333333333333, 0.01475
1 0.8305, 0.5565, 0.018333333333333333, 0.024875
1 0.933625, 0.48683333333333334, 0.02666666666666667, 0.043
1 0.635625, 0.4885, 0.04033333333333333, 0.02025
1 0.639375, 0.5081666666666667, 0.034, 0.02475
1 0.384375, 0.48883333333333334, 0.035666666666666666, 0.0115
1 0.763125, 0.4891666666666667, 0.021, 0.02175
1 -0.000125, 0.48983333333333334, 0.035333333333333335, 0.00825
1 0.856125, 0.4895, 0.023666666666666666, 0.024
1 0.497875, 0.49183333333333334, 0.04466666666666667, 0.018
1 0.881875, 0.4915, 0.037333333333333336, 0.0205
1 0.859375, 0.5035, 0.029, 0.022125
1 0.059875, 0.49216666666666664, 0.03233333333333333, 0.01925
1 0.056625, 0.5195, 0.033, 0.018
1 0.226375, 0.4935, 0.033, 0.0205
1 0.150375, 0.4945, 0.029666666666666668, 0.03
1 0.073625, 0.49483333333333335, 0.035, 0.01525
1 0.591375, 0.49516666666666664, 0.02, 0.02725
1 0.277625, 0.49683333333333335, 0.03866666666666667, 0.01775
1 0.049375, 0.4975, 0.032, 0.018
1 0.400875, 0.4975, 0.03266666666666666, 0.01675
1 0.102625, 0.4985, 0.021666666666666667, 0.01475
1 0.085875, 0.5151666666666667, 0.02033333333333333, 0.0175
1 0.068375, 0.5235, 0.053, 0.0225
1 0.970375, 0.49816666666666665, 0.03, 0.0135
1 0.841375, 0.49883333333333335, 0.036, 0.01825
1 0.517125, 0.4995, 0.015333333333333332, 0.03225
1 0.727625, 0.4995, 0.041, 0.02025
1 0.733125, 0.5375, 0.04566666666666667, 0.01575
1 0.176125, 0.5011666666666666, 0.03833333333333333, 0.015
1 0.294375, 0.5008333333333334, 0.03966666666666667, 0.02
1 0.983125, 0.5011666666666666, 0.04133333333333333, 0.0165
1 0.662875, 0.5018333333333334, 0.02666666666666667, 0.0215
1 0.019625, 0.5025, 0.034, 0.02025
1 0.157125, 0.5025, 0.033, 0.0225
1 0.937875, 0.5025, 0.03166666666666667, 0.0215
1 0.192625, 0.5028333333333334, 0.017666666666666667, 0.03275
1 0.7475674999999999, 0.5074166666666666, 0.04808333333333333, 0.014307499999999999
1 0.256125, 0.5055, 0.03833333333333333, 0.01725
1 0.330625, 0.5055, 0.03666666666666667, 0.01975
1 0.675375, 0.5071666666666667, 0.026333333333333334, 0.0365
1 0.929375, 0.5068333333333334, 0.045, 0.01975
1 0.573875, 0.5111666666666667, 0.024333333333333332, 0.03
1 0.762125, 0.5118333333333334, 0.03666666666666667, 0.01675
1 0.819875, 0.5115, 0.049, 0.025
1 0.312375, 0.5121666666666667, 0.042333333333333334, 0.018
1 0.439375, 0.5148333333333334, 0.043, 0.02025
1 0.448125, 0.5131666666666667, 0.030666666666666665, 0.02225
1 0.694125, 0.5131666666666667, 0.03133333333333333, 0.0265
1 0.827875, 0.5135, 0.035, 0.02325
1 0.393625, 0.5135, 0.03866666666666667, 0.021
1 0.424625, 0.5138333333333334, 0.05, 0.018
1 0.516125, 0.5138333333333334, 0.018666666666666668, 0.033
1 0.346875, 0.5145, 0.029666666666666668, 0.03525
1 0.719125, 0.5145, 0.03, 0.01575
1 0.774625, 0.5168333333333334, 0.043666666666666666, 0.01475
1 0.886375, 0.5168333333333334, 0.04066666666666666, 0.02025
1 0.091625, 0.5178333333333334, 0.04733333333333333, 0.0255
1 0.488375, 0.5201666666666667, 0.030666666666666665, 0.01475
1 0.485125, 0.5451666666666667, 0.049, 0.01325
1 0.867625, 0.5205, 0.044, 0.0205
1 0.202125, 0.5241666666666667, 0.03666666666666667, 0.0205
1 0.191375, 0.5248333333333334, 0.034666666666666665, 0.01475
1 0.211375, 0.5261666666666667, 0.043, 0.03325
1 0.028625, 0.5271666666666667, 0.04566666666666667, 0.0235
1 0.533125, 0.5271666666666667, 0.03166666666666667, 0.02525
1 0.528375, 0.5315, 0.041, 0.01425
1 0.116125, 0.5278333333333334, 0.04466666666666667, 0.0145
1 0.248875, 0.5278333333333334, 0.03933333333333333, 0.01325
1 0.233625, 0.5318333333333334, 0.031, 0.01525
1 0.921375, 0.5278333333333334, 0.037333333333333336, 0.0265
1 0.576625, 0.5281666666666667, 0.037333333333333336, 0.0165
1 0.617125, 0.5298333333333334, 0.04, 0.0265
1 0.164375, 0.5295, 0.035, 0.02625
1 0.969375, 0.5295, 0.049666666666666665, 0.026
1 0.702875, 0.5308333333333334, 0.037, 0.018
1 0.669375, 0.5331666666666667, 0.021333333333333333, 0.03325
1 0.859625, 0.5331666666666667, 0.037, 0.01575
1 0.262875, 0.5348333333333334, 0.03666666666666667, 0.0155
1 0.275375, 0.5348333333333334, 0.038, 0.0115
1 0.955125, 0.5365, 0.041, 0.031
1 0.008625, 0.5391666666666667, 0.038, 0.021
1 0.719375, 0.5388333333333334, 0.03666666666666667, 0.0145
1 0.891375, 0.5391666666666667, 0.042, 0.02375
1 0.501625, 0.5405, 0.018666666666666668, 0.02725
1 0.599625, 0.5405, 0.031, 0.02375
1 0.915375, 0.5405, 0.04566666666666667, 0.01775
1 0.903625, 0.5551666666666667, 0.03966666666666667, 0.018
1 0.547125, 0.5411666666666667, 0.03233333333333333, 0.02125
1 0.099625, 0.5415, 0.043333333333333335, 0.0175
1 0.373875, 0.5418333333333333, 0.022333333333333334, 0.01875
1 0.991125, 0.5581666666666667, 0.03266666666666666, 0.008375
1 0.316625, 0.5461666666666667, 0.036, 0.02175
1 0.122375, 0.5465, 0.03333333333333333, 0.0335
1 0.662875, 0.5478333333333333, 0.019333333333333334, 0.03075
1 0.751625, 0.5481666666666667, 0.021333333333333333, 0.02775
1 0.493125, 0.5508333333333333, 0.05, 0.0185
1 0.582625, 0.5515, 0.054, 0.018
1 0.800625, 0.5518333333333333, 0.04533333333333334, 0.01675
1 0.459875, 0.5525, 0.04533333333333334, 0.01775
1 0.930375, 0.5551666666666667, 0.05433333333333333, 0.01625
1 0.324375, 0.5558333333333333, 0.03166666666666667, 0.02075
1 0.689375, 0.5561666666666667, 0.043333333333333335, 0.0155
1 0.700125, 0.5631666666666667, 0.04066666666666666, 0.02025
1 0.390125, 0.5571666666666667, 0.037333333333333336, 0.03525
1 0.556375, 0.5568333333333333, 0.046, 0.01875
1 0.127875, 0.5585, 0.034666666666666665, 0.038
1 0.472875, 0.5585, 0.03966666666666667, 0.01375
1 0.171125, 0.5591666666666667, 0.023333333333333334, 0.0285
1 0.649125, 0.5588333333333333, 0.04733333333333333, 0.01725
1 0.514375, 0.5595, 0.050333333333333334, 0.0185
1 0.421875, 0.5611666666666667, 0.045, 0.0265
1 0.433625, 0.5701666666666667, 0.042333333333333334, 0.02675
1 0.764625, 0.5608333333333333, 0.026, 0.0355
1 0.504125, 0.5615, 0.037333333333333336, 0.0145
1 0.352875, 0.5625, 0.035333333333333335, 0.02125
1 0.945375, 0.5625, 0.052, 0.02
1 0.868625, 0.5635, 0.020666666666666667, 0.028
1 0.327375, 0.5651666666666667, 0.042, 0.03025
1 0.605625, 0.5658333333333333, 0.04566666666666667, 0.0265
1 0.963375, 0.5658333333333333, 0.043, 0.0175
1 0.563875, 0.5671666666666667, 0.058333333333333334, 0.02025
1 0.817875, 0.5668333333333333, 0.042666666666666665, 0.020375
1 0.822875, 0.5681666666666667, 0.023333333333333334, 0.032
1 0.837375, 0.5835, 0.027333333333333334, 0.0345
1 0.527625, 0.5675, 0.041, 0.019
1 0.758875, 0.5698333333333333, 0.042, 0.0405
1 0.246625, 0.5718333333333333, 0.022333333333333334, 0.02975
1 0.742375, 0.5718333333333333, 0.050333333333333334, 0.017
1 0.157625, 0.5728333333333333, 0.035, 0.04
1 0.722125, 0.5725, 0.051, 0.02025
1 0.631125, 0.5738333333333333, 0.043333333333333335, 0.01925
1 0.539625, 0.5745, 0.05266666666666667, 0.0185
1 0.000125, 0.5758333333333333, 0.02, 0.02325
1 0.979625, 0.5788333333333333, 0.049, 0.02
1 0.010875, 0.5798333333333333, 0.050666666666666665, 0.02875
1 0.758875, 0.5798333333333333, 0.044, 0.0255
1 0.876875, 0.5875, 0.043, 0.0165
1 0.679625, 0.5941666666666666, 0.04633333333333333, 0.0255
1 0.701625, 0.5951666666666666, 0.04666666666666667, 0.019
1 0.846875, 0.5961666666666666, 0.051, 0.02675
1 0.802625, 0.5971666666666666, 0.045, 0.0305
1 0.322125, 0.5981666666666666, 0.027666666666666666, 0.038
1 0.718375, 0.5998333333333333, 0.043666666666666666, 0.01575
1 0.864625, 0.6011666666666666, 0.05433333333333333, 0.023
1 0.821625, 0.6041666666666666, 0.04733333333333333, 0.02775
1 0.633625, 0.6055, 0.028333333333333332, 0.03325
1 0.566625, 0.6061666666666666, 0.04766666666666667, 0.02375
1 0.755375, 0.6188333333333333, 0.04766666666666667, 0.03775
1 0.780625, 0.6201666666666666, 0.04766666666666667, 0.0335
1 0.300125, 0.6411666666666667, 0.04666666666666667, 0.02325
1 0.901625, 0.7465, 0.021, 0.0265
1 0.958375, 0.7531666666666667, 0.034, 0.0375
1 0.974875, 0.7736666666666666, 0.0165, 0.02
1 0.970625, 0.7765, 0.042, 0.02875
1 0.602375, 0.8048333333333333, 0.042166666666666665, 0.052625
1 0.46983749999999996, 0.2564166666666667, 0.023083333333333334, 0.01769
1 0.4666775, 0.25183333333333335, 0.023873333333333333, 0.01668
1 0.6549725, 0.24333333333333335, 0.023416666666666665, 0.023752500000000003
1 0.6509725, 0.24083333333333334, 0.0255, 0.0123775
1 0.90332, 0.5066666666666667, 0.035416666666666666, 0.019690000000000003
1 0.9005075, 0.4881666666666667, 0.04008333333333333, 0.0299425
1 0.738755, 0.5007933333333334, 0.020206666666666664, 0.0325025
1 0.29033499999999995, 0.5357933333333333, 0.03679, 0.0255675
1 0.28497500000000003, 0.5343333333333333, 0.03475, 0.0182475
1 0.0074375, 0.4703333333333333, 0.04225, 0.03
1 0.010595, 0.4675, 0.04733333333333333, 0.03775
1 0.5593125, 0.5024166666666666, 0.043416666666666666, 0.0170625
1 0.5475, 0.49725, 0.042, 0.01825
1 0.9915625, 0.49833333333333335, 0.02, 0.0085625
