1 0.211531432748538, 0.5840186403508771, 0.01206140350877193, 0.010782163742690058
1 0.21518640350877194, 0.5895010964912281, 0.01069078947368421, 0.02138157894736842
1 0.20148026315789475, 0.5974506578947368, 0.013157894736842105, 0.01699561403508772
1 0.2292580409356725, 0.5903234649122807, 0.011787280701754386, 0.01516812865497076
1 0.23711622807017543, 0.5922423245614035, 0.01069078947368421, 0.014802631578947368
1 0.20751096491228072, 0.6008771929824561, 0.014665570175438597, 0.02942251461988304
1 0.25319809941520466, 0.5919682017543859, 0.014802631578947368, 0.009685672514619883
1 0.2579495614035088, 0.5916940789473685, 0.01864035087719298, 0.013523391812865496
1 0.27823464912280704, 0.5916940789473685, 0.01425438596491228, 0.014071637426900584
1 0.26763523391812866, 0.5936129385964912, 0.015625, 0.012792397660818713
1 0.23382675438596492, 0.5971765350877193, 0.01836622807017544, 0.019005847953216373
1 0.3290387426900585, 0.5974506578947368, 0.01425438596491228, 0.028691520467836257
1 0.5284173976608187, 0.6023848684210527, 0.009046052631578948, 0.011695906432748537
1 0.5182218567251462, 0.6062171052631579, 0.011518640350877194, 0.01586074561403509
1 0.534265350877193, 0.6095120614035088, 0.013426535087719297, 0.030153508771929825
1 0.5410270467836257, 0.6138980263157895, 0.012609649122807017, 0.014985380116959063
1 0.4308296783625731, 0.6032072368421053, 0.010416666666666666, 0.021564327485380116
1 0.28079312865497075, 0.6040296052631579, 0.01918859649122807, 0.022112573099415205
1 0.4602521929824561, 0.6059484649122807, 0.00849780701754386, 0.013888888888888888
1 0.5525402046783626, 0.6059484649122807, 0.009046052631578948, 0.019736842105263157
1 0.2972404970760234, 0.6064967105263158, 0.015625, 0.02046783625730994
1 0.37052266081871343, 0.6089638157894737, 0.019462719298245616, 0.017543859649122806
1 0.35773026315789475, 0.6155427631578947, 0.01617324561403509, 0.013888888888888888
1 0.4436220760233918, 0.6086896929824561, 0.01781798245614035, 0.016264619883040937
1 0.4353983918128655, 0.6100603070175439, 0.008771929824561403, 0.0133406432748538
1 0.3147843567251462, 0.6095120614035088, 0.01781798245614035, 0.01864035087719298
1 0.5081323099415205, 0.6092379385964912, 0.009594298245614035, 0.01023391812865497
1 0.46811038011695905, 0.610608552631579, 0.012335526315789474, 0.012792397660818713
1 0.4534904970760234, 0.6180098684210527, 0.015350877192982455, 0.013888888888888888
1 0.4538559941520468, 0.6210252192982456, 0.021655701754385966, 0.023574561403508772
1 0.33689692982456143, 0.6117050438596491, 0.018914473684210526, 0.014071637426900584
1 0.5660635964912281, 0.6108826754385965, 0.008771929824561403, 0.02412280701754386
1 0.573921783625731, 0.6166392543859649, 0.006304824561403508, 0.02046783625730994
1 0.563139619883041, 0.6174616228070176, 0.01644736842105263, 0.014071637426900584
1 0.5717288011695907, 0.6188322368421053, 0.013980263157894737, 0.027960526315789474
1 0.47816154970760233, 0.6119791666666666, 0.013157894736842105, 0.012975146198830409
1 0.41986476608187134, 0.6125274122807017, 0.015899122807017545, 0.02412280701754386
1 0.4807200292397661, 0.6288377192982456, 0.012472587719298246, 0.019736842105263157
1 0.4677448830409357, 0.6388432017543859, 0.02138157894736842, 0.025950292397660817
1 0.5253106725146199, 0.6177357456140351, 0.017543859649122806, 0.014619883040935672
1 0.5145285087719298, 0.6188322368421053, 0.017543859649122806, 0.013523391812865496
1 0.4018640350877193, 0.6191063596491229, 0.01781798245614035, 0.02275219298245614
1 0.3946454678362573, 0.6229440789473685, 0.021107456140350877, 0.01425438596491228
1 0.538468567251462, 0.6259594298245614, 0.01425438596491228, 0.01699561403508772
1 0.5296966374269005, 0.6333607456140351, 0.024945175438596492, 0.020650584795321638
1 0.3734466374269006, 0.6245888157894737, 0.019462719298245616, 0.014437134502923976
1 0.4628106725146199, 0.6251370614035088, 0.019462719298245616, 0.027046783625730993
1 0.5700840643274854, 0.6289747807017544, 0.01069078947368421, 0.025219298245614034
1 0.5457785087719298, 0.6308936403508771, 0.018914473684210526, 0.013706140350877192
1 0.039725877192982456, 0.6348355263157895, 0.012812500000000001, 0.020352704678362574
1 0.007744883040935673, 0.6355208333333333, 0.021962719298245614, 0.03182017543859649
1 0.008863304093567252, 0.635827850877193, 0.015350877192982455, 0.02412280701754386
1 0.01343201754385965, 0.6456962719298246, 0.015899122807017545, 0.027595029239766082
1 9.137426900584795e-05, 0.6541940789473685, 0.01425438596491228, 0.013157894736842105
1 0.01343201754385965, 0.6580317982456141, 0.01343201754385965, 0.0356359649122807
1 0.002101608187134503, 0.6651589912280702, 0.010964912280701754, 0.023391812865497075
1 0.03609283625730994, 0.6673519736842105, 0.01644736842105263, 0.013318713450292397
1 0.022934941520467836, 0.6698190789473685, 0.013706140350877192, 0.015716374269005847
1 0.0001827485380116959, 0.6758497807017544, 0.012883771929824562, 0.013980263157894737
1 0.013066520467836257, 0.676672149122807, 0.011239035087719298, 0.010416666666666666
1 0.012883771929824562, 0.6837993421052632, 0.02412280701754386, 0.024671052631578948
1 0.010142543859649123, 0.6823958333333333, 0.015863486842105264, 0.017498172514619884
1 0.05235745614035088, 0.6936677631578947, 0.02768640350877193, 0.029970760233918127
1 0.005756578947368421, 0.7076480263157895, 0.020833333333333332, 0.033808479532163746
1 4.5687134502923974e-05, 0.7172423245614035, 0.01836622807017544, 0.011741593567251463
1 0.03188961988304093, 0.719983552631579, 0.01644736842105263, 0.027046783625730993
1 0.017635233918128657, 0.7320449561403509, 0.025767543859649123, 0.01918859649122807
1 9.137426900584795e-05, 0.7367050438596491, 0.02823464912280702, 0.02266081871345029
1 0.07118055555555555, 0.6336348684210527, 0.009868421052631578, 0.020285087719298246
1 0.10900950292397661, 0.6339089912280702, 0.013706140350877192, 0.021747076023391813
1 0.33433845029239767, 0.6341831140350878, 0.018092105263157895, 0.014802631578947368
1 0.6579861111111112, 0.6341831140350878, 0.024945175438596492, 0.0133406432748538
1 0.670047514619883, 0.6396655701754386, 0.015350877192982455, 0.012975146198830409
1 0.5063048245614035, 0.6355537280701754, 0.01644736842105263, 0.023574561403508772
1 0.48693347953216376, 0.6369243421052632, 0.015762061403508772, 0.0268640350877193
1 0.09786184210526316, 0.6371984649122807, 0.015350877192982455, 0.014437134502923976
1 0.21573464912280702, 0.6377467105263158, 0.015076754385964912, 0.015350877192982455
1 0.56734283625731, 0.6377467105263158, 0.015625, 0.031432748538011694
1 0.2722039473684211, 0.6391173245614035, 0.008223684210526315, 0.01206140350877193
1 0.5887938596491228, 0.639391447368421, 0.017922149122807016, 0.0337390350877193
1 0.04961622807017544, 0.6407620614035088, 0.025767543859649123, 0.03618421052631579
1 0.03718932748538012, 0.6437774122807017, 0.014528508771929825, 0.022478070175438597
1 0.29066154970760233, 0.6415844298245614, 0.016721491228070175, 0.01918859649122807
1 0.2345577485380117, 0.6424067982456141, 0.018914473684210526, 0.016264619883040937
1 0.22249634502923976, 0.6495339912280702, 0.02138157894736842, 0.012792397660818713
1 0.23236476608187134, 0.6588541666666666, 0.011787280701754386, 0.01425438596491228
1 9.137426900584795e-05, 0.6426809210526315, 0.015076754385964912, 0.007858187134502924
1 0.11759868421052631, 0.6432291666666666, 0.021655701754385966, 0.01827485380116959
1 0.1943530701754386, 0.6435032894736842, 0.018092105263157895, 0.01425438596491228
1 0.3778326023391813, 0.6445997807017544, 0.01918859649122807, 0.01425438596491228
1 0.39226973684210525, 0.6445997807017544, 0.019462719298245616, 0.016812865497076022
1 0.12746710526315788, 0.645422149122807, 0.018092105263157895, 0.021929824561403508
1 0.3008954678362573, 0.645422149122807, 0.01864035087719298, 0.017543859649122806
1 0.4114583333333333, 0.6462445175438597, 0.019736842105263157, 0.033808479532163746
1 0.06770833333333333, 0.6467927631578947, 0.02055921052631579, 0.029605263157894735
1 0.31332236842105265, 0.6465186403508771, 0.015350877192982455, 0.021198830409356724
1 0.05619517543859649, 0.6473410087719298, 0.017543859649122806, 0.02412280701754386
1 0.2647112573099415, 0.6470668859649122, 0.01918859649122807, 0.0222953216374269
1 0.3549890350877193, 0.6473410087719298, 0.014528508771929825, 0.016812865497076022
1 0.09932383040935673, 0.6476151315789473, 0.01343201754385965, 0.02046783625730994
1 0.14172149122807018, 0.6476151315789473, 0.023300438596491228, 0.01882309941520468
1 0.3284904970760234, 0.6489857456140351, 0.015076754385964912, 0.014437134502923976
1 0.19508406432748537, 0.6498081140350878, 0.021107456140350877, 0.0266812865497076
1 0.3387244152046784, 0.6522752192982456, 0.020833333333333332, 0.015533625730994151
1 0.4671966374269006, 0.6522752192982456, 0.021929824561403508, 0.01699561403508772
1 0.45879020467836257, 0.6599506578947368, 0.017269736842105265, 0.010964912280701754
1 0.4766995614035088, 0.6679002192982456, 0.026041666666666668, 0.019371345029239765
1 0.4078033625730994, 0.6577576754385965, 0.017269736842105265, 0.029239766081871343
1 0.43338815789473684, 0.6530975877192983, 0.01836622807017544, 0.025219298245614034
1 0.44161184210526316, 0.6635142543859649, 0.021107456140350877, 0.017361111111111112
1 0.42717470760233917, 0.6709155701754386, 0.019736842105263157, 0.014802631578947368
1 0.3524305555555556, 0.6835252192982456, 0.00712719298245614, 0.025584795321637425
1 0.41072733918128657, 0.6857182017543859, 0.010279605263157895, 0.016355994152046784
1 0.4006761695906433, 0.6881853070175439, 0.007675438596491228, 0.012792397660818713
1 0.41068165204678364, 0.6892817982456141, 0.017269736842105265, 0.036595394736842105
1 0.3778326023391813, 0.6895559210526315, 0.011787280701754386, 0.017909356725146198
1 0.3873355263157895, 0.6933936403508771, 0.021107456140350877, 0.023026315789473683
1 0.4034173976608187, 0.7038103070175439, 0.015350877192982455, 0.01663011695906433
1 0.3915387426900585, 0.7046326754385965, 0.020285087719298246, 0.012244152046783625
1 0.24497441520467836, 0.6539199561403509, 0.01781798245614035, 0.01864035087719298
1 0.17827119883040934, 0.6566611842105263, 0.02055921052631579, 0.01644736842105263
1 0.08397295321637427, 0.657483552631579, 0.022478070175438597, 0.016264619883040937
1 0.09292763157894737, 0.6585800438596491, 0.015350877192982455, 0.026133040935672515
1 0.3675986842105263, 0.6577576754385965, 0.019736842105263157, 0.017178362573099414
1 0.5097770467836257, 0.6580317982456141, 0.023848684210526317, 0.017909356725146198
1 0.28463084795321636, 0.6588541666666666, 0.020285087719298246, 0.016812865497076022
1 0.12582236842105263, 0.6607730263157895, 0.01781798245614035, 0.01516812865497076
1 0.0963998538011696, 0.667077850877193, 0.015899122807017545, 0.02942251461988304
1 0.1297514619883041, 0.6725603070175439, 0.01864035087719298, 0.014163011695906433
1 0.08525219298245613, 0.6821546052631579, 0.017543859649122806, 0.02266081871345029
1 0.07940423976608187, 0.6986019736842105, 0.010964912280701754, 0.023574561403508772
1 0.0603983918128655, 0.7073739035087719, 0.024671052631578948, 0.019736842105263157
1 0.07017543859649122, 0.7092927631578947, 0.02055921052631579, 0.02055921052631579
1 0.04833698830409357, 0.7238212719298246, 0.023300438596491228, 0.012244152046783625
1 0.027869152046783627, 0.7323190789473685, 0.02987938596491228, 0.02046783625730994
1 0.3008954678362573, 0.661047149122807, 0.01343201754385965, 0.022478070175438597
1 0.3102156432748538, 0.6632401315789473, 0.018092105263157895, 0.023940058479532164
1 0.3326937134502924, 0.6640625, 0.011239035087719298, 0.012975146198830409
1 0.3206323099415205, 0.6700932017543859, 0.014802631578947368, 0.013888888888888888
1 0.32319078947368424, 0.6742050438596491, 0.015625, 0.03033625730994152
1 0.704952485380117, 0.6615953947368421, 0.024671052631578948, 0.03179824561403509
1 0.7321820175438597, 0.6722861842105263, 0.027960526315789474, 0.020650584795321638
1 0.2581323099415205, 0.6632401315789473, 0.02055921052631579, 0.017543859649122806
1 0.37161915204678364, 0.6635142543859649, 0.021107456140350877, 0.026498538011695907
1 0.7438779239766082, 0.6637883771929824, 0.023026315789473683, 0.019371345029239765
1 0.19325657894736842, 0.6643366228070176, 0.017543859649122806, 0.02101608187134503
1 0.1991502192982456, 0.6711896929824561, 0.01459703947368421, 0.02023940058479532
1 0.6459247076023392, 0.6646107456140351, 0.026041666666666668, 0.02540204678362573
1 0.805281432748538, 0.6654331140350878, 0.021929824561403508, 0.023574561403508772
1 0.49680190058479534, 0.6659813596491229, 0.01836622807017544, 0.012244152046783625
1 0.1442799707602339, 0.6662554824561403, 0.02138157894736842, 0.02503654970760234
1 0.35060307017543857, 0.6662554824561403, 0.01617324561403509, 0.019554093567251463
1 0.5227521929824561, 0.6662554824561403, 0.017269736842105265, 0.018092105263157895
1 0.8463998538011696, 0.6665296052631579, 0.027549342105263157, 0.030381944444444444
1 0.5611293859649122, 0.6668037280701754, 0.02055921052631579, 0.014619883040935672
1 0.0647843567251462, 0.6676260964912281, 0.011787280701754386, 0.01864035087719298
1 0.04906798245614035, 0.677014802631579, 0.019668311403508772, 0.031843932748538015
1 0.6006030701754386, 0.6684484649122807, 0.02275219298245614, 0.019371345029239765
1 0.5859831871345029, 0.6722861842105263, 0.022203947368421052, 0.014802631578947368
1 0.5912828947368421, 0.6805098684210527, 0.019736842105263157, 0.015716374269005847
1 0.5741045321637427, 0.6964089912280702, 0.02275219298245614, 0.021564327485380116
1 0.5656980994152047, 0.6966831140350878, 0.018914473684210526, 0.014071637426900584
1 0.559484649122807, 0.7065515350877193, 0.03536184210526316, 0.013706140350877192
1 0.5476059941520468, 0.7221765350877193, 0.023574561403508772, 0.017909356725146198
1 0.7623355263157895, 0.6679002192982456, 0.023300438596491228, 0.015533625730994151
1 0.16456505847953215, 0.6687225877192983, 0.011787280701754386, 0.01827485380116959
1 0.3977521929824561, 0.6687225877192983, 0.018092105263157895, 0.011695906432748537
1 0.2478983918128655, 0.6689967105263158, 0.020833333333333332, 0.017909356725146198
1 0.2378472222222222, 0.6744791666666666, 0.015899122807017545, 0.01516812865497076
1 0.6755299707602339, 0.6700932017543859, 0.020833333333333332, 0.01918859649122807
1 0.6819261695906432, 0.6870888157894737, 0.021655701754385966, 0.014802631578947368
1 0.6536458333333334, 0.6942160087719298, 0.018229166666666668, 0.03138706140350877
1 0.18430190058479531, 0.6843475877192983, 0.013980263157894737, 0.03705226608187134
1 0.5465095029239766, 0.670641447368421, 0.022203947368421052, 0.014437134502923976
1 0.38861476608187134, 0.6725603070175439, 0.0200109649122807, 0.014619883040935672
1 0.6938048245614035, 0.6722861842105263, 0.023848684210526317, 0.016264619883040937
1 0.5227521929824561, 0.6728344298245614, 0.01644736842105263, 0.02412280701754386
1 0.29541301169590645, 0.6733826754385965, 0.012883771929824562, 0.0133406432748538
1 0.40944809941520466, 0.6733826754385965, 0.012609649122807017, 0.019554093567251463
1 0.7089729532163743, 0.6721491228070176, 0.02398574561403509, 0.021564327485380116
1 0.082328216374269, 0.6744791666666666, 0.01864035087719298, 0.01644736842105263
1 0.6192434210526315, 0.6747532894736842, 0.025424890350877194, 0.016151315789473684
1 0.5982273391812866, 0.688733552631579, 0.012883771929824562, 0.02101608187134503
1 0.611202485380117, 0.6977796052631579, 0.015625, 0.013614766081871345
1 0.5859831871345029, 0.7014802631578947, 0.014391447368421052, 0.024671052631578948
1 0.5993238304093568, 0.7095668859649122, 0.015899122807017545, 0.03586440058479532
1 0.5713633040935673, 0.7147752192982456, 0.02412280701754386, 0.027777777777777776
1 0.5885416666666666, 0.7194353070175439, 0.015625, 0.02631578947368421
1 0.605171783625731, 0.7413651315789473, 0.02275219298245614, 0.020650584795321638
1 0.6239491959064327, 0.7421875, 0.04824561403508772, 0.025995979532163743
1 0.6435489766081871, 0.7473958333333334, 0.03673245614035088, 0.02284356725146199
1 0.6358735380116959, 0.6750274122807017, 0.024671052631578948, 0.01516812865497076
1 0.2733004385964912, 0.6755756578947368, 0.016721491228070175, 0.021564327485380116
1 0.5719115497076024, 0.676672149122807, 0.020285087719298246, 0.015899122807017545
1 0.14373172514619884, 0.6788651315789473, 0.014528508771929825, 0.03453947368421053
1 0.1653874269005848, 0.6854440789473685, 0.01918859649122807, 0.031158625730994153
1 0.3423793859649123, 0.6805098684210527, 0.012335526315789474, 0.019736842105263157
1 0.3359831871345029, 0.6816063596491229, 0.00849780701754386, 0.01023391812865497
1 0.5061220760233918, 0.6821546052631579, 0.015350877192982455, 0.015350877192982455
1 0.48675073099415206, 0.6843475877192983, 0.01836622807017544, 0.02138157894736842
1 0.5167214912280702, 0.6848958333333334, 0.01699561403508772, 0.030884502923976608
1 0.21993786549707603, 0.6857182017543859, 0.01069078947368421, 0.020833333333333332
1 0.2221308479532164, 0.6879111842105263, 0.014528508771929825, 0.036366959064327485
1 9.137426900584795e-05, 0.686266447368421, 0.015899122807017545, 0.01206140350877193
1 0.28463084795321636, 0.6859923245614035, 0.013706140350877192, 0.030153508771929825
1 0.2838998538011696, 0.698327850877193, 0.018092105263157895, 0.0266812865497076
1 0.8019919590643275, 0.6868146929824561, 0.026041666666666668, 0.01699561403508772
1 0.8049159356725146, 0.7090186403508771, 0.01864035087719298, 0.017361111111111112
1 0.4554093567251462, 0.6859923245614035, 0.01699561403508772, 0.01781798245614035
1 0.5536366959064327, 0.6870888157894737, 0.03070175438596491, 0.018092105263157895
1 0.31734283625730997, 0.6884594298245614, 0.011787280701754386, 0.027046783625730993
1 0.3036366959064328, 0.6912006578947368, 0.011239035087719298, 0.015533625730994151
1 0.307108918128655, 0.6961348684210527, 0.021655701754385966, 0.03326023391812866
1 0.740953947368421, 0.6881853070175439, 0.017269736842105265, 0.02412280701754386
1 0.2522843567251462, 0.6892817982456141, 0.01699561403508772, 0.031980994152046784
1 0.7109831871345029, 0.6898300438596491, 0.020833333333333332, 0.01663011695906433
1 0.4752375730994152, 0.6903782894736842, 0.011787280701754386, 0.010782163742690058
1 0.4621491228070176, 0.7016173245614035, 0.013706140350877192, 0.025149853801169592
1 0.45038377192982454, 0.7051809210526315, 0.015625, 0.021564327485380116
1 0.4299159356725146, 0.7076480263157895, 0.014802631578947368, 0.014071637426900584
1 0.4434393274853801, 0.7081962719298246, 0.024945175438596492, 0.021564327485380116
1 0.2117141812865497, 0.6928453947368421, 0.01617324561403509, 0.009868421052631578
1 0.5386513157894737, 0.6928453947368421, 0.01617324561403509, 0.01608187134502924
1 0.5083150584795322, 0.6944901315789473, 0.023848684210526317, 0.01699561403508772
1 0.19618055555555555, 0.6950383771929824, 0.019736842105263157, 0.015899122807017545
1 0.2033077485380117, 0.7101151315789473, 0.0268640350877193, 0.031432748538011694
1 0.19252558479532164, 0.729577850877193, 0.015350877192982455, 0.03490497076023392
1 0.11175073099415204, 0.6958607456140351, 0.021655701754385966, 0.02101608187134503
1 0.12563961988304093, 0.6958607456140351, 0.023574561403508772, 0.02010233918128655
1 0.6897843567251462, 0.6958607456140351, 0.012883771929824562, 0.020650584795321638
1 0.1371527777777778, 0.6969572368421053, 0.02055921052631579, 0.02887426900584795
1 0.13770102339181287, 0.7098410087719298, 0.02549342105263158, 0.02101608187134503
1 0.11412646198830409, 0.7172423245614035, 0.024945175438596492, 0.023574561403508772
1 0.09256213450292397, 0.7219024122807017, 0.024396929824561403, 0.030519005847953216
1 0.09804459064327485, 0.7312225877192983, 0.023026315789473683, 0.01882309941520468
1 0.10809576023391813, 0.7312225877192983, 0.029331140350877194, 0.036366959064327485
1 0.8169773391812866, 0.6966831140350878, 0.023848684210526317, 0.021564327485380116
1 0.16401681286549707, 0.6977796052631579, 0.020833333333333332, 0.03289473684210526
1 0.27147295321637427, 0.6977796052631579, 0.02275219298245614, 0.013523391812865496
1 0.25374634502923976, 0.6980537280701754, 0.024945175438596492, 0.02055921052631579
1 0.3277595029239766, 0.698327850877193, 0.0200109649122807, 0.017543859649122806
1 0.4984466374269006, 0.6988760964912281, 0.01781798245614035, 0.011878654970760233
1 0.4805372807017544, 0.7219024122807017, 0.03070175438596491, 0.016264619883040937
1 0.5238486842105263, 0.6988760964912281, 0.020833333333333332, 0.019005847953216373
1 9.137426900584795e-05, 0.6999725877192983, 0.01781798245614035, 0.0133406432748538
1 0.2204861111111111, 0.7005208333333334, 0.010142543859649123, 0.020833333333333332
1 0.2394919590643275, 0.7021655701754386, 0.022478070175438597, 0.014071637426900584
1 0.22779605263157895, 0.7070997807017544, 0.02549342105263158, 0.017726608187134504
1 0.727156432748538, 0.6994928728070176, 0.019668311403508772, 0.034265350877192985
1 0.7208516081871345, 0.7081962719298246, 0.016721491228070175, 0.017726608187134504
1 0.7334612573099415, 0.7103892543859649, 0.01206140350877193, 0.02010233918128655
1 0.6612755847953217, 0.7147752192982456, 0.019462719298245616, 0.02320906432748538
1 0.6777229532163743, 0.7157675438596491, 0.023678728070175438, 0.030290570175438597
1 0.7363852339181286, 0.7191611842105263, 0.029605263157894735, 0.01864035087719298
1 0.6841191520467836, 0.7225877192982456, 0.023163377192982455, 0.02275219298245614
1 0.6543311403508771, 0.7060032894736842, 0.01644736842105263, 0.0266812865497076
1 0.8813048245614035, 0.7057291666666666, 0.018914473684210526, 0.03307748538011696
1 0.890625, 0.7276589912280702, 0.01343201754385965, 0.016721491228070175
1 0.905610380116959, 0.7301260964912281, 0.03234649122807018, 0.018457602339181287
1 0.9483735380116959, 0.7309484649122807, 0.028645833333333332, 0.028143274853801168
1 0.9322916666666666, 0.7317708333333334, 0.027412280701754384, 0.036915204678362575
1 0.5432200292397661, 0.7065515350877193, 0.01918859649122807, 0.012609649122807017
1 0.17863669590643275, 0.7068256578947368, 0.020833333333333332, 0.021198830409356724
1 0.4184027777777778, 0.7081962719298246, 0.02138157894736842, 0.012975146198830409
1 0.28444809941520466, 0.7092927631578947, 0.017269736842105265, 0.01663011695906433
1 0.8484100877192983, 0.7103892543859649, 0.020833333333333332, 0.02101608187134503
1 0.8354349415204678, 0.7169682017543859, 0.011239035087719298, 0.013523391812865496
1 0.09731359649122807, 0.7106633771929824, 0.015625, 0.022112573099415205
1 0.3557200292397661, 0.7106633771929824, 0.01343201754385965, 0.03654970760233918
1 0.26398026315789475, 0.7123081140350878, 0.026041666666666668, 0.023026315789473683
1 0.28481359649122806, 0.7158717105263158, 0.024671052631578948, 0.02266081871345029
1 0.43302266081871343, 0.7153234649122807, 0.02850877192982456, 0.019736842105263157
1 0.5218384502923976, 0.7145010964912281, 0.023574561403508772, 0.024671052631578948
1 0.4662828947368421, 0.7155975877192983, 0.022478070175438597, 0.015899122807017545
1 0.6426352339181286, 0.7153234649122807, 0.02275219298245614, 0.017543859649122806
1 0.6360562865497076, 0.7177905701754386, 0.02823464912280702, 0.017726608187134504
1 0.29888523391812866, 0.7161458333333334, 0.026041666666666668, 0.021929824561403508
1 0.7546600877192983, 0.7164199561403509, 0.026041666666666668, 0.014208698830409356
1 0.7552083333333334, 0.7191611842105263, 0.03042763157894737, 0.025219298245614034
1 0.33397295321637427, 0.7087445175438597, 0.028541666666666667, 0.02882858187134503
1 0.17114400584795322, 0.7186129385964912, 0.01918859649122807, 0.018457602339181287
1 0.19014985380116958, 0.7183388157894737, 0.014802631578947368, 0.0222953216374269
1 0.3199013157894737, 0.7188870614035088, 0.02823464912280702, 0.016812865497076022
1 0.399625365497076, 0.7183388157894737, 0.027138157894736843, 0.023346125730994153
1 0.3548062865497076, 0.7202576754385965, 0.015625, 0.03508771929824561
1 0.37143640350877194, 0.7284813596491229, 0.029605263157894735, 0.016812865497076022
1 0.8072916666666666, 0.719983552631579, 0.01617324561403509, 0.028691520467836257
1 0.06642909356725146, 0.7210800438596491, 0.03399122807017544, 0.0266812865497076
1 0.06642909356725146, 0.7369791666666666, 0.023574561403508772, 0.02284356725146199
1 0.06405336257309942, 0.7454769736842105, 0.023848684210526317, 0.03307748538011696
1 0.34055190058479534, 0.7213541666666666, 0.01918859649122807, 0.018548976608187134
1 0.9746893274853801, 0.7251918859649122, 0.01781798245614035, 0.024945175438596492
1 0.08726242690058479, 0.7221765350877193, 0.02138157894736842, 0.015716374269005847
1 0.7804276315789473, 0.7227247807017544, 0.03275767543859649, 0.01206140350877193
1 0.7878746345029239, 0.7293037280701754, 0.031524122807017545, 0.02252375730994152
1 0.7040387426900585, 0.7227247807017544, 0.018092105263157895, 0.015350877192982455
1 0.7192068713450293, 0.7257401315789473, 0.020285087719298246, 0.019736842105263157
1 0.6972770467836257, 0.7372532894736842, 0.03782894736842105, 0.023757309941520467
1 0.7137244152046783, 0.7378015350877193, 0.030153508771929825, 0.021564327485380116
1 0.23857821637426901, 0.7232730263157895, 0.015899122807017545, 0.03618421052631579
1 0.5105080409356725, 0.7183388157894737, 0.03399122807017544, 0.017726608187134504
1 0.49972587719298245, 0.7304002192982456, 0.03234649122807018, 0.012609649122807017
1 0.8805738304093568, 0.7301260964912281, 0.03262061403508772, 0.027777777777777776
1 0.8515168128654971, 0.7383497807017544, 0.031524122807017545, 0.0266812865497076
1 0.3867872807017544, 0.7254660087719298, 0.015350877192982455, 0.021747076023391813
1 0.8400036549707602, 0.7268366228070176, 0.02823464912280702, 0.01644736842105263
1 0.044316520467836254, 0.7290296052631579, 0.03262061403508772, 0.02850877192982456
1 0.16054459064327486, 0.7290296052631579, 0.03344298245614035, 0.016812865497076022
1 0.8220942982456141, 0.7287554824561403, 0.02549342105263158, 0.01882309941520468
1 0.6554276315789473, 0.729577850877193, 0.019462719298245616, 0.018457602339181287
1 0.34457236842105265, 0.7328673245614035, 0.012883771929824562, 0.010599415204678362
1 0.3273940058479532, 0.7369791666666666, 0.03399122807017544, 0.015533625730994151
1 0.3338815789473684, 0.7443804824561403, 0.023574561403508772, 0.018548976608187134
1 0.4213267543859649, 0.7304002192982456, 0.019736842105263157, 0.012975146198830409
1 0.10645102339181287, 0.7443804824561403, 0.03042763157894737, 0.031067251461988302
1 0.2875767543859649, 0.7323190789473685, 0.03453947368421053, 0.032507309941520464
1 0.2564875730994152, 0.7342379385964912, 0.023026315789473683, 0.019005847953216373
1 0.37856359649122806, 0.7342379385964912, 0.031524122807017545, 0.03344298245614035
1 0.38441154970760233, 0.7454769736842105, 0.014802631578947368, 0.025950292397660817
1 9.137426900584795e-05, 0.7350603070175439, 0.01206140350877193, 0.010416666666666666
1 0.46408991228070173, 0.7350603070175439, 0.023026315789473683, 0.022478070175438597
1 0.805281432748538, 0.7347861842105263, 0.02549342105263158, 0.01918859649122807
1 0.6682200292397661, 0.7369791666666666, 0.02412280701754386, 0.014437134502923976
1 0.17077850877192982, 0.7378015350877193, 0.02823464912280702, 0.018092105263157895
1 0.5271381578947368, 0.7375274122807017, 0.02055921052631579, 0.027046783625730993
1 0.5302448830409356, 0.7495888157894737, 0.01617324561403509, 0.02412280701754386
1 0.22377558479532164, 0.7386239035087719, 0.03289473684210526, 0.02887426900584795
1 0.19380482456140352, 0.7408168859649122, 0.024396929824561403, 0.018457602339181287
1 0.4348501461988304, 0.7427357456140351, 0.017269736842105265, 0.029788011695906433
1 0.4364948830409357, 0.7534265350877193, 0.025219298245614034, 0.02448830409356725
1 0.6821089181286549, 0.7438322368421053, 0.029331140350877194, 0.026498538011695907
1 0.1852156432748538, 0.7443804824561403, 0.02412280701754386, 0.013523391812865496
1 0.29120979532163743, 0.7468475877192983, 0.034265350877192985, 0.02905701754385965
1 0.5529057017543859, 0.7465734649122807, 0.023848684210526317, 0.015533625730994151
1 0.4057017543859649, 0.7462664473684211, 0.01699561403508772, 0.031158625730994153
1 0.3100328947368421, 0.7484923245614035, 0.03070175438596491, 0.018092105263157895
1 0.45824195906432746, 0.7506853070175439, 0.03728070175438596, 0.02138157894736842
1 0.513797514619883, 0.7517817982456141, 0.036458333333333336, 0.01699561403508772
1 0.5066703216374269, 0.7526041666666666, 0.03536184210526316, 0.01608187134502924
1 0.3834978070175439, 0.7531524122807017, 0.03536184210526316, 0.017361111111111112
1 0.3496893274853801, 0.754797149122807, 0.034265350877192985, 0.024853801169590642
1 0.4048793859649123, 0.754797149122807, 0.03453947368421053, 0.0133406432748538
1 0.7315880847953217, 0.7501370614035088, 0.04721765350877193, 0.0278234649122807
1 0.6539656432748538, 0.7558936403508771, 0.026041666666666668, 0.01918859649122807
1 0.4710343567251462, 0.7569901315789473, 0.030975877192982455, 0.019736842105263157
1 0.49022295321637427, 0.7567160087719298, 0.03481359649122807, 0.01918859649122807
1 0.5921052631578947, 0.7579824561403509, 0.03793311403508772, 0.020924707602339183
1 0.5624086257309941, 0.7580866228070176, 0.034265350877192985, 0.02448830409356725
1 0.819718567251462, 0.7591831140350878, 0.024396929824561403, 0.039656432748538015
1 0.3659539473684211, 0.7597313596491229, 0.032072368421052634, 0.017361111111111112
1 0.3944627192982456, 0.7600054824561403, 0.028782894736842105, 0.014619883040935672
1 0.18137792397660818, 0.7611019736842105, 0.03399122807017544, 0.03271198830409357
1 0.5560124269005848, 0.7619243421052632, 0.029331140350877194, 0.012244152046783625
1 0.6627375730994152, 0.7619243421052632, 0.0268640350877193, 0.020650584795321638
1 0.5236659356725146, 0.7630208333333334, 0.02823464912280702, 0.02860014619883041
1 0.5276864035087719, 0.7712445175438597, 0.027960526315789474, 0.028691520467836257
1 0.6729714912280702, 0.764391447368421, 0.022478070175438597, 0.028143274853801168
1 0.6879568713450293, 0.7728892543859649, 0.03536184210526316, 0.029970760233918127
1 0.6992872807017544, 0.7739857456140351, 0.03234649122807018, 0.0268640350877193
1 0.5695358187134503, 0.7731633771929824, 0.024396929824561403, 0.02631578947368421
1 0.6583516081871345, 0.7852247807017544, 0.02823464912280702, 0.030153508771929825
1 0.5767543859649122, 0.7998218201754386, 0.03666392543859649, 0.04436220760233918
1 0.5044773391812866, 0.838952850877193, 0.03234649122807018, 0.017543859649122806
1 0.45952119883040937, 0.8444353070175439, 0.0268640350877193, 0.02124451754385965
1 0.36083698830409355, 0.8619791666666666, 0.015625, 0.02101608187134503
1 0.04888523391812866, 0.6833881578947368, 0.02432839912280702, 0.03289473684210526
1 0.09525767543859649, 0.6837308114035088, 0.015419407894736841, 0.04509320175438596
1 0.08913559941520467, 0.6904468201754386, 0.02696546052631579, 0.04159904970760234
1 0.12206688596491229, 0.7466447368421053, 0.022820723684210526, 0.02261513157894737
1 0.13918494152046784, 0.7399616228070176, 0.028473135964912282, 0.01800073099415205
1 0.15026498538011696, 0.7241639254385965, 0.03940515350877193, 0.013112207602339181
1 0.1431377923976608, 0.6872258771929824, 0.014734100877192983, 0.028691520467836257
1 0.1444170321637427, 0.6486430921052632, 0.025082236842105265, 0.03033625730994152
1 0.14455409356725146, 0.6550849780701754, 0.021518640350877194, 0.03732638888888889
1 0.16876827485380116, 0.6791392543859649, 0.01679002192982456, 0.029331140350877194
1 0.24323830409356725, 0.7579495614035088, 0.01699561403508772, 0.027138157894736843
1 0.2510508040935672, 0.7558251096491229, 0.021175986842105265, 0.03632127192982456
1 0.3448921783625731, 0.6899671052631579, 0.010142543859649123, 0.030519005847953216
1 0.33849597953216376, 0.6960663377192983, 0.019942434210526317, 0.029605263157894735
1 0.33669225146198833, 0.6983963815789473, 0.022135416666666668, 0.035063961988304096
1 0.36972222222222223, 0.6918859649122807, 0.01953125, 0.017774122807017546
1 0.42562134502923976, 0.6536458333333334, 0.008566337719298246, 0.01663011695906433
1 0.35622258771929827, 0.7329358552631579, 0.023574561403508772, 0.0200109649122807
1 0.3501918859649123, 0.7388980263157895, 0.011239035087719298, 0.010599415204678362
1 0.3293585526315789, 0.7490076754385965, 0.03491502192982456, 0.03358004385964912
1 0.4182200292397661, 0.7602110745614035, 0.015899122807017545, 0.022478070175438597
1 0.41168676900584794, 0.7695997807017544, 0.02055921052631579, 0.029102704678362575
1 0.48464912280701755, 0.7019599780701754, 0.01864035087719298, 0.01663011695906433
1 0.486796418128655, 0.7163514254385965, 0.02532072368421053, 0.030930190058479533
1 0.4883954678362573, 0.6137609649122807, 0.012541118421052632, 0.010508040935672515
1 0.49246162280701755, 0.6151315789473685, 0.012952302631578948, 0.020148026315789474
1 0.4987664473684211, 0.6089638157894737, 0.009046052631578948, 0.009365862573099416
1 0.49707602339181284, 0.6239720394736842, 0.011992872807017545, 0.0190515350877193
1 0.5075383771929824, 0.6177357456140351, 0.00746984649122807, 0.015990497076023392
1 0.5524945175438597, 0.6198245614035087, 0.011310307017543859, 0.012655336257309942
1 0.5573830409356725, 0.628015350877193, 0.026041666666666668, 0.013294956140350877
1 0.6140807748538012, 0.7409100877192983, 0.027480811403508772, 0.018289473684210526
1 0.6333607456140351, 0.8249040570175439, 0.03378563596491228, 0.02581323099415205
1 0.6249597953216375, 0.6892132675438597, 0.023848684210526317, 0.01644736842105263
1 0.629797149122807, 0.6977796052631579, 0.02206688596491228, 0.02435124269005848
1 0.7901589912280702, 0.7213541666666666, 0.01137609649122807, 0.014894005847953216
1 0.7644828216374269, 0.6920915570175439, 0.02665844298245614, 0.019097222222222224
1 0.7791483918128655, 0.6927083333333334, 0.02700109649122807, 0.022797880116959063
1 0.8852796052631579, 0.7223135964912281, 0.015693530701754384, 0.03769188596491228
1 0.9229258040935673, 0.7307428728070176, 0.028440241228070175, 0.030381944444444444
1 0.8627211257309942, 0.7242324561403509, 0.033854166666666664, 0.03128472222222222
1 0.8554148391812866, 0.7312143640350877, 0.03513980263157895, 0.03643457602339181
1 0.9186769005847953, 0.7367735745614035, 0.01864035087719298, 0.012905701754385965
1 0.4449013157894737, 0.6911321271929824, 0.01679002192982456, 0.015237573099415204
1 0.011284722222222222, 0.6300712719298246, 0.01034813596491228, 0.018548976608187134
1 4.5687134502923974e-05, 0.6300712719298246, 0.014734100877192983, 0.01800073099415205
1 0.9794864766081871, 0.7410224780701754, 0.022478070175438597, 0.020650584795321638
1 0.9510690789473685, 0.7213541666666666, 0.034402412280701754, 0.030747441520467836
1 0.6708698830409356, 0.7096902412280701, 0.009731359649122808, 0.03417580409356725
1 0.6911659356725146, 0.7080427631578947, 0.007897478070175438, 0.016915204678362574
1 0.7069627192982456, 0.7064830043859649, 0.026214364035087718, 0.017498172514619884
1 0.617827119883041, 0.7722724780701754, 0.03344298245614035, 0.022478070175438597
1 0.6112481725146199, 0.7626781798245614, 0.03913103070175439, 0.013569078947368422
1 0.6050584795321637, 0.7198464912280702, 0.019668311403508772, 0.03725694444444445
1 0.5730445906432748, 0.7295888157894737, 0.021450109649122806, 0.04377375730994152
1 0.6220065789473684, 0.7367050438596491, 0.009901315789473683, 0.01669956140350877
1 0.5984320175438597, 0.7356414473684211, 0.020868969298245613, 0.02382675438596491
1 0.4345540935672515, 0.6855975877192982, 0.010331688596491228, 0.020741959064327485
1 0.44154970760233914, 0.6768421052631579, 0.01583333333333333, 0.03295687134502924
1 0.017132675438596492, 0.7236156798245614, 0.012472587719298246, 0.02435124269005848
1 0.019919590643274854, 0.7111787280701755, 0.017472587719298247, 0.033808479532163746
1 0.013044590643274854, 0.6935827850877193, 0.022530153508771928, 0.03747441520467836
1 0.22089729532163743, 0.6778371710526315, 0.01147752192982456, 0.018938230994152046
1 0.214890350877193, 0.6753015350877193, 0.009594298245614035, 0.013658625730994151
1 0.21247989766081873, 0.6702302631578947, 0.014528508771929825, 0.03443530701754386
1 -4.5687134502923974e-05, 0.6717050438596491, 0.01061951754385965, 0.009548611111111112
1 0.03351242690058479, 0.6809895833333334, 0.01723410087719298, 0.02055921052631579
1 0.0377375730994152, 0.6800986842105263, 0.008464912280701753, 0.012448830409356727
1 0.04623538011695907, 0.6684155701754386, 0.013122258771929823, 0.02320906432748538
1 0.04413377192982456, 0.6642680921052632, 0.013843201754385965, 0.026885964912280704
