1 0.21774488304093567, 0.13555372807017543, 0.032072368421052634, 0.019371345029239765
1 0.22852704678362573, 0.15090460526315788, 0.033717105263157895, 0.02320906432748538
1 0.2478983918128655, 0.15885416666666666, 0.04468201754385965, 0.01864035087719298
1 0.2575840643274854, 0.1602247807017544, 0.04577850877192982, 0.019005847953216373
1 0.23364400584795322, 0.16104714912280702, 0.03673245614035088, 0.02138157894736842
1 0.29559576023391815, 0.16515899122807018, 0.03453947368421053, 0.02412280701754386
1 0.2734831871345029, 0.16735197368421054, 0.04194078947368421, 0.013523391812865496
1 0.2831688596491228, 0.17009320175438597, 0.05071271929824561, 0.013523391812865496
1 0.2932200292397661, 0.17393092105263158, 0.03919956140350877, 0.016264619883040937
1 0.25977704678362573, 0.19010416666666666, 0.04413377192982456, 0.018092105263157895
1 0.2206688596491228, 0.19777960526315788, 0.022478070175438597, 0.03545321637426901
1 0.5828764619883041, 0.20134320175438597, 0.04276315789473684, 0.015533625730994151
1 0.596765350877193, 0.22765899122807018, 0.02055921052631579, 0.03490497076023392
1 0.36403508771929827, 0.20381030701754385, 0.023574561403508772, 0.03444809941520468
1 0.23218201754385964, 0.20737390350877194, 0.029605263157894735, 0.031615497076023395
1 0.4697551169590643, 0.21258223684210525, 0.03481359649122807, 0.02942251461988304
1 0.3135051169590643, 0.21559758771929824, 0.038651315789473686, 0.021564327485380116
1 0.5008223684210527, 0.21751644736842105, 0.02768640350877193, 0.015716374269005847
1 0.5066703216374269, 0.22491776315789475, 0.04084429824561404, 0.016264619883040937
1 0.3326937134502924, 0.21888706140350878, 0.03728070175438596, 0.019005847953216373
1 0.5607638888888888, 0.22135416666666666, 0.044956140350877194, 0.011513157894736841
1 0.5465095029239766, 0.22354714912280702, 0.047149122807017545, 0.014802631578947368
1 0.5759320175438597, 0.22574013157894737, 0.024945175438596492, 0.01918859649122807
1 0.4911366959064328, 0.22601425438596492, 0.04824561403508772, 0.016812865497076022
1 0.4799890350877193, 0.23177083333333334, 0.03618421052631579, 0.019736842105263157
1 0.46500365497076024, 0.24657346491228072, 0.03179824561403509, 0.0268640350877193
1 0.5165387426900585, 0.22875548245614036, 0.055098684210526314, 0.019371345029239765
1 0.3487755847953216, 0.23231907894736842, 0.03399122807017544, 0.024853801169590642
1 0.41328581871345027, 0.23396381578947367, 0.0424890350877193, 0.02540204678362573
1 0.37819809941520466, 0.23451206140350878, 0.04331140350877193, 0.01864035087719298
1 0.528234649122807, 0.2383497807017544, 0.05263157894736842, 0.014437134502923976
1 0.5724597953216374, 0.23862390350877194, 0.0424890350877193, 0.023757309941520467
1 0.538468567251462, 0.24163925438596492, 0.048793859649122806, 0.011878654970760233
1 0.5417580409356725, 0.26192434210526316, 0.03289473684210526, 0.0268640350877193
1 0.6197916666666666, 0.2421875, 0.029331140350877194, 0.030519005847953216
1 0.5879934210526315, 0.24438048245614036, 0.021655701754385966, 0.0356359649122807
1 0.3983004385964912, 0.24684758771929824, 0.04084429824561404, 0.0200109649122807
1 0.5949378654970761, 0.25808662280701755, 0.046052631578947366, 0.01864035087719298
1 0.5033808479532164, 0.2602796052631579, 0.04550438596491228, 0.01425438596491228
1 0.6245431286549707, 0.26082785087719296, 0.023300438596491228, 0.028326023391812866
1 0.4452668128654971, 0.2604166666666667, 0.04399671052631579, 0.029513888888888888
1 0.5556469298245614, 0.2630208333333333, 0.032072368421052634, 0.021564327485380116
1 0.5779422514619883, 0.2671326754385965, 0.05016447368421053, 0.01699561403508772
1 0.6068165204678363, 0.2689144736842105, 0.04180372807017544, 0.017726608187134504
1 0.5852521929824561, 0.29920504385964913, 0.03673245614035088, 0.028326023391812866
1 0.59859283625731, 0.30962171052631576, 0.04303728070175439, 0.01608187134502924
1 0.6170504385964912, 0.2695997807017544, 0.048793859649122806, 0.017178362573099414
1 0.5677083333333334, 0.27809758771929827, 0.04276315789473684, 0.014437134502923976
1 0.4180372807017544, 0.2791940789473684, 0.03974780701754386, 0.02124451754385965
1 0.03134137426900585, 0.2800164473684211, 0.04303728070175439, 0.01699561403508772
1 0.046692251461988306, 0.28412828947368424, 0.03179824561403509, 0.02284356725146199
1 0.5, 0.28029057017543857, 0.04838267543859649, 0.03079312865497076
1 0.44142909356725146, 0.2819353070175439, 0.04749177631578947, 0.01864035087719298
1 0.6287463450292398, 0.2827576754385965, 0.023574561403508772, 0.02887426900584795
1 0.06606359649122807, 0.28591008771929827, 0.03248355263157895, 0.03298611111111111
1 0.5139802631578947, 0.2915296052631579, 0.04029605263157895, 0.03307748538011696
1 0.5293311403508771, 0.29454495614035087, 0.0381030701754386, 0.0268640350877193
1 0.5470577485380117, 0.29125548245614036, 0.03837719298245614, 0.022478070175438597
1 0.10389254385964912, 0.29262609649122806, 0.04632675438596491, 0.02320906432748538
1 0.15341739766081872, 0.2942708333333333, 0.04331140350877193, 0.015533625730994151
1 0.38377192982456143, 0.2983826754385965, 0.04865679824561404, 0.020376461988304093
1 0.14172149122807018, 0.30057565789473684, 0.03453947368421053, 0.012792397660818713
1 0.0424890350877193, 0.30496162280701755, 0.027412280701754384, 0.01827485380116959
1 0.05838815789473684, 0.30578399122807015, 0.03728070175438596, 0.020285087719298246
1 0.2612390350877193, 0.3066063596491228, 0.03837719298245614, 0.017726608187134504
1 0.31551535087719296, 0.30688048245614036, 0.029605263157894735, 0.014985380116959063
1 0.6252741228070176, 0.30770285087719296, 0.029605263157894735, 0.025950292397660817
1 0.6083698830409356, 0.30879934210526316, 0.0546875, 0.018914473684210526
1 0.10535453216374269, 0.3145559210526316, 0.05043859649122807, 0.024305555555555556
1 0.3418311403508772, 0.31811951754385964, 0.03481359649122807, 0.016264619883040937
1 0.5388340643274854, 0.3178453947368421, 0.033717105263157895, 0.031980994152046784
1 0.24497441520467836, 0.32003837719298245, 0.04331140350877193, 0.01608187134502924
1 0.2871893274853801, 0.32003837719298245, 0.04797149122807018, 0.01608187134502924
1 0.27658991228070173, 0.3378563596491228, 0.04824561403508772, 0.014619883040935672
1 0.5591191520467836, 0.3216831140350877, 0.03289473684210526, 0.025219298245614034
1 0.06295687134502924, 0.3227796052631579, 0.052220394736842105, 0.02046783625730994
1 0.17004751461988304, 0.32305372807017546, 0.044956140350877194, 0.013888888888888888
1 0.09036915204678363, 0.3236019736842105, 0.044956140350877194, 0.014071637426900584
1 0.7148209064327485, 0.3241502192982456, 0.05838815789473684, 0.01827485380116959
1 0.7252375730994152, 0.3378563596491228, 0.0356359649122807, 0.015350877192982455
1 9.137426900584795e-05, 0.3268914473684211, 0.025219298245614034, 0.009685672514619883
1 0.35352704678362573, 0.3266173245614035, 0.04824561403508772, 0.015716374269005847
1 0.18265716374269006, 0.3279879385964912, 0.04632675438596491, 0.015899122807017545
1 0.4288194444444444, 0.3279879385964912, 0.04797149122807018, 0.01663011695906433
1 0.029148391812865496, 0.3293585526315789, 0.047697368421052634, 0.013706140350877192
1 0.5834247076023392, 0.32990679824561403, 0.04276315789473684, 0.020833333333333332
1 0.11577119883040936, 0.3301809210526316, 0.04468201754385965, 0.02010233918128655
1 0.03993055555555555, 0.3307291666666667, 0.049342105263157895, 0.019919590643274854
1 0.15579312865497075, 0.33100328947368424, 0.04194078947368421, 0.01425438596491228
1 0.31734283625730997, 0.33127741228070173, 0.04413377192982456, 0.019005847953216373
1 0.4078033625730994, 0.3315515350877193, 0.032072368421052634, 0.018183479532163743
1 0.4452668128654971, 0.3320997807017544, 0.04084429824561404, 0.01516812865497076
1 0.5207419590643275, 0.33182565789473684, 0.03919956140350877, 0.030153508771929825
1 0.36504020467836257, 0.33319627192982454, 0.0424890350877193, 0.02046783625730994
1 0.0013706140350877192, 0.3334703947368421, 0.04961622807017544, 0.014985380116959063
1 -9.137426900584795e-05, 0.35320723684210525, 0.03289473684210526, 0.0043859649122807015
1 0.6230811403508771, 0.3334703947368421, 0.028782894736842105, 0.031980994152046784
1 0.19745979532163743, 0.3345668859649123, 0.05619517543859649, 0.015716374269005847
1 0.20641447368421054, 0.3477247807017544, 0.0512609649122807, 0.022112573099415205
1 0.6395285087719298, 0.3340186403508772, 0.03248355263157895, 0.03874269005847953
1 0.3811220760233918, 0.33758223684210525, 0.03618421052631579, 0.0133406432748538
1 0.12180190058479533, 0.33895285087719296, 0.038651315789473686, 0.030153508771929825
1 0.021290204678362575, 0.34004934210526316, 0.04550438596491228, 0.01425438596491228
1 0.46500365497076024, 0.34141995614035087, 0.04893092105263158, 0.02503654970760234
1 0.011787280701754386, 0.3425164473684211, 0.029605263157894735, 0.010964912280701754
1 0.011056286549707603, 0.36992872807017546, 0.03782894736842105, 0.019919590643274854
1 0.0006396198830409356, 0.3828125, 0.029331140350877194, 0.013706140350877192
1 0.010325292397660819, 0.40391995614035087, 0.04797149122807018, 0.013706140350877192
1 0.022021198830409358, 0.4041940789473684, 0.03618421052631579, 0.012975146198830409
1 0.25338084795321636, 0.3425164473684211, 0.046600877192982455, 0.019005847953216373
1 0.39263523391812866, 0.34882127192982454, 0.049342105263157895, 0.015533625730994151
1 0.30254020467836257, 0.34936951754385964, 0.043859649122807015, 0.014437134502923976
1 0.047605994152046784, 0.3515625, 0.04303728070175439, 0.01425438596491228
1 0.054870248538011694, 0.36362390350877194, 0.03262061403508772, 0.02124451754385965
1 0.5205592105263158, 0.3578673245614035, 0.046600877192982455, 0.0222953216374269
1 0.2380299707602339, 0.3586896929824561, 0.049890350877192985, 0.015350877192982455
1 0.05875365497076023, 0.41378837719298245, 0.03919956140350877, 0.01663011695906433
1 0.04358552631578947, 0.4192708333333333, 0.026041666666666668, 0.01918859649122807
1 0.2871893274853801, 0.3600603070175439, 0.04358552631578947, 0.015533625730994151
1 0.21116593567251463, 0.36170504385964913, 0.044956140350877194, 0.026133040935672515
1 0.21372441520467836, 0.38829495614035087, 0.052083333333333336, 0.019005847953216373
1 0.1579861111111111, 0.3619791666666667, 0.04139254385964912, 0.01882309941520468
1 0.14775219298245615, 0.36307565789473684, 0.04029605263157895, 0.012609649122807017
1 0.3412828947368421, 0.3633497807017544, 0.05071271929824561, 0.016812865497076022
1 0.4766995614035088, 0.3633497807017544, 0.018914473684210526, 0.023391812865497075
1 0.4227887426900585, 0.3638980263157895, 0.04824561403508772, 0.023117690058479533
1 0.4876644736842105, 0.3638980263157895, 0.03700657894736842, 0.024853801169590642
1 0.18704312865497075, 0.36609100877192985, 0.047149122807017545, 0.014985380116959063
1 0.3697916666666667, 0.37184758771929827, 0.03974780701754386, 0.024671052631578948
1 0.35754751461988304, 0.37321820175438597, 0.021655701754385966, 0.028143274853801168
1 0.3146016081871345, 0.3737664473684211, 0.04577850877192982, 0.02503654970760234
1 0.5121527777777778, 0.3751370614035088, 0.0400219298245614, 0.011695906432748537
1 0.1181469298245614, 0.37733004385964913, 0.042214912280701754, 0.01608187134502924
1 0.09786184210526316, 0.38445723684210525, 0.05098684210526316, 0.017726608187134504
1 0.10791301169590643, 0.38966557017543857, 0.04742324561403509, 0.012426900584795321
1 0.132218567251462, 0.3910361842105263, 0.04057017543859649, 0.01827485380116959
1 0.11906067251461988, 0.39761513157894735, 0.04797149122807018, 0.018092105263157895
1 0.10115131578947369, 0.42502741228070173, 0.05098684210526316, 0.01663011695906433
1 0.1227156432748538, 0.43078399122807015, 0.04276315789473684, 0.01608187134502924
1 0.10882675438596491, 0.44449013157894735, 0.04824561403508772, 0.014802631578947368
1 0.11979166666666667, 0.47245065789473684, 0.04797149122807018, 0.015350877192982455
1 0.25721856725146197, 0.37815241228070173, 0.04523026315789474, 0.017726608187134504
1 0.4671966374269006, 0.37815241228070173, 0.03618421052631579, 0.02412280701754386
1 0.5636878654970761, 0.3784265350877193, 0.05098684210526316, 0.017543859649122806
1 0.43064692982456143, 0.3795230263157895, 0.04906798245614035, 0.02503654970760234
1 0.4078033625730994, 0.3871984649122807, 0.044956140350877194, 0.025950292397660817
1 0.38934576023391815, 0.38171600877192985, 0.0381030701754386, 0.019005847953216373
1 0.2305372807017544, 0.3880208333333333, 0.036458333333333336, 0.021929824561403508
1 0.4527595029239766, 0.3899396929824561, 0.04029605263157895, 0.015533625730994151
1 0.44672880116959063, 0.40391995614035087, 0.048793859649122806, 0.01918859649122807
1 0.49661915204678364, 0.3902138157894737, 0.052083333333333336, 0.017361111111111112
1 0.2793311403508772, 0.39487390350877194, 0.049342105263157895, 0.026498538011695907
1 0.30930190058479534, 0.3932291666666667, 0.04632675438596491, 0.021198830409356724
1 0.30199195906432746, 0.41104714912280704, 0.042214912280701754, 0.017361111111111112
1 0.04742324561403509, 0.39350328947368424, 0.018092105263157895, 0.027412280701754384
1 0.5490679824561403, 0.3940515350877193, 0.04029605263157895, 0.013888888888888888
1 0.1673062865497076, 0.39542214912280704, 0.0381030701754386, 0.026498538011695907
1 0.269828216374269, 0.39569627192982454, 0.03974780701754386, 0.015533625730994151
1 0.3811220760233918, 0.3965186403508772, 0.034265350877192985, 0.01918859649122807
1 0.5298793859649122, 0.4003563596491228, 0.054276315789473686, 0.02046783625730994
1 0.575749269005848, 0.4003563596491228, 0.04057017543859649, 0.017543859649122806
1 0.19380482456140352, 0.40145285087719296, 0.04742324561403509, 0.023391812865497075
1 0.35681652046783624, 0.4009046052631579, 0.04057017543859649, 0.01425438596491228
1 0.6126644736842105, 0.40309758771929827, 0.04851973684210526, 0.015350877192982455
1 0.15762061403508773, 0.4041940789473684, 0.0381030701754386, 0.01516812865497076
1 0.4666483918128655, 0.4036458333333333, 0.0424890350877193, 0.019371345029239765
1 0.4836440058479532, 0.40720942982456143, 0.052083333333333336, 0.015533625730994151
1 0.7561220760233918, 0.4088541666666667, 0.03974780701754386, 0.02850877192982456
1 0.7586805555555556, 0.44366776315789475, 0.05043859649122807, 0.02010233918128655
1 9.137426900584795e-05, 0.40995065789473684, 0.044956140350877194, 0.010964912280701754
1 0.6991959064327485, 0.40995065789473684, 0.05694901315789474, 0.02284356725146199
1 0.5974963450292398, 0.4115953947368421, 0.05043859649122807, 0.015899122807017545
1 0.65140716374269, 0.41186951754385964, 0.046600877192982455, 0.019554093567251463
1 0.3363486842105263, 0.4126918859649123, 0.036458333333333336, 0.025219298245614034
1 0.4977156432748538, 0.4128289473684211, 0.04481907894736842, 0.031432748538011694
1 0.5139802631578947, 0.44695723684210525, 0.042214912280701754, 0.017361111111111112
1 0.5324378654970761, 0.4535361842105263, 0.03453947368421053, 0.010051169590643274
1 0.519828216374269, 0.48149671052631576, 0.02850877192982456, 0.0266812865497076
1 0.7897478070175439, 0.41570723684210525, 0.05400219298245614, 0.01827485380116959
1 0.5759320175438597, 0.41680372807017546, 0.03673245614035088, 0.023574561403508772
1 0.56734283625731, 0.4458607456140351, 0.03070175438596491, 0.031432748538011694
1 0.08963815789473684, 0.41899671052631576, 0.03632127192982456, 0.014802631578947368
1 0.3867872807017544, 0.41817434210526316, 0.03179824561403509, 0.029239766081871343
1 0.40579312865497075, 0.4258497807017544, 0.03536184210526316, 0.01918859649122807
1 0.3866045321637427, 0.42859100877192985, 0.030975877192982455, 0.028143274853801168
1 0.3723501461988304, 0.45682565789473684, 0.03125, 0.018457602339181287
1 0.6360562865497076, 0.41899671052631576, 0.04851973684210526, 0.01516812865497076
1 0.13477704678362573, 0.42009320175438597, 0.046875, 0.02046783625730994
1 0.22615131578947367, 0.4206414473684211, 0.017543859649122806, 0.02850877192982456
1 0.1631030701754386, 0.4217379385964912, 0.0268640350877193, 0.03326023391812866
1 0.035910087719298246, 0.42283442982456143, 0.0268640350877193, 0.01663011695906433
1 0.24680190058479531, 0.42420504385964913, 0.04523026315789474, 0.019554093567251463
1 0.2510051169590643, 0.44750548245614036, 0.0268640350877193, 0.028143274853801168
1 0.22998903508771928, 0.47245065789473684, 0.051535087719298246, 0.02046783625730994
1 0.2477156432748538, 0.47299890350877194, 0.02138157894736842, 0.02266081871345029
1 0.21811038011695907, 0.4732730263157895, 0.05263157894736842, 0.01608187134502924
1 0.27695540935672514, 0.4732730263157895, 0.04331140350877193, 0.02046783625730994
1 0.25411184210526316, 0.47683662280701755, 0.039473684210526314, 0.022569444444444444
1 0.7188413742690059, 0.4272203947368421, 0.03755482456140351, 0.023574561403508772
1 0.26416301169590645, 0.42859100877192985, 0.01918859649122807, 0.013888888888888888
1 0.6234466374269005, 0.4291392543859649, 0.05016447368421053, 0.018229166666666668
1 0.8384502923976608, 0.4302357456140351, 0.0424890350877193, 0.03225511695906433
1 0.6654788011695907, 0.43050986842105265, 0.04851973684210526, 0.01882309941520468
1 0.5406615497076024, 0.4359923245614035, 0.04824561403508772, 0.022112573099415205
1 0.6828399122807017, 0.4329769736842105, 0.05592105263157895, 0.015350877192982455
1 0.559484649122807, 0.43379934210526316, 0.038651315789473686, 0.01608187134502924
1 0.7416849415204678, 0.43379934210526316, 0.0512609649122807, 0.018914473684210526
1 0.801078216374269, 0.4348958333333333, 0.04303728070175439, 0.027777777777777776
1 0.17023026315789475, 0.4359923245614035, 0.04303728070175439, 0.0222953216374269
1 0.17991593567251463, 0.4390076754385965, 0.0356359649122807, 0.02850877192982456
1 0.2204861111111111, 0.4354440789473684, 0.021929824561403508, 0.03033625730994152
1 0.4088998538011696, 0.43571820175438597, 0.035910087719298246, 0.030519005847953216
1 0.8858735380116959, 0.43571820175438597, 0.04851973684210526, 0.022934941520467836
1 0.034265350877192985, 0.4359923245614035, 0.04468201754385965, 0.013523391812865496
1 0.33671418128654973, 0.4370888157894737, 0.027960526315789474, 0.021564327485380116
1 0.7727521929824561, 0.43654057017543857, 0.05345394736842105, 0.022112573099415205
1 0.3546235380116959, 0.4395559210526316, 0.0424890350877193, 0.01864035087719298
1 0.6393457602339181, 0.4395559210526316, 0.04358552631578947, 0.018457602339181287
1 0.6663925438596491, 0.4694353070175439, 0.05180921052631579, 0.01882309941520468
1 0.45024671052631576, 0.4420230263157895, 0.020833333333333332, 0.03796600877192982
1 0.04742324561403509, 0.44257127192982454, 0.04029605263157895, 0.010964912280701754
1 0.3639437134502924, 0.44366776315789475, 0.04303728070175439, 0.01864035087719298
1 0.22615131578947367, 0.44805372807017546, 0.03700657894736842, 0.02101608187134503
1 0.411641081871345, 0.4477796052631579, 0.038651315789473686, 0.03289473684210526
1 0.4915021929824561, 0.44805372807017546, 0.024671052631578948, 0.0222953216374269
1 0.2930372807017544, 0.4486019736842105, 0.022478070175438597, 0.03234649122807018
1 0.08959247076023392, 0.44805372807017546, 0.033168859649122806, 0.01228983918128655
1 0.18813961988304093, 0.4496984649122807, 0.03070175438596491, 0.03125
1 0.05637792397660819, 0.45079495614035087, 0.04057017543859649, 0.015350877192982455
1 0.06624634502923976, 0.45134320175438597, 0.043859649122807015, 0.017361111111111112
1 0.6073647660818714, 0.4529879385964912, 0.0512609649122807, 0.017726608187134504
1 0.5974963450292398, 0.45984100877192985, 0.044407894736842105, 0.0133406432748538
1 0.5830592105263158, 0.47574013157894735, 0.05592105263157895, 0.017726608187134504
1 0.6126644736842105, 0.47820723684210525, 0.04358552631578947, 0.019005847953216373
1 0.5947551169590644, 0.49684758771929827, 0.05263157894736842, 0.01699561403508772
1 0.43357090643274854, 0.45929276315789475, 0.03344298245614035, 0.027366593567251463
1 0.47944078947368424, 0.49383223684210525, 0.027412280701754384, 0.015716374269005847
1 0.32702850877192985, 0.4570997807017544, 0.044407894736842105, 0.026498538011695907
1 0.379203216374269, 0.4570997807017544, 0.034265350877192985, 0.03024488304093567
1 0.3915387426900585, 0.4751918859649123, 0.044956140350877194, 0.01663011695906433
1 0.37563961988304095, 0.48259320175438597, 0.03536184210526316, 0.01663011695906433
1 0.47267909356725146, 0.4634046052631579, 0.0400219298245614, 0.03216374269005848
1 0.48049159356725146, 0.4613459429824561, 0.028100328947368424, 0.0280062134502924
1 0.020924707602339183, 0.46121162280701755, 0.036458333333333336, 0.01827485380116959
1 0.01160453216374269, 0.4642269736842105, 0.04550438596491228, 0.01608187134502924
1 0.2895650584795322, 0.46450109649122806, 0.04468201754385965, 0.0133406432748538
1 0.20403874269005848, 0.4680646929824561, 0.05071271929824561, 0.019736842105263157
1 0.3007127192982456, 0.4680646929824561, 0.02412280701754386, 0.03252923976608187
1 0.30217470760233917, 0.4883497807017544, 0.01836622807017544, 0.023940058479532164
1 0.5077668128654971, 0.4686129385964912, 0.027138157894736843, 0.012244152046783625
1 0.5092288011695907, 0.4916392543859649, 0.0381030701754386, 0.0222953216374269
1 0.18649488304093567, 0.46970942982456143, 0.03508771929824561, 0.028143274853801168
1 0.17479897660818713, 0.48204495614035087, 0.03453947368421053, 0.017178362573099414
1 0.5624086257309941, 0.47162828947368424, 0.0537280701754386, 0.019736842105263157
1 0.7186586257309941, 0.47162828947368424, 0.04906798245614035, 0.019554093567251463
1 0.6956323099415205, 0.49136513157894735, 0.023848684210526317, 0.03033625730994152
1 0.4088998538011696, 0.4727247807017544, 0.04961622807017544, 0.02503654970760234
1 0.04194078947368421, 0.47436951754385964, 0.033168859649122806, 0.01882309941520468
1 0.774031432748538, 0.47436951754385964, 0.03344298245614035, 0.027960526315789474
1 0.5523574561403509, 0.4760142543859649, 0.052083333333333336, 0.012426900584795321
1 0.5421235380116959, 0.48944627192982454, 0.04797149122807018, 0.01644736842105263
1 0.10023757309941521, 0.4771107456140351, 0.044956140350877194, 0.014071637426900584
1 0.3465826023391813, 0.47738486842105265, 0.04358552631578947, 0.014802631578947368
1 0.33433845029239767, 0.4845120614035088, 0.05071271929824561, 0.01516812865497076
1 0.45202850877192985, 0.47765899122807015, 0.03892543859649123, 0.01864035087719298
1 0.45879020467836257, 0.49684758771929827, 0.03919956140350877, 0.01023391812865497
1 0.6234466374269005, 0.4779331140350877, 0.05345394736842105, 0.019554093567251463
1 0.39939692982456143, 0.4784813596491228, 0.04276315789473684, 0.014802631578947368
1 0.438687865497076, 0.4790296052631579, 0.03755482456140351, 0.015533625730994151
1 0.7425986842105263, 0.4804002192982456, 0.04194078947368421, 0.020285087719298246
1 0.8288559941520468, 0.4809484649122807, 0.047149122807017545, 0.023848684210526317
1 0.08945540935672515, 0.48122258771929827, 0.047697368421052634, 0.01663011695906433
1 0.8093019005847953, 0.4809484649122807, 0.060032894736842105, 0.01882309941520468
1 0.35663377192982454, 0.48204495614035087, 0.03536184210526316, 0.02850877192982456
1 0.0030153508771929823, 0.48259320175438597, 0.03837719298245614, 0.011878654970760233
1 0.05619517543859649, 0.4847861842105263, 0.03700657894736842, 0.019371345029239765
1 0.7243238304093568, 0.48533442982456143, 0.03919956140350877, 0.023574561403508772
1 0.7923062865497076, 0.4878015350877193, 0.0512609649122807, 0.021929824561403508
1 0.082328216374269, 0.48862390350877194, 0.049342105263157895, 0.02101608187134503
1 0.03718932748538012, 0.48999451754385964, 0.04057017543859649, 0.009685672514619883
1 0.4171235380116959, 0.49383223684210525, 0.030153508771929825, 0.021564327485380116
1 0.10864400584795321, 0.49438048245614036, 0.05646929824561404, 0.014985380116959063
1 0.11467470760233918, 0.5322094298245614, 0.04523026315789474, 0.012792397660818713
1 0.3189875730994152, 0.4960252192982456, 0.04139254385964912, 0.01663011695906433
1 0.07319078947368421, 0.49629934210526316, 0.028782894736842105, 0.009137426900584795
1 0.12436038011695906, 0.49712171052631576, 0.04906798245614035, 0.016264619883040937
1 0.49990862573099415, 0.49766995614035087, 0.046052631578947366, 0.023391812865497075
1 0.4938779239766082, 0.5037006578947368, 0.039473684210526314, 0.017543859649122806
1 0.8421966374269005, 0.5001370614035088, 0.05098684210526316, 0.024305555555555556
1 0.2687317251461988, 0.4998629385964912, 0.039473684210526314, 0.01918859649122807
1 0.022569444444444444, 0.501233552631579, 0.03974780701754386, 0.015259502923976608
1 0.7628837719298246, 0.5031524122807017, 0.046875, 0.027595029239766082
1 0.04577850877192982, 0.5045230263157895, 0.04468201754385965, 0.01882309941520468
1 0.16876827485380116, 0.5069901315789473, 0.046052631578947366, 0.012426900584795321
1 0.3045504385964912, 0.5069901315789473, 0.04194078947368421, 0.027046783625730993
1 0.36175073099415206, 0.5069901315789473, 0.04194078947368421, 0.017909356725146198
1 0.23583698830409358, 0.5072642543859649, 0.044956140350877194, 0.019005847953216373
1 0.1353252923976608, 0.5078125, 0.0356359649122807, 0.02540204678362573
1 0.17580409356725146, 0.5078125, 0.044407894736842105, 0.016721491228070175
1 0.19599780701754385, 0.5102796052631579, 0.03453947368421053, 0.023574561403508772
1 0.6927083333333334, 0.5116502192982456, 0.03070175438596491, 0.02850877192982456
1 0.29084429824561403, 0.5135690789473685, 0.04276315789473684, 0.033625730994152045
1 0.28444809941520466, 0.5311129385964912, 0.02412280701754386, 0.019371345029239765
1 0.7605080409356725, 0.5152138157894737, 0.05180921052631579, 0.021747076023391813
1 0.34694809941520466, 0.5149396929824561, 0.04084429824561404, 0.024671052631578948
1 0.0, 0.5160361842105263, 0.03589638157894737, 0.00804093567251462
1 0.42754020467836257, 0.516858552631579, 0.021929824561403508, 0.03179824561403509
1 0.6086440058479532, 0.5174067982456141, 0.06962719298245613, 0.017361111111111112
1 0.5976790935672515, 0.5404331140350878, 0.046052631578947366, 0.01608187134502924
1 0.7533808479532164, 0.5176809210526315, 0.04824561403508772, 0.013706140350877192
1 0.6422697368421053, 0.5182291666666666, 0.02987938596491228, 0.03252923976608187
1 0.6185124269005848, 0.532483552631579, 0.04139254385964912, 0.02540204678362573
1 0.6307565789473685, 0.5390625, 0.03234649122807018, 0.027960526315789474
1 0.0649671052631579, 0.5201480263157895, 0.04303728070175439, 0.014802631578947368
1 0.14884868421052633, 0.5201480263157895, 0.039473684210526314, 0.019919590643274854
1 0.7285270467836257, 0.5209703947368421, 0.017269736842105265, 0.01644736842105263
1 0.7104349415204678, 0.5459155701754386, 0.03755482456140351, 0.029605263157894735
1 0.5271381578947368, 0.5231633771929824, 0.051535087719298246, 0.0133406432748538
1 0.7400402046783626, 0.5237116228070176, 0.055509868421052634, 0.014528508771929825
1 0.759046052631579, 0.557702850877193, 0.04523026315789474, 0.01882309941520468
1 0.7438779239766082, 0.5634594298245614, 0.03755482456140351, 0.02266081871345029
1 0.22450657894736842, 0.5239857456140351, 0.0556469298245614, 0.01699561403508772
1 0.545047514619883, 0.5248081140350878, 0.03837719298245614, 0.0266812865497076
1 0.5711805555555556, 0.5256304824561403, 0.048793859649122806, 0.021929824561403508
1 0.41054459064327486, 0.5248081140350878, 0.04577850877192982, 0.016812865497076022
1 0.3979349415204678, 0.532483552631579, 0.05674342105263158, 0.017178362573099414
1 0.4129203216374269, 0.5379660087719298, 0.044407894736842105, 0.019554093567251463
1 0.38203581871345027, 0.5256304824561403, 0.046600877192982455, 0.01516812865497076
1 0.380391081871345, 0.5604440789473685, 0.05098684210526316, 0.0222953216374269
1 0.26726973684210525, 0.5267269736842105, 0.03481359649122807, 0.019005847953216373
1 0.3721673976608187, 0.5270010964912281, 0.0381030701754386, 0.012426900584795321
1 0.8248355263157895, 0.5275493421052632, 0.044956140350877194, 0.01918859649122807
1 0.6786366959064327, 0.5283717105263158, 0.04468201754385965, 0.01918859649122807
1 0.6731542397660819, 0.5363212719298246, 0.05975877192982456, 0.01644736842105263
1 0.1980080409356725, 0.5291940789473685, 0.046052631578947366, 0.012609649122807017
1 0.20860745614035087, 0.5308388157894737, 0.04961622807017544, 0.017909356725146198
1 0.18686038011695907, 0.5322094298245614, 0.05633223684210526, 0.01206140350877193
1 0.19234283625730994, 0.5653782894736842, 0.041666666666666664, 0.014985380116959063
1 0.19745979532163743, 0.5801809210526315, 0.033717105263157895, 0.019005847953216373
1 0.1367872807017544, 0.5327576754385965, 0.02987938596491228, 0.019554093567251463
1 0.42351973684210525, 0.5327576754385965, 0.04276315789473684, 0.03234649122807018
1 9.137426900584795e-05, 0.5346765350877193, 0.03919956140350877, 0.010599415204678362
1 0.4677448830409357, 0.5357730263157895, 0.046600877192982455, 0.021198830409356724
1 0.8622989766081871, 0.5357730263157895, 0.04523026315789474, 0.021929824561403508
1 0.8685124269005848, 0.5598958333333334, 0.06277412280701754, 0.021198830409356724
1 0.8610197368421053, 0.5875822368421053, 0.05674342105263158, 0.025219298245614034
1 0.16383406432748537, 0.5371436403508771, 0.042214912280701754, 0.014071637426900584
1 0.1755299707602339, 0.5522203947368421, 0.046052631578947366, 0.012792397660818713
1 0.4350328947368421, 0.5368695175438597, 0.03453947368421053, 0.028691520467836257
1 0.43357090643274854, 0.5678453947368421, 0.02850877192982456, 0.012609649122807017
1 0.8871527777777778, 0.5371436403508771, 0.030153508771929825, 0.036915204678362575
1 0.1006030701754386, 0.5398848684210527, 0.044407894736842105, 0.017178362573099414
1 0.32958698830409355, 0.5415296052631579, 0.021655701754385966, 0.02942251461988304
1 0.7781432748538012, 0.5412554824561403, 0.0526123903508772, 0.0200109649122807
1 0.7970577485380117, 0.5555098684210527, 0.06304824561403509, 0.012244152046783625
1 0.7807931286549707, 0.5640076754385965, 0.04303728070175439, 0.019371345029239765
1 0.8007127192982456, 0.5752467105263158, 0.05235745614035088, 0.02320906432748538
1 0.5010051169590644, 0.5431743421052632, 0.048793859649122806, 0.015716374269005847
1 0.08580043859649122, 0.5448190789473685, 0.03262061403508772, 0.015350877192982455
1 0.4883954678362573, 0.5445449561403509, 0.05838815789473684, 0.017178362573099414
1 0.5622258771929824, 0.5445449561403509, 0.049890350877192985, 0.015716374269005847
1 0.5519919590643275, 0.5642817982456141, 0.05263157894736842, 0.01516812865497076
1 0.5629568713450293, 0.6026589912280702, 0.05098684210526316, 0.014071637426900584
1 0.8411001461988304, 0.5472861842105263, 0.023300438596491228, 0.02448830409356725
1 0.8237390350877193, 0.5601699561403509, 0.02631578947368421, 0.029239766081871343
1 0.26416301169590645, 0.5492050438596491, 0.0512609649122807, 0.015899122807017545
1 0.2526498538011696, 0.5500274122807017, 0.04139254385964912, 0.01644736842105263
1 0.25447733918128657, 0.5807291666666666, 0.031524122807017545, 0.01516812865497076
1 0.22779605263157895, 0.5527686403508771, 0.04742324561403509, 0.020833333333333332
1 0.29175804093567254, 0.5522203947368421, 0.02055921052631579, 0.028691520467836257
1 0.45952119883040937, 0.5524945175438597, 0.028782894736842105, 0.015350877192982455
1 0.44691154970760233, 0.5552357456140351, 0.05180921052631579, 0.013157894736842105
1 0.45458698830409355, 0.5645559210526315, 0.04303728070175439, 0.025584795321637425
1 0.43686038011695905, 0.6067708333333334, 0.04824561403508772, 0.017178362573099414
1 0.6451937134502924, 0.5530427631578947, 0.025767543859649123, 0.03271198830409357
1 0.1585343567251462, 0.5535910087719298, 0.04906798245614035, 0.017543859649122806
1 0.809484649122807, 0.5541392543859649, 0.027138157894736843, 0.01663011695906433
1 0.21610014619883042, 0.5546875, 0.033168859649122806, 0.009137426900584795
1 0.7140899122807017, 0.5557839912280702, 0.04742324561403509, 0.02722953216374269
1 0.11175073099415204, 0.5566063596491229, 0.046600877192982455, 0.025219298245614034
1 0.11668494152046784, 0.5752467105263158, 0.047697368421052634, 0.02046783625730994
1 0.14738669590643275, 0.5596217105263158, 0.03262061403508772, 0.011878654970760233
1 0.34859283625730997, 0.5596217105263158, 0.043859649122807015, 0.01918859649122807
1 0.7234100877192983, 0.5604440789473685, 0.049890350877192985, 0.02448830409356725
1 0.7287097953216374, 0.6037554824561403, 0.046052631578947366, 0.01206140350877193
1 0.13477704678362573, 0.5620888157894737, 0.043859649122807015, 0.015899122807017545
1 0.011421783625730994, 0.5653782894736842, 0.05317982456140351, 0.02448830409356725
1 0.280062134502924, 0.5659265350877193, 0.046052631578947366, 0.013888888888888888
1 0.8935489766081871, 0.5659265350877193, 0.041666666666666664, 0.026498538011695907
1 0.625639619883041, 0.5667489035087719, 0.02850877192982456, 0.029970760233918127
1 0.6894188596491229, 0.5681195175438597, 0.043859649122807015, 0.019919590643274854
1 0.3284904970760234, 0.5686677631578947, 0.05235745614035088, 0.01882309941520468
1 0.5243969298245614, 0.5686677631578947, 0.04468201754385965, 0.021564327485380116
1 0.3008954678362573, 0.5711348684210527, 0.0381030701754386, 0.012792397660818713
1 0.2934027777777778, 0.5749725877192983, 0.04057017543859649, 0.010051169590643274
1 0.4253472222222222, 0.573327850877193, 0.04057017543859649, 0.011330409356725146
1 0.4185855263157895, 0.6067708333333334, 0.04057017543859649, 0.022112573099415205
1 0.9463633040935673, 0.5749725877192983, 0.05263157894736842, 0.019919590643274854
1 0.41310307017543857, 0.5777138157894737, 0.0537280701754386, 0.0133406432748538
1 0.580500730994152, 0.5782620614035088, 0.03782894736842105, 0.0268640350877193
1 0.5998720760233918, 0.5947094298245614, 0.04331140350877193, 0.01608187134502924
1 0.5779422514619883, 0.6015625, 0.02768640350877193, 0.024671052631578948
1 0.6996527777777778, 0.5796326754385965, 0.05482456140350877, 0.014619883040935672
1 0.7109831871345029, 0.5988212719298246, 0.05180921052631579, 0.01827485380116959
1 0.6961805555555556, 0.639391447368421, 0.03481359649122807, 0.022112573099415205
1 0.6411732456140351, 0.5807291666666666, 0.02549342105263158, 0.03490497076023392
1 0.6378837719298246, 0.5966282894736842, 0.03070175438596491, 0.03344298245614035
1 0.6349597953216374, 0.6199287280701754, 0.0581140350877193, 0.0133406432748538
1 0.9648209064327485, 0.5807291666666666, 0.046875, 0.01644736842105263
1 0.9761513157894737, 0.5990953947368421, 0.049890350877192985, 0.019736842105263157
1 0.43722587719298245, 0.5837445175438597, 0.03399122807017544, 0.011878654970760233
1 0.9277229532163743, 0.5867598684210527, 0.05537280701754386, 0.019736842105263157
1 0.9388706140350878, 0.5881304824561403, 0.054276315789473686, 0.01699561403508772
1 0.45824195906432746, 0.5875822368421053, 0.03837719298245614, 0.02101608187134503
1 0.46153143274853803, 0.614172149122807, 0.039473684210526314, 0.012426900584795321
1 0.47213084795321636, 0.6152686403508771, 0.038651315789473686, 0.00932017543859649
1 0.3833150584795322, 0.5878563596491229, 0.05400219298245614, 0.023574561403508772
1 0.9185855263157895, 0.588952850877193, 0.0512609649122807, 0.01644736842105263
1 0.4010416666666667, 0.5911458333333334, 0.04742324561403509, 0.013706140350877192
1 0.813139619883041, 0.5927905701754386, 0.04084429824561404, 0.019554093567251463
1 0.4763340643274854, 0.5977247807017544, 0.022203947368421052, 0.028691520467836257
1 0.7383954678362573, 0.5982730263157895, 0.03974780701754386, 0.015350877192982455
1 0.35389254385964913, 0.5999177631578947, 0.030975877192982455, 0.025584795321637425
1 0.5061220760233918, 0.5999177631578947, 0.04577850877192982, 0.017361111111111112
1 0.3003472222222222, 0.6012883771929824, 0.057291666666666664, 0.02010233918128655
1 0.6484831871345029, 0.6012883771929824, 0.035910087719298246, 0.0268640350877193
1 0.6631030701754386, 0.6034813596491229, 0.05893640350877193, 0.019919590643274854
1 0.676078216374269, 0.6051260964912281, 0.044956140350877194, 0.021747076023391813
1 0.34694809941520466, 0.6040296052631579, 0.025767543859649123, 0.02010233918128655
1 0.549250730994152, 0.6095120614035088, 0.05317982456140351, 0.015350877192982455
1 0.5231176900584795, 0.6100603070175439, 0.046875, 0.015533625730994151
1 0.4492872807017544, 0.6111567982456141, 0.0512609649122807, 0.012792397660818713
1 0.5344480994152047, 0.6117050438596491, 0.046875, 0.01516812865497076
1 0.8502375730994152, 0.6155427631578947, 0.032072368421052634, 0.02412280701754386
1 0.4909539473684211, 0.6169133771929824, 0.019736842105263157, 0.01745248538011696
1 0.488578216374269, 0.6292489035087719, 0.024671052631578948, 0.020650584795321638
1 0.6077302631578947, 0.6171875, 0.04906798245614035, 0.021564327485380116
1 0.6141264619883041, 0.6470668859649122, 0.030153508771929825, 0.021929824561403508
1 0.4807200292397661, 0.6177357456140351, 0.039473684210526314, 0.009685672514619883
1 0.7491776315789473, 0.6180098684210527, 0.05345394736842105, 0.019005847953216373
1 0.6035270467836257, 0.6199287280701754, 0.03782894736842105, 0.011513157894736841
1 0.5684393274853801, 0.6204769736842105, 0.03782894736842105, 0.017543859649122806
1 0.9598866959064327, 0.6207510964912281, 0.043859649122807015, 0.029788011695906433
1 0.6828399122807017, 0.6223958333333334, 0.03399122807017544, 0.019736842105263157
1 0.8928179824561403, 0.6229440789473685, 0.041666666666666664, 0.021198830409356724
1 0.5783077485380117, 0.6273300438596491, 0.0356359649122807, 0.020650584795321638
1 0.5797697368421053, 0.6415844298245614, 0.03536184210526316, 0.023026315789473683
1 0.6894188596491229, 0.6341831140350878, 0.03673245614035088, 0.020285087719298246
1 0.6488486842105263, 0.6347313596491229, 0.044407894736842105, 0.01206140350877193
1 0.8175255847953217, 0.6366502192982456, 0.03755482456140351, 0.03527046783625731
1 0.6510416666666666, 0.6481633771929824, 0.04331140350877193, 0.01864035087719298
1 0.7201206140350878, 0.6522752192982456, 0.044407894736842105, 0.017178362573099414
1 0.7089729532163743, 0.6561129385964912, 0.03892543859649123, 0.01699561403508772
1 0.5307931286549707, 0.6695449561403509, 0.05180921052631579, 0.017178362573099414
1 0.6797331871345029, 0.6700932017543859, 0.035910087719298246, 0.028691520467836257
1 0.6263706140350878, 0.6725603070175439, 0.06195175438596491, 0.026133040935672515
1 0.4876644736842105, 0.7490405701754386, 0.046875, 0.016264619883040937
1 0.5399305555555556, 0.7934484649122807, 0.015625, 0.0222953216374269
1 0.6548793859649122, 0.8008497807017544, 0.031524122807017545, 0.023026315789473683
1 0.03919956140350877, 0.7713815789473685, 0.01781798245614035, 0.012609649122807017
1 0.027777777777777776, 0.7846765350877193, 0.0200109649122807, 0.02412280701754386
1 0.1442799707602339, 0.7831990131578948, 0.056576206140350874, 0.014725877192982456
1 0.13770102339181287, 0.8133223684210527, 0.03070175438596491, 0.009685672514619883
1 0.5870796783625731, 0.796875, 0.027549342105263157, 0.008771929824561403
1 0.5945084064327486, 0.8025712719298246, 0.028919956140350877, 0.009502923976608187
1 0.893000730994152, 0.5804550438596491, 0.04851973684210526, 0.027503654970760235
1 0.8841374269005848, 0.5842242324561403, 0.05256304824561404, 0.015716374269005847
1 0.8464912280701754, 0.5699013157894737, 0.05797697368421053, 0.018548976608187134
1 0.8325109649122807, 0.5706551535087719, 0.05497258771929824, 0.025539108187134504
1 0.07852521929824562, 0.36240131578947365, 0.041666666666666664, 0.030884502923976608
1 0.07517178362573099, 0.35954221491228067, 0.03967927631578947, 0.01896016081871345
1 0.062225877192982455, 0.4036787280701754, 0.022719298245614035, 0.03632127192982456
1 0.07119152046783626, 0.41762609649122806, 0.051422697368421054, 0.017441520467836258
1 0.08040021929824562, 0.42680921052631576, 0.049284539473684205, 0.013972953216374267
1 0.04308296783625731, 0.40402412280701755, 0.03210526315789474, 0.0232328216374269
1 0.008132309941520468, 0.5116502192982456, 0.05797697368421053, 0.016721491228070175
1 0.008406432748538011, 0.5423519736842105, 0.036047149122807015, 0.023848684210526317
1 0.07588633040935673, 0.524438048245614, 0.024945175438596492, 0.023779239766081872
1 0.06944444444444445, 0.5432428728070176, 0.03282620614035088, 0.0268640350877193
1 0.14089912280701755, 0.43434758771929827, 0.06085526315789474, 0.02366593567251462
1 0.15067616959064328, 0.45668859649122806, 0.06072094298245614, 0.02238669590643275
1 0.28499634502923976, 0.4102247807017544, 0.0390625, 0.021107456140350877
1 0.2621527777777778, 0.4479166666666667, 0.028919956140350877, 0.030975877192982455
1 0.2414108187134503, 0.5782620614035088, 0.03330592105263158, 0.017086988304093567
1 0.2298611111111111, 0.5833196271929824, 0.03577302631578947, 0.016858552631578948
1 0.4664656432748538, 0.4902001096491228, 0.05297423245614035, 0.021198830409356724
1 0.4560672514619883, 0.4552138157894737, 0.03985197368421053, 0.019216008771929825
1 0.6717379385964912, 0.48992598684210525, 0.045572916666666664, 0.0278234649122807
1 0.6436440058479532, 0.45954769736842105, 0.04899945175438596, 0.0245796783625731
1 0.6567525584795322, 0.48341557017543857, 0.05132949561403509, 0.020741959064327485
1 0.6268731725146199, 0.49396929824561403, 0.0434484649122807, 0.030747441520467836
1 0.7088121345029239, 0.5233004385964912, 0.024533991228070175, 0.031822002923976606
1 0.6950840643274854, 0.5388569078947368, 0.03337445175438596, 0.0301078216374269
1 0.5390168128654971, 0.533015350877193, 0.060290570175438596, 0.01251827485380117
