1 1.041529605263158, 9.137426900584795e-05, 0.02042214912280702, 0.01114766081871345
1 1.0530427631578947, 9.137426900584795e-05, 0.029742324561403508, 0.019005847953216373
1 1.076891447368421, -9.137426900584795e-05, 0.02905701754385965, 0.023574561403508772
1 1.0947094298245614, 9.137426900584795e-05, 0.025767543859649123, 0.025219298245614034
1 1.1210252192982457, -9.137426900584795e-05, 0.0200109649122807, 0.02631578947368421
1 1.1668037280701755, 9.137426900584795e-05, 0.03179824561403509, 0.01918859649122807
1 1.1396655701754386, 0.0006396198830409356, 0.024396929824561403, 0.0381030701754386
1 1.1566611842105263, 0.001918859649122807, 0.02275219298245614, 0.028326023391812866
1 1.104029605263158, 0.01343201754385965, 0.027960526315789474, 0.03216374269005848
1 1.0560581140350878, 0.025310672514619884, 0.054276315789473686, 0.02266081871345029
1 1.0333059210526316, 0.019462719298245616, 0.06140350877192982, 0.01699561403508772
1 1.2833059210526316, 0.02101608187134503, 0.05400219298245614, 0.01836622807017544
1 1.463952850877193, 0.026955409356725146, 0.0356359649122807, 0.023574561403508772
1 1.1966831140350878, 0.02987938596491228, 0.03508771929824561, 0.028691520467836257
1 1.2314967105263157, 0.03280336257309942, 0.030153508771929825, 0.027595029239766082
1 1.260827850877193, 0.041758040935672515, 0.038651315789473686, 0.02540204678362573
1 1.4845120614035088, 0.042306286549707604, 0.01493969298245614, 0.02631578947368421
1 1.4570997807017543, 0.05089546783625731, 0.0424890350877193, 0.02266081871345029
1 1.3748629385964912, 0.04285453216374269, 0.03892543859649123, 0.03673245614035088
1 1.3090734649122806, 0.04285453216374269, 0.024945175438596492, 0.03572733918128655
1 0.03769188596491228, 0.04468201754385965, 0.04111842105263158, 0.01827485380116959
1 1.3441611842105263, 0.052540204678362575, 0.03399122807017544, 0.026133040935672515
1 1.427220394736842, 0.06277412280701754, 0.05235745614035088, 0.029788011695906433
1 1.3836348684210527, 0.0735562865497076, 0.03179824561403509, 0.03252923976608187
1 1.4250274122807018, 0.07611476608187134, 0.030975877192982455, 0.03216374269005848
1 0.5799067982456141, 0.07648026315789473, 0.023574561403508772, 0.03289473684210526
1 0.5963541666666666, 0.07849049707602339, 0.03399122807017544, 0.035910087719298246
1 0.41049890350877194, 0.07903874269005848, 0.035910087719298246, 0.03344298245614035
1 0.38555372807017546, 0.08305921052631579, 0.029605263157894735, 0.035818713450292396
1 0.7216282894736842, 0.08324195906432749, 0.02905701754385965, 0.03125
1 0.7458881578947368, 0.08452119883040936, 0.03330592105263158, 0.023300438596491228
1 0.7767269736842105, 0.08835891812865497, 0.0576343201754386, 0.021929824561403508
1 0.7698739035087719, 0.0963998538011696, 0.03700657894736842, 0.03252923976608187
1 0.16186951754385964, 0.11266447368421052, 0.03234649122807018, 0.028691520467836257
1 0.10540021929824561, 0.13824926900584794, 0.05619517543859649, 0.019371345029239765
1 0.13171600877192982, 0.1408077485380117, 0.04742324561403509, 0.024853801169590642
1 0.09004934210526316, 0.15232090643274854, 0.04797149122807018, 0.01864035087719298
1 0.4973958333333333, 0.09073464912280702, 0.033717105263157895, 0.021929824561403508
1 0.9335252192982456, 0.0911001461988304, 0.022478070175438597, 0.03271198830409357
1 0.635827850877193, 0.0918311403508772, 0.031524122807017545, 0.02850877192982456
1 0.8482730263157895, 0.0918311403508772, 0.03892543859649123, 0.03344298245614035
1 0.42694627192982454, 0.09219663742690058, 0.042214912280701754, 0.023757309941520467
1 1.3205866228070176, 0.09219663742690058, 0.03755482456140351, 0.03271198830409357
1 0.2904331140350877, 0.09347587719298246, 0.02768640350877193, 0.030519005847953216
1 0.4713541666666667, 0.09329312865497076, 0.02987938596491228, 0.028143274853801168
1 0.5305646929824561, 0.0954861111111111, 0.052083333333333336, 0.01882309941520468
1 0.21861293859649122, 0.0960343567251462, 0.03070175438596491, 0.031615497076023395
1 0.22217653508771928, 0.12966008771929824, 0.028782894736842105, 0.028326023391812866
1 0.9146107456140351, 0.09767909356725146, 0.01864035087719298, 0.023391812865497075
1 1.1160910087719298, 0.09786184210526316, 0.034265350877192985, 0.027960526315789474
1 1.215049342105263, 0.09804459064327485, 0.02412280701754386, 0.019919590643274854
1 0.14048793859649122, 0.09877558479532164, 0.020285087719298246, 0.02448830409356725
1 0.7619243421052632, 0.0989126461988304, 0.03303179824561404, 0.023802997076023392
1 0.28604714912280704, 0.11321271929824561, 0.03536184210526316, 0.03033625730994152
1 0.30688048245614036, 0.132218567251462, 0.03755482456140351, 0.029239766081871343
1 0.6130756578947368, 0.13258406432748537, 0.0356359649122807, 0.023026315789473683
1 0.028097587719298246, 0.10206505847953216, 0.030975877192982455, 0.034722222222222224
1 1.2474643640350878, 0.10425804093567251, 0.03940515350877193, 0.025584795321637425
1 0.06757127192982457, 0.10535453216374269, 0.02138157894736842, 0.029605263157894735
1 0.09772478070175439, 0.10553728070175439, 0.025219298245614034, 0.03326023391812866
1 0.11855811403508772, 0.10791301169590643, 0.027412280701754384, 0.031067251461988302
1 0.3392269736842105, 0.10572002923976608, 0.027138157894736843, 0.03399122807017544
1 0.5080866228070176, 0.10608552631578948, 0.022478070175438597, 0.031432748538011694
1 0.5245339912280702, 0.11504020467836257, 0.05578399122807018, 0.017543859649122806
1 0.5080866228070176, 0.13039108187134502, 0.05263157894736842, 0.01644736842105263
1 0.48615679824561403, 0.13514254385964913, 0.02850877192982456, 0.034722222222222224
1 0.8559484649122807, 0.10663377192982457, 0.03453947368421053, 0.036366959064327485
1 0.36417214912280704, 0.10681652046783625, 0.03399122807017544, 0.026133040935672515
1 1.090049342105263, 0.10809576023391813, 0.027960526315789474, 0.03216374269005848
1 1.1648848684210527, 0.10809576023391813, 0.02631578947368421, 0.034173976608187134
1 1.1465186403508771, 0.12088815789473684, 0.030975877192982455, 0.03673245614035088
1 0.5467379385964912, 0.10846125730994152, 0.049890350877192985, 0.013888888888888888
1 0.00041118421052631577, 0.10864400584795321, 0.03179824561403509, 0.033625730994152045
1 0.6459703947368421, 0.109375, 0.023026315789473683, 0.036595394736842105
1 1.4063870614035088, 0.11028874269005848, 0.03508771929824561, 0.033625730994152045
1 -0.00013706140350877192, 0.11101973684210527, 0.00932017543859649, 0.02010233918128655
1 0.9642269736842105, 0.11120248538011696, 0.024945175438596492, 0.03307748538011696
1 1.4403782894736843, 0.11211622807017543, 0.024945175438596492, 0.03033625730994152
1 0.45490679824561403, 0.11229897660818713, 0.02549342105263158, 0.022112573099415205
1 0.4258497807017544, 0.11284722222222222, 0.030153508771929825, 0.021564327485380116
1 0.48149671052631576, 0.11284722222222222, 0.027960526315789474, 0.027777777777777776
1 0.7369106359649122, 0.11266447368421052, 0.03186677631578947, 0.044407894736842105
1 0.7567160087719298, 0.13386330409356725, 0.027960526315789474, 0.033808479532163746
1 0.7547286184210527, 0.1615497076023392, 0.06147203947368421, 0.015990497076023392
1 1.2797423245614035, 0.11266447368421052, 0.02850877192982456, 0.03326023391812866
1 0.7819353070175439, 0.11239035087719298, 0.03310032894736842, 0.03554459064327485
1 0.8207922149122807, 0.11339546783625731, 0.03022203947368421, 0.03326023391812866
1 1.3743146929824561, 0.113578216374269, 0.023574561403508772, 0.023026315789473683
1 0.9880756578947368, 0.11485745614035088, 0.024396929824561403, 0.033808479532163746
1 1.2166940789473684, 0.11504020467836257, 0.030975877192982455, 0.031158625730994153
1 1.3024945175438596, 0.11522295321637427, 0.031524122807017545, 0.030884502923976608
1 0.39542214912280704, 0.11741593567251463, 0.023026315789473683, 0.03344298245614035
1 0.41433662280701755, 0.1223501461988304, 0.021929824561403508, 0.031067251461988302
1 0.4310581140350877, 0.13349780701754385, 0.03673245614035088, 0.03216374269005848
1 0.3425164473684211, 0.14482821637426901, 0.034265350877192985, 0.03874269005847953
1 0.38774671052631576, 0.15049342105263158, 0.04632675438596491, 0.0133406432748538
1 0.4321546052631579, 0.15085891812865498, 0.02850877192982456, 0.030153508771929825
1 0.4590186403508772, 0.15232090643274854, 0.027138157894736843, 0.033625730994152045
1 0.35704495614035087, 0.15999634502923976, 0.05674342105263158, 0.015487938596491228
1 0.35457785087719296, 0.16716922514619884, 0.05458333333333334, 0.017063230994152048
1 0.45024671052631576, 0.17938961988304095, 0.03728070175438596, 0.03671052631578947
1 0.36362390350877194, 0.1808296783625731, 0.03412828947368421, 0.035818713450292396
1 0.34457236842105265, 0.18156067251461988, 0.025904605263157895, 0.03289473684210526
1 1.3288103070175439, 0.11741593567251463, 0.022203947368421052, 0.02722953216374269
1 0.8709566885964912, 0.11778143274853801, 0.033237390350877194, 0.03508771929824561
1 1.0127467105263157, 0.1188779239766082, 0.024671052631578948, 0.042214912280701754
1 0.7188870614035088, 0.11572551169590643, 0.029331140350877194, 0.03842288011695907
1 0.9390076754385965, 0.11960891812865497, 0.02549342105263158, 0.02905701754385965
1 1.4738212719298245, 0.11960891812865497, 0.025767543859649123, 0.03070175438596491
1 0.2621984649122807, 0.12161915204678363, 0.033717105263157895, 0.02503654970760234
1 0.19750548245614036, 0.14811769005847952, 0.036458333333333336, 0.023940058479532164
1 0.23286732456140352, 0.15871710526315788, 0.0268640350877193, 0.03435672514619883
1 0.13308662280701755, 0.12107090643274854, 0.04029605263157895, 0.019371345029239765
1 0.10375548245614036, 0.13843201754385964, 0.03536184210526316, 0.01206140350877193
1 0.07195723684210527, 0.12125365497076024, 0.028782894736842105, 0.030153508771929825
1 0.0683936403508772, 0.13514254385964913, 0.04276315789473684, 0.0268640350877193
1 0.03961074561403509, 0.15177266081871346, 0.041666666666666664, 0.0222953216374269
1 1.1114309210526316, 0.1225328947368421, 0.031524122807017545, 0.03435672514619883
1 0.6783168859649122, 0.12280701754385964, 0.021107456140350877, 0.036458333333333336
1 0.6665296052631579, 0.1366045321637427, 0.01781798245614035, 0.02722953216374269
1 0.641858552631579, 0.15012792397660818, 0.03289473684210526, 0.027412280701754384
1 0.6462445175438597, 0.1579861111111111, 0.04139254385964912, 0.027549342105263157
1 0.8825383771929824, 0.12399488304093567, 0.049342105263157895, 0.029239766081871343
1 1.3479989035087718, 0.12600511695906433, 0.031524122807017545, 0.035818713450292396
1 1.349095394736842, 0.1497624269005848, 0.03700657894736842, 0.027412280701754384
1 0.7114857456140351, 0.12637061403508773, 0.025767543859649123, 0.03271198830409357
1 0.6980537280701754, 0.12892909356725146, 0.01617324561403509, 0.02850877192982456
1 1.1950383771929824, 0.12819809941520469, 0.02412280701754386, 0.03216374269005848
1 1.0338541666666667, 0.12856359649122806, 0.03262061403508772, 0.03764619883040936
1 0.37184758771929827, 0.12947733918128654, 0.02412280701754386, 0.029788011695906433
1 0.5840186403508771, 0.1320358187134503, 0.02768640350877193, 0.023757309941520467
1 0.4510690789473684, 0.13441154970760233, 0.04139254385964912, 0.020285087719298246
1 1.0840186403508771, 0.1358735380116959, 0.031181469298245616, 0.03504203216374269
1 1.079358552631579, 0.15871710526315788, 0.04084429824561404, 0.024853801169590642
1 1.1703673245614035, 0.13623903508771928, 0.02823464912280702, 0.031980994152046784
1 1.4030975877192982, 0.1360562865497076, 0.03344298245614035, 0.03527046783625731
1 0.00013706140350877192, 0.15049342105263158, 0.01699561403508772, 0.010416666666666666
1 0.03851425438596491, 0.16602704678362573, 0.0400219298245614, 0.020833333333333332
1 0.5346765350877193, 0.1371527777777778, 0.04742324561403509, 0.011695906432748537
1 1.2534265350877194, 0.13806652046783627, 0.039473684210526314, 0.034722222222222224
1 1.0404331140350878, 0.13879751461988304, 0.04468201754385965, 0.03252923976608187
1 1.0492050438596492, 0.15314327485380116, 0.031112938596491228, 0.04285453216374269
1 0.9535361842105263, 0.13952850877192982, 0.025767543859649123, 0.030884502923976608
1 0.7750822368421053, 0.1409904970760234, 0.03453947368421053, 0.025950292397660817
1 0.8310032894736842, 0.1408077485380117, 0.03234649122807018, 0.029970760233918127
1 0.8109923245614035, 0.13952850877192982, 0.02275219298245614, 0.03463084795321637
1 0.9291392543859649, 0.1409904970760234, 0.025219298245614034, 0.034722222222222224
1 0.5736019736842105, 0.14208698830409358, 0.019462719298245616, 0.025950292397660817
1 0.5494791666666666, 0.16611842105263158, 0.03728070175438596, 0.03225511695906433
1 0.5302905701754386, 0.1680372807017544, 0.02275219298245614, 0.031980994152046784
1 0.5552357456140351, 0.1769919590643275, 0.035910087719298246, 0.028143274853801168
1 0.998766447368421, 0.14208698830409358, 0.027960526315789474, 0.03892543859649123
1 0.9743695175438597, 0.163468567251462, 0.04358552631578947, 0.028143274853801168
1 1.019325657894737, 0.16602704678362573, 0.04358552631578947, 0.03508771929824561
1 0.1552905701754386, 0.14226973684210525, 0.04550438596491228, 0.017361111111111112
1 0.2805646929824561, 0.14263523391812866, 0.026041666666666668, 0.02540204678362573
1 0.2671326754385965, 0.14318347953216373, 0.02055921052631579, 0.031067251461988302
1 1.3148300438596492, 0.14263523391812866, 0.03837719298245614, 0.02942251461988304
1 1.2934484649122806, 0.14391447368421054, 0.04523026315789474, 0.015899122807017545
1 0.4858826754385965, 0.14482821637426901, 0.04742324561403509, 0.033808479532163746
1 1.217516447368421, 0.1444170321637427, 0.05009594298245614, 0.03421966374269006
1 0.5193256578947368, 0.14647295321637427, 0.05235745614035088, 0.02448830409356725
1 1.4834155701754386, 0.14683845029239767, 0.01644736842105263, 0.023940058479532164
1 1.1215734649122806, 0.14994517543859648, 0.030975877192982455, 0.03271198830409357
1 0.8839089912280702, 0.15177266081871346, 0.025767543859649123, 0.029605263157894735
1 0.6859923245614035, 0.15213815789473684, 0.020285087719298246, 0.025219298245614034
1 0.6185581140350878, 0.15268640350877194, 0.024671052631578948, 0.029970760233918127
1 0.6007401315789473, 0.15323464912280702, 0.021107456140350877, 0.026498538011695907
1 0.5248081140350878, 0.1543311403508772, 0.04824561403508772, 0.022112573099415205
1 0.5878563596491229, 0.1546966374269006, 0.01617324561403509, 0.028143274853801168
1 1.456825657894737, 0.1546966374269006, 0.03262061403508772, 0.034722222222222224
1 1.4505208333333333, 0.16529605263157895, 0.03618421052631579, 0.03453947368421053
1 1.4817708333333333, 0.20111476608187134, 0.01816063596491228, 0.017909356725146198
1 0.8518366228070176, 0.15762061403508773, 0.023848684210526317, 0.0360014619883041
1 0.9565515350877193, 0.17004751461988304, 0.02138157894736842, 0.027777777777777776
1 0.9258497807017544, 0.18210891812865498, 0.03330592105263158, 0.03508771929824561
1 0.8682839912280702, 0.18485014619883042, 0.021929824561403508, 0.0400219298245614
1 0.9006304824561403, 0.18996710526315788, 0.030016447368421052, 0.03764619883040936
1 0.8830866228070176, 0.1983735380116959, 0.03125, 0.037463450292397664
1 1.2109375, 0.1596308479532164, 0.04276315789473684, 0.033808479532163746
1 1.2101151315789473, 0.17297149122807018, 0.026589912280701754, 0.029788011695906433
1 0.00013706140350877192, 0.15999634502923976, 0.03289473684210526, 0.010416666666666666
1 0.3098958333333333, 0.15981359649122806, 0.03755482456140351, 0.025767543859649123
1 0.13034539473684212, 0.16017909356725146, 0.04523026315789474, 0.02138157894736842
1 1.3359375, 0.16017909356725146, 0.0400219298245614, 0.025950292397660817
1 0.9042626096491229, 0.16054459064327486, 0.03501918859649123, 0.03243786549707602
1 0.8691063596491229, 0.16145833333333334, 0.032072368421052634, 0.03326023391812866
1 0.8937774122807017, 0.16566154970760233, 0.03234649122807018, 0.03508771929824561
1 1.1687225877192982, 0.16054459064327486, 0.03508771929824561, 0.03819444444444445
1 0.08182565789473684, 0.16218932748538012, 0.04797149122807018, 0.01608187134502924
1 1.1490542763157894, 0.1617781432748538, 0.02645285087719298, 0.036366959064327485
1 0.27234100877192985, 0.1629203216374269, 0.043859649122807015, 0.029788011695906433
1 0.2885142543859649, 0.17233187134502925, 0.0381030701754386, 0.03664108187134503
1 0.30290570175438597, 0.17569078947368422, 0.028645833333333332, 0.04315058479532164
1 0.40309758771929827, 0.16401681286549707, 0.028782894736842105, 0.031067251461988302
1 0.41289747807017546, 0.16885964912280702, 0.03344298245614035, 0.03554459064327485
1 0.42996162280701755, 0.18868786549707603, 0.021655701754385966, 0.03618421052631579
1 1.2909813596491229, 0.16456505847953215, 0.03179824561403509, 0.029239766081871343
1 0.15556469298245615, 0.16547880116959066, 0.01918859649122807, 0.031980994152046784
1 0.16625548245614036, 0.1715095029239766, 0.02275219298245614, 0.03125
1 0.13719846491228072, 0.17900219298245615, 0.03262061403508772, 0.02448830409356725
1 0.20545504385964913, 0.1673062865497076, 0.025767543859649123, 0.03125
1 0.22491776315789475, 0.17077850877192982, 0.024945175438596492, 0.028691520467836257
1 1.488075657894737, 0.1682200292397661, 0.01137609649122807, 0.0266812865497076
1 0.00013706140350877192, 0.16876827485380116, 0.03289473684210526, 0.01699561403508772
1 0.5068530701754386, 0.17041301169590642, 0.02645285087719298, 0.033808479532163746
1 0.7968064692982456, 0.17041301169590642, 0.055441337719298246, 0.01640168128654971
1 0.7571271929824561, 0.17260599415204678, 0.046121162280701754, 0.0222953216374269
1 0.792077850877193, 0.17827119883040934, 0.028919956140350877, 0.029925073099415205
1 0.7627467105263158, 0.17955043859649122, 0.03673245614035088, 0.023026315789473683
1 0.7937225877192983, 0.2046783625730994, 0.0395422149122807, 0.032300804093567254
1 0.8077713815789473, 0.20586622807017543, 0.03364857456140351, 0.03307748538011696
1 0.03330592105263158, 0.1722404970760234, 0.026589912280701754, 0.03252923976608187
1 1.1805098684210527, 0.17333698830409358, 0.031524122807017545, 0.0268640350877193
1 1.2607593201754386, 0.17351973684210525, 0.049958881578947366, 0.028326023391812866
1 0.07332785087719298, 0.17370248538011696, 0.047697368421052634, 0.014802631578947368
1 0.6939418859649122, 0.17406798245614036, 0.01864035087719298, 0.03326023391812866
1 0.6744791666666666, 0.17461622807017543, 0.020833333333333332, 0.03326023391812866
1 0.6563870614035088, 0.18252010233918128, 0.019736842105263157, 0.029376827485380116
1 1.351014254385965, 0.1757127192982456, 0.04851973684210526, 0.023574561403508772
1 1.3899396929824561, 0.18119517543859648, 0.02850877192982456, 0.02631578947368421
1 1.3526589912280702, 0.18320540935672514, 0.04673793859649123, 0.023574561403508772
1 1.340049342105263, 0.20367324561403508, 0.024396929824561403, 0.023574561403508772
1 1.3896655701754386, 0.21920687134502925, 0.023574561403508772, 0.030884502923976608
1 1.3471765350877194, 0.22249634502923976, 0.03508771929824561, 0.025950292397660817
1 0.25671600877192985, 0.17754020467836257, 0.02055921052631579, 0.03326023391812866
1 0.09827302631578948, 0.18777412280701755, 0.039473684210526314, 0.033808479532163746
1 0.15666118421052633, 0.21317616959064328, 0.030975877192982455, 0.031980994152046784
1 0.14761513157894737, 0.22249634502923976, 0.02412280701754386, 0.03307748538011696
1 -0.00013706140350877192, 0.18137792397660818, 0.02055921052631579, 0.038011695906432746
1 0.5903919956140351, 0.1804641812865497, 0.0473547149122807, 0.017909356725146198
1 1.076343201754386, 0.1804641812865497, 0.04851973684210526, 0.013706140350877192
1 1.0703125, 0.19024122807017543, 0.052083333333333336, 0.017269736842105265
1 0.8392955043859649, 0.18151498538011696, 0.03227796052631579, 0.02563048245614035
1 0.8507401315789473, 0.20367324561403508, 0.020285087719298246, 0.02284356725146199
1 0.4790296052631579, 0.18156067251461988, 0.032072368421052634, 0.035818713450292396
1 0.9686129385964912, 0.18265716374269006, 0.05345394736842105, 0.019554093567251463
1 0.32387609649122806, 0.18099049707602338, 0.020285087719298246, 0.03236842105263158
1 1.117735745614035, 0.18320540935672514, 0.027138157894736843, 0.03435672514619883
1 1.1278782894736843, 0.1992872807017544, 0.04331140350877193, 0.02046783625730994
1 1.126233552631579, 0.21847587719298245, 0.039473684210526314, 0.01114766081871345
1 0.3866502192982456, 0.18338815789473684, 0.03402412280701755, 0.03243786549707602
1 0.07881030701754387, 0.18466739766081872, 0.03673245614035088, 0.03307748538011696
1 0.013843201754385965, 0.18649488304093567, 0.023574561403508772, 0.0266812865497076
1 0.05879934210526316, 0.18704312865497075, 0.012335526315789474, 0.019736842105263157
1 0.06949013157894737, 0.18850511695906433, 0.026041666666666668, 0.033808479532163746
1 0.7528782894736842, 0.18850511695906433, 0.02850877192982456, 0.019736842105263157
1 0.7429413377192983, 0.19576937134502925, 0.03460800438596491, 0.03367141812865497
1 1.3967927631578947, 0.18832236842105263, 0.046600877192982455, 0.025584795321637425
1 1.4039199561403508, 0.19846491228070176, 0.046875, 0.026224415204678362
1 0.6347313596491229, 0.19051535087719298, 0.02987938596491228, 0.02942251461988304
1 0.2754248903508772, 0.19179459064327486, 0.019942434210526317, 0.03399122807017544
1 0.579358552631579, 0.19252558479532164, 0.05016447368421053, 0.011330409356725146
1 0.9867050438596491, 0.19270833333333334, 0.032072368421052634, 0.03271198830409357
1 1.0045230263157894, 0.1943530701754386, 0.044407894736842105, 0.028143274853801168
1 1.3216831140350878, 0.19508406432748537, 0.02549342105263158, 0.029605263157894735
1 1.313733552631579, 0.2210343567251462, 0.054276315789473686, 0.0268640350877193
1 0.7756304824561403, 0.1985562865497076, 0.02138157894736842, 0.030884502923976608
1 0.5911458333333334, 0.1992872807017544, 0.026041666666666668, 0.031432748538011694
1 0.6092379385964912, 0.2034904970760234, 0.030153508771929825, 0.03252923976608187
1 0.6256853070175439, 0.21975511695906433, 0.036458333333333336, 0.02942251461988304
1 1.1476151315789473, 0.1994700292397661, 0.05071271929824561, 0.02138157894736842
1 1.0856633771929824, 0.19983552631578946, 0.03344298245614035, 0.02722953216374269
1 1.1975054824561404, 0.20001827485380116, 0.05482456140350877, 0.015899122807017545
1 1.020970394736842, 0.20202850877192982, 0.04824561403508772, 0.024853801169590642
1 1.4450383771929824, 0.20239400584795322, 0.04029605263157895, 0.027412280701754384
1 0.4804331140350877, 0.2010233918128655, 0.0531469298245614, 0.027116228070175438
1 1.2630208333333333, 0.20472404970760233, 0.03837719298245614, 0.031661184210526314
1 0.6626918859649122, 0.2065972222222222, 0.023848684210526317, 0.03289473684210526
1 0.6774945175438597, 0.21390716374269006, 0.02275219298245614, 0.03819444444444445
1 0.2506853070175439, 0.2069627192982456, 0.024396929824561403, 0.02722953216374269
1 0.4102247807017544, 0.2071454678362573, 0.023026315789473683, 0.04075292397660819
1 0.4263980263157895, 0.2076937134502924, 0.05263157894736842, 0.03490497076023392
1 0.18791118421052633, 0.20472404970760233, 0.034745065789473686, 0.04226059941520468
1 0.20079495614035087, 0.22414108187134502, 0.023300438596491228, 0.02850877192982456
1 0.38774671052631576, 0.20933845029239767, 0.027138157894736843, 0.03545321637426901
1 0.17228618421052633, 0.20952119883040934, 0.028782894736842105, 0.014802631578947368
1 1.1936677631578947, 0.21116593567251463, 0.028782894736842105, 0.03289473684210526
1 1.0511239035087718, 0.21317616959064328, 0.02823464912280702, 0.038011695906432746
1 0.022341008771929825, 0.21335891812865498, 0.03481359649122807, 0.033625730994152045
1 0.04824561403508772, 0.23729897660818713, 0.023711622807017545, 0.021929824561403508
1 0.0434484649122807, 0.2433296783625731, 0.023026315789473683, 0.031067251461988302
1 0.034402412280701754, 0.25703581871345027, 0.03892543859649123, 0.03654970760233918
1 0.02288925438596491, 0.2690972222222222, 0.04029605263157895, 0.03125
1 1.2161458333333333, 0.21317616959064328, 0.05345394736842105, 0.018092105263157895
1 1.2210800438596492, 0.2278874269005848, 0.04111842105263158, 0.013614766081871345
1 0.7325932017543859, 0.21463815789473684, 0.032072368421052634, 0.027777777777777776
1 1.4055646929824561, 0.21463815789473684, 0.04057017543859649, 0.03654970760233918
1 1.4209155701754386, 0.23017178362573099, 0.03700657894736842, 0.020833333333333332
1 0.5461896929824561, 0.21591739766081872, 0.03508771929824561, 0.03070175438596491
1 0.5494791666666666, 0.234375, 0.03399122807017544, 0.02905701754385965
1 0.7158717105263158, 0.21591739766081872, 0.02987938596491228, 0.03216374269005848
1 1.4779331140350878, 0.21591739766081872, 0.021929824561403508, 0.029605263157894735
1 1.0234375, 0.2166483918128655, 0.04139254385964912, 0.025767543859649123
1 1.0026041666666667, 0.225968567251462, 0.025767543859649123, 0.027412280701754384
1 1.0116502192982457, 0.24424342105263158, 0.02549342105263158, 0.03216374269005848
1 0.3378563596491228, 0.21737938596491227, 0.050027412280701754, 0.020285087719298246
1 1.0982730263157894, 0.21737938596491227, 0.030975877192982455, 0.03819444444444445
1 1.0779879385964912, 0.21792763157894737, 0.025219298245614034, 0.04111842105263158
1 1.1739309210526316, 0.21829312865497075, 0.04111842105263158, 0.03125
1 1.1347313596491229, 0.22158260233918128, 0.04057017543859649, 0.027595029239766082
1 1.2945449561403508, 0.21902412280701755, 0.03262061403508772, 0.031980994152046784
1 1.2778234649122806, 0.22414108187134502, 0.025767543859649123, 0.037463450292397664
1 1.4189967105263157, 0.2515533625730994, 0.02412280701754386, 0.030519005847953216
1 1.3956962719298245, 0.2588633040935672, 0.03837719298245614, 0.04148391812865497
1 1.4239309210526316, 0.2625182748538012, 0.03042763157894737, 0.028326023391812866
1 0.8937774122807017, 0.2680921052631579, 0.033717105263157895, 0.027138157894736843
1 0.00013706140350877192, 0.22158260233918128, 0.02138157894736842, 0.01206140350877193
1 0.47491776315789475, 0.22158260233918128, 0.054276315789473686, 0.019371345029239765
1 0.7737116228070176, 0.22249634502923976, 0.03234649122807018, 0.025767543859649123
1 0.7953673245614035, 0.2296235380116959, 0.036458333333333336, 0.027777777777777776
1 0.8301809210526315, 0.2383954678362573, 0.015076754385964912, 0.020833333333333332
1 0.8721217105263158, 0.22341008771929824, 0.029331140350877194, 0.033625730994152045
1 0.11252741228070176, 0.2256030701754386, 0.023574561403508772, 0.030884502923976608
1 0.32250548245614036, 0.22615131578947367, 0.024396929824561403, 0.035818713450292396
1 0.21230811403508773, 0.22633406432748537, 0.027412280701754384, 0.0360014619883041
1 0.24328399122807018, 0.22724780701754385, 0.031524122807017545, 0.028143274853801168
1 0.22354714912280702, 0.23254751461988304, 0.03358004385964912, 0.04111842105263158
1 0.25089089912280704, 0.2482638888888889, 0.019805372807017545, 0.024853801169590642
1 0.24629934210526316, 0.2581323099415205, 0.03289473684210526, 0.039473684210526314
1 0.23067434210526316, 0.2590460526315789, 0.023026315789473683, 0.02631578947368421
1 0.2197094298245614, 0.27677266081871343, 0.0381030701754386, 0.031980994152046784
1 0.5080866228070176, 0.22633406432748537, 0.02987938596491228, 0.022112573099415205
1 0.4856085526315789, 0.24004020467836257, 0.03536184210526316, 0.022112573099415205
1 0.8556743421052632, 0.22688230994152048, 0.03179824561403509, 0.03527046783625731
1 0.12705592105263158, 0.22743055555555555, 0.0268640350877193, 0.02942251461988304
1 0.2728892543859649, 0.22797880116959066, 0.020833333333333332, 0.02722953216374269
1 0.7032620614035088, 0.2290752923976608, 0.023574561403508772, 0.027960526315789474
1 0.46175986842105265, 0.22825292397660818, 0.03042763157894737, 0.03280336257309942
1 0.4370888157894737, 0.23857821637426901, 0.03549890350877193, 0.0356359649122807
1 0.45929276315789475, 0.24479166666666666, 0.018914473684210526, 0.027412280701754384
1 0.07113486842105263, 0.23163377192982457, 0.04550438596491228, 0.01882309941520468
1 0.07415021929824561, 0.242781432748538, 0.038651315789473686, 0.03728070175438596
1 0.06510416666666667, 0.24460891812865498, 0.02768640350877193, 0.030519005847953216
1 0.07881030701754387, 0.26434576023391815, 0.03042763157894737, 0.023757309941520467
1 -0.00013706140350877192, 0.23254751461988304, 0.01644736842105263, 0.019371345029239765
1 0.30386513157894735, 0.23291301169590642, 0.02905701754385965, 0.034173976608187134
1 0.6478892543859649, 0.23291301169590642, 0.024945175438596492, 0.033625730994152045
1 0.8444353070175439, 0.23309576023391812, 0.03453947368421053, 0.0360014619883041
1 0.8356633771929824, 0.2590460526315789, 0.0424890350877193, 0.018092105263157895
1 0.8312774122807017, 0.2751279239766082, 0.03892543859649123, 0.02101608187134503
1 1.251781798245614, 0.23327850877192982, 0.03262061403508772, 0.027777777777777776
1 0.7671326754385965, 0.2347404970760234, 0.01699561403508772, 0.029605263157894735
1 1.1640625, 0.23729897660818713, 0.03782894736842105, 0.028326023391812866
1 1.3257949561403508, 0.24004020467836257, 0.035910087719298246, 0.030153508771929825
1 0.5097313596491229, 0.24040570175438597, 0.033168859649122806, 0.0268640350877193
1 1.2279331140350878, 0.24131944444444445, 0.051535087719298246, 0.03033625730994152
1 0.7342379385964912, 0.24168494152046785, 0.033717105263157895, 0.01827485380116959
1 0.37075109649122806, 0.2429641812865497, 0.041666666666666664, 0.024671052631578948
1 0.7844024122807017, 0.242781432748538, 0.02631578947368421, 0.0356359649122807
1 1.1136239035087718, 0.2431469298245614, 0.027412280701754384, 0.03307748538011696
1 1.4507949561403508, 0.25338084795321636, 0.04194078947368421, 0.029970760233918127
1 1.4658717105263157, 0.26050804093567254, 0.033717105263157895, 0.031980994152046784
1 1.4442160087719298, 0.2822551169590643, 0.03344298245614035, 0.01699561403508772
1 0.6182839912280702, 0.2435124269005848, 0.027412280701754384, 0.03782894736842105
1 0.9941063596491229, 0.2435124269005848, 0.023300438596491228, 0.03234649122807018
1 0.6648848684210527, 0.24387792397660818, 0.02055921052631579, 0.03307748538011696
1 0.9390076754385965, 0.24424342105263158, 0.036458333333333336, 0.029970760233918127
1 1.0398848684210527, 0.24607090643274854, 0.04358552631578947, 0.02540204678362573
1 1.206825657894737, 0.24643640350877194, 0.06030701754385965, 0.031067251461988302
1 1.3033168859649122, 0.2466191520467836, 0.046052631578947366, 0.031980994152046784
1 1.367735745614035, 0.25356359649122806, 0.02631578947368421, 0.042214912280701754
1 1.344983552631579, 0.255391081871345, 0.029331140350877194, 0.027046783625730993
1 1.370202850877193, 0.2787828947368421, 0.039473684210526314, 0.038011695906432746
1 0.2909813596491228, 0.2460252192982456, 0.03070175438596491, 0.022158260233918127
1 0.6761239035087719, 0.2477156432748538, 0.03289473684210526, 0.03289473684210526
1 0.5990953947368421, 0.2478983918128655, 0.0268640350877193, 0.03654970760233918
1 -0.00013706140350877192, 0.24936038011695907, 0.0424890350877193, 0.017909356725146198
1 0.4233826754385965, 0.24972587719298245, 0.026589912280701754, 0.02942251461988304
1 0.17420504385964913, 0.25063961988304095, 0.02055921052631579, 0.0266812865497076
1 0.7202576754385965, 0.2510051169590643, 0.0268640350877193, 0.04312865497076023
1 0.48944627192982454, 0.25392909356725146, 0.03536184210526316, 0.0266812865497076
1 0.9647752192982456, 0.25411184210526316, 0.030975877192982455, 0.028691520467836257
1 0.9442160087719298, 0.2623355263157895, 0.031524122807017545, 0.025950292397660817
1 0.9066611842105263, 0.28042763157894735, 0.03755482456140351, 0.03728070175438596
1 0.9154331140350878, 0.2937682748538012, 0.03289473684210526, 0.036915204678362575
1 0.6864035087719298, 0.25429459064327486, 0.03248355263157895, 0.03042763157894737
1 0.8164747807017544, 0.25447733918128657, 0.025767543859649123, 0.033808479532163746
1 0.2753563596491228, 0.25484283625730997, 0.03399122807017544, 0.022478070175438597
1 0.2767269736842105, 0.2689144736842105, 0.022341008771929825, 0.04075292397660819
1 0.5508497807017544, 0.25447733918128657, 0.034882127192982455, 0.03070175438596491
1 1.0960800438596492, 0.2557565789473684, 0.027412280701754384, 0.04203216374269006
1 1.1657072368421053, 0.2564875730994152, 0.0356359649122807, 0.025950292397660817
1 0.7462993421052632, 0.2575840643274854, 0.024396929824561403, 0.031615497076023395
1 0.003700657894736842, 0.2590460526315789, 0.03042763157894737, 0.031615497076023395
1 1.0363212719298245, 0.2553691520467836, 0.03673245614035088, 0.03821637426900585
1 0.4732730263157895, 0.26014254385964913, 0.016721491228070175, 0.024671052631578948
1 1.197779605263158, 0.25995979532163743, 0.03481359649122807, 0.017361111111111112
1 0.18708881578947367, 0.26032529239766083, 0.038651315789473686, 0.03326023391812866
1 1.0711348684210527, 0.26050804093567254, 0.02631578947368421, 0.037463450292397664
1 0.3288103070175439, 0.2621527777777778, 0.02987938596491228, 0.017909356725146198
1 0.6421326754385965, 0.26416301169590645, 0.04111842105263158, 0.025584795321637425
1 0.9899945175438597, 0.2648940058479532, 0.027138157894736843, 0.03216374269005848
1 1.0157620614035088, 0.2760416666666667, 0.02055921052631579, 0.03508771929824561
1 0.9817708333333334, 0.27832602339181284, 0.03508771929824561, 0.03609283625730994
1 0.0, 0.2650767543859649, 0.010553728070175438, 0.021747076023391813
1 1.275904605263158, 0.2659904970760234, 0.05180921052631579, 0.015899122807017545
1 0.12349232456140351, 0.26726973684210525, 0.03262061403508772, 0.03179824561403509
1 0.3521107456140351, 0.26781798245614036, 0.03262061403508772, 0.028326023391812866
1 0.3444353070175439, 0.26854897660818716, 0.025219298245614034, 0.025584795321637425
1 0.30879934210526316, 0.26854897660818716, 0.04084429824561404, 0.020833333333333332
1 0.8814418859649122, 0.2701937134502924, 0.03481359649122807, 0.031432748538011694
1 0.7057291666666666, 0.27110745614035087, 0.0200109649122807, 0.027960526315789474
1 1.163514254385965, 0.27147295321637427, 0.03289473684210526, 0.03983918128654971
1 0.14103618421052633, 0.27183845029239767, 0.02549342105263158, 0.03874269005847953
1 0.858141447368421, 0.2731176900584795, 0.024396929824561403, 0.024671052631578948
1 0.08127741228070176, 0.2736659356725146, 0.02987938596491228, 0.028326023391812866
1 1.145970394736842, 0.2734831871345029, 0.033168859649122806, 0.029970760233918127
1 1.1391173245614035, 0.29102704678362573, 0.0200109649122807, 0.02942251461988304
1 1.1566611842105263, 0.2928545321637427, 0.021107456140350877, 0.027046783625730993
1 1.1171875, 0.2935855263157895, 0.02631578947368421, 0.034173976608187134
1 1.2120339912280702, 0.2760416666666667, 0.05043859649122807, 0.013523391812865496
1 1.1034813596491229, 0.27640716374269003, 0.03508771929824561, 0.034722222222222224
1 0.26274671052631576, 0.27750365497076024, 0.020627741228070175, 0.028691520467836257
1 1.0840186403508771, 0.27750365497076024, 0.015899122807017545, 0.024671052631578948
1 0.6223958333333334, 0.27786915204678364, 0.03618421052631579, 0.023391812865497075
1 1.3104440789473684, 0.2789656432748538, 0.034265350877192985, 0.03216374269005848
1 0.3578673245614035, 0.280062134502924, 0.0381030701754386, 0.02320906432748538
1 0.9650493421052632, 0.2829861111111111, 0.02275219298245614, 0.023757309941520467
1 0.9458607456140351, 0.28463084795321636, 0.026041666666666668, 0.03289473684210526
1 1.1950383771929824, 0.28481359649122806, 0.0268640350877193, 0.03033625730994152
1 1.2816611842105263, 0.28554459064327486, 0.030153508771929825, 0.039108187134502925
1 1.0449561403508771, 0.286641081871345, 0.02398574561403509, 0.030884502923976608
1 1.2320449561403508, 0.28846856725146197, 0.023026315789473683, 0.028143274853801168
1 1.2183388157894737, 0.29102704678362573, 0.01864035087719298, 0.03033625730994152
1 1.4274945175438596, 0.29175804093567254, 0.02480811403508772, 0.03874269005847953
1 0.19503837719298245, 0.2966922514619883, 0.021655701754385966, 0.03307748538011696
1 1.0566063596491229, 0.2974232456140351, 0.029331140350877194, 0.02448830409356725
1 1.3765076754385965, 0.29888523391812866, 0.04029605263157895, 0.03874269005847953
1 1.4126918859649122, 0.3001644736842105, 0.02138157894736842, 0.03545321637426901
1 1.3290844298245614, 0.3069261695906433, 0.04057017543859649, 0.023391812865497075
1 1.3151041666666667, 0.31167763157894735, 0.033168859649122806, 0.01864035087719298
1 1.2353344298245614, 0.31277412280701755, 0.03289473684210526, 0.04057017543859649
1 0.7778234649122807, 0.32976973684210525, 0.03481359649122807, 0.035818713450292396
1 0.43983004385964913, 0.349141081871345, 0.01836622807017544, 0.02448830409356725
1 0.5538651315789473, 0.359375, 0.03700657894736842, 0.012792397660818713
1 0.7931743421052632, 0.3670504385964912, 0.02631578947368421, 0.029788011695906433
1 1.064281798245614, 0.41657529239766083, 0.031524122807017545, 0.015899122807017545
1 1.0459155701754386, 0.4255299707602339, 0.01781798245614035, 0.009685672514619883
1 0.6147203947368421, 0.524031432748538, 0.020285087719298246, 0.011878654970760233
1 0.1084155701754386, 0.25296966374269003, 0.03721217105263158, 0.02003472222222222
1 0.10903234649122807, 0.2580409356725146, 0.0361156798245614, 0.03929093567251462
1 0.29509320175438597, 0.27732090643274854, 0.03652686403508772, 0.021929824561403508
1 0.30719572368421055, 0.28002558479532164, 0.03539747807017544, 0.017086988304093567
1 0.18085252192982457, 0.3823099415204678, 0.034882127192982455, 0.016812865497076022
1 0.27131304824561403, 0.3988486842105263, 0.034333881578947366, 0.023574561403508772
1 0.27439692982456143, 0.4209612573099415, 0.018229166666666668, 0.014071637426900584
1 0.5478344298245614, 0.3677357456140351, 0.017955043859649123, 0.02206688596491228
1 0.6132127192982456, 0.10069444444444445, 0.027412280701754384, 0.03188961988304093
1 0.5935444078947368, 0.12248720760233918, 0.03515625, 0.02617872807017544
1 0.8157565789473684, 0.18137792397660818, 0.03059758771929825, 0.03686951754385965
1 0.836828399122807, 0.18745431286549707, 0.02158717105263158, 0.03536184210526316
1 0.9525082236842105, 0.21235380116959066, 0.043379934210526314, 0.0390625
1 0.9376699561403509, 0.19197733918128654, 0.03375274122807018, 0.04303728070175439
1 1.03125, 0.26270102339181284, 0.027206688596491228, 0.044407894736842105
1 1.3798793859649123, 0.1530811403508772, 0.0478344298245614, 0.03234649122807018
1 1.425986842105263, 0.14629020467836257, 0.03632127192982456, 0.03572733918128655
1 1.3554002192982457, 0.203125, 0.04379934210526316, 0.023903508771929826
1 1.3726014254385965, 0.21546052631578946, 0.028851425438596492, 0.03458516081871345
1 1.146532346491228, 0.18361659356725146, 0.019449013157894737, 0.015581140350877194
1 1.2661047149122806, 0.1908808479532164, 0.042077850877192985, 0.02398574561403509
1 1.3048245614035088, 0.19257127192982457, 0.023300438596491228, 0.030884502923976608
1 1.4457236842105263, 0.2923062865497076, 0.03344298245614035, 0.023574561403508772
1 1.4423656798245614, 0.3105811403508772, 0.041049890350877194, 0.03125
1 0.14377741228070176, 0.04322002923976608, 0.061746162280701754, 0.01653874269005848
1 0.13829495614035087, 0.029331140350877194, 0.040364583333333336, 0.029102704678362575
1 1.4606633771929824, 0.1943530701754386, 0.039473684210526314, 0.012244152046783625
1 1.455592105263158, 0.2189327485380117, 0.031181469298245616, 0.034082602339181284
1 1.493626644736842, 0.24419773391812866, 0.006373355263157895, 0.01617324561403509
1 1.4396929824561404, 0.24058845029239767, 0.04317434210526316, 0.023848684210526317
1 1.4742324561403508, 0.31551535087719296, 0.025904605263157895, 0.03134137426900585
1 1.472450657894737, 0.29276315789473684, 0.022478070175438597, 0.025767543859649123
1 1.4808114035087718, 0.2760416666666667, 0.01918859649122807, 0.03919956140350877
1 0.9024122807017544, 0.24538559941520469, 0.03453947368421053, 0.04084429824561404
1 0.9185855263157895, 0.23729897660818713, 0.025699013157894735, 0.03517909356725146
1 0.9007675438596491, 0.21852156432748537, 0.03892543859649123, 0.039108187134502925
1 0.5519462719298246, 0.1519097222222222, 0.027412280701754384, 0.029833698830409358
1 0.010485197368421052, 0.13655884502923976, 0.03310032894736842, 0.029559576023391813
1 0.04331140350877193, 0.1267361111111111, 0.031524122807017545, 0.026270102339181287
1 0.0385827850877193, 0.1120248538011696, 0.03090734649122807, 0.0346765350877193
1 0.16419956140350878, 0.08886147660818713, 0.03638980263157895, 0.02928545321637427
1 0.18708881578947367, 0.08908991228070176, 0.02734375, 0.03568165204678363
1 0.19764254385964913, 0.11225328947368421, 0.02816611842105263, 0.02805190058479532
1 0.20442708333333334, 0.1366502192982456, 0.03392269736842105, 0.024716739766081873
1 0.17502741228070176, 0.15040204678362573, 0.021655701754385966, 0.03686951754385965
1 0.18733004385964913, 0.1586951754385965, 0.02360745614035088, 0.04205409356725146
1 0.25027412280701755, 0.14619883040935672, 0.025424890350877194, 0.03179824561403509
1 0.24629934210526316, 0.11997441520467836, 0.029673793859649123, 0.03234649122807018
1 0.24088541666666666, 0.09338450292397661, 0.03453947368421053, 0.03070175438596491
1 0.2651452850877193, 0.09123720760233918, 0.031661184210526314, 0.033488669590643276
1 0.3014665570175439, 0.12056834795321637, 0.03625274122807018, 0.034402412280701754
1 0.3217516447368421, 0.10005482456140351, 0.02432839912280702, 0.029148391812865496
1 0.3301809210526316, 0.14167580409356725, 0.020490679824561403, 0.030381944444444444
1 0.34484649122807015, 0.12367507309941521, 0.034333881578947366, 0.030975877192982455
1 0.6281524122807017, 0.14432565789473684, 0.03837719298245614, 0.015122441520467836
1 0.6541255482456141, 0.11714181286549707, 0.03193530701754386, 0.03271198830409357
1 0.12945449561403508, 0.20074926900584794, 0.0278234649122807, 0.027732090643274854
1 0.11828399122807018, 0.17726608187134502, 0.023300438596491228, 0.030610380116959063
1 0.7065515350877193, 0.14925986842105263, 0.03138706140350877, 0.03147843567251462
1 0.7123766447368421, 0.16620979532163743, 0.018434758771929825, 0.039793494152046784
1 0.7218338815789473, 0.16835709064327486, 0.02734375, 0.031112938596491228
