1 0.5434484649122807, 0.12801535087719298, 0.04029605263157895, 0.02942251461988304
1 0.6859923245614035, 0.12801535087719298, 0.024396929824561403, 0.03326023391812866
1 0.37733004385964913, 0.13477704678362573, 0.036458333333333336, 0.021564327485380116
1 0.4061129385964912, 0.1493969298245614, 0.03919956140350877, 0.015533625730994151
1 0.39679276315789475, 0.13495979532163743, 0.046600877192982455, 0.01663011695906433
1 0.7271107456140351, 0.13824926900584794, 0.02823464912280702, 0.02320906432748538
1 0.7550712719298246, 0.14281798245614036, 0.05235745614035088, 0.020285087719298246
1 0.7748081140350878, 0.14501096491228072, 0.06524122807017543, 0.020833333333333332
1 0.7350603070175439, 0.15341739766081872, 0.036458333333333336, 0.039108187134502925
1 0.7715186403508771, 0.16365131578947367, 0.0381030701754386, 0.019371345029239765
1 0.7306743421052632, 0.17498172514619884, 0.046875, 0.029970760233918127
1 0.42996162280701755, 0.1404422514619883, 0.03837719298245614, 0.03033625730994152
1 0.3696546052631579, 0.15232090643274854, 0.044956140350877194, 0.014802631578947368
1 0.3600603070175439, 0.1596308479532164, 0.04057017543859649, 0.020650584795321638
1 0.3978892543859649, 0.16456505847953215, 0.035910087719298246, 0.012609649122807017
1 0.3403234649122807, 0.16566154970760233, 0.04290021929824561, 0.019919590643274854
1 0.9192708333333334, 0.14245248538011696, 0.027138157894736843, 0.03234649122807018
1 0.9444901315789473, 0.15213815789473684, 0.029605263157894735, 0.03252923976608187
1 0.9263980263157895, 0.17132675438596492, 0.020833333333333332, 0.028143274853801168
1 0.47108004385964913, 0.1453764619883041, 0.026589912280701754, 0.030884502923976608
1 0.4908168859649123, 0.15670687134502925, 0.021107456140350877, 0.03545321637426901
1 0.4628563596491228, 0.16913377192982457, 0.028782894736842105, 0.02887426900584795
1 0.4420230263157895, 0.19216008771929824, 0.04906798245614035, 0.0402046783625731
1 0.4518914473684211, 0.21555190058479531, 0.0400219298245614, 0.033808479532163746
1 0.9742324561403509, 0.14756944444444445, 0.02617872807017544, 0.03490497076023392
1 0.995202850877193, 0.15323464912280702, 0.026041666666666668, 0.031980994152046784
1 0.9458607456140351, 0.17023026315789475, 0.04194078947368421, 0.03125
1 0.9576480263157895, 0.19197733918128654, 0.03536184210526316, 0.025767543859649123
1 0.9853344298245614, 0.19672880116959066, 0.03125, 0.03545321637426901
1 0.9325657894736842, 0.2046783625730994, 0.0390625, 0.028782894736842105
1 0.9765625, 0.21591739766081872, 0.033168859649122806, 0.03453947368421053
1 0.9592927631578947, 0.22322733918128654, 0.04194078947368421, 0.03344298245614035
1 1.0182291666666667, 0.14866593567251463, 0.021929824561403508, 0.03125
1 0.526452850877193, 0.1492141812865497, 0.021929824561403508, 0.03508771929824561
1 0.8584155701754386, 0.15067616959064328, 0.03673245614035088, 0.027046783625730993
1 0.8178453947368421, 0.16419956140350878, 0.027960526315789474, 0.03307748538011696
1 0.8337445175438597, 0.16566154970760233, 0.024945175438596492, 0.02412280701754386
1 0.8490953947368421, 0.16858552631578946, 0.044956140350877194, 0.043859649122807015
1 0.8192160087719298, 0.1897843567251462, 0.03042763157894737, 0.02942251461988304
1 0.8364857456140351, 0.1978252923976608, 0.026589912280701754, 0.03709795321637427
1 0.667077850877193, 0.15378289473684212, 0.02631578947368421, 0.03983918128654971
1 0.6421326754385965, 0.15579312865497075, 0.027138157894736843, 0.03654970760233918
1 1.1136239035087718, 0.15378289473684212, 0.049890350877192985, 0.021564327485380116
1 0.6062225877192983, 0.15597587719298245, 0.03125, 0.029605263157894735
1 0.5466008771929824, 0.17260599415204678, 0.034402412280701754, 0.03618421052631579
1 0.5746984649122807, 0.18174342105263158, 0.03919956140350877, 0.03234649122807018
1 0.5815515350877193, 0.19142909356725146, 0.04523026315789474, 0.030519005847953216
1 0.2811129385964912, 0.15615862573099415, 0.03481359649122807, 0.02540204678362573
1 0.3140076754385965, 0.15579312865497075, 0.030153508771929825, 0.03216374269005848
1 0.2929002192982456, 0.20257675438596492, 0.0581140350877193, 0.010964912280701754
1 0.23917214912280702, 0.20641447368421054, 0.04756030701754386, 0.027595029239766082
1 0.27261513157894735, 0.21116593567251463, 0.057291666666666664, 0.014985380116959063
1 0.2216282894736842, 0.22249634502923976, 0.023300438596491228, 0.033625730994152045
1 0.24191337719298245, 0.22359283625730994, 0.06112938596491228, 0.02320906432748538
1 0.26055372807017546, 0.22468932748538012, 0.057839912280701754, 0.02850877192982456
1 0.2827576754385965, 0.2320906432748538, 0.03262061403508772, 0.03883406432748538
1 0.21559758771929824, 0.24460891812865498, 0.052083333333333336, 0.031615497076023395
1 0.25287828947368424, 0.2524671052631579, 0.03728070175438596, 0.03545321637426901
1 0.7202576754385965, 0.15707236842105263, 0.0200109649122807, 0.035818713450292396
1 0.8071546052631579, 0.15707236842105263, 0.03234649122807018, 0.01882309941520468
1 0.7961211622807017, 0.17045869883040934, 0.02480811403508772, 0.03275767543859649
1 0.7778234649122807, 0.17278874269005848, 0.02768640350877193, 0.038011695906432746
1 0.7857730263157895, 0.19544956140350878, 0.03673245614035088, 0.03618421052631579
1 0.4486019736842105, 0.15908260233918128, 0.024396929824561403, 0.031615497076023395
1 0.42091557017543857, 0.16401681286549707, 0.03262061403508772, 0.019919590643274854
1 0.40803179824561403, 0.17754020467836257, 0.0400219298245614, 0.014985380116959063
1 0.35759320175438597, 0.17808845029239767, 0.05290570175438596, 0.023574561403508772
1 0.3989857456140351, 0.18704312865497075, 0.05537280701754386, 0.0266812865497076
1 0.37321820175438597, 0.20367324561403508, 0.05235745614035088, 0.02284356725146199
1 0.6980537280701754, 0.16017909356725146, 0.023300438596491228, 0.0360014619883041
1 0.5086348684210527, 0.16127558479532164, 0.021655701754385966, 0.03234649122807018
1 1.0382401315789473, 0.16145833333333334, 0.03262061403508772, 0.029239766081871343
1 1.0875822368421053, 0.16584429824561403, 0.049342105263157895, 0.020650584795321638
1 1.0862116228070176, 0.171875, 0.044407894736842105, 0.031980994152046784
1 1.1763980263157894, 0.16584429824561403, 0.027960526315789474, 0.03307748538011696
1 1.1572094298245614, 0.1678545321637427, 0.028782894736842105, 0.036366959064327485
1 1.2654879385964912, 0.17077850877192982, 0.02768640350877193, 0.028143274853801168
1 1.2468475877192982, 0.17607821637426901, 0.03070175438596491, 0.0360014619883041
1 1.2780975877192982, 0.19745979532163743, 0.03234649122807018, 0.03490497076023392
1 1.2441063596491229, 0.1983735380116959, 0.04577850877192982, 0.0360014619883041
1 1.2120339912280702, 0.20988669590643275, 0.03481359649122807, 0.03508771929824561
1 1.2424616228070176, 0.2170138888888889, 0.0356359649122807, 0.030153508771929825
1 1.2081962719298245, 0.17260599415204678, 0.021655701754385966, 0.03527046783625731
1 1.2172423245614035, 0.1804641812865497, 0.033717105263157895, 0.03545321637426901
1 1.1920230263157894, 0.18777412280701755, 0.026041666666666668, 0.03289473684210526
1 0.6273300438596491, 0.17297149122807018, 0.0400219298245614, 0.03508771929824561
1 0.6432291666666666, 0.203125, 0.05016447368421053, 0.021747076023391813
1 0.6733826754385965, 0.17461622807017543, 0.03125, 0.03618421052631579
1 0.24383223684210525, 0.17754020467836257, 0.031524122807017545, 0.03070175438596491
1 0.9938322368421053, 0.18119517543859648, 0.05235745614035088, 0.021198830409356724
1 0.8929550438596491, 0.18631213450292397, 0.03125, 0.02905701754385965
1 0.9192708333333334, 0.2122624269005848, 0.04015899122807018, 0.029605263157894735
1 0.9030975877192983, 0.21500365497076024, 0.046052631578947366, 0.03252923976608187
1 0.8814418859649122, 0.2164656432748538, 0.04029605263157895, 0.039656432748538015
1 0.36307565789473684, 0.18795687134502925, 0.06414473684210527, 0.017361111111111112
1 1.0470120614035088, 0.19106359649122806, 0.034265350877192985, 0.034173976608187134
1 1.014391447368421, 0.1945358187134503, 0.02631578947368421, 0.03234649122807018
1 1.0346765350877194, 0.19544956140350878, 0.02768640350877193, 0.031432748538011694
1 1.0132949561403508, 0.22359283625730994, 0.06633771929824561, 0.02266081871345029
1 1.0911458333333333, 0.1908808479532164, 0.03399122807017544, 0.033808479532163746
1 0.4864309210526316, 0.19216008771929824, 0.05194627192982456, 0.028143274853801168
1 0.6199287280701754, 0.19252558479532164, 0.024396929824561403, 0.04312865497076023
1 0.710046600877193, 0.1930281432748538, 0.03179824561403509, 0.031432748538011694
1 0.7282072368421053, 0.19307383040935672, 0.05071271929824561, 0.02448830409356725
1 0.6991502192982456, 0.21116593567251463, 0.03125, 0.03216374269005848
1 0.8600603070175439, 0.20056652046783627, 0.04194078947368421, 0.027960526315789474
1 0.5127467105263158, 0.2027595029239766, 0.06277412280701754, 0.01663011695906433
1 1.1651589912280702, 0.20422149122807018, 0.04797149122807018, 0.029970760233918127
1 0.35649671052631576, 0.20476973684210525, 0.054276315789473686, 0.02850877192982456
1 0.3422423245614035, 0.20550073099415206, 0.027138157894736843, 0.03234649122807018
1 0.3765076754385965, 0.22816154970760233, 0.03618421052631579, 0.034173976608187134
1 0.7602796052631579, 0.20732821637426901, 0.034265350877192985, 0.03673245614035088
1 0.1602247807017544, 0.20988669590643275, 0.03399122807017544, 0.0403874269005848
1 0.16269188596491227, 0.2515533625730994, 0.05619517543859649, 0.02010233918128655
1 0.4102247807017544, 0.21061769005847952, 0.03344298245614035, 0.039473684210526314
1 0.41515899122807015, 0.2256030701754386, 0.03974780701754386, 0.03307748538011696
1 0.31565241228070173, 0.2120796783625731, 0.027960526315789474, 0.027777777777777776
1 1.3011239035087718, 0.21262792397660818, 0.038651315789473686, 0.03252923976608187
1 0.5993695175438597, 0.21299342105263158, 0.03837719298245614, 0.039108187134502925
1 0.5346765350877193, 0.21573464912280702, 0.06387061403508772, 0.019736842105263157
1 0.5922423245614035, 0.234375, 0.03358004385964912, 0.025767543859649123
1 0.06537828947368421, 0.21335891812865498, 0.046600877192982455, 0.03125
1 0.8038651315789473, 0.21335891812865498, 0.03179824561403509, 0.033808479532163746
1 1.3331962719298245, 0.21408991228070176, 0.046600877192982455, 0.025219298245614034
1 0.17502741228070176, 0.2168311403508772, 0.04139254385964912, 0.03618421052631579
1 0.13555372807017543, 0.21737938596491227, 0.032072368421052634, 0.03344298245614035
1 0.7339638157894737, 0.21792763157894737, 0.0424890350877193, 0.04148391812865497
1 0.4883497807017544, 0.21902412280701755, 0.046600877192982455, 0.03764619883040936
1 0.5146655701754386, 0.22743055555555555, 0.06085526315789474, 0.020056652046783627
1 0.5294682017543859, 0.2433296783625731, 0.03344298245614035, 0.03782894736842105
1 0.548108552631579, 0.27640716374269003, 0.04029605263157895, 0.03307748538011696
1 0.5121984649122807, 0.2802448830409357, 0.04276315789473684, 0.02412280701754386
1 0.47546600877192985, 0.21920687134502925, 0.04331140350877193, 0.029239766081871343
1 0.6840734649122807, 0.22249634502923976, 0.030153508771929825, 0.038559941520467836
1 0.6566611842105263, 0.22286184210526316, 0.04084429824561404, 0.03728070175438596
1 1.1780427631578947, 0.22487207602339182, 0.03837719298245614, 0.03874269005847953
1 0.9009046052631579, 0.22505482456140352, 0.03536184210526316, 0.030519005847953216
1 0.8644462719298246, 0.22688230994152048, 0.05646929824561404, 0.041301169590643276
1 0.8452576754385965, 0.2340095029239766, 0.02412280701754386, 0.04057017543859649
1 0.8677357456140351, 0.2513706140350877, 0.05098684210526316, 0.029239766081871343
1 0.9239309210526315, 0.2588633040935672, 0.027412280701754384, 0.039473684210526314
1 1.1117050438596492, 0.23346125730994152, 0.0537280701754386, 0.014985380116959063
1 1.0609923245614035, 0.2480811403508772, 0.05592105263157895, 0.019554093567251463
1 1.0127467105263157, 0.24954312865497075, 0.031524122807017545, 0.030884502923976608
1 1.0354989035087718, 0.25356359649122806, 0.0356359649122807, 0.04641812865497076
1 0.7753563596491229, 0.23254751461988304, 0.03179824561403509, 0.029605263157894735
1 0.567297149122807, 0.23273026315789475, 0.0400219298245614, 0.03527046783625731
1 0.20243969298245615, 0.2340095029239766, 0.021655701754385966, 0.024853801169590642
1 1.2756304824561404, 0.2340095029239766, 0.049342105263157895, 0.03216374269005848
1 0.31154057017543857, 0.23620248538011696, 0.05263157894736842, 0.017361111111111112
1 0.3183936403508772, 0.24735014619883042, 0.04577850877192982, 0.03125
1 0.29399671052631576, 0.2524671052631579, 0.044956140350877194, 0.018457602339181287
1 0.27124451754385964, 0.26745248538011696, 0.05592105263157895, 0.02412280701754386
1 0.7276589912280702, 0.23729897660818713, 0.03919956140350877, 0.03892543859649123
1 0.6339089912280702, 0.2383954678362573, 0.03508771929824561, 0.03709795321637427
1 1.1596765350877194, 0.24022295321637427, 0.04550438596491228, 0.04367690058479532
1 0.7101151315789473, 0.24387792397660818, 0.03536184210526316, 0.038559941520467836
1 1.2304002192982457, 0.24607090643274854, 0.05290570175438596, 0.029970760233918127
1 1.2027138157894737, 0.2477156432748538, 0.04331140350877193, 0.030519005847953216
1 0.0727796052631579, 0.2466191520467836, 0.05235745614035088, 0.02138157894736842
1 0.12129934210526316, 0.24680190058479531, 0.03919956140350877, 0.0268640350877193
1 0.4927357456140351, 0.24716739766081872, 0.04906798245614035, 0.02942251461988304
1 0.44257127192982454, 0.2482638888888889, 0.04057017543859649, 0.02905701754385965
1 0.5620888157894737, 0.2484466374269006, 0.04057017543859649, 0.0268640350877193
1 1.1319901315789473, 0.2484466374269006, 0.04468201754385965, 0.0222953216374269
1 0.9551809210526315, 0.24899488304093567, 0.06304824561403509, 0.026133040935672515
1 0.39871162280701755, 0.2555738304093567, 0.04523026315789474, 0.017361111111111112
1 0.6086896929824561, 0.2555738304093567, 0.02631578947368421, 0.035818713450292396
1 0.42557565789473684, 0.2590460526315789, 0.03344298245614035, 0.023026315789473683
1 0.4296875, 0.27823464912280704, 0.06332236842105263, 0.018092105263157895
1 0.6580317982456141, 0.2588633040935672, 0.049890350877192985, 0.014802631578947368
1 0.36938048245614036, 0.2612390350877193, 0.033717105263157895, 0.038011695906432746
1 1.0086348684210527, 0.28079312865497075, 0.03728070175438596, 0.03527046783625731
1 0.9305098684210527, 0.29851973684210525, 0.03618421052631579, 0.04678362573099415
1 0.9910910087719298, 0.30235745614035087, 0.042214912280701754, 0.04331140350877193
1 0.9702576754385965, 0.31734283625730997, 0.033717105263157895, 0.03709795321637427
1 0.7857730263157895, 0.26398026315789475, 0.02850877192982456, 0.03728070175438596
1 0.7627467105263158, 0.2652595029239766, 0.026041666666666668, 0.04331140350877193
1 0.9708059210526315, 0.2654422514619883, 0.036458333333333336, 0.036366959064327485
1 1.0705866228070176, 0.2652595029239766, 0.029605263157894735, 0.03399122807017544
1 0.05057565789473684, 0.2658077485380117, 0.047149122807017545, 0.02284356725146199
1 1.2685032894736843, 0.26763523391812866, 0.032072368421052634, 0.03929093567251462
1 1.2419133771929824, 0.2689144736842105, 0.03125, 0.0360014619883041
1 1.2394462719298245, 0.3016264619883041, 0.060032894736842105, 0.020285087719298246
1 0.23478618421052633, 0.26800073099415206, 0.028782894736842105, 0.027960526315789474
1 0.2109375, 0.2932200292397661, 0.06606359649122807, 0.027046783625730993
1 0.8400493421052632, 0.2690972222222222, 0.04523026315789474, 0.03435672514619883
1 0.5763432017543859, 0.2696454678362573, 0.04139254385964912, 0.01918859649122807
1 0.3866502192982456, 0.2703764619883041, 0.03399122807017544, 0.026133040935672515
1 0.38061951754385964, 0.29194078947368424, 0.025219298245614034, 0.022112573099415205
1 0.6355537280701754, 0.2733004385964912, 0.078125, 0.021198830409356724
1 0.49246162280701755, 0.2723866959064328, 0.034265350877192985, 0.03344298245614035
1 0.47820723684210525, 0.30254020467836257, 0.04276315789473684, 0.04057017543859649
1 0.42996162280701755, 0.3050986842105263, 0.05921052631578947, 0.025219298245614034
1 0.33758223684210525, 0.2733004385964912, 0.03782894736842105, 0.03664108187134503
1 0.18434758771929824, 0.2736659356725146, 0.027960526315789474, 0.029970760233918127
1 0.7367050438596491, 0.2754934210526316, 0.03234649122807018, 0.0400219298245614
1 1.1284265350877194, 0.2753106725146199, 0.027412280701754384, 0.038011695906432746
1 1.1462445175438596, 0.2796966374269006, 0.023300438596491228, 0.03874269005847953
1 1.079906798245614, 0.27823464912280704, 0.04139254385964912, 0.033808479532163746
1 1.1070449561403508, 0.2795138888888889, 0.028782894736842105, 0.03709795321637427
1 0.8622532894736842, 0.28152412280701755, 0.05537280701754386, 0.031067251461988302
1 1.2213541666666667, 0.2837171052631579, 0.030975877192982455, 0.03399122807017544
1 1.197779605263158, 0.2891995614035088, 0.025767543859649123, 0.04422514619883041
1 0.3945997807017544, 0.28444809941520466, 0.046600877192982455, 0.036915204678362575
1 0.6796875, 0.2862755847953216, 0.03728070175438596, 0.030884502923976608
1 0.7024396929824561, 0.307108918128655, 0.027412280701754384, 0.030519005847953216
1 0.6585800438596491, 0.2932200292397661, 0.030153508771929825, 0.038011695906432746
1 0.641858552631579, 0.313687865497076, 0.04029605263157895, 0.02905701754385965
1 0.7865953947368421, 0.29523026315789475, 0.05701754385964912, 0.02010233918128655
1 0.26137609649122806, 0.29559576023391815, 0.048793859649122806, 0.01663011695906433
1 1.0497532894736843, 0.2999817251461988, 0.05455043859649123, 0.03399122807017544
1 1.0267269736842106, 0.3001644736842105, 0.024945175438596492, 0.03618421052631579
1 0.5215186403508771, 0.3049159356725146, 0.04413377192982456, 0.039108187134502925
1 1.0916940789473684, 0.30528143274853803, 0.02987938596491228, 0.03545321637426901
1 0.5557839912280702, 0.3060124269005848, 0.03179824561403509, 0.04331140350877193
1 1.183799342105263, 0.3060124269005848, 0.03892543859649123, 0.0356359649122807
1 0.754797149122807, 0.3069261695906433, 0.03892543859649123, 0.047149122807017545
1 0.8660910087719298, 0.30765716374269003, 0.061677631578947366, 0.07913011695906433
1 0.8658168859649122, 0.30838815789473684, 0.035910087719298246, 0.039656432748538015
1 0.8315515350877193, 0.30838815789473684, 0.030975877192982455, 0.0400219298245614
1 0.2961896929824561, 0.31259137426900585, 0.03399122807017544, 0.039656432748538015
1 1.2364309210526316, 0.313687865497076, 0.06414473684210527, 0.027412280701754384
1 1.2238212719298245, 0.31661184210526316, 0.04632675438596491, 0.033808479532163746
1 1.2109375, 0.34365862573099415, 0.05016447368421053, 0.01864035087719298
1 0.41104714912280704, 0.31935307017543857, 0.021929824561403508, 0.033625730994152045
1 1.1171875, 0.32245979532163743, 0.024945175438596492, 0.033625730994152045
1 0.9168037280701754, 0.32319078947368424, 0.02823464912280702, 0.036915204678362575
1 0.04180372807017544, 0.3420138888888889, 0.029468201754385966, 0.03545321637426901
1 0.15474232456140352, 0.3250182748538012, 0.027412280701754384, 0.034173976608187134
1 0.21408991228070176, 0.32520102339181284, 0.04564144736842105, 0.03709795321637427
1 0.09525767543859649, 0.32538377192982454, 0.03673245614035088, 0.039473684210526314
1 0.12870065789473684, 0.32684576023391815, 0.027412280701754384, 0.02631578947368421
1 0.11663925438596491, 0.3456688596491228, 0.03508771929824561, 0.04641812865497076
1 0.7706962719298246, 0.32684576023391815, 0.032072368421052634, 0.04550438596491228
1 0.7350603070175439, 0.35060307017543857, 0.051535087719298246, 0.03673245614035088
1 0.7775493421052632, 0.36065423976608185, 0.04084429824561404, 0.03490497076023392
1 1.0004111842105263, 0.3279422514619883, 0.01864035087719298, 0.033625730994152045
1 0.4225603070175439, 0.3288559941520468, 0.03042763157894737, 0.03435672514619883
1 0.39432565789473684, 0.3549890350877193, 0.061677631578947366, 0.02540204678362573
1 0.48917214912280704, 0.33379020467836257, 0.02823464912280702, 0.03125
1 0.6942160087719298, 0.3358004385964912, 0.03234649122807018, 0.04203216374269006
1 1.016858552631579, 0.3359831871345029, 0.0424890350877193, 0.025767543859649123
1 1.0478344298245614, 0.3372624269005848, 0.04111842105263158, 0.04513888888888889
1 0.3129111842105263, 0.33671418128654973, 0.04111842105263158, 0.033625730994152045
1 0.4496984649122807, 0.33671418128654973, 0.049890350877192985, 0.031067251461988302
1 -0.00013706140350877192, 0.3379934210526316, 0.01617324561403509, 0.0445906432748538
1 0.008086622807017545, 0.344937865497076, 0.019462719298245616, 0.030884502923976608
1 0.6248629385964912, 0.338358918128655, 0.03618421052631579, 0.0360014619883041
1 0.8046875, 0.33908991228070173, 0.033717105263157895, 0.03874269005847953
1 0.5442708333333334, 0.3421966374269006, 0.0581140350877193, 0.02850877192982456
1 0.5864857456140351, 0.342562134502924, 0.041666666666666664, 0.03326023391812866
1 1.1385690789473684, 0.34786184210526316, 0.04577850877192982, 0.03125
1 0.6632401315789473, 0.34804459064327486, 0.03042763157894737, 0.051900584795321635
1 0.3159265350877193, 0.3515168128654971, 0.04358552631578947, 0.027046783625730993
1 0.5017817982456141, 0.3516995614035088, 0.024396929824561403, 0.03654970760233918
1 0.8556743421052632, 0.3520650584795322, 0.03453947368421053, 0.039473684210526314
1 0.8342927631578947, 0.35352704678362573, 0.04920504385964912, 0.0400219298245614
1 0.5237116228070176, 0.3527960526315789, 0.0268640350877193, 0.02887426900584795
1 0.9480537280701754, 0.35334429824561403, 0.03399122807017544, 0.034722222222222224
1 0.3652686403508772, 0.35425804093567254, 0.035910087719298246, 0.034173976608187134
1 0.40145285087719296, 0.37180190058479534, 0.04358552631578947, 0.016264619883040937
1 0.3496436403508772, 0.3862390350877193, 0.06195175438596491, 0.02850877192982456
1 0.1425438596491228, 0.3546235380116959, 0.028097587719298246, 0.041301169590643276
1 0.11883223684210527, 0.39172149122807015, 0.05838815789473684, 0.017361111111111112
1 0.10786732456140351, 0.40652412280701755, 0.06030701754385965, 0.02722953216374269
1 0.8995339912280702, 0.3549890350877193, 0.051535087719298246, 0.039656432748538015
1 0.26740679824561403, 0.3584612573099415, 0.03289473684210526, 0.04148391812865497
1 0.9984923245614035, 0.3584612573099415, 0.05400219298245614, 0.01918859649122807
1 1.2062774122807018, 0.3602887426900585, 0.06469298245614036, 0.01918859649122807
1 0.1679002192982456, 0.36211622807017546, 0.036458333333333336, 0.0402046783625731
1 0.08977521929824561, 0.36558845029239767, 0.03344298245614035, 0.04203216374269006
1 0.21025219298245615, 0.3668676900584795, 0.047286184210526314, 0.04586988304093567
1 0.21943530701754385, 0.38221856725146197, 0.04331140350877193, 0.04075292397660819
1 0.7065515350877193, 0.3675986842105263, 0.024945175438596492, 0.037463450292397664
1 0.7312225877192983, 0.36778143274853803, 0.02275219298245614, 0.046052631578947366
1 1.067845394736842, 0.36778143274853803, 0.029331140350877194, 0.04258040935672515
1 1.0788103070175439, 0.40634137426900585, 0.03618421052631579, 0.05701754385964912
1 0.4702576754385965, 0.36814692982456143, 0.032072368421052634, 0.049707602339181284
1 0.4310581140350877, 0.41566154970760233, 0.04303728070175439, 0.02101608187134503
1 0.3847313596491228, 0.4359466374269006, 0.06140350877192982, 0.02503654970760234
1 0.6369243421052632, 0.3685124269005848, 0.032072368421052634, 0.04824561403508772
1 0.29372258771929827, 0.3688779239766082, 0.036458333333333336, 0.0222953216374269
1 0.3578673245614035, 0.3688779239766082, 0.023848684210526317, 0.02905701754385965
1 1.1103344298245614, 0.37070540935672514, 0.04194078947368421, 0.03490497076023392
1 0.036047149122807015, 0.37180190058479534, 0.03755482456140351, 0.051900584795321635
1 -0.00013706140350877192, 0.4143823099415205, 0.05098684210526316, 0.015350877192982455
1 0.006716008771929825, 0.3723501461988304, 0.03289473684210526, 0.044042397660818716
1 0.5736019736842105, 0.37545687134502925, 0.0356359649122807, 0.03453947368421053
1 0.5193256578947368, 0.3760051169590643, 0.03837719298245614, 0.033808479532163746
1 0.6854440789473685, 0.3771016081871345, 0.026589912280701754, 0.036366959064327485
1 0.6481633771929824, 0.39939692982456143, 0.04468201754385965, 0.03709795321637427
1 0.6700932017543859, 0.40561038011695905, 0.061197916666666664, 0.03234649122807018
1 0.43571820175438597, 0.3772843567251462, 0.02823464912280702, 0.044407894736842105
1 0.41049890350877194, 0.38495979532163743, 0.027960526315789474, 0.0360014619883041
1 0.3932291666666667, 0.417671783625731, 0.05016447368421053, 0.028326023391812866
1 0.3743146929824561, 0.41913377192982454, 0.039473684210526314, 0.041666666666666664
1 0.7986567982456141, 0.37947733918128657, 0.04084429824561404, 0.04294590643274854
1 0.7438322368421053, 0.37947733918128657, 0.03125, 0.03618421052631579
1 0.9905427631578947, 0.3840460526315789, 0.03262061403508772, 0.0533625730994152
1 1.1563870614035088, 0.38422880116959063, 0.07072368421052631, 0.029605263157894735
1 1.0374177631578947, 0.38477704678362573, 0.03262061403508772, 0.03125
1 0.6048519736842105, 0.3866045321637427, 0.02631578947368421, 0.03728070175438596
1 0.4897203947368421, 0.38843201754385964, 0.028782894736842105, 0.03654970760233918
1 0.838952850877193, 0.38843201754385964, 0.025219298245614034, 0.04861111111111111
1 0.3320997807017544, 0.4079861111111111, 0.02768640350877193, 0.030884502923976608
1 0.8619791666666666, 0.39245248538011696, 0.04358552631578947, 0.04057017543859649
1 0.9135142543859649, 0.39281798245614036, 0.032072368421052634, 0.044956140350877194
1 0.5050712719298246, 0.3950109649122807, 0.03673245614035088, 0.04331140350877193
1 0.938733552631579, 0.3951937134502924, 0.05482456140350877, 0.04331140350877193
1 0.9428453947368421, 0.43064692982456143, 0.02905701754385965, 0.033625730994152045
1 0.7364309210526315, 0.39592470760233917, 0.06524122807017543, 0.027595029239766082
1 0.7353344298245614, 0.4184027777777778, 0.06332236842105263, 0.021747076023391813
1 0.6953125, 0.4249817251461988, 0.05893640350877193, 0.02448830409356725
1 0.7449287280701754, 0.436312134502924, 0.03262061403508772, 0.025219298245614034
1 0.051672149122807015, 0.3973866959064328, 0.04029605263157895, 0.041301169590643276
1 0.3586896929824561, 0.40286915204678364, 0.05592105263157895, 0.028143274853801168
1 1.151452850877193, 0.40707236842105265, 0.02823464912280702, 0.04422514619883041
1 0.6177357456140351, 0.407437865497076, 0.031524122807017545, 0.0447733918128655
1 0.5341282894736842, 0.4079861111111111, 0.02987938596491228, 0.03234649122807018
1 1.1245888157894737, 0.4114583333333333, 0.03728070175438596, 0.05007309941520468
1 1.1495339912280702, 0.4441703216374269, 0.0625, 0.02320906432748538
1 0.5797697368421053, 0.407437865497076, 0.03741776315789474, 0.03326023391812866
1 0.5604440789473685, 0.41639254385964913, 0.060032894736842105, 0.034173976608187134
1 0.44257127192982454, 0.4145650584795322, 0.048793859649122806, 0.03618421052631579
1 0.2676809210526316, 0.4168951023391813, 0.057839912280701754, 0.02526498538011696
1 1.048656798245614, 0.4171235380116959, 0.027960526315789474, 0.036915204678362575
1 1.0305646929824561, 0.4357638888888889, 0.03453947368421053, 0.03435672514619883
1 1.0675712719298245, 0.46500365497076024, 0.03892543859649123, 0.03728070175438596
1 1.0028782894736843, 0.4704861111111111, 0.07606907894736842, 0.02448830409356725
1 1.0237116228070176, 0.480171783625731, 0.055098684210526314, 0.018457602339181287
1 1.0154879385964912, 0.4868421052631579, 0.03042763157894737, 0.014163011695906433
1 1.0412554824561404, 0.49040570175438597, 0.044956140350877194, 0.052448830409356724
1 0.9928728070175439, 0.48775584795321636, 0.02850877192982456, 0.018914473684210526
1 1.0692160087719298, 0.49625365497076024, 0.039473684210526314, 0.04422514619883041
1 1.0121984649122806, 0.4971673976608187, 0.04303728070175439, 0.017543859649122806
1 1.0078125, 0.5099597953216374, 0.049342105263157895, 0.029970760233918127
1 1.0223410087719298, 0.522203947368421, 0.03481359649122807, 0.031615497076023395
1 0.07086074561403509, 0.4178545321637427, 0.033717105263157895, 0.03453947368421053
1 0.0903234649122807, 0.41986476608187134, 0.04139254385964912, 0.04586988304093567
1 0.16954495614035087, 0.41913377192982454, 0.039884868421052634, 0.031067251461988302
1 0.8765076754385965, 0.42059576023391815, 0.035910087719298246, 0.04331140350877193
1 0.9030975877192983, 0.43375365497076024, 0.04331140350877193, 0.03070175438596491
1 0.8455317982456141, 0.4385051169590643, 0.04906798245614035, 0.03764619883040936
1 0.8888432017543859, 0.45897295321637427, 0.0356359649122807, 0.02010233918128655
1 0.8965186403508771, 0.4706688596491228, 0.04824561403508772, 0.03234649122807018
1 0.8134594298245614, 0.4715826023391813, 0.051535087719298246, 0.039108187134502925
1 0.8356633771929824, 0.47322733918128657, 0.04851973684210526, 0.03490497076023392
1 0.8680098684210527, 0.4766995614035088, 0.02768640350877193, 0.04331140350877193
1 0.8360745614035088, 0.5063048245614035, 0.0546875, 0.04148391812865497
1 0.7983826754385965, 0.43283991228070173, 0.06633771929824561, 0.026498538011695907
1 0.8093475877192983, 0.45184576023391815, 0.039473684210526314, 0.039108187134502925
1 0.7770010964912281, 0.45879020467836257, 0.04303728070175439, 0.04075292397660819
1 0.7441063596491229, 0.45897295321637427, 0.03453947368421053, 0.033625730994152045
1 0.7912554824561403, 0.4849232456140351, 0.029605263157894735, 0.05171783625730994
1 0.7482182017543859, 0.49077119883040937, 0.044407894736842105, 0.03289473684210526
1 1.001233552631579, 0.4224232456140351, 0.044956140350877194, 0.03673245614035088
1 0.9535361842105263, 0.43686038011695905, 0.04084429824561404, 0.0400219298245614
1 0.9192708333333334, 0.4571454678362573, 0.044956140350877194, 0.031615497076023395
1 0.9436677631578947, 0.4841922514619883, 0.039473684210526314, 0.03709795321637427
1 0.9742324561403509, 0.5068530701754386, 0.04180372807017544, 0.019554093567251463
1 0.9384594298245614, 0.5070358187134503, 0.032072368421052634, 0.022478070175438597
1 0.985608552631579, 0.5211074561403509, 0.03399122807017544, 0.04111842105263158
1 0.9521655701754386, 0.5248538011695907, 0.042214912280701754, 0.02585891812865497
1 0.4616228070175439, 0.42461622807017546, 0.0459155701754386, 0.02503654970760234
1 0.4538103070175439, 0.438687865497076, 0.05646929824561404, 0.03709795321637427
1 0.5766173245614035, 0.4459978070175439, 0.046052631578947366, 0.04532163742690058
1 0.4173519736842105, 0.44727704678362573, 0.04824561403508772, 0.03654970760233918
1 0.5568804824561403, 0.4529422514619883, 0.024671052631578948, 0.04239766081871345
1 0.5067160087719298, 0.45358187134502925, 0.0649671052631579, 0.027869152046783627
1 0.4965734649122807, 0.467562134502924, 0.06085526315789474, 0.03983918128654971
1 0.4505208333333333, 0.46902412280701755, 0.04194078947368421, 0.02010233918128655
1 0.47354714912280704, 0.4803545321637427, 0.02768640350877193, 0.02412280701754386
1 1.0645559210526316, 0.42717470760233917, 0.031524122807017545, 0.041301169590643276
1 0.00013706140350877192, 0.42790570175438597, 0.060581140350877194, 0.01882309941520468
1 0.10896381578947369, 0.4286366959064328, 0.06825657894736842, 0.031615497076023395
1 0.11855811403508772, 0.4450840643274854, 0.06387061403508772, 0.014985380116959063
1 0.1034813596491228, 0.45842470760233917, 0.04523026315789474, 0.015533625730994151
1 0.2676809210526316, 0.43357090643274854, 0.02850877192982456, 0.03782894736842105
1 0.24438048245614036, 0.4364948830409357, 0.028782894736842105, 0.02942251461988304
1 0.20874451754385964, 0.44161184210526316, 0.02905701754385965, 0.029970760233918127
1 0.24684758771929824, 0.46865862573099415, 0.03289473684210526, 0.03874269005847953
1 0.19997258771929824, 0.46938961988304095, 0.04468201754385965, 0.0360014619883041
1 0.20627741228070176, 0.4748720760233918, 0.05646929824561404, 0.041849415204678365
1 0.3046875, 0.4361293859649123, 0.044407894736842105, 0.02101608187134503
1 0.635827850877193, 0.4361293859649123, 0.05503015350877193, 0.03673245614035088
1 0.6942160087719298, 0.4487390350877193, 0.030153508771929825, 0.04239766081871345
1 0.6755756578947368, 0.45824195906432746, 0.03344298245614035, 0.03435672514619883
1 0.6756441885964912, 0.4895833333333333, 0.06489857456140351, 0.0333516081871345
1 0.6810581140350878, 0.49643640350877194, 0.05482456140350877, 0.03764619883040936
1 0.34690241228070173, 0.43704312865497075, 0.03042763157894737, 0.0402046783625731
1 0.3066063596491228, 0.4487390350877193, 0.04906798245614035, 0.02284356725146199
1 0.3140076754385965, 0.4662828947368421, 0.035910087719298246, 0.03344298245614035
1 0.2942708333333333, 0.4673793859649123, 0.04139254385964912, 0.044407894736842105
1 0.27617872807017546, 0.44142909356725146, 0.0356359649122807, 0.03892543859649123
1 0.2805646929824561, 0.4776133040935672, 0.01781798245614035, 0.02942251461988304
1 0.0006853070175438596, 0.4434393274853801, 0.06469298245614036, 0.0400219298245614
1 0.0478344298245614, 0.45111476608187134, 0.04523026315789474, 0.021564327485380116
1 0.00013706140350877192, 0.4600694444444444, 0.017269736842105265, 0.020650584795321638
1 0.017955043859649123, 0.4635416666666667, 0.03508771929824561, 0.033625730994152045
1 0.08977521929824561, 0.4670138888888889, 0.04413377192982456, 0.03125
1 0.0615405701754386, 0.46920687134502925, 0.03536184210526316, 0.017726608187134504
1 0.09580592105263158, 0.4798062865497076, 0.03234649122807018, 0.037463450292397664
1 0.00013706140350877192, 0.4887609649122807, 0.027754934210526317, 0.02617872807017544
1 0.00013706140350877192, 0.5139802631578947, 0.04358552631578947, 0.04239766081871345
1 0.029468201754385966, 0.5139802631578947, 0.057839912280701754, 0.03326023391812866
1 1.0988212719298245, 0.4434393274853801, 0.04194078947368421, 0.03709795321637427
1 0.19092653508771928, 0.4463633040935672, 0.03179824561403509, 0.03764619883040936
1 0.13527960526315788, 0.4534904970760234, 0.039473684210526314, 0.04952485380116959
1 0.36746162280701755, 0.4538559941520468, 0.07017543859649122, 0.025950292397660817
1 0.4135142543859649, 0.4847404970760234, 0.02138157894736842, 0.03874269005847953
1 0.1758497807017544, 0.4624451754385965, 0.03412828947368421, 0.04047880116959064
1 1.1530975877192982, 0.4661001461988304, 0.04797149122807018, 0.017543859649122806
1 1.1624177631578947, 0.4754203216374269, 0.03919956140350877, 0.03216374269005848
1 1.186266447368421, 0.5046600877192983, 0.04906798245614035, 0.04806286549707602
1 1.1067708333333333, 0.47194809941520466, 0.025767543859649123, 0.04751461988304093
1 1.1530975877192982, 0.4852887426900585, 0.0381030701754386, 0.04367690058479532
1 1.0911458333333333, 0.5143457602339181, 0.03796600877192982, 0.04331140350877193
1 1.1390487938596492, 0.5177266081871345, 0.06914747807017543, 0.031524122807017545
1 0.5105537280701754, 0.4772478070175439, 0.0537280701754386, 0.03709795321637427
1 0.34059758771929827, 0.47797880116959063, 0.02905701754385965, 0.046600877192982455
1 0.36636513157894735, 0.48218201754385964, 0.022478070175438597, 0.04075292397660819
1 0.02919407894736842, 0.47852704678362573, 0.033717105263157895, 0.03874269005847953
1 1.2227247807017543, 0.4809027777777778, 0.047149122807017545, 0.03618421052631579
1 1.2534265350877194, 0.4838267543859649, 0.04057017543859649, 0.04203216374269006
1 0.0546875, 0.48236476608187134, 0.04906798245614035, 0.05062134502923977
1 0.07552083333333333, 0.48583698830409355, 0.03042763157894737, 0.030519005847953216
1 1.1980537280701755, 0.4920504385964912, 0.046600877192982455, 0.04331140350877193
1 0.38308662280701755, 0.48729897660818716, 0.03042763157894737, 0.04696637426900585
1 0.4518914473684211, 0.48930921052631576, 0.06359649122807018, 0.03326023391812866
1 0.5412554824561403, 0.49533991228070173, 0.06414473684210527, 0.03709795321637427
1 0.23780153508771928, 0.4973501461988304, 0.044407894736842105, 0.03234649122807018
1 0.2759046052631579, 0.500639619883041, 0.035910087719298246, 0.05080409356725146
1 0.8183936403508771, 0.5063048245614035, 0.04358552631578947, 0.0360014619883041
1 0.13719846491228072, 0.5077668128654971, 0.07236842105263158, 0.0266812865497076
1 0.23862390350877194, 0.511421783625731, 0.04057017543859649, 0.044407894736842105
1 1.2575383771929824, 0.5116045321637427, 0.06071820175438596, 0.039473684210526314
1 0.5119243421052632, 0.5214729532163743, 0.051535087719298246, 0.019554093567251463
1 0.08950109649122807, 0.5223866959064327, 0.02905701754385965, 0.03125
1 0.45490679824561403, 0.5275036549707602, 0.05290570175438596, 0.030519005847953216
1 0.40254934210526316, 0.530610380116959, 0.02905701754385965, 0.03819444444444445
1 0.14761513157894737, 0.5315241228070176, 0.07182017543859649, 0.024671052631578948
1 0.8159265350877193, 0.5333516081871345, 0.032072368421052634, 0.04568713450292398
1 1.1429550438596492, 0.5338998538011696, 0.057839912280701754, 0.0360014619883041
1 0.7749451754385965, 0.5344480994152047, 0.04618969298245614, 0.05646929824561404
1 0.7408168859649122, 0.5605811403508771, 0.043859649122807015, 0.021198830409356724
1 0.7194353070175439, 0.5773940058479532, 0.05455043859649123, 0.029331140350877194
1 0.6632401315789473, 0.5371893274853801, 0.04797149122807018, 0.03782894736842105
1 0.38116776315789475, 0.538468567251462, 0.03618421052631579, 0.03673245614035088
1 0.11581688596491228, 0.5399305555555556, 0.02850877192982456, 0.03709795321637427
1 0.17173793859649122, 0.5550986842105263, 0.042214912280701754, 0.03764619883040936
1 0.13199013157894737, 0.5627741228070176, 0.05756578947368421, 0.04203216374269006
1 0.7219024122807017, 0.540296052631579, 0.035910087719298246, 0.038559941520467836
1 0.30167214912280704, 0.5424890350877193, 0.04797149122807018, 0.04824561403508772
1 0.24958881578947367, 0.5435855263157895, 0.0537280701754386, 0.02284356725146199
1 0.5346765350877193, 0.5431286549707602, 0.06825657894736842, 0.027320906432748537
1 0.06016995614035088, 0.5465095029239766, 0.038651315789473686, 0.04367690058479532
1 0.08456688596491228, 0.5519919590643275, 0.04276315789473684, 0.04751461988304093
1 0.8197642543859649, 0.5466922514619883, 0.04111842105263158, 0.05391081871345029
1 0.6254111842105263, 0.5503472222222222, 0.0381030701754386, 0.03837719298245614
1 0.8863760964912281, 0.5547331871345029, 0.05098684210526316, 0.0491593567251462
1 0.9296875, 0.5580226608187134, 0.033168859649122806, 0.04312865497076023
1 0.04043311403508772, 0.6031615497076024, 0.05400219298245614, 0.017178362573099414
1 0.4642269736842105, 0.5589364035087719, 0.05866228070175439, 0.03326023391812866
1 0.00013706140350877192, 0.5602156432748538, 0.009594298245614035, 0.018457602339181287
1 0.04290021929824561, 0.5616776315789473, 0.04029605263157895, 0.038011695906432746
1 0.8611567982456141, 0.5625913742690059, 0.03453947368421053, 0.055738304093567254
1 1.0873081140350878, 0.5660635964912281, 0.046600877192982455, 0.04842836257309942
1 0.5042489035087719, 0.5677083333333334, 0.046052631578947366, 0.05043859649122807
1 0.5503015350877193, 0.5704495614035088, 0.05825109649122807, 0.022112573099415205
1 0.5418037280701754, 0.5812317251461988, 0.04824561403508772, 0.025767543859649123
1 0.6925712719298246, 0.5678910818713451, 0.030153508771929825, 0.03527046783625731
1 0.42351973684210525, 0.5730080409356725, 0.05071271929824561, 0.054093567251461985
1 0.5845668859649122, 0.5737390350877193, 0.05455043859649123, 0.03618421052631579
1 0.8331962719298246, 0.5766630116959064, 0.033168859649122806, 0.04696637426900585
1 0.9710800438596491, 0.5786732456140351, 0.03262061403508772, 0.035818713450292396
1 1.2515076754385965, 0.5794042397660819, 0.033168859649122806, 0.04952485380116959
1 0.985608552631579, 0.5867141812865497, 0.0381030701754386, 0.0356359649122807
1 1.0004111842105263, 0.5883589181286549, 0.05537280701754386, 0.03709795321637427
1 0.8880208333333334, 0.5958516081871345, 0.05263157894736842, 0.021198830409356724
1 0.6892817982456141, 0.6195175438596491, 0.059484649122807015, 0.046875
1 0.22245065789473684, 0.44001279239766083, 0.042214912280701754, 0.03463084795321637
1 0.8839089912280702, 0.4908625730994152, 0.0381030701754386, 0.029696637426900586
1 0.8907620614035088, 0.5025584795321637, 0.05304276315789474, 0.038011695906432746
1 0.7365679824561403, 0.49607090643274854, 0.038651315789473686, 0.041758040935672515
1 0.5885416666666666, 0.4604349415204678, 0.044270833333333336, 0.04824561403508772
1 0.6007401315789473, 0.4689327485380117, 0.03577302631578947, 0.054184941520467836
1 0.6305509868421053, 0.46367872807017546, 0.033168859649122806, 0.04906798245614035
1 0.6295915570175439, 0.4809027777777778, 0.03447094298245614, 0.03686951754385965
1 0.6583771929824562, 0.4699122807017544, 0.0250109649122807, 0.04984466374269006
1 0.41899671052631576, 0.4745065789473684, 0.03358004385964912, 0.04961622807017544
1 0.37476425438596495, 0.47384868421052634, 0.05143092105263158, 0.017406798245614034
1 1.1285635964912282, 0.467562134502924, 0.024671052631578948, 0.049798976608187134
1 1.1145833333333333, 0.507218567251462, 0.035567434210526314, 0.055509868421052634
1 1.2032319078947369, 0.4855336257309942, 0.061707785087719305, 0.049051535087719304
1 1.144325657894737, 0.28618421052631576, 0.046052631578947366, 0.04641812865497076
1 1.1640625, 0.2694627192982456, 0.03782894736842105, 0.0356359649122807
1 1.0977247807017543, 0.2642543859649123, 0.06112938596491228, 0.015122441520467836
1 1.1174616228070176, 0.20741959064327486, 0.05455043859649123, 0.017543859649122806
1 1.1000548245614035, 0.22076023391812866, 0.07168311403508772, 0.015807748538011698
1 0.9854714912280702, 0.45010964912280704, 0.04618969298245614, 0.030519005847953216
1 0.9642269736842105, 0.46536915204678364, 0.031661184210526314, 0.046144005847953216
1 0.9595668859649122, 0.30043859649122806, 0.02823464912280702, 0.04559576023391813
1 0.9498355263157895, 0.26242690058479534, 0.036047149122807015, 0.04303728070175439
1 1.0836074561403508, 0.23528874269005848, 0.050027412280701754, 0.030062134502923978
1 1.0226151315789473, 0.23172514619883042, 0.07168311403508772, 0.024396929824561403
1 1.0610553728070176, 0.17994152046783626, 0.03782894736842105, 0.036915204678362575
1 1.0541282894736843, 0.16774122807017544, 0.033168859649122806, 0.02275219298245614
1 0.8910361842105263, 0.16164108187134502, 0.03680098684210526, 0.025904605263157895
1 0.8871984649122807, 0.16931652046783627, 0.03885690789473684, 0.032300804093567254
1 0.8085252192982456, 0.2505482456140351, 0.030975877192982455, 0.03819444444444445
1 0.829358552631579, 0.24433479532163743, 0.02768640350877193, 0.04367690058479532
1 0.7783717105263158, 0.4215095029239766, 0.05921052631578947, 0.023940058479532164
1 0.7639802631578947, 0.4418859649122807, 0.0381030701754386, 0.03234649122807018
1 0.719983552631579, 0.4475511695906433, 0.0268640350877193, 0.04998172514619883
1 0.6635690789473684, 0.4391063596491228, 0.06894188596491228, 0.01918859649122807
1 0.5635964912280702, 0.14364035087719298, 0.03755482456140351, 0.021198830409356724
1 0.5374177631578947, 0.15232090643274854, 0.03234649122807018, 0.04157529239766082
1 0.5648300438596491, 0.15474232456140352, 0.04708059210526316, 0.020970394736842105
1 0.5738760964912281, 0.1644279970760234, 0.03652686403508772, 0.030975877192982455
1 0.4960252192982456, 0.4397843567251462, 0.08209978070175439, 0.021747076023391813
1 0.4789610745614035, 0.4506578947368421, 0.03159265350877193, 0.03897112573099415
1 0.29194078947368424, 0.18174342105263158, 0.06387061403508772, 0.025310672514619884
1 0.27316337719298245, 0.180281432748538, 0.0537280701754386, 0.028782894736842105
1 0.36430921052631576, 0.23318713450292397, 0.026589912280701754, 0.033808479532163746
1 0.3223684210526316, 0.26644736842105265, 0.06112938596491228, 0.032072368421052634
1 0.2916666666666667, 0.38998538011695905, 0.0542077850877193, 0.028417397660818713
1 0.28440241228070173, 0.3965186403508772, 0.03296326754385965, 0.02147295321637427
1 0.15350877192982457, 0.4481451023391813, 0.03782894736842105, 0.05587536549707602
1 0.06729714912280702, 0.32748538011695905, 0.037143640350877194, 0.042214912280701754
1 0.026589912280701754, 0.32346491228070173, 0.04290021929824561, 0.041849415204678365
1 6.853070175438596e-05, 0.4439418859649123, 0.03193530701754386, 0.020879020467836257
1 0.0, 0.4388249269005848, 0.022820723684210526, 0.014208698830409356
1 0.0, 0.4811312134502924, 0.013500548245614035, 0.015213815789473685
1 0.0200109649122807, 0.5709978070175439, 0.03412828947368421, 0.03298611111111111
1 0.00027412280701754384, 0.5564692982456141, 0.04276315789473684, 0.03481359649122807
