1 1.4883497807017543, 0.13294956140350878, 0.011239035087719298, 0.011513157894736841
1 1.1563870614035088, 0.14153874269005848, 0.024945175438596492, 0.025219298245614034
1 1.4905427631578947, 0.1440972222222222, 0.009046052631578948, 0.009685672514619883
1 1.2060032894736843, 0.14610745614035087, 0.02549342105263158, 0.017726608187134504
1 1.1890076754385965, 0.14702119883040934, 0.01918859649122807, 0.022112573099415205
1 1.4606633771929824, 0.14848318713450293, 0.03892543859649123, 0.012426900584795321
1 1.1709155701754386, 0.15067616959064328, 0.017269736842105265, 0.019371345029239765
1 0.4310581140350877, 0.15232090643274854, 0.021107456140350877, 0.014802631578947368
1 0.504797149122807, 0.16072733918128654, 0.033168859649122806, 0.01882309941520468
1 1.477110745614035, 0.16072733918128654, 0.022341008771929825, 0.01023391812865497
1 1.1906524122807018, 0.16145833333333334, 0.03453947368421053, 0.01516812865497076
1 0.4010197368421053, 0.16255482456140352, 0.02825657894736842, 0.021564327485380116
1 0.4225603070175439, 0.1629203216374269, 0.015899122807017545, 0.012244152046783625
1 0.4666940789473684, 0.1631030701754386, 0.026589912280701754, 0.022582236842105263
1 0.4532620614035088, 0.163468567251462, 0.021929824561403508, 0.020650584795321638
1 0.44449013157894735, 0.17425073099415206, 0.0200109649122807, 0.022112573099415205
1 0.5256304824561403, 0.16401681286549707, 0.03673245614035088, 0.013706140350877192
1 0.43379934210526316, 0.16529605263157895, 0.025767543859649123, 0.013706140350877192
1 0.3638980263157895, 0.16639254385964913, 0.02987938596491228, 0.012472587719298246
1 0.4731578947368421, 0.1680372807017544, 0.028075657894736844, 0.024727704678362574
1 0.41680372807017546, 0.17096125730994152, 0.026589912280701754, 0.017361111111111112
1 1.470531798245614, 0.17077850877192982, 0.029331140350877194, 0.020650584795321638
1 0.5080400219298246, 0.17132675438596492, 0.02828125, 0.02046783625730994
1 0.3880208333333333, 0.1720577485380117, 0.01918859649122807, 0.022112573099415205
1 0.3546929824561404, 0.17900219298245615, 0.034424342105263156, 0.0141593567251462
1 0.08237390350877193, 0.17351973684210525, 0.020833333333333332, 0.019919590643274854
1 0.47637883771929823, 0.1755299707602339, 0.03335252192982456, 0.02463450292397661
1 -0.00013706140350877192, 0.1766264619883041, 0.014802631578947368, 0.009868421052631578
1 1.0020559210526316, 0.1766264619883041, 0.021655701754385966, 0.022478070175438597
1 0.013569078947368422, 0.1769919590643275, 0.01836622807017544, 0.010964912280701754
1 0.1015625, 0.17973318713450293, 0.031524122807017545, 0.01608187134502924
1 0.3334703947368421, 0.18009868421052633, 0.013157894736842105, 0.02138157894736842
1 0.31674890350877194, 0.18247441520467836, 0.02138157894736842, 0.02138157894736842
1 0.9839638157894737, 0.18009868421052633, 0.01918859649122807, 0.01608187134502924
1 0.34470942982456143, 0.18320540935672514, 0.016721491228070175, 0.021747076023391813
1 0.5111019736842105, 0.18649488304093567, 0.023026315789473683, 0.014619883040935672
1 0.00013706140350877192, 0.18667763157894737, 0.0200109649122807, 0.008589181286549707
1 0.01987390350877193, 0.18759137426900585, 0.0400219298245614, 0.010599415204678362
1 0.06565241228070176, 0.18832236842105263, 0.032072368421052634, 0.007309941520467836
1 0.00013706140350877192, 0.1941703216374269, 0.03728070175438596, 0.010599415204678362
1 0.06894188596491228, 0.19563230994152048, 0.04358552631578947, 0.011330409356725146
1 0.4398766447368421, 0.2034904970760234, 0.0229797149122807, 0.026133040935672515
1 0.7878974780701754, 0.21244517543859648, 0.031044407894736843, 0.02138157894736842
1 0.3315515350877193, 0.21555190058479531, 0.01699561403508772, 0.024853801169590642
1 0.34662828947368424, 0.22359283625730994, 0.017543859649122806, 0.025767543859649123
1 0.46779057017543857, 0.22341008771929824, 0.01699561403508772, 0.021929824561403508
1 0.4546326754385965, 0.23236476608187134, 0.02631578947368421, 0.023026315789473683
1 0.6961348684210527, 0.22432383040935672, 0.01864035087719298, 0.023940058479532164
1 0.3628015350877193, 0.22468932748538012, 0.018914473684210526, 0.023940058479532164
1 0.29509320175438597, 0.22487207602339182, 0.01699561403508772, 0.02822551169590643
1 0.3071546052631579, 0.22487207602339182, 0.026041666666666668, 0.031193347953216374
1 0.003152412280701754, 0.2257858187134503, 0.026589912280701754, 0.0268640350877193
1 0.20435855263157895, 0.22669956140350878, 0.02987938596491228, 0.025950292397660817
1 0.18955592105263158, 0.22688230994152048, 0.022478070175438597, 0.01864035087719298
1 0.0947094298245614, 0.22779605263157895, 0.02768640350877193, 0.0266812865497076
1 0.43571820175438597, 0.22779605263157895, 0.02275219298245614, 0.02320906432748538
1 0.520422149122807, 0.22797880116959066, 0.025219298245614034, 0.023026315789473683
1 0.08018092105263158, 0.22816154970760233, 0.023848684210526317, 0.03033625730994152
1 0.27891995614035087, 0.22852704678362573, 0.019736842105263157, 0.0222953216374269
1 0.7616392543859649, 0.22852704678362573, 0.02824561403508772, 0.024970760233918126
1 0.2284813596491228, 0.2296235380116959, 0.023026315789473683, 0.022112573099415205
1 0.7556195175438597, 0.2309027777777778, 0.015076754385964912, 0.020833333333333332
1 0.9494243421052632, 0.2307200292397661, 0.02138157894736842, 0.02266081871345029
1 0.6278782894736842, 0.23108552631578946, 0.025767543859649123, 0.025950292397660817
1 0.7101151315789473, 0.23145102339181287, 0.022478070175438597, 0.0266812865497076
1 0.48149671052631576, 0.23273026315789475, 0.023574561403508772, 0.02412280701754386
1 0.5434484649122807, 0.23291301169590642, 0.023300438596491228, 0.027960526315789474
1 0.4107730263157895, 0.2345577485380117, 0.023026315789473683, 0.0266812865497076
1 0.8521107456140351, 0.2345577485380117, 0.026041666666666668, 0.02722953216374269
1 0.9244791666666666, 0.23510599415204678, 0.01644736842105263, 0.02284356725146199
1 0.0322094298245614, 0.23601973684210525, 0.03070175438596491, 0.02412280701754386
1 0.24972587719298245, 0.23583698830409358, 0.030016447368421052, 0.026133040935672515
1 0.03961074561403509, 0.2378472222222222, 0.03974780701754386, 0.027412280701754384
1 0.16735197368421054, 0.23766447368421054, 0.024945175438596492, 0.02722953216374269
1 0.3751370614035088, 0.23766447368421054, 0.0200109649122807, 0.024853801169590642
1 0.39377741228070173, 0.2382127192982456, 0.01918859649122807, 0.03181834795321638
1 0.7314967105263158, 0.2382127192982456, 0.028075657894736844, 0.02448830409356725
1 0.7216282894736842, 0.25922880116959063, 0.0424890350877193, 0.01663011695906433
1 0.7323190789473685, 0.26690423976608185, 0.033717105263157895, 0.014619883040935672
1 0.5050712719298246, 0.23876096491228072, 0.01864035087719298, 0.02412280701754386
1 0.011650219298245614, 0.24022295321637427, 0.030153508771929825, 0.02010233918128655
1 0.9403782894736842, 0.23985745614035087, 0.01699561403508772, 0.02540204678362573
1 0.5848410087719298, 0.24095394736842105, 0.03125, 0.020650584795321638
1 0.11143092105263158, 0.24150219298245615, 0.0200109649122807, 0.02412280701754386
1 0.31483004385964913, 0.24186769005847952, 0.03728070175438596, 0.023940058479532164
1 0.4184484649122807, 0.24205043859649122, 0.030153508771929825, 0.02722953216374269
1 0.8166803728070176, 0.24259868421052633, 0.027206688596491228, 0.018457602339181287
1 0.6785910087719298, 0.2435124269005848, 0.02549342105263158, 0.025767543859649123
1 0.062088815789473686, 0.24424342105263158, 0.02138157894736842, 0.025950292397660817
1 0.20819627192982457, 0.24533991228070176, 0.026041666666666668, 0.028326023391812866
1 0.7841968201754386, 0.24533991228070176, 0.031524122807017545, 0.026926169590643277
1 0.5938870614035088, 0.24607090643274854, 0.03453947368421053, 0.02010233918128655
1 0.6503563596491229, 0.24753289473684212, 0.020833333333333332, 0.028143274853801168
1 0.6637883771929824, 0.26014254385964913, 0.014802631578947368, 0.02266081871345029
1 0.1465186403508772, 0.2482638888888889, 0.015076754385964912, 0.02101608187134503
1 0.12924890350877194, 0.24990862573099415, 0.02549342105263158, 0.023391812865497075
1 0.6311677631578947, 0.24899488304093567, 0.021107456140350877, 0.027046783625730993
1 0.34793037280701755, 0.24811769005847953, 0.027275219298245616, 0.024817251461988307
1 0.24273574561403508, 0.2510051169590643, 0.022203947368421052, 0.02631578947368421
1 0.00013706140350877192, 0.2521016081871345, 0.00712719298245614, 0.017726608187134504
1 0.530016447368421, 0.2519188596491228, 0.027138157894736843, 0.013888888888888888
1 0.6722861842105263, 0.2519188596491228, 0.022478070175438597, 0.0266812865497076
1 0.47354714912280704, 0.2522843567251462, 0.024945175438596492, 0.031067251461988302
1 0.49191337719298245, 0.2616045321637427, 0.024671052631578948, 0.032481725146198834
1 0.2852247807017544, 0.2528326023391813, 0.022478070175438597, 0.020285087719298246
1 0.7649396929824561, 0.25356359649122806, 0.021655701754385966, 0.0266812865497076
1 0.21888706140350878, 0.25374634502923976, 0.02412280701754386, 0.019005847953216373
1 1.083470394736842, 0.25411184210526316, 0.04276315789473684, 0.015533625730994151
1 0.7027138157894737, 0.2566703216374269, 0.023026315789473683, 0.02138157894736842
1 0.8937774122807017, 0.25685307017543857, 0.0268640350877193, 0.021747076023391813
1 0.5215186403508771, 0.2574013157894737, 0.022203947368421052, 0.029239766081871343
1 0.5631853070175439, 0.2577668128654971, 0.01836622807017544, 0.028326023391812866
1 0.5790844298245614, 0.2608735380116959, 0.014528508771929825, 0.02320906432748538
1 0.07634320175438597, 0.2581323099415205, 0.024396929824561403, 0.02284356725146199
1 0.0947094298245614, 0.2654422514619883, 0.032072368421052634, 0.01206140350877193
1 0.6092379385964912, 0.25977704678362573, 0.02275219298245614, 0.026133040935672515
1 0.8674616228070176, 0.25977704678362573, 0.027412280701754384, 0.027960526315789474
1 0.018777412280701754, 0.26032529239766083, 0.022203947368421052, 0.025584795321637425
1 0.45545504385964913, 0.26032529239766083, 0.018092105263157895, 0.0222953216374269
1 0.18873355263157895, 0.26069078947368424, 0.02138157894736842, 0.023391812865497075
1 0.2660361842105263, 0.26069078947368424, 0.020833333333333332, 0.024305555555555556
1 0.2520559210526316, 0.2696454678362573, 0.02055921052631579, 0.027412280701754384
1 0.542077850877193, 0.2610562865497076, 0.02412280701754386, 0.022112573099415205
1 0.969983552631579, 0.2616045321637427, 0.0200109649122807, 0.020285087719298246
1 0.36499451754385964, 0.2619700292397661, 0.026041666666666668, 0.022478070175438597
1 0.3795230263157895, 0.28207236842105265, 0.017543859649122806, 0.024671052631578948
1 0.38390899122807015, 0.2619700292397661, 0.027960526315789474, 0.019744152046783627
1 0.7989309210526315, 0.2621527777777778, 0.03782894736842105, 0.01663011695906433
1 0.951891447368421, 0.2625182748538012, 0.021107456140350877, 0.02503654970760234
1 1.1961348684210527, 0.26270102339181284, 0.01918859649122807, 0.029970760233918127
1 1.1996984649122806, 0.2753106725146199, 0.031524122807017545, 0.022478070175438597
1 1.001233552631579, 0.26343201754385964, 0.01781798245614035, 0.021929824561403508
1 1.1769462719298245, 0.26379751461988304, 0.024945175438596492, 0.02284356725146199
1 0.31757127192982454, 0.26434576023391815, 0.034265350877192985, 0.012975146198830409
1 0.9329769736842105, 0.265625, 0.023300438596491228, 0.017726608187134504
1 0.9006304824561403, 0.2690972222222222, 0.038651315789473686, 0.0133406432748538
1 0.14542214912280702, 0.2661732456140351, 0.03125, 0.025767543859649123
1 0.16531798245614035, 0.2661732456140351, 0.023963815789473684, 0.024943347953216375
1 0.15254934210526316, 0.2828033625730994, 0.039473684210526314, 0.024671052631578948
1 0.27425986842105265, 0.2663559941520468, 0.02549342105263158, 0.029239766081871343
1 0.5777138157894737, 0.2661732456140351, 0.032072368421052634, 0.023940058479532164
1 0.5121984649122807, 0.26745248538011696, 0.02828125, 0.031048976608187135
1 1.1448739035087718, 0.26781798245614036, 0.0400219298245614, 0.027046783625730993
1 0.04865679824561404, 0.26836622807017546, 0.026589912280701754, 0.02850877192982456
1 0.00013706140350877192, 0.2692799707602339, 0.019736842105263157, 0.02101608187134503
1 0.19887609649122806, 0.2692799707602339, 0.047697368421052634, 0.014437134502923976
1 0.19174890350877194, 0.280062134502924, 0.0381030701754386, 0.02942251461988304
1 0.40117872807017546, 0.27074195906432746, 0.0537280701754386, 0.013903508771929824
1 0.9809484649122807, 0.27147295321637427, 0.02768640350877193, 0.027046783625730993
1 0.12486293859649122, 0.27165570175438597, 0.023300438596491228, 0.0266812865497076
1 0.08264802631578948, 0.27202119883040937, 0.03179824561403509, 0.025950292397660817
1 1.0146655701754386, 0.2731176900584795, 0.03344298245614035, 0.030519005847953216
1 1.0390625, 0.2729349415204678, 0.03262061403508772, 0.023574561403508772
1 1.438733552631579, 0.2731176900584795, 0.020833333333333332, 0.023757309941520467
1 0.2923519736842105, 0.2734831871345029, 0.019462719298245616, 0.029605263157894735
1 0.3305455043859649, 0.2737134502923977, 0.026145833333333333, 0.03287463450292397
1 0.3548519736842105, 0.2736659356725146, 0.02549342105263158, 0.022112573099415205
1 0.645422149122807, 0.2734831871345029, 0.029331140350877194, 0.025219298245614034
1 0.6725603070175439, 0.2736659356725146, 0.033396381578947365, 0.018457602339181287
1 0.6750274122807017, 0.2745796783625731, 0.05455043859649123, 0.030776681286549708
1 1.0788103070175439, 0.2738486842105263, 0.02055921052631579, 0.028326023391812866
1 1.3603344298245614, 0.27403143274853803, 0.02768640350877193, 0.028691520467836257
1 0.30550986842105265, 0.2749451754385965, 0.018914473684210526, 0.015899122807017545
1 0.3208607456140351, 0.27713815789473684, 0.013078399122807017, 0.022112573099415205
1 0.7312225877192983, 0.2749451754385965, 0.05016447368421053, 0.015350877192982455
1 1.4198190789473684, 0.2749451754385965, 0.03042763157894737, 0.026498538011695907
1 0.8315515350877193, 0.2753106725146199, 0.021107456140350877, 0.016812865497076022
1 1.3932291666666667, 0.27658991228070173, 0.04111842105263158, 0.02540204678362573
1 0.44942434210526316, 0.27713815789473684, 0.034265350877192985, 0.030941154970760235
1 0.23643092105263158, 0.27750365497076024, 0.02905701754385965, 0.025219298245614034
1 0.9121436403508771, 0.27713815789473684, 0.01644736842105263, 0.025950292397660817
1 0.41049890350877194, 0.2786001461988304, 0.04577850877192982, 0.011695906432748537
1 1.3362116228070176, 0.2786001461988304, 0.031524122807017545, 0.02540204678362573
1 0.7901589912280702, 0.2791483918128655, 0.04276315789473684, 0.01114766081871345
1 1.0546875, 0.2795138888888889, 0.027960526315789474, 0.02942251461988304
1 0.9239309210526315, 0.2796966374269006, 0.020285087719298246, 0.029970760233918127
1 1.2967379385964912, 0.2798793859649123, 0.03070175438596491, 0.024853801169590642
1 0.5387883771929824, 0.28042763157894735, 0.024396929824561403, 0.028143274853801168
1 0.9628563596491229, 0.28061038011695905, 0.03618421052631579, 0.018092105263157895
1 1.258360745614035, 0.28097587719298245, 0.0200109649122807, 0.028143274853801168
1 0.8808936403508771, 0.28134137426900585, 0.022478070175438597, 0.025584795321637425
1 0.8888432017543859, 0.2835343567251462, 0.024396929824561403, 0.02887426900584795
1 0.05523574561403509, 0.28188961988304095, 0.03070175438596491, 0.027960526315789474
1 0.2216282894736842, 0.28170687134502925, 0.018914473684210526, 0.025767543859649123
1 0.39487390350877194, 0.2801242690058479, 0.01781798245614035, 0.03082236842105263
1 0.030016447368421052, 0.27943347953216374, 0.02914747807017544, 0.031330409356725146
1 0.9428453947368421, 0.2826206140350877, 0.016721491228070175, 0.023757309941520467
1 0.7759046052631579, 0.28463084795321636, 0.03673245614035088, 0.020833333333333332
1 0.47162828947368424, 0.28499634502923976, 0.02138157894736842, 0.023026315789473683
1 0.5915570175438597, 0.28499634502923976, 0.0546875, 0.01864035087719298
1 0.8378563596491229, 0.28481359649122806, 0.025219298245614034, 0.027595029239766082
1 1.0086348684210527, 0.28554459064327486, 0.029605263157894735, 0.025219298245614034
1 1.1133497807017543, 0.28517909356725146, 0.02549342105263158, 0.02850877192982456
1 1.152549342105263, 0.28572733918128657, 0.024945175438596492, 0.024671052631578948
1 0.09608004385964912, 0.28609283625730997, 0.023026315789473683, 0.027046783625730993
1 0.015762061403508772, 0.2862755847953216, 0.02055921052631579, 0.025767543859649123
1 0.0006853070175438596, 0.286641081871345, 0.024396929824561403, 0.01206140350877193
1 0.00013706140350877192, 0.292671783625731, 0.017269736842105265, 0.02046783625730994
1 1.2227247807017543, 0.2868238304093567, 0.035910087719298246, 0.017361111111111112
1 1.3882949561403508, 0.28828581871345027, 0.03974780701754386, 0.023026315789473683
1 1.4140625, 0.3012609649122807, 0.02987938596491228, 0.01918859649122807
1 0.7216282894736842, 0.2890168128654971, 0.026041666666666668, 0.032585891812865496
1 0.7575383771929824, 0.2888340643274854, 0.02055921052631579, 0.028326023391812866
1 0.41241776315789475, 0.28944444444444445, 0.04180372807017544, 0.014923245614035087
1 0.6407620614035088, 0.29066154970760233, 0.021107456140350877, 0.025219298245614034
1 0.6577576754385965, 0.29797149122807015, 0.04527686403508772, 0.016611842105263157
1 0.8087993421052632, 0.29066154970760233, 0.019736842105263157, 0.02722953216374269
1 0.8617050438596491, 0.29120979532163743, 0.0200109649122807, 0.028326023391812866
1 0.27069627192982454, 0.29139254385964913, 0.019736842105263157, 0.023026315789473683
1 0.9609375, 0.29157529239766083, 0.04331140350877193, 0.017726608187134504
1 1.1366502192982457, 0.29157529239766083, 0.024396929824561403, 0.029184941520467834
1 0.8288103070175439, 0.29175804093567254, 0.013157894736842105, 0.020650584795321638
1 0.5583881578947368, 0.29395102339181284, 0.027549342105263157, 0.025767543859649123
1 0.7791940789473685, 0.29413377192982454, 0.029331140350877194, 0.024305555555555556
1 1.267406798245614, 0.29486476608187134, 0.027960526315789474, 0.02284356725146199
1 1.0026041666666667, 0.29523026315789475, 0.021107456140350877, 0.03399122807017544
1 0.3008497807017544, 0.29541301169590645, 0.02631578947368421, 0.014802631578947368
1 0.2720668859649123, 0.3063779239766082, 0.05043859649122807, 0.01882309941520468
1 0.11225328947368421, 0.2961440058479532, 0.03508771929824561, 0.019919590643274854
1 1.4450383771929824, 0.2963267543859649, 0.042214912280701754, 0.01918859649122807
1 1.4535361842105263, 0.30528143274853803, 0.046052631578947366, 0.015350877192982455
1 0.07634320175438597, 0.2966922514619883, 0.02412280701754386, 0.027777777777777776
1 0.6097861842105263, 0.2974232456140351, 0.03042763157894737, 0.022112573099415205
1 1.1037554824561404, 0.2972404970760234, 0.027069627192982455, 0.027046783625730993
1 0.9406524122807017, 0.29851973684210525, 0.03399122807017544, 0.023026315789473683
1 0.957922149122807, 0.3040021929824561, 0.025767543859649123, 0.02448830409356725
1 1.1964089912280702, 0.29833698830409355, 0.027412280701754384, 0.02887426900584795
1 1.3411458333333333, 0.29906798245614036, 0.03837719298245614, 0.021564327485380116
1 1.2210800438596492, 0.3003472222222222, 0.03673245614035088, 0.023757309941520467
1 1.3340186403508771, 0.3007127192982456, 0.03700657894736842, 0.023574561403508772
1 0.1884594298245614, 0.3008954678362573, 0.023848684210526317, 0.021929824561403508
1 0.4804002192982456, 0.3012609649122807, 0.0424890350877193, 0.019919590643274854
1 1.3715734649122806, 0.30235745614035087, 0.033168859649122806, 0.028326023391812866
1 0.5785361842105263, 0.30327119883040937, 0.024671052631578948, 0.028143274853801168
1 0.15254934210526316, 0.3049159356725146, 0.03508771929824561, 0.014619883040935672
1 1.066200657894737, 0.3049159356725146, 0.04413377192982456, 0.016812865497076022
1 1.0845668859649122, 0.3184393274853801, 0.024671052631578948, 0.03234649122807018
1 1.3126370614035088, 0.3050986842105263, 0.023300438596491228, 0.026133040935672515
1 0.776452850877193, 0.30564692982456143, 0.025219298245614034, 0.01516812865497076
1 1.0374177631578947, 0.3069261695906433, 0.05482456140350877, 0.030519005847953216
1 0.46587171052631576, 0.3072916666666667, 0.03344298245614035, 0.02046783625730994
1 0.8340186403508771, 0.30802266081871343, 0.02138157894736842, 0.023026315789473683
1 0.8526589912280702, 0.31679459064327486, 0.024396929824561403, 0.027960526315789474
1 0.9702576754385965, 0.30857090643274854, 0.026589912280701754, 0.024305555555555556
1 1.1395970394736843, 0.30857090643274854, 0.04666940789473684, 0.02412280701754386
1 0.6969572368421053, 0.30911915204678364, 0.03289473684210526, 0.02320906432748538
1 1.0242598684210527, 0.3096673976608187, 0.025219298245614034, 0.027960526315789474
1 0.9872532894736842, 0.3102156432748538, 0.021929824561403508, 0.023026315789473683
1 0.23177083333333334, 0.3107638888888889, 0.03919956140350877, 0.01644736842105263
1 0.5080866228070176, 0.3107638888888889, 0.02768640350877193, 0.028326023391812866
1 0.5308388157894737, 0.3109466374269006, 0.02987938596491228, 0.034173976608187134
1 1.3340186403508771, 0.311312134502924, 0.033168859649122806, 0.03070175438596491
1 1.3660910087719298, 0.3215460526315789, 0.020833333333333332, 0.025219298245614034
1 1.2756304824561404, 0.31204312865497075, 0.031524122807017545, 0.02266081871345029
1 0.5936129385964912, 0.31295687134502925, 0.016721491228070175, 0.028143274853801168
1 1.4727247807017543, 0.3135051169590643, 0.02700109649122807, 0.014437134502923976
1 1.4719024122807018, 0.323921783625731, 0.02768640350877193, 0.02412280701754386
1 1.246299342105263, 0.3142361111111111, 0.03755482456140351, 0.013523391812865496
1 1.2238212719298245, 0.3146016081871345, 0.030975877192982455, 0.026133040935672515
1 1.2249177631578947, 0.33104897660818716, 0.03618421052631579, 0.018092105263157895
1 1.2265625, 0.34073464912280704, 0.03179824561403509, 0.02546966374269006
1 0.7712445175438597, 0.3146016081871345, 0.044956140350877194, 0.01918859649122807
1 0.6659813596491229, 0.3149671052631579, 0.049342105263157895, 0.013888888888888888
1 0.8850054824561403, 0.3149671052631579, 0.031524122807017545, 0.027412280701754384
1 0.901452850877193, 0.31624634502923976, 0.02275219298245614, 0.023391812865497075
1 0.10704495614035088, 0.31551535087719296, 0.04413377192982456, 0.011695906432748537
1 0.07113486842105263, 0.31624634502923976, 0.03399122807017544, 0.025767543859649123
1 0.31921600877192985, 0.31606359649122806, 0.023026315789473683, 0.028691520467836257
1 0.4206414473684211, 0.31588084795321636, 0.028782894736842105, 0.021747076023391813
1 1.3998081140350878, 0.3189875730994152, 0.05071271929824561, 0.015899122807017545
1 1.4195449561403508, 0.32556652046783624, 0.030153508771929825, 0.02320906432748538
1 0.7262883771929824, 0.3189875730994152, 0.0400219298245614, 0.023757309941520467
1 1.1100603070175439, 0.3189875730994152, 0.033168859649122806, 0.02931469298245614
1 1.1695449561403508, 0.3208150584795322, 0.023574561403508772, 0.033536184210526315
1 0.6062225877192983, 0.32172880116959063, 0.029331140350877194, 0.03289473684210526
1 1.2813870614035088, 0.32191154970760233, 0.03700657894736842, 0.028326023391812866
1 1.3159265350877194, 0.3284904970760234, 0.03481359649122807, 0.022478070175438597
1 1.307154605263158, 0.33050073099415206, 0.015076754385964912, 0.01644736842105263
1 1.447779605263158, 0.32172880116959063, 0.03536184210526316, 0.031980994152046784
1 0.28440241228070173, 0.32227704678362573, 0.021929824561403508, 0.021198830409356724
1 0.10389254385964912, 0.32319078947368424, 0.034402412280701754, 0.015716374269005847
1 0.5486567982456141, 0.32319078947368424, 0.02275219298245614, 0.02850877192982456
1 0.00013706140350877192, 0.3237390350877193, 0.04797149122807018, 0.012426900584795321
1 0.22711074561403508, 0.323921783625731, 0.018229166666666668, 0.03150584795321638
1 1.1988760964912282, 0.3241045321637427, 0.021929824561403508, 0.023940058479532164
1 0.2515076754385965, 0.3246527777777778, 0.04111842105263158, 0.02010233918128655
1 1.0100054824561404, 0.32556652046783624, 0.01699561403508772, 0.02266081871345029
1 0.5711348684210527, 0.32593201754385964, 0.0200109649122807, 0.029788011695906433
1 0.3734923245614035, 0.32611476608187134, 0.023026315789473683, 0.03453947368421053
1 0.1415844298245614, 0.3272112573099415, 0.035910087719298246, 0.015899122807017545
1 0.34854714912280704, 0.3272112573099415, 0.02275219298245614, 0.030884502923976608
1 0.34882127192982454, 0.35425804093567254, 0.022478070175438597, 0.03125
1 0.0927905701754386, 0.3288559941520468, 0.04029605263157895, 0.015533625730994151
1 0.18379934210526316, 0.3286732456140351, 0.024945175438596492, 0.024305555555555556
1 0.4694353070175439, 0.32940423976608185, 0.026041666666666668, 0.022112573099415205
1 0.3880208333333333, 0.33050073099415206, 0.03344298245614035, 0.03033625730994152
1 1.139860197368421, 0.33050073099415206, 0.030781250000000003, 0.03383040935672515
1 0.7293037280701754, 0.3312317251461988, 0.034265350877192985, 0.020285087719298246
1 0.15967653508771928, 0.3321454678362573, 0.030975877192982455, 0.0268640350877193
1 0.6215734649122807, 0.3317799707602339, 0.0356359649122807, 0.019736842105263157
1 0.7602796052631579, 0.3315972222222222, 0.035910087719298246, 0.017543859649122806
1 1.2578125, 0.3321454678362573, 0.024671052631578948, 0.03125
1 0.9532620614035088, 0.33305921052631576, 0.024396929824561403, 0.0268640350877193
1 1.3929550438596492, 0.33305921052631576, 0.029331140350877194, 0.02046783625730994
1 0.8636239035087719, 0.33342470760233917, 0.02768640350877193, 0.029239766081871343
1 0.30496162280701755, 0.3354349415204678, 0.023574561403508772, 0.02631578947368421
1 0.32524671052631576, 0.33908991228070173, 0.022478070175438597, 0.02138157894736842
1 0.9836896929824561, 0.3352521929824561, 0.02549342105263158, 0.023940058479532164
1 0.09251644736842106, 0.3359831871345029, 0.029605263157894735, 0.031067251461988302
1 0.43516995614035087, 0.33653143274853803, 0.04029605263157895, 0.013157894736842105
1 0.5028782894736842, 0.33653143274853803, 0.02631578947368421, 0.019371345029239765
1 0.6816063596491229, 0.3374451754385965, 0.020285087719298246, 0.02503654970760234
1 0.39953399122807015, 0.338358918128655, 0.033717105263157895, 0.024305555555555556
1 0.8123629385964912, 0.3381761695906433, 0.05071271929824561, 0.012792397660818713
1 1.020422149122807, 0.3381761695906433, 0.02631578947368421, 0.028691520467836257
1 1.013843201754386, 0.36120248538011696, 0.03125, 0.024305555555555556
1 1.1769462719298245, 0.3381761695906433, 0.03179824561403509, 0.03070175438596491
1 1.0620888157894737, 0.3387244152046784, 0.03536184210526316, 0.023026315789473683
1 0.00013706140350877192, 0.33963815789473684, 0.01864035087719298, 0.008954678362573099
1 -0.00013706140350877192, 0.34179641812865497, 0.031524122807017545, 0.03822916666666667
1 0.1278782894736842, 0.3411001461988304, 0.03289473684210526, 0.01663011695906433
1 0.4760142543859649, 0.3412828947368421, 0.02768640350877193, 0.022112573099415205
1 0.5826480263157895, 0.3416483918128655, 0.02850877192982456, 0.031067251461988302
1 0.07140899122807018, 0.3418311403508772, 0.02631578947368421, 0.021929824561403508
1 0.2564418859649123, 0.3420138888888889, 0.0200109649122807, 0.022478070175438597
1 1.4431195175438596, 0.342562134502924, 0.021929824561403508, 0.0222953216374269
1 0.6306195175438597, 0.34329312865497075, 0.025219298245614034, 0.01608187134502924
1 1.338952850877193, 0.34347587719298245, 0.05838815789473684, 0.014985380116959063
1 1.313733552631579, 0.3504203216374269, 0.04523026315789474, 0.012609649122807017
1 0.776452850877193, 0.34438961988304095, 0.023574561403508772, 0.03453947368421053
1 0.42091557017543857, 0.3451206140350877, 0.022478070175438597, 0.021929824561403508
1 0.44257127192982454, 0.3458516081871345, 0.025767543859649123, 0.01608187134502924
1 0.8131853070175439, 0.3458516081871345, 0.024396929824561403, 0.027960526315789474
1 0.7424616228070176, 0.3462171052631579, 0.02905701754385965, 0.03344298245614035
1 0.5193256578947368, 0.34694809941520466, 0.024945175438596492, 0.027595029239766082
1 0.8721217105263158, 0.34694809941520466, 0.0356359649122807, 0.026498538011695907
1 1.4617598684210527, 0.34749634502923976, 0.029605263157894735, 0.028691520467836257
1 1.4850603070175439, 0.34749634502923976, 0.014665570175438597, 0.026498538011695907
1 0.6500822368421053, 0.34822733918128657, 0.026041666666666668, 0.03252923976608187
1 0.5015076754385965, 0.34841008771929827, 0.024671052631578948, 0.033808479532163746
1 0.9324287280701754, 0.34841008771929827, 0.023574561403508772, 0.03125
1 1.4033717105263157, 0.34859283625730997, 0.0200109649122807, 0.02540204678362573
1 0.6947642543859649, 0.3487755847953216, 0.02412280701754386, 0.019005847953216373
1 1.4340734649122806, 0.3493238304093567, 0.026041666666666668, 0.031980994152046784
1 1.423656798245614, 0.35407529239766083, 0.026041666666666668, 0.03179824561403509
1 1.449424342105263, 0.37454312865497075, 0.03728070175438596, 0.0133406432748538
1 0.7155975877192983, 0.3500548245614035, 0.02055921052631579, 0.036366959064327485
1 1.097450657894737, 0.3500548245614035, 0.042214912280701754, 0.028326023391812866
1 1.273985745614035, 0.3504203216374269, 0.028782894736842105, 0.0222953216374269
1 0.5478344298245614, 0.35078581871345027, 0.033717105263157895, 0.021747076023391813
1 0.1640625, 0.35096856725146197, 0.03892543859649123, 0.03125
1 0.14953399122807018, 0.3590095029239766, 0.022203947368421052, 0.028326023391812866
1 0.9982182017543859, 0.3511513157894737, 0.02275219298245614, 0.03033625730994152
1 0.9847861842105263, 0.35827850877192985, 0.02412280701754386, 0.02503654970760234
1 0.7882401315789473, 0.35297880116959063, 0.02549342105263158, 0.03307748538011696
1 1.051672149122807, 0.35425804093567254, 0.03399122807017544, 0.023757309941520467
1 1.302220394736842, 0.3546235380116959, 0.027138157894736843, 0.03289473684210526
1 1.3375822368421053, 0.363578216374269, 0.03070175438596491, 0.031432748538011694
1 1.3236019736842106, 0.3661366959064328, 0.027138157894736843, 0.02850877192982456
1 1.378700657894737, 0.35663377192982454, 0.04194078947368421, 0.030153508771929825
1 0.026726973684210526, 0.35510233918128653, 0.04015899122807018, 0.03716739766081871
1 1.3570449561403508, 0.35827850877192985, 0.029331140350877194, 0.030153508771929825
1 0.6180098684210527, 0.3588267543859649, 0.042214912280701754, 0.0222953216374269
1 0.5922423245614035, 0.3628472222222222, 0.03125, 0.0356359649122807
1 1.045641447368421, 0.3591922514619883, 0.03344298245614035, 0.030153508771929825
1 0.42283442982456143, 0.3595577485380117, 0.0424890350877193, 0.02448830409356725
1 0.4126918859649123, 0.36430921052631576, 0.02823464912280702, 0.013888888888888888
1 0.826891447368421, 0.3597404970760234, 0.04057017543859649, 0.024853801169590642
1 0.9151589912280702, 0.3601059941520468, 0.02055921052631579, 0.024671052631578948
1 0.1034813596491228, 0.36047149122807015, 0.03618421052631579, 0.017726608187134504
1 0.3671875, 0.36083698830409355, 0.03453947368421053, 0.01699561403508772
1 0.1933936403508772, 0.36156798245614036, 0.03700657894736842, 0.022112573099415205
1 0.6720120614035088, 0.36175073099415206, 0.01864035087719298, 0.023026315789473683
1 0.530016447368421, 0.36193347953216376, 0.021929824561403508, 0.02101608187134503
1 0.7342379385964912, 0.36229897660818716, 0.022203947368421052, 0.02905701754385965
1 0.9628563596491229, 0.36229897660818716, 0.024945175438596492, 0.03179824561403509
1 0.9798519736842105, 0.3717105263157895, 0.024671052631578948, 0.022021198830409358
1 0.057702850877192985, 0.3628472222222222, 0.033168859649122806, 0.017726608187134504
1 0.05112390350877193, 0.3674159356725146, 0.02823464912280702, 0.019371345029239765
1 0.21943530701754385, 0.3632127192982456, 0.03344298245614035, 0.0133406432748538
1 0.2772752192982456, 0.3632127192982456, 0.03536184210526316, 0.025219298245614034
1 0.2690515350877193, 0.3639437134502924, 0.02768640350877193, 0.022478070175438597
1 0.45819627192982454, 0.3639437134502924, 0.027960526315789474, 0.015533625730994151
1 0.8899396929824561, 0.3639437134502924, 0.0268640350877193, 0.033808479532163746
1 1.090049342105263, 0.36504020467836257, 0.023026315789473683, 0.031067251461988302
1 0.4623081140350877, 0.36558845029239767, 0.03837719298245614, 0.017909356725146198
1 0.2989309210526316, 0.3661366959064328, 0.027412280701754384, 0.02266081871345029
1 0.8795230263157895, 0.3665021929824561, 0.01918859649122807, 0.026133040935672515
1 0.6857182017543859, 0.3668676900584795, 0.026041666666666668, 0.02503654970760234
1 1.204906798245614, 0.3665917397660819, 0.05345394736842105, 0.02471125730994152
1 1.211485745614035, 0.37472587719298245, 0.04577850877192982, 0.01864035087719298
1 1.2232730263157894, 0.38532529239766083, 0.027960526315789474, 0.029970760233918127
1 0.6958607456140351, 0.3685124269005848, 0.023848684210526317, 0.025767543859649123
1 0.16324013157894737, 0.3697916666666667, 0.03755482456140351, 0.019919590643274854
1 0.21066337719298245, 0.369608918128655, 0.04824561403508772, 0.02010233918128655
1 1.1780427631578947, 0.3672770467836257, 0.03193530701754386, 0.027185672514619882
1 0.5615405701754386, 0.3721673976608187, 0.03125, 0.023026315789473683
1 1.273985745614035, 0.37472587719298245, 0.021655701754385966, 0.03654970760233918
1 1.2929002192982457, 0.37838084795321636, 0.019462719298245616, 0.03618421052631579
1 1.2471217105263157, 0.3732638888888889, 0.023848684210526317, 0.03508771929824561
1 1.4858826754385965, 0.3732638888888889, 0.013980263157894737, 0.02010233918128655
1 0.4666940789473684, 0.3739948830409357, 0.038651315789473686, 0.023757309941520467
1 1.113075657894737, 0.37417763157894735, 0.02055921052631579, 0.0266812865497076
1 1.304139254385965, 0.37892909356725146, 0.03289473684210526, 0.024853801169590642
1 1.3290844298245614, 0.3897112573099415, 0.02275219298245614, 0.017178362573099414
1 0.5256304824561403, 0.37984283625730997, 0.046052631578947366, 0.017543859649122806
1 0.7833059210526315, 0.3809393274853801, 0.034265350877192985, 0.019371345029239765
1 0.7706962719298246, 0.38550804093567254, 0.031524122807017545, 0.011513157894736841
1 0.7728892543859649, 0.39245248538011696, 0.039473684210526314, 0.01608187134502924
1 0.6043037280701754, 0.38203581871345027, 0.05180921052631579, 0.02101608187134503
1 0.7164199561403509, 0.3833150584795322, 0.022203947368421052, 0.02942251461988304
1 1.2523300438596492, 0.3834978070175439, 0.02850877192982456, 0.02850877192982456
1 0.1152686403508772, 0.3832072368421052, 0.033717105263157895, 0.016920687134502923
1 0.7539747807017544, 0.38532529239766083, 0.025219298245614034, 0.03216374269005848
1 1.0620888157894737, 0.3869700292397661, 0.024945175438596492, 0.03033625730994152
1 0.8967927631578947, 0.38788377192982454, 0.030975877192982455, 0.025584795321637425
1 1.0483826754385965, 0.38770102339181284, 0.01918859649122807, 0.023757309941520467
1 0.6377467105263158, 0.38898026315789475, 0.02275219298245614, 0.019005847953216373
1 0.7372532894736842, 0.38898026315789475, 0.019736842105263157, 0.023026315789473683
1 1.3537554824561404, 0.38916301169590645, 0.04029605263157895, 0.014071637426900584
1 0.5607182017543859, 0.38934576023391815, 0.023574561403508772, 0.030519005847953216
1 0.9126918859649122, 0.390625, 0.03344298245614035, 0.023391812865497075
1 1.0234375, 0.3915387426900585, 0.027960526315789474, 0.02412280701754386
1 0.936266447368421, 0.39281798245614036, 0.03070175438596491, 0.024305555555555556
1 1.0801809210526316, 0.39263523391812866, 0.023848684210526317, 0.036366959064327485
1 1.3828125, 0.39300073099415206, 0.046052631578947366, 0.013706140350877192
1 1.104577850877193, 0.4003106725146199, 0.023848684210526317, 0.03508771929824561
1 1.128700657894737, 0.40195540935672514, 0.01699561403508772, 0.027960526315789474
1 1.1451480263157894, 0.40688961988304095, 0.02905701754385965, 0.026498538011695907
1 0.8600603070175439, 0.4081688596491228, 0.04276315789473684, 0.017543859649122806
1 1.4039199561403508, 0.40944809941520466, 0.05345394736842105, 0.017017543859649122
1 1.3053728070175439, 0.41584429824561403, 0.037143640350877194, 0.02722953216374269
1 1.2238212719298245, 0.4171235380116959, 0.049342105263157895, 0.017361111111111112
1 1.1583059210526316, 0.4178545321637427, 0.03344298245614035, 0.0222953216374269
1 0.23538103070175437, 0.44216008771929827, 0.023253837719298245, 0.020285087719298246
1 0.00424890350877193, 0.4523940058479532, 0.038741776315789477, 0.023940058479532164
1 0.5651041666666666, 0.45531798245614036, 0.0278234649122807, 0.029789839181286547
1 0.18270285087719298, 0.46305190058479534, 0.029331140350877194, 0.015657894736842107
1 0.977796052631579, 0.4732236842105263, 0.027549342105263157, 0.02091922514619883
1 0.3325109649122807, 0.5010051169590644, 0.036047149122807015, 0.018344298245614035
1 1.4912280701754386, 0.28569992690058477, 0.00849780701754386, 0.009864766081871345
1 0.4120175438596491, 0.17610197368421052, 0.00853344298245614, 0.009660087719298245
1 1.4965323464912281, 0.261374269005848, 0.0034950657894736842, 0.011794590643274854
