1 0.6718333333333333, 0.327875, 0.029, 0.039
1 0.6001666666666666, 0.336125, 0.03933333333333333, 0.03725
1 0.7208333333333333, 0.345875, 0.03266666666666666, 0.03975
1 0.6805, 0.353125, 0.036333333333333336, 0.04775
1 0.5651666666666667, 0.353625, 0.05266666666666667, 0.031
1 0.6615, 0.362375, 0.021333333333333333, 0.03525
1 0.7368333333333333, 0.364875, 0.03666666666666667, 0.04975
1 0.6861666666666667, 0.369375, 0.041, 0.0415
1 0.7758333333333334, 0.369375, 0.033666666666666664, 0.04175
1 0.6281666666666667, 0.372125, 0.04566666666666667, 0.03325
1 0.8288333333333333, 0.375375, 0.030333333333333334, 0.034
1 0.8088333333333333, 0.380375, 0.025333333333333333, 0.03425
1 0.7521666666666667, 0.386875, 0.02266666666666667, 0.04425
1 0.6961666666666667, 0.387875, 0.042333333333333334, 0.0435
1 0.7715, 0.390125, 0.023333333333333334, 0.04
1 0.8585, 0.396625, 0.025333333333333333, 0.04075
1 0.8261666666666667, 0.408625, 0.034666666666666665, 0.04075
1 0.7785, 0.409875, 0.034333333333333334, 0.0455
1 0.7995, 0.414625, 0.034666666666666665, 0.042
1 0.6765, 0.422625, 0.037, 0.04675
1 0.7195, 0.422875, 0.034666666666666665, 0.033
1 0.7287199999999999, 0.432625, 0.049826666666666665, 0.038
