1 0.5651041666666666, 0.03079312865497076, 0.0400219298245614, 0.023940058479532164
1 0.6958607456140351, 0.03079312865497076, 0.02275219298245614, 0.028691520467836257
1 0.41433662280701755, 0.036458333333333336, 0.03262061403508772, 0.016812865497076022
1 0.4321546052631579, 0.036458333333333336, 0.04303728070175439, 0.013157894736842105
1 0.7342379385964912, 0.03919956140350877, 0.024671052631578948, 0.019919590643274854
1 0.4634046052631579, 0.04102704678362573, 0.033717105263157895, 0.024853801169590642
1 0.40803179824561403, 0.05107821637426901, 0.0400219298245614, 0.01206140350877193
1 0.7410910087719298, 0.052540204678362575, 0.023848684210526317, 0.03289473684210526
1 0.9094024122807017, 0.04303728070175439, 0.024945175438596492, 0.02503654970760234
1 0.5738760964912281, 0.044316520467836254, 0.043859649122807015, 0.018092105263157895
1 0.5004111842105263, 0.04577850877192982, 0.023300438596491228, 0.02448830409356725
1 0.47354714912280704, 0.08488669590643275, 0.0268640350877193, 0.02887426900584795
1 0.4836896929824561, 0.10444078947368421, 0.03344298245614035, 0.028691520467836257
1 0.9592927631578947, 0.04742324561403509, 0.02412280701754386, 0.02942251461988304
1 0.9779331140350878, 0.05272295321637427, 0.02412280701754386, 0.0266812865497076
1 0.9348958333333334, 0.06642909356725146, 0.03700657894736842, 0.026133040935672515
1 0.5478344298245614, 0.04851973684210526, 0.024396929824561403, 0.0266812865497076
1 0.4414747807017544, 0.04888523391812866, 0.03536184210526316, 0.012792397660818713
1 0.9998629385964912, 0.04906798245614035, 0.01918859649122807, 0.025950292397660817
1 0.8532072368421053, 0.05052997076023392, 0.03399122807017544, 0.022478070175438597
1 0.9184484649122807, 0.0914656432748538, 0.0400219298245614, 0.02503654970760234
1 0.9444901315789473, 0.11138523391812866, 0.03919956140350877, 0.027960526315789474
1 0.6785910087719298, 0.052540204678362575, 0.024396929824561403, 0.03435672514619883
1 0.6563870614035088, 0.05436769005847953, 0.023848684210526317, 0.03070175438596491
1 1.0892269736842106, 0.05290570175438596, 0.0424890350877193, 0.017909356725146198
1 0.5892269736842105, 0.053636695906432746, 0.03700657894736842, 0.017178362573099414
1 0.3279879385964912, 0.05436769005847953, 0.030153508771929825, 0.02138157894736842
1 0.6223958333333334, 0.054184941520467836, 0.02987938596491228, 0.026133040935672515
1 0.5703125, 0.06734283625730994, 0.02987938596491228, 0.03033625730994152
1 0.594983552631579, 0.07428728070175439, 0.03344298245614035, 0.029239766081871343
1 0.6001918859649122, 0.08470394736842106, 0.04139254385964912, 0.02540204678362573
1 0.3567708333333333, 0.05455043859649123, 0.027960526315789474, 0.0268640350877193
1 0.3203125, 0.07447002923976608, 0.046875, 0.025584795321637425
1 0.34087171052631576, 0.0779422514619883, 0.0537280701754386, 0.017543859649122806
1 0.28988486842105265, 0.0963998538011696, 0.04125548245614035, 0.02284356725146199
1 0.31949013157894735, 0.1004203216374269, 0.05180921052631579, 0.011878654970760233
1 0.5187774122807017, 0.05455043859649123, 0.01864035087719298, 0.030519005847953216
1 0.7276589912280702, 0.0558296783625731, 0.018092105263157895, 0.030519005847953216
1 0.807702850877193, 0.0556469298245614, 0.02850877192982456, 0.015350877192982455
1 0.7964638157894737, 0.06533260233918128, 0.022203947368421052, 0.028691520467836257
1 0.7802905701754386, 0.06825657894736842, 0.024671052631578948, 0.03252923976608187
1 0.7874177631578947, 0.08817616959064327, 0.03262061403508772, 0.029788011695906433
1 0.46313048245614036, 0.0602156432748538, 0.023300438596491228, 0.016812865497076022
1 0.43462171052631576, 0.08050073099415204, 0.05016447368421053, 0.022478070175438597
1 0.4804002192982456, 0.05656067251461988, 0.021107456140350877, 0.02722953216374269
1 0.7073739035087719, 0.057474415204678365, 0.021107456140350877, 0.031067251461988302
1 0.5341282894736842, 0.05857090643274854, 0.019736842105263157, 0.026498538011695907
1 0.8819901315789473, 0.059484649122807015, 0.03481359649122807, 0.020833333333333332
1 0.8818530701754386, 0.06716008771929824, 0.03577302631578947, 0.0266812865497076
1 1.0171326754385965, 0.059667397660818716, 0.02905701754385965, 0.024305555555555556
1 0.7750822368421053, 0.06076388888888889, 0.03399122807017544, 0.015899122807017545
1 0.7386239035087719, 0.07026681286549707, 0.042214912280701754, 0.025950292397660817
1 0.5571546052631579, 0.06131213450292398, 0.028782894736842105, 0.02850877192982456
1 0.514391447368421, 0.08360745614035088, 0.046052631578947366, 0.02266081871345029
1 0.5938870614035088, 0.06149488304093567, 0.03042763157894737, 0.025584795321637425
1 0.8164747807017544, 0.06186038011695907, 0.024671052631578948, 0.027046783625730993
1 0.8326480263157895, 0.06259137426900585, 0.021107456140350877, 0.02010233918128655
1 1.1432291666666667, 0.06313961988304094, 0.02549342105263158, 0.028143274853801168
1 1.0626370614035088, 0.06332236842105263, 0.04331140350877193, 0.017726608187134504
1 1.061266447368421, 0.06789108187134503, 0.03974780701754386, 0.027960526315789474
1 0.3808936403508772, 0.0644188596491228, 0.03837719298245614, 0.01516812865497076
1 1.1259594298245614, 0.0649671052631579, 0.02549342105263158, 0.031067251461988302
1 1.2246436403508771, 0.06752558479532164, 0.023848684210526317, 0.020650584795321638
1 1.2347861842105263, 0.08744517543859649, 0.027960526315789474, 0.03216374269005848
1 0.6429550438596491, 0.0691703216374269, 0.036458333333333336, 0.02905701754385965
1 1.170641447368421, 0.0691703216374269, 0.020285087719298246, 0.029239766081871343
1 1.1794133771929824, 0.07593201754385964, 0.030975877192982455, 0.029605263157894735
1 1.1566611842105263, 0.08159722222222222, 0.022478070175438597, 0.027777777777777776
1 0.6846217105263158, 0.06990131578947369, 0.02823464912280702, 0.03125
1 1.2073739035087718, 0.07172880116959064, 0.02549342105263158, 0.027412280701754384
1 0.29262609649122806, 0.07227704678362573, 0.02905701754385965, 0.025767543859649123
1 0.9765625, 0.07629751461988304, 0.047697368421052634, 0.018092105263157895
1 0.8850054824561403, 0.08013523391812866, 0.02768640350877193, 0.02412280701754386
1 0.8178453947368421, 0.0825109649122807, 0.026041666666666668, 0.02503654970760234
1 0.8331962719298246, 0.08890716374269006, 0.024396929824561403, 0.03216374269005848
1 1.0253563596491229, 0.08415570175438597, 0.03042763157894737, 0.02850877192982456
1 0.995202850877193, 0.0870796783625731, 0.023574561403508772, 0.027777777777777776
1 1.0132949561403508, 0.08817616959064327, 0.022478070175438597, 0.025767543859649123
1 0.9941063596491229, 0.11120248538011696, 0.06524122807017543, 0.019736842105263157
1 1.064281798245614, 0.08470394736842106, 0.030975877192982455, 0.027960526315789474
1 0.9464089912280702, 0.08506944444444445, 0.02905701754385965, 0.022478070175438597
1 0.635827850877193, 0.08525219298245613, 0.022203947368421052, 0.03709795321637427
1 0.7369791666666666, 0.08561769005847954, 0.043859649122807015, 0.02101608187134503
1 0.7183388157894737, 0.08598318713450293, 0.028645833333333332, 0.02663559941520468
1 0.7081962719298246, 0.10151681286549707, 0.027960526315789474, 0.026133040935672515
1 0.9724506578947368, 0.09000365497076024, 0.024671052631578948, 0.029239766081871343
1 1.2040844298245614, 0.09055190058479533, 0.03892543859649123, 0.03033625730994152
1 1.1739309210526316, 0.1006030701754386, 0.03179824561403509, 0.029239766081871343
1 1.2021655701754386, 0.10590277777777778, 0.03070175438596491, 0.025767543859649123
1 0.5445449561403509, 0.0911001461988304, 0.049890350877192985, 0.014985380116959063
1 0.8548519736842105, 0.09219663742690058, 0.0381030701754386, 0.023574561403508772
1 0.33950109649122806, 0.09274488304093567, 0.05180921052631579, 0.009868421052631578
1 0.41186951754385964, 0.09438961988304094, 0.04632675438596491, 0.019736842105263157
1 0.657483552631579, 0.09457236842105263, 0.04468201754385965, 0.018457602339181287
1 0.3970668859649123, 0.0956688596491228, 0.048793859649122806, 0.023391812865497075
1 0.38308662280701755, 0.09694809941520467, 0.024945175438596492, 0.0268640350877193
1 0.41488486842105265, 0.11449195906432749, 0.03289473684210526, 0.028691520467836257
1 1.132264254385965, 0.0956688596491228, 0.0424890350877193, 0.025219298245614034
1 0.7638432017543859, 0.09786184210526316, 0.03070175438596491, 0.031067251461988302
1 1.0892269736842106, 0.09767909356725146, 0.048793859649122806, 0.014071637426900584
1 1.0736019736842106, 0.11028874269005848, 0.06359649122807018, 0.011695906432748537
1 0.21833881578947367, 0.09932383040935673, 0.029605263157894735, 0.03453947368421053
1 0.22053179824561403, 0.1353252923976608, 0.0512609649122807, 0.016812865497076022
1 0.44558662280701755, 0.1007858187134503, 0.029605263157894735, 0.03289473684210526
1 0.44997258771929827, 0.11284722222222222, 0.0356359649122807, 0.027412280701754384
1 0.3104440789473684, 0.11485745614035088, 0.03974780701754386, 0.020833333333333332
1 0.9143366228070176, 0.10206505847953216, 0.030153508771929825, 0.026498538011695907
1 0.6174616228070176, 0.10261330409356725, 0.03508771929824561, 0.03435672514619883
1 0.610608552631579, 0.12070540935672515, 0.03179824561403509, 0.021929824561403508
1 0.13226425438596492, 0.10279605263157894, 0.041666666666666664, 0.026133040935672515
1 0.8046875, 0.10297880116959064, 0.02768640350877193, 0.028691520467836257
1 1.2558936403508771, 0.10279605263157894, 0.03399122807017544, 0.02722953216374269
1 0.5042489035087719, 0.10425804093567251, 0.03070175438596491, 0.028143274853801168
1 0.5574287280701754, 0.10389254385964912, 0.05893640350877193, 0.017361111111111112
1 0.8935032894736842, 0.10389254385964912, 0.04194078947368421, 0.028326023391812866
1 0.8743146929824561, 0.10864400584795321, 0.035910087719298246, 0.030519005847953216
1 1.2835800438596492, 0.10444078947368421, 0.047149122807017545, 0.020833333333333332
1 0.23204495614035087, 0.1049890350877193, 0.03618421052631579, 0.03070175438596491
1 0.9620339912280702, 0.10535453216374269, 0.028782894736842105, 0.029605263157894735
1 0.19695723684210525, 0.10590277777777778, 0.027138157894736843, 0.02850877192982456
1 0.7405427631578947, 0.10645102339181287, 0.03782894736842105, 0.03654970760233918
1 0.27316337719298245, 0.10992324561403509, 0.021929824561403508, 0.02850877192982456
1 0.2923519736842105, 0.11120248538011696, 0.05482456140350877, 0.01918859649122807
1 0.516858552631579, 0.11028874269005848, 0.044956140350877194, 0.029239766081871343
1 0.6695449561403509, 0.11083698830409357, 0.03618421052631579, 0.031980994152046784
1 0.6947642543859649, 0.11083698830409357, 0.026589912280701754, 0.03289473684210526
1 0.891858552631579, 0.11211622807017543, 0.03179824561403509, 0.027046783625730993
1 1.1435032894736843, 0.11302997076023392, 0.03399122807017544, 0.03271198830409357
1 0.5415296052631579, 0.1139437134502924, 0.0537280701754386, 0.01699561403508772
1 0.8584155701754386, 0.11412646198830409, 0.0512609649122807, 0.034173976608187134
1 0.8614309210526315, 0.13495979532163743, 0.04523026315789474, 0.024671052631578948
1 1.0094572368421053, 0.11851242690058479, 0.05674342105263158, 0.020650584795321638
1 1.0368695175438596, 0.1314875730994152, 0.049342105263157895, 0.017361111111111112
1 0.9932839912280702, 0.13349780701754385, 0.0322094298245614, 0.025950292397660817
1 1.0152138157894737, 0.13642178362573099, 0.030153508771929825, 0.039656432748538015
1 0.7772752192982456, 0.11906067251461988, 0.028782894736842105, 0.02540204678362573
1 0.8411458333333334, 0.11960891812865497, 0.021655701754385966, 0.034722222222222224
1 0.5881304824561403, 0.11924342105263158, 0.035910087719298246, 0.029605263157894735
1 0.2564418859649123, 0.11997441520467836, 0.0200109649122807, 0.020833333333333332
1 0.40446820175438597, 0.12015716374269006, 0.021929824561403508, 0.030519005847953216
1 0.3658168859649123, 0.14738669590643275, 0.047697368421052634, 0.027777777777777776
1 0.38007127192982454, 0.15305190058479531, 0.033717105263157895, 0.030519005847953216
1 1.2323190789473684, 0.11997441520467836, 0.042214912280701754, 0.027046783625730993
1 0.35649671052631576, 0.12143640350877193, 0.046875, 0.01516812865497076
1 0.7339638157894737, 0.12344663742690058, 0.03536184210526316, 0.03234649122807018
1 0.6487116228070176, 0.12362938596491228, 0.03179824561403509, 0.03216374269005848
1 1.1265076754385965, 0.12563961988304093, 0.03919956140350877, 0.0356359649122807
1 0.7180646929824561, 0.1283808479532164, 0.03179824561403509, 0.033625730994152045
1 0.26932565789473684, 0.12892909356725146, 0.046875, 0.02722953216374269
1 0.3619791666666667, 0.13039108187134502, 0.041666666666666664, 0.027412280701754384
1 0.34141995614035087, 0.13514254385964913, 0.03974780701754386, 0.014802631578947368
1 0.31949013157894735, 0.14802631578947367, 0.05098684210526316, 0.020924707602339183
1 1.1898300438596492, 0.13039108187134502, 0.04824561403508772, 0.025767543859649123
1 1.164610745614035, 0.1320358187134503, 0.0400219298245614, 0.026133040935672515
1 0.13939144736842105, 0.13075657894736842, 0.046875, 0.018092105263157895
1 0.18379934210526316, 0.13057383040935672, 0.03481359649122807, 0.023574561403508772
1 0.520422149122807, 0.13112207602339182, 0.044407894736842105, 0.025219298245614034
1 0.47491776315789475, 0.1318530701754386, 0.03618421052631579, 0.02503654970760234
1 0.5823739035087719, 0.1320358187134503, 0.03728070175438596, 0.023026315789473683
1 1.1015625, 0.13258406432748537, 0.03974780701754386, 0.01918859649122807
1 0.9406524122807017, 0.13331505847953215, 0.05701754385964912, 0.022112573099415205
1 0.3027686403508772, 0.1353252923976608, 0.033168859649122806, 0.029970760233918127
1 0.6221217105263158, 0.13861476608187134, 0.027138157894736843, 0.030884502923976608
1 0.5969024122807017, 0.1493969298245614, 0.03700657894736842, 0.017178362573099414
1 0.4359923245614035, 0.13989400584795322, 0.04057017543859649, 0.012792397660818713
1 0.9104989035087719, 0.1408077485380117, 0.025767543859649123, 0.03764619883040936
1 0.4565515350877193, 0.14172149122807018, 0.03289473684210526, 0.02046783625730994
1 0.670641447368421, 0.14153874269005848, 0.044956140350877194, 0.012244152046783625
1 0.4083059210526316, 0.14281798245614036, 0.03125, 0.03289473684210526
1 0.9179002192982456, 0.17461622807017543, 0.03234649122807018, 0.0400219298245614
1 0.7868695175438597, 0.1455592105263158, 0.02631578947368421, 0.030884502923976608
1 0.7660361842105263, 0.14629020467836257, 0.023300438596491228, 0.036366959064327485
1 1.0705866228070176, 0.1455592105263158, 0.05317982456140351, 0.014071637426900584
1 0.1196546052631579, 0.14647295321637427, 0.04303728070175439, 0.02010233918128655
1 1.045093201754386, 0.14647295321637427, 0.027412280701754384, 0.02887426900584795
1 0.9546326754385965, 0.14665570175438597, 0.03262061403508772, 0.031067251461988302
1 1.2251918859649122, 0.14738669590643275, 0.03042763157894737, 0.03508771929824561
1 1.201891447368421, 0.1495796783625731, 0.030975877192982455, 0.030153508771929825
1 1.1805098684210527, 0.16255482456140352, 0.02823464912280702, 0.028691520467836257
1 1.1596765350877194, 0.1667580409356725, 0.02275219298245614, 0.03782894736842105
1 1.1975054824561404, 0.17754020467836257, 0.0537280701754386, 0.017178362573099414
1 1.1448739035087718, 0.18156067251461988, 0.03125, 0.035818713450292396
1 0.2865953947368421, 0.14848318713450293, 0.024396929824561403, 0.023574561403508772
1 0.26384320175438597, 0.16931652046783627, 0.05975877192982456, 0.02448830409356725
1 0.8362116228070176, 0.15012792397660818, 0.04084429824561404, 0.029239766081871343
1 0.42667214912280704, 0.15104166666666666, 0.03125, 0.02266081871345029
1 0.41872258771929827, 0.16876827485380116, 0.022478070175438597, 0.019371345029239765
1 0.5198739035087719, 0.15177266081871346, 0.032072368421052634, 0.02905701754385965
1 0.24109100877192982, 0.15305190058479531, 0.024945175438596492, 0.026498538011695907
1 0.6506304824561403, 0.1541483918128655, 0.07182017543859649, 0.017543859649122806
1 0.7416392543859649, 0.15524488304093567, 0.029605263157894735, 0.03673245614035088
1 0.5741502192982456, 0.15561038011695907, 0.033717105263157895, 0.028691520467836257
1 1.0969024122807018, 0.15579312865497075, 0.02412280701754386, 0.03179824561403509
1 1.1128015350877194, 0.1578033625730994, 0.02138157894736842, 0.03399122807017544
1 0.46367872807017546, 0.1578033625730994, 0.05701754385964912, 0.015899122807017545
1 1.0538651315789473, 0.15762061403508773, 0.0390625, 0.028326023391812866
1 1.0771655701754386, 0.15889985380116958, 0.026041666666666668, 0.031432748538011694
1 0.989172149122807, 0.15908260233918128, 0.03289473684210526, 0.029788011695906433
1 0.9729989035087719, 0.17772295321637427, 0.03700657894736842, 0.036366959064327485
1 0.8559484649122807, 0.16072733918128654, 0.05016447368421053, 0.02631578947368421
1 0.43133223684210525, 0.1627375730994152, 0.042214912280701754, 0.031980994152046784
1 0.6909265350877193, 0.16401681286549707, 0.03262061403508772, 0.02722953216374269
1 0.6711896929824561, 0.17041301169590642, 0.027138157894736843, 0.03234649122807018
1 0.6558388157894737, 0.18795687134502925, 0.03618421052631579, 0.025219298245614034
1 0.3104440789473684, 0.1722404970760234, 0.044407894736842105, 0.014437134502923976
1 0.7874177631578947, 0.17242324561403508, 0.051535087719298246, 0.016812865497076022
1 1.0045230263157894, 0.1755299707602339, 0.022203947368421052, 0.030884502923976608
1 1.0256304824561404, 0.17607821637426901, 0.048793859649122806, 0.028691520467836257
1 0.5080866228070176, 0.17790570175438597, 0.03837719298245614, 0.0356359649122807
1 0.5464638157894737, 0.1810124269005848, 0.03974780701754386, 0.03252923976608187
1 0.4642269736842105, 0.18137792397660818, 0.05317982456140351, 0.020833333333333332
1 1.0631853070175439, 0.180281432748538, 0.027138157894736843, 0.03033625730994152
1 0.5774396929824561, 0.18119517543859648, 0.02850877192982456, 0.03728070175438596
1 0.7575383771929824, 0.18156067251461988, 0.0356359649122807, 0.04075292397660819
1 0.8830866228070176, 0.18210891812865498, 0.032072368421052634, 0.036366959064327485
1 0.8586896929824561, 0.18357090643274854, 0.03179824561403509, 0.03234649122807018
1 0.8589638157894737, 0.21354166666666666, 0.044956140350877194, 0.0356359649122807
1 0.7153234649122807, 0.18247441520467836, 0.022203947368421052, 0.025950292397660817
1 0.8277138157894737, 0.18302266081871346, 0.027960526315789474, 0.03435672514619883
1 0.3425164473684211, 0.18704312865497075, 0.03042763157894737, 0.03399122807017544
1 1.1944901315789473, 0.18686038011695907, 0.054276315789473686, 0.023940058479532164
1 1.1832510964912282, 0.18996710526315788, 0.04523026315789474, 0.027777777777777776
1 1.1657072368421053, 0.20933845029239767, 0.047697368421052634, 0.019371345029239765
1 0.9529879385964912, 0.19014985380116958, 0.03070175438596491, 0.03179824561403509
1 0.4458607456140351, 0.19142909356725146, 0.01864035087719298, 0.027412280701754384
1 1.0856633771929824, 0.19508406432748537, 0.023026315789473683, 0.027412280701754384
1 0.9041940789473685, 0.19544956140350878, 0.025767543859649123, 0.03179824561403509
1 0.09936951754385964, 0.19691154970760233, 0.03481359649122807, 0.03508771929824561
1 0.1128015350877193, 0.20988669590643275, 0.0268640350877193, 0.03490497076023392
1 0.11006030701754387, 0.23638523391812866, 0.038651315789473686, 0.0447733918128655
1 0.06921600877192982, 0.2736659356725146, 0.05290570175438596, 0.011878654970760233
1 0.2147752192982456, 0.19727704678362573, 0.024396929824561403, 0.029788011695906433
1 0.16132127192982457, 0.1980080409356725, 0.03262061403508772, 0.03344298245614035
1 0.2715186403508772, 0.1978252923976608, 0.03755482456140351, 0.03179824561403509
1 0.9804002192982456, 0.1991045321637427, 0.01644736842105263, 0.027412280701754384
1 0.19092653508771928, 0.1992872807017544, 0.025219298245614034, 0.023574561403508772
1 0.18078399122807018, 0.21518640350877194, 0.029331140350877194, 0.03874269005847953
1 0.7726151315789473, 0.1994700292397661, 0.02823464912280702, 0.039473684210526314
1 0.7397203947368421, 0.21938961988304093, 0.04632675438596491, 0.03344298245614035
1 0.7813870614035088, 0.22797880116959066, 0.034265350877192985, 0.02905701754385965
1 0.13582785087719298, 0.20038377192982457, 0.03125, 0.034722222222222224
1 0.4595668859649123, 0.20111476608187134, 0.023026315789473683, 0.031067251461988302
1 0.00013706140350877192, 0.20239400584795322, 0.029605263157894735, 0.02722953216374269
1 0.516858552631579, 0.20458698830409358, 0.026041666666666668, 0.027595029239766082
1 0.995202850877193, 0.20604897660818713, 0.0381030701754386, 0.02138157894736842
1 0.48149671052631576, 0.2071454678362573, 0.04523026315789474, 0.027046783625730993
1 0.7035361842105263, 0.20732821637426901, 0.030975877192982455, 0.03326023391812866
1 0.6750274122807017, 0.2170138888888889, 0.030153508771929825, 0.043859649122807015
1 0.35759320175438597, 0.2078764619883041, 0.03536184210526316, 0.028691520467836257
1 1.0226151315789473, 0.2078764619883041, 0.03782894736842105, 0.038011695906432746
1 0.06620065789473684, 0.2082419590643275, 0.023026315789473683, 0.038011695906432746
1 0.08374451754385964, 0.21500365497076024, 0.01617324561403509, 0.023757309941520467
1 0.04070723684210526, 0.2303545321637427, 0.03453947368421053, 0.0402046783625731
1 0.08018092105263158, 0.23766447368421054, 0.033168859649122806, 0.03709795321637427
1 0.6402138157894737, 0.20952119883040934, 0.03289473684210526, 0.03070175438596491
1 0.8030427631578947, 0.20970394736842105, 0.03125, 0.03216374269005848
1 0.5494791666666666, 0.2118969298245614, 0.029331140350877194, 0.030519005847953216
1 0.5291940789473685, 0.2206688596491228, 0.023026315789473683, 0.031067251461988302
1 0.5727796052631579, 0.2117141812865497, 0.05290570175438596, 0.028326023391812866
1 0.604577850877193, 0.21281067251461988, 0.03919956140350877, 0.028326023391812866
1 1.102110745614035, 0.21628289473684212, 0.04194078947368421, 0.023574561403508772
1 0.3619791666666667, 0.21993786549707603, 0.03508771929824561, 0.023757309941520467
1 0.8493695175438597, 0.21975511695906433, 0.03070175438596491, 0.03508771929824561
1 0.8299067982456141, 0.22121710526315788, 0.03892543859649123, 0.03490497076023392
1 0.003426535087719298, 0.22121710526315788, 0.04851973684210526, 0.03216374269005848
1 0.8891173245614035, 0.22249634502923976, 0.055441337719298246, 0.03399122807017544
1 0.9354440789473685, 0.22286184210526316, 0.03453947368421053, 0.023757309941520467
1 0.20518092105263158, 0.22322733918128654, 0.024191337719298246, 0.03453947368421053
1 0.4050164473684211, 0.22304459064327486, 0.0356359649122807, 0.030884502923976608
1 0.4387335526315789, 0.23748172514619884, 0.0381030701754386, 0.013523391812865496
1 0.4694353070175439, 0.24205043859649122, 0.024671052631578948, 0.03728070175438596
1 0.43133223684210525, 0.22359283625730994, 0.05592105263157895, 0.021564327485380116
1 0.707922149122807, 0.22468932748538012, 0.03179824561403509, 0.03545321637426901
1 0.31757127192982454, 0.22615131578947367, 0.0268640350877193, 0.0360014619883041
1 1.1657072368421053, 0.22615131578947367, 0.060032894736842105, 0.016812865497076022
1 0.9812225877192983, 0.22724780701754385, 0.04523026315789474, 0.014071637426900584
1 0.22711074561403508, 0.22889254385964913, 0.03262061403508772, 0.03453947368421053
1 0.735608552631579, 0.23126827485380116, 0.021929824561403508, 0.041849415204678365
1 0.7468475877192983, 0.2429641812865497, 0.02987938596491228, 0.03179824561403509
1 0.6613212719298246, 0.25941154970760233, 0.04057017543859649, 0.034173976608187134
1 0.6802357456140351, 0.26781798245614036, 0.05592105263157895, 0.026133040935672515
1 0.15693530701754385, 0.23199926900584794, 0.02987938596491228, 0.035818713450292396
1 1.0409813596491229, 0.23273026315789475, 0.0268640350877193, 0.03654970760233918
1 0.2660361842105263, 0.23346125730994152, 0.04111842105263158, 0.03892543859649123
1 0.27425986842105265, 0.2466191520467836, 0.03837719298245614, 0.03399122807017544
1 0.5001370614035088, 0.2341922514619883, 0.02905701754385965, 0.04148391812865497
1 0.44640899122807015, 0.2477156432748538, 0.025219298245614034, 0.030519005847953216
1 0.46696820175438597, 0.2749451754385965, 0.03700657894736842, 0.01644736842105263
1 0.4239309210526316, 0.27540204678362573, 0.055098684210526314, 0.035910087719298246
1 0.41324013157894735, 0.27805190058479534, 0.036458333333333336, 0.03234649122807018
1 0.6509046052631579, 0.234375, 0.028782894736842105, 0.04075292397660819
1 0.3403234649122807, 0.23510599415204678, 0.03070175438596491, 0.018457602339181287
1 0.3411458333333333, 0.2521016081871345, 0.047149122807017545, 0.026133040935672515
1 0.3633497807017544, 0.2696454678362573, 0.03673245614035088, 0.025767543859649123
1 0.31674890350877194, 0.2789656432748538, 0.048793859649122806, 0.01644736842105263
1 1.0771655701754386, 0.23492324561403508, 0.0356359649122807, 0.030519005847953216
1 0.39871162280701755, 0.23565423976608188, 0.02275219298245614, 0.024853801169590642
1 1.113075657894737, 0.2378472222222222, 0.05756578947368421, 0.02540204678362573
1 0.5437225877192983, 0.24040570175438597, 0.035910087719298246, 0.02905701754385965
1 0.5933388157894737, 0.24095394736842105, 0.03179824561403509, 0.027595029239766082
1 0.6947642543859649, 0.24205043859649122, 0.023574561403508772, 0.02942251461988304
1 0.7972861842105263, 0.2435124269005848, 0.03728070175438596, 0.03654970760233918
1 0.9697094298245614, 0.24680190058479531, 0.03042763157894737, 0.04623538011695907
1 0.9436677631578947, 0.25411184210526316, 0.028782894736842105, 0.03435672514619883
1 0.9253015350877193, 0.25977704678362573, 0.03042763157894737, 0.03289473684210526
1 0.9263980263157895, 0.2871893274853801, 0.026589912280701754, 0.02722953216374269
1 1.0121984649122806, 0.2480811403508772, 0.03042763157894737, 0.026498538011695907
1 0.6207510964912281, 0.25063961988304095, 0.024396929824561403, 0.03125
1 0.8353892543859649, 0.2513706140350877, 0.022203947368421052, 0.0402046783625731
1 0.5182291666666666, 0.2515533625730994, 0.025767543859649123, 0.03033625730994152
1 0.38774671052631576, 0.25356359649122806, 0.05838815789473684, 0.025584795321637425
1 0.8551260964912281, 0.25466008771929827, 0.03837719298245614, 0.033625730994152045
1 0.901452850877193, 0.25466008771929827, 0.027960526315789474, 0.038011695906432746
1 0.1835252192982456, 0.2561220760233918, 0.04851973684210526, 0.012426900584795321
1 0.5311129385964912, 0.2563048245614035, 0.033717105263157895, 0.037463450292397664
1 0.7408168859649122, 0.2574013157894737, 0.05893640350877193, 0.02412280701754386
1 0.7402686403508771, 0.27658991228070173, 0.05537280701754386, 0.017909356725146198
1 0.7523300438596491, 0.29120979532163743, 0.025219298245614034, 0.019005847953216373
1 0.12431469298245613, 0.25941154970760233, 0.034265350877192985, 0.03399122807017544
1 0.4009046052631579, 0.26361476608187134, 0.049890350877192985, 0.02850877192982456
1 0.17338267543859648, 0.2663559941520468, 0.054276315789473686, 0.02266081871345029
1 1.0503015350877194, 0.2663559941520468, 0.03125, 0.04203216374269006
1 1.1152686403508771, 0.2661732456140351, 0.02549342105263158, 0.03764619883040936
1 0.6339089912280702, 0.26763523391812866, 0.02823464912280702, 0.03819444444444445
1 0.5582510964912281, 0.26800073099415206, 0.0268640350877193, 0.026498538011695907
1 1.0908717105263157, 0.2696454678362573, 0.03179824561403509, 0.039108187134502925
1 0.5983415570175439, 0.26758954678362573, 0.034745065789473686, 0.0278234649122807
1 0.5818256578947368, 0.2745796783625731, 0.05455043859649123, 0.02942251461988304
1 0.47546600877192985, 0.2734831871345029, 0.043859649122807015, 0.030519005847953216
1 0.008908991228070175, 0.27421418128654973, 0.05674342105263158, 0.016264619883040937
1 1.0226151315789473, 0.2749451754385965, 0.02549342105263158, 0.030884502923976608
1 1.0061677631578947, 0.29047880116959063, 0.03070175438596491, 0.028326023391812866
1 1.0390625, 0.3151498538011696, 0.034265350877192985, 0.03033625730994152
1 0.9993146929824561, 0.3279422514619883, 0.038892543859649124, 0.014276315789473686
1 1.016858552631579, 0.3387244152046784, 0.03782894736842105, 0.03764619883040936
1 1.0393366228070176, 0.34055190058479534, 0.03536184210526316, 0.03673245614035088
1 0.9867050438596491, 0.3495065789473684, 0.04057017543859649, 0.01699561403508772
1 0.14076206140350878, 0.275858918128655, 0.029605263157894735, 0.028326023391812866
1 0.1591282894736842, 0.27732090643274854, 0.03508771929824561, 0.03819444444444445
1 0.22930372807017543, 0.27768640350877194, 0.03399122807017544, 0.025584795321637425
1 0.8671875, 0.27823464912280704, 0.033168859649122806, 0.03490497076023392
1 0.7783717105263158, 0.2787828947368421, 0.060032894736842105, 0.021198830409356724
1 0.8915844298245614, 0.2891995614035088, 0.039473684210526314, 0.025219298245614034
1 0.838952850877193, 0.2934027777777778, 0.030153508771929825, 0.02887426900584795
1 0.8049616228070176, 0.3040021929824561, 0.03728070175438596, 0.03216374269005848
1 0.7479440789473685, 0.30838815789473684, 0.029331140350877194, 0.027960526315789474
1 0.8543037280701754, 0.30838815789473684, 0.02823464912280702, 0.015350877192982455
1 0.7756304824561403, 0.3102156432748538, 0.03618421052631579, 0.031980994152046784
1 0.8767817982456141, 0.3103983918128655, 0.033168859649122806, 0.015533625730994151
1 0.8844572368421053, 0.3186220760233918, 0.042214912280701754, 0.02722953216374269
1 0.8098958333333334, 0.3206323099415205, 0.046052631578947366, 0.03125
1 0.7898848684210527, 0.3325109649122807, 0.033717105263157895, 0.04258040935672515
1 0.979577850877193, 0.2798793859649123, 0.04111842105263158, 0.028691520467836257
1 0.9365405701754386, 0.2921235380116959, 0.03700657894736842, 0.03271198830409357
1 0.967516447368421, 0.30327119883040937, 0.03974780701754386, 0.025584795321637425
1 0.905016447368421, 0.30783991228070173, 0.03974780701754386, 0.02631578947368421
1 0.9450383771929824, 0.31569809941520466, 0.027138157894736843, 0.03307748538011696
1 0.9253015350877193, 0.3288559941520468, 0.03070175438596491, 0.028143274853801168
1 0.49438048245614036, 0.28115862573099415, 0.039473684210526314, 0.021747076023391813
1 0.7038103070175439, 0.28207236842105265, 0.0512609649122807, 0.019554093567251463
1 -6.853070175438596e-05, 0.282437865497076, 0.02652138157894737, 0.03326023391812866
1 1.0363212719298245, 0.2831688596491228, 0.027138157894736843, 0.03435672514619883
1 0.06400767543859649, 0.28426535087719296, 0.06716008771929824, 0.01516812865497076
1 0.17557565789473684, 0.28481359649122806, 0.06112938596491228, 0.025767543859649123
1 0.18489583333333334, 0.29943347953216376, 0.055098684210526314, 0.010599415204678362
1 0.21888706140350878, 0.3016264619883041, 0.030153508771929825, 0.044042397660818716
1 0.2002467105263158, 0.30528143274853803, 0.033717105263157895, 0.04111842105263158
1 0.1709155701754386, 0.30911915204678364, 0.0400219298245614, 0.012609649122807017
1 0.31729714912280704, 0.2890168128654971, 0.026041666666666668, 0.031067251461988302
1 0.29975328947368424, 0.29157529239766083, 0.024945175438596492, 0.02320906432748538
1 0.27837171052631576, 0.29468201754385964, 0.036458333333333336, 0.02905701754385965
1 0.2660361842105263, 0.2972404970760234, 0.024671052631578948, 0.022478070175438597
1 0.35265899122807015, 0.2901133040935672, 0.03919956140350877, 0.016264619883040937
1 0.005893640350877193, 0.29120979532163743, 0.05071271929824561, 0.030519005847953216
1 0.03686951754385965, 0.29961622807017546, 0.043859649122807015, 0.025219298245614034
1 0.06400767543859649, 0.30948464912280704, 0.029605263157894735, 0.022112573099415205
1 -0.00013706140350877192, 0.31167763157894735, 0.03741776315789474, 0.036915204678362575
1 0.028919956140350877, 0.31679459064327486, 0.02768640350877193, 0.03527046783625731
1 0.01000548245614035, 0.317891081871345, 0.027960526315789474, 0.03728070175438596
1 0.047286184210526314, 0.3237390350877193, 0.03508771929824561, 0.033808479532163746
1 0.3891173245614035, 0.29157529239766083, 0.028782894736842105, 0.03435672514619883
1 0.3534813596491228, 0.301078216374269, 0.04358552631578947, 0.01882309941520468
1 0.3430646929824561, 0.31642909356725146, 0.03728070175438596, 0.037463450292397664
1 0.6500822368421053, 0.29157529239766083, 0.039953399122807015, 0.028691520467836257
1 0.7035361842105263, 0.30272295321637427, 0.025767543859649123, 0.03307748538011696
1 0.6859923245614035, 0.3098501461988304, 0.023300438596491228, 0.027183845029239765
1 0.6894873903508771, 0.3340423976608187, 0.05489309210526316, 0.02880482456140351
1 0.6914747807017544, 0.34000365497076024, 0.04851973684210526, 0.031980994152046784
1 0.48615679824561403, 0.292671783625731, 0.05043859649122807, 0.031067251461988302
1 0.5245339912280702, 0.29431652046783624, 0.07264254385964912, 0.015533625730994151
1 0.5969024122807017, 0.3001644736842105, 0.04084429824561404, 0.03527046783625731
1 0.5152138157894737, 0.30290570175438597, 0.022203947368421052, 0.031432748538011694
1 0.4828673245614035, 0.3182565789473684, 0.0381030701754386, 0.01608187134502924
1 0.6755756578947368, 0.29395102339181284, 0.06828947368421052, 0.015533625730994151
1 0.32716557017543857, 0.2959612573099415, 0.028782894736842105, 0.02942251461988304
1 0.32908442982456143, 0.3248355263157895, 0.017543859649122806, 0.024305555555555556
1 0.08950109649122807, 0.2972404970760234, 0.04523026315789474, 0.03179824561403509
1 0.12075109649122807, 0.30308845029239767, 0.04057017543859649, 0.019005847953216373
1 0.09416118421052631, 0.31222587719298245, 0.03070175438596491, 0.03252923976608187
1 0.15885416666666666, 0.31624634502923976, 0.04057017543859649, 0.025950292397660817
1 0.13527960526315788, 0.3189875730994152, 0.029605263157894735, 0.013157894736842105
1 0.07524671052631579, 0.33324195906432746, 0.027412280701754384, 0.022478070175438597
1 1.1125274122807018, 0.2972404970760234, 0.05592105263157895, 0.02010233918128655
1 1.067297149122807, 0.2974232456140351, 0.03700657894736842, 0.030519005847953216
1 0.4532620614035088, 0.29870248538011696, 0.042214912280701754, 0.03234649122807018
1 0.24931469298245615, 0.2999817251461988, 0.02905701754385965, 0.030153508771929825
1 0.41324013157894735, 0.30875365497076024, 0.05537280701754386, 0.015350877192982455
1 0.23697916666666666, 0.3114948830409357, 0.02850877192982456, 0.03545321637426901
1 0.2748081140350877, 0.3180738304093567, 0.02412280701754386, 0.01114766081871345
1 0.26466557017543857, 0.3233735380116959, 0.04797149122807018, 0.034173976608187134
1 0.26000548245614036, 0.32648026315789475, 0.028782894736842105, 0.02101608187134503
1 0.3608826754385965, 0.31588084795321636, 0.031524122807017545, 0.027412280701754384
1 1.1155427631578947, 0.31551535087719296, 0.04276315789473684, 0.01425438596491228
1 1.122532894736842, 0.32172880116959063, 0.03632127192982456, 0.024671052631578948
1 0.5242598684210527, 0.31697733918128657, 0.055098684210526314, 0.03289473684210526
1 0.5050712719298246, 0.3273940058479532, 0.02412280701754386, 0.019554093567251463
1 1.092516447368421, 0.31716008771929827, 0.023848684210526317, 0.04239766081871345
1 1.0741502192982457, 0.3206323099415205, 0.023026315789473683, 0.03892543859649123
1 1.114720394736842, 0.33305921052631576, 0.03344298245614035, 0.033625730994152045
1 1.0796326754385965, 0.3526133040935672, 0.025219298245614034, 0.04258040935672515
1 1.0585252192982457, 0.3553545321637427, 0.027960526315789474, 0.03545321637426901
1 1.1018366228070176, 0.3588267543859649, 0.06112938596491228, 0.02540204678362573
1 0.30057565789473684, 0.3177083333333333, 0.02850877192982456, 0.031432748538011694
1 0.8310032894736842, 0.32209429824561403, 0.041666666666666664, 0.02887426900584795
1 0.8336074561403509, 0.3489583333333333, 0.04536732456140351, 0.03453947368421053
1 0.41296600877192985, 0.32227704678362573, 0.04111842105263158, 0.013523391812865496
1 0.4505208333333333, 0.32264254385964913, 0.035910087719298246, 0.0403874269005848
1 0.8592379385964912, 0.3242872807017544, 0.04797149122807018, 0.0356359649122807
1 0.8871984649122807, 0.344937865497076, 0.03974780701754386, 0.03289473684210526
1 0.9211896929824561, 0.3496893274853801, 0.03070175438596491, 0.018457602339181287
1 0.9357182017543859, 0.36083698830409355, 0.04139254385964912, 0.02320906432748538
1 0.5374177631578947, 0.3248355263157895, 0.04824561403508772, 0.030884502923976608
1 0.10457785087719298, 0.32593201754385964, 0.02823464912280702, 0.030519005847953216
1 0.38500548245614036, 0.32574926900584794, 0.03262061403508772, 0.03874269005847953
1 0.40803179824561403, 0.32940423976608185, 0.0200109649122807, 0.03271198830409357
1 0.05304276315789474, 0.32666301169590645, 0.009046052631578948, 0.014437134502923976
1 0.16515899122807018, 0.32684576023391815, 0.02850877192982456, 0.03125
1 1.1794133771929824, 0.3275767543859649, 0.0400219298245614, 0.030153508771929825
1 1.159608004385965, 0.33168859649122806, 0.05482456140350877, 0.04047880116959064
1 1.1552905701754386, 0.33735380116959063, 0.04084429824561404, 0.035910087719298246
1 0.1278782894736842, 0.32940423976608185, 0.04523026315789474, 0.041849415204678365
1 0.14788925438596492, 0.3314144736842105, 0.02631578947368421, 0.02540204678362573
1 1.2131304824561404, 0.3317799707602339, 0.027138157894736843, 0.03326023391812866
1 0.42283442982456143, 0.3328764619883041, 0.02768640350877193, 0.03874269005847953
1 0.4850603070175439, 0.33452119883040937, 0.05646929824561404, 0.027595029239766082
1 0.7523300438596491, 0.3359831871345029, 0.03837719298245614, 0.027595029239766082
1 0.9845120614035088, 0.34347587719298245, 0.0424890350877193, 0.011878654970760233
1 0.2929002192982456, 0.33908991228070173, 0.0381030701754386, 0.029239766081871343
1 0.5651041666666666, 0.3414656432748538, 0.05290570175438596, 0.026498538011695907
1 0.3268914473684211, 0.34384137426900585, 0.03179824561403509, 0.04294590643274854
1 0.9510690789473685, 0.3460343567251462, 0.046875, 0.030884502923976608
1 1.141858552631579, 0.34713084795321636, 0.04550438596491228, 0.03983918128654971
1 0.8140076754385965, 0.3489583333333333, 0.03919956140350877, 0.029970760233918127
1 0.2021655701754386, 0.3504203216374269, 0.0649671052631579, 0.021747076023391813
1 0.05057565789473684, 0.3522478070175439, 0.0356359649122807, 0.027595029239766082
1 0.07963267543859649, 0.3560855263157895, 0.038651315789473686, 0.03399122807017544
1 0.10677083333333333, 0.3530482456140351, 0.05071271929824561, 0.029535818713450294
1 0.2934484649122807, 0.35297880116959063, 0.0356359649122807, 0.03764619883040936
1 1.2070997807017543, 0.35718201754385964, 0.046052631578947366, 0.027960526315789474
1 0.5374177631578947, 0.3597404970760234, 0.046600877192982455, 0.018457602339181287
1 0.9976699561403509, 0.36065423976608185, 0.02987938596491228, 0.027412280701754384
1 0.00013706140350877192, 0.36193347953216376, 0.009046052631578948, 0.015716374269005847
1 0.47875548245614036, 0.3639437134502924, 0.04632675438596491, 0.031432748538011694
1 0.1591282894736842, 0.36577119883040937, 0.02905701754385965, 0.021929824561403508
1 0.44065241228070173, 0.3688779239766082, 0.026041666666666668, 0.03289473684210526
1 0.21203399122807018, 0.37052266081871343, 0.0644188596491228, 0.019919590643274854
1 0.7794682017543859, 0.37052266081871343, 0.03700657894736842, 0.049707602339181284
1 1.1048519736842106, 0.37070540935672514, 0.0512609649122807, 0.030519005847953216
1 0.8118146929824561, 0.37125365497076024, 0.02905701754385965, 0.03837719298245614
1 0.6739309210526315, 0.37527412280701755, 0.04331140350877193, 0.030884502923976608
1 0.4211896929824561, 0.37545687134502925, 0.03234649122807018, 0.03125
1 0.7268366228070176, 0.3763706140350877, 0.026041666666666668, 0.033808479532163746
1 0.18270285087719298, 0.3769188596491228, 0.026041666666666668, 0.03125
1 0.30359100877192985, 0.37929459064327486, 0.047697368421052634, 0.019554093567251463
1 0.3501918859649123, 0.37947733918128657, 0.042214912280701754, 0.04057017543859649
1 0.5596217105263158, 0.3813048245614035, 0.04906798245614035, 0.021747076023391813
1 0.13390899122807018, 0.38221856725146197, 0.03618421052631579, 0.036915204678362575
1 0.15583881578947367, 0.3866045321637427, 0.03782894736842105, 0.04075292397660819
1 0.8151041666666666, 0.3840460526315789, 0.03673245614035088, 0.044042397660818716
1 0.6407620614035088, 0.38569078947368424, 0.02850877192982456, 0.03252923976608187
1 0.23396381578947367, 0.38934576023391815, 0.03782894736842105, 0.03216374269005848
1 0.19832785087719298, 0.39592470760233917, 0.051535087719298246, 0.03545321637426901
1 0.9137883771929824, 0.39190423976608185, 0.029605263157894735, 0.03618421052631579
1 0.8748629385964912, 0.38843201754385964, 0.04523026315789474, 0.041301169590643276
1 0.4965734649122807, 0.39263523391812866, 0.05071271929824561, 0.027595029239766082
1 0.055509868421052634, 0.39318347953216376, 0.031524122807017545, 0.03782894736842105
1 0.7441063596491229, 0.3937317251461988, 0.03919956140350877, 0.017726608187134504
1 0.7287554824561403, 0.4085343567251462, 0.04523026315789474, 0.023026315789473683
1 0.8521107456140351, 0.39555921052631576, 0.028782894736842105, 0.04751461988304093
1 -0.00013706140350877192, 0.39647295321637427, 0.01864035087719298, 0.04075292397660819
1 0.12239583333333333, 0.39647295321637427, 0.03289473684210526, 0.030153508771929825
1 1.0535910087719298, 0.3981176900584795, 0.04194078947368421, 0.04057017543859649
1 0.5291940789473685, 0.4004934210526316, 0.05098684210526316, 0.04148391812865497
1 0.6999725877192983, 0.4003106725146199, 0.02768640350877193, 0.03033625730994152
1 0.10375548245614036, 0.40213815789473684, 0.025219298245614034, 0.033808479532163746
1 0.576891447368421, 0.40286915204678364, 0.04632675438596491, 0.018457602339181287
1 0.46587171052631576, 0.4041483918128655, 0.03262061403508772, 0.047149122807017545
1 0.6048519736842105, 0.40542763157894735, 0.04797149122807018, 0.03033625730994152
1 0.5763432017543859, 0.41584429824561403, 0.03179824561403509, 0.019554093567251463
1 0.8266173245614035, 0.4076206140350877, 0.030975877192982455, 0.039473684210526314
1 0.9502467105263158, 0.40926535087719296, 0.029331140350877194, 0.03033625730994152
1 1.2005208333333333, 0.41072733918128657, 0.02987938596491228, 0.0402046783625731
1 0.8759594298245614, 0.42315423976608185, 0.046875, 0.01827485380116959
1 0.6969572368421053, 0.4441703216374269, 0.05345394736842105, 0.041666666666666664
1 0.05578399122807018, 0.45550073099415206, 0.030975877192982455, 0.04111842105263158
1 0.3534813596491228, 0.48967470760233917, 0.020833333333333332, 0.027046783625730993
1 0.3345668859649123, 0.5116045321637427, 0.02631578947368421, 0.03344298245614035
1 0.7682291666666666, 0.5150767543859649, 0.05592105263157895, 0.022112573099415205
1 1.155016447368421, 0.5189144736842105, 0.03782894736842105, 0.038011695906432746
1 0.3033168859649123, 0.5209247076023392, 0.024671052631578948, 0.024853801169590642
1 -0.00013706140350877192, 0.5265899122807017, 0.016721491228070175, 0.027960526315789474
1 1.0560581140350878, 0.5768457602339181, 0.03892543859649123, 0.04148391812865497
1 0.8578673245614035, 0.5840643274853801, 0.05674342105263158, 0.023300438596491228
1 1.2465734649122806, 0.621984649122807, 0.020285087719298246, 0.033625730994152045
1 1.2621984649122806, 0.653234649122807, 0.01644736842105263, 0.009868421052631578
1 0.06722861842105263, 0.2972404970760234, 0.03899396929824561, 0.022203947368421052
1 0.03638980263157895, 0.2924890350877193, 0.06099232456140351, 0.01918859649122807
1 0.09340734649122807, 0.4012701023391813, 0.018297697368421052, 0.029559576023391813
1 0.07483552631578948, 0.38984831871345027, 0.04139254385964912, 0.029605263157894735
1 0.04262609649122807, 0.6225328947368421, 0.052768640350877194, 0.04322002923976608
1 0.3280564692982456, 0.11613669590643275, 0.032689144736842105, 0.03874269005847953
1 0.3588952850877193, 0.10147112573099415, 0.026110197368421052, 0.02284356725146199
1 0.4086485745614035, 0.05975877192982456, 0.05893640350877193, 0.013751827485380117
1 0.3902138157894737, 0.0567891081871345, 0.04358552631578947, 0.013273026315789473
1 0.5364583333333334, 0.15570175438596492, 0.04077576754385965, 0.02425986842105263
1 0.5566063596491229, 0.12856359649122806, 0.02816611842105263, 0.03033625730994152
1 0.4010416666666667, 0.08050073099415204, 0.06071820175438596, 0.015533625730994151
1 0.44229714912280704, 0.0720029239766082, 0.04070723684210526, 0.01343201754385965
1 0.3950794956140351, 0.07186586257309942, 0.0512609649122807, 0.022478070175438597
1 0.49136513157894735, 0.06487573099415204, 0.02823464912280702, 0.025447733918128657
1 0.4844435307017544, 0.08589181286549707, 0.03412828947368421, 0.034173976608187134
1 0.6700246710526315, 0.31775402046783624, 0.021929824561403508, 0.04294590643274854
1 0.6439144736842105, 0.32629751461988304, 0.031112938596491228, 0.03252923976608187
1 0.6481633771929824, 0.31409904970760233, 0.026557017543859647, 0.040455043859649126
1 0.6204769736842105, 0.31935307017543857, 0.02850877192982456, 0.04285453216374269
1 0.6082785087719298, 0.31085526315789475, 0.034265350877192985, 0.0356359649122807
1 0.5792214912280702, 0.3069261695906433, 0.024191337719298246, 0.033808479532163746
1 0.5338541666666666, 0.30528143274853803, 0.06469298245614036, 0.023757309941520467
1 0.7390350877192983, 0.3361202485380117, 0.036047149122807015, 0.04025036549707602
1 0.7255345394736842, 0.2999360380116959, 0.025424890350877194, 0.041301169590643276
1 0.7644599780701754, 0.2950018274853801, 0.035430372807017545, 0.03248355263157895
1 0.788171600877193, 0.2894736842105263, 0.06791392543859649, 0.02183845029239766
1 0.8078399122807017, 0.1337719298245614, 0.028645833333333332, 0.033625730994152045
1 0.8266858552631579, 0.1286549707602339, 0.025699013157894735, 0.0377375730994152
1 0.7589089912280702, 0.042306286549707604, 0.057154605263157895, 0.018457602339181287
1 0.7772066885964912, 0.04550438596491228, 0.06112938596491228, 0.01745248538011696
1 0.9433251096491229, 0.17690058479532164, 0.0268640350877193, 0.03860562865497076
1 0.9346902412280702, 0.14414290935672514, 0.03282620614035088, 0.03755482456140351
1 0.8570449561403509, 0.06980994152046784, 0.029468201754385966, 0.032072368421052634
1 0.8440926535087719, 0.06546966374269006, 0.037623355263157895, 0.02700109649122807
1 0.9316063596491229, 0.051991959064327485, 0.028782894736842105, 0.027503654970760235
1 0.9139939692982456, 0.066703216374269, 0.026110197368421052, 0.02549342105263158
1 0.9760142543859649, 0.416483918128655, 0.05016447368421053, 0.030975877192982455
1 0.9634046052631579, 0.41584429824561403, 0.034745065789473686, 0.029925073099415205
1 1.0386513157894737, 0.07602339181286549, 0.03330592105263158, 0.03179824561403509
1 1.0325520833333333, 0.06588084795321637, 0.02905701754385965, 0.0188687865497076
1 1.056126644736842, 0.12257858187134503, 0.04653234649122807, 0.023802997076023392
1 1.0836759868421053, 0.11782711988304094, 0.04975328947368421, 0.015807748538011698
1 0.9723135964912281, 0.3453033625730994, 0.014322916666666666, 0.012107090643274854
1 0.9716282894736842, 0.33278508771929827, 0.07737116228070176, 0.015533625730994151
1 0.9797149122807017, 0.3144188596491228, 0.07017543859649122, 0.021792763157894735
1 1.1309621710526316, 0.1497624269005848, 0.033168859649122806, 0.03070175438596491
1 1.110608552631579, 0.16493055555555555, 0.04242050438596491, 0.03837719298245614
