1 0.490125, 0.21916666666666668, 0.04066666666666666, 0.019
1 0.446125, 0.22483333333333333, 0.042333333333333334, 0.018
1 0.436625, 0.25516666666666665, 0.042666666666666665, 0.01675
1 0.335375, 0.25583333333333336, 0.03, 0.0185
1 0.383375, 0.26216666666666666, 0.037, 0.02325
1 0.369125, 0.2895, 0.023, 0.037
1 0.464625, 0.2638333333333333, 0.03966666666666667, 0.01825
1 0.401125, 0.2658333333333333, 0.02033333333333333, 0.0325
1 0.351625, 0.2665, 0.025666666666666667, 0.03275
1 0.316875, 0.2688333333333333, 0.048, 0.013
1 0.509625, 0.2698333333333333, 0.039, 0.01625
1 0.484375, 0.27616666666666667, 0.04133333333333333, 0.018
1 0.459875, 0.31116666666666665, 0.029333333333333333, 0.02825
1 0.502625, 0.2758333333333333, 0.042333333333333334, 0.018
1 0.448625, 0.2785, 0.043333333333333335, 0.01725
1 0.523625, 0.2785, 0.044, 0.0205
1 0.582125, 0.2821666666666667, 0.025666666666666667, 0.0315
1 0.546375, 0.2821666666666667, 0.041, 0.01825
1 0.406125, 0.2828333333333333, 0.029, 0.03075
1 0.338375, 0.2838333333333333, 0.037, 0.01975
1 0.328125, 0.2851666666666667, 0.03, 0.016125
1 0.290375, 0.2861666666666667, 0.044, 0.02075
1 0.309125, 0.2911666666666667, 0.04533333333333334, 0.01725
1 0.566375, 0.2925, 0.038, 0.01425
1 0.459875, 0.2971666666666667, 0.032, 0.02475
1 0.357875, 0.2985, 0.036333333333333336, 0.0165
1 0.533625, 0.2985, 0.050666666666666665, 0.01675
1 0.410375, 0.30516666666666664, 0.03833333333333333, 0.01625
1 0.422375, 0.3065, 0.02266666666666667, 0.03275
1 0.423125, 0.33016666666666666, 0.023666666666666666, 0.02725
1 0.376875, 0.30883333333333335, 0.041, 0.02075
1 0.396125, 0.31183333333333335, 0.048666666666666664, 0.018
1 0.373125, 0.3475, 0.028333333333333332, 0.028
1 0.323375, 0.31083333333333335, 0.049, 0.02075
1 0.478125, 0.31183333333333335, 0.029666666666666668, 0.03525
1 0.594375, 0.3185, 0.025, 0.0335
1 0.500875, 0.3205, 0.03866666666666667, 0.02325
1 0.522875, 0.3205, 0.030666666666666665, 0.01025
1 0.482625, 0.35883333333333334, 0.04033333333333333, 0.02575
1 0.654625, 0.32016666666666665, 0.051, 0.0175
1 0.659375, 0.3358333333333333, 0.042333333333333334, 0.02325
1 0.563875, 0.32083333333333336, 0.043333333333333335, 0.01825
1 0.683375, 0.32216666666666666, 0.041, 0.02025
1 0.552125, 0.3225, 0.048, 0.0175
1 0.478125, 0.32283333333333336, 0.029333333333333333, 0.03675
1 0.458625, 0.3451666666666667, 0.026, 0.02275
1 0.429625, 0.32416666666666666, 0.017666666666666667, 0.0315
1 0.619125, 0.3248333333333333, 0.050666666666666665, 0.018
1 0.636625, 0.3248333333333333, 0.049, 0.01725
1 0.358375, 0.3255, 0.024, 0.02875
1 0.539375, 0.3315, 0.04533333333333334, 0.01825
1 0.551125, 0.36383333333333334, 0.026, 0.026
1 0.578625, 0.33516666666666667, 0.032, 0.0295
1 0.441375, 0.33816666666666667, 0.028333333333333332, 0.037
1 0.351125, 0.3405, 0.03233333333333333, 0.036
1 0.415125, 0.3458333333333333, 0.027666666666666666, 0.03425
1 0.305375, 0.3461666666666667, 0.051333333333333335, 0.01975
1 0.476625, 0.3471666666666667, 0.049, 0.02425
1 0.466125, 0.3545, 0.04766666666666667, 0.02125
1 0.507125, 0.3475, 0.019666666666666666, 0.0305
1 0.377625, 0.3541666666666667, 0.034333333333333334, 0.0305
1 0.675375, 0.3571666666666667, 0.026, 0.03625
1 0.414375, 0.3575, 0.04666666666666667, 0.018
1 0.408125, 0.36683333333333334, 0.041666666666666664, 0.01375
1 0.394125, 0.36283333333333334, 0.047, 0.018
1 0.564875, 0.3635, 0.04, 0.02125
1 0.544125, 0.3725, 0.034, 0.02
1 0.451625, 0.3635, 0.05, 0.01375
1 0.511625, 0.3641666666666667, 0.03266666666666666, 0.0205
1 0.530625, 0.3641666666666667, 0.04466666666666667, 0.01475
1 0.592875, 0.36783333333333335, 0.018, 0.0305
1 0.504875, 0.36883333333333335, 0.04466666666666667, 0.02225
1 0.486625, 0.4098333333333333, 0.021333333333333333, 0.03675
1 0.440625, 0.3735, 0.052583333333333336, 0.019
1 0.429125, 0.37383333333333335, 0.044, 0.014
1 0.333875, 0.3745, 0.046, 0.01375
1 0.322125, 0.3995, 0.03333333333333333, 0.022
1 0.570625, 0.3755, 0.036333333333333336, 0.0245
1 0.346375, 0.3765, 0.049666666666666665, 0.02
1 0.591375, 0.3858333333333333, 0.022, 0.033
1 0.370875, 0.3888333333333333, 0.025666666666666667, 0.03225
1 0.485375, 0.3945, 0.017666666666666667, 0.0295
1 0.364625, 0.3995, 0.028, 0.03475
1 0.256125, 0.4005, 0.049666666666666665, 0.01725
1 0.5275, 0.4025, 0.029666666666666668, 0.033375
1 0.534625, 0.41683333333333333, 0.03266666666666666, 0.0275
1 0.455875, 0.4031666666666667, 0.036, 0.03175
1 0.396625, 0.4051666666666667, 0.036, 0.03525
1 0.623625, 0.4061666666666667, 0.028, 0.04325
1 0.346875, 0.4125, 0.04666666666666667, 0.021
1 0.422125, 0.41283333333333333, 0.03766666666666667, 0.0285
1 0.369875, 0.4161666666666667, 0.05, 0.0225
1 0.353625, 0.4241666666666667, 0.04566666666666667, 0.02025
1 0.463625, 0.42583333333333334, 0.03133333333333333, 0.0355
1 0.392125, 0.42883333333333334, 0.043333333333333335, 0.03275
1 0.368875, 0.43583333333333335, 0.041, 0.017
1 0.331125, 0.43916666666666665, 0.043333333333333335, 0.0295
1 0.436625, 0.4395, 0.058333333333333334, 0.019
1 0.417125, 0.4445, 0.06266666666666666, 0.0245
1 0.406125, 0.4508333333333333, 0.052, 0.0175
1 0.257125, 0.4545, 0.047, 0.02525
1 0.328375, 0.45716666666666667, 0.03866666666666667, 0.038
1 0.447375, 0.4638333333333333, 0.04533333333333334, 0.02475
1 0.703875, 0.4821666666666667, 0.050666666666666665, 0.022
1 0.317375, 0.4835, 0.035333333333333335, 0.02575
1 0.388375, 0.49483333333333335, 0.049, 0.02
1 0.690125, 0.49816666666666665, 0.036, 0.01525
1 0.588625, 0.49983333333333335, 0.046, 0.02775
1 0.760125, 0.49983333333333335, 0.045, 0.021
1 0.570125, 0.5001666666666666, 0.038, 0.0215
1 0.553375, 0.5011666666666666, 0.044, 0.01825
1 0.244875, 0.5015, 0.03333333333333333, 0.0285
1 0.733125, 0.5018333333333334, 0.051666666666666666, 0.02125
1 0.719375, 0.5305, 0.05333333333333334, 0.0235
1 0.724875, 0.5538333333333333, 0.043333333333333335, 0.0265
1 0.484125, 0.5025, 0.039, 0.02075
1 0.615125, 0.5031666666666667, 0.04533333333333334, 0.01375
1 0.780625, 0.5051666666666667, 0.04933333333333333, 0.022
1 0.671125, 0.5085, 0.04733333333333333, 0.0185
1 0.659375, 0.5281666666666667, 0.050333333333333334, 0.01325
1 0.370375, 0.5115, 0.043666666666666666, 0.02
1 0.353375, 0.5241666666666667, 0.043333333333333335, 0.02025
1 0.579125, 0.5118333333333334, 0.035666666666666666, 0.0185
1 0.448375, 0.5121666666666667, 0.04666666666666667, 0.01975
1 0.510375, 0.5131666666666667, 0.038, 0.0285
1 0.629875, 0.5131666666666667, 0.04033333333333333, 0.0135
1 0.634125, 0.5518333333333333, 0.04833333333333333, 0.01475
1 0.459625, 0.5138333333333334, 0.016, 0.0191875
1 0.425125, 0.5181666666666667, 0.056666666666666664, 0.01875
1 0.713625, 0.5195, 0.052, 0.017
1 0.320875, 0.5208333333333334, 0.03666666666666667, 0.0285
1 0.493375, 0.5211666666666667, 0.044333333333333336, 0.01875
1 0.752125, 0.5218333333333334, 0.047, 0.01575
1 0.468875, 0.5221666666666667, 0.046, 0.015
1 0.805625, 0.5275, 0.028666666666666667, 0.03875
1 0.406375, 0.5285, 0.04633333333333333, 0.0175
1 0.289625, 0.5298333333333334, 0.044333333333333336, 0.0205
1 0.585875, 0.5308333333333334, 0.029, 0.03
1 0.685375, 0.5305, 0.03933333333333333, 0.01625
1 0.672875, 0.5331666666666667, 0.03966666666666667, 0.017625
1 0.701375, 0.5305, 0.050666666666666665, 0.01325
1 0.381125, 0.5311666666666667, 0.04766666666666667, 0.01825
1 0.444625, 0.5365, 0.05, 0.01525
1 0.530375, 0.5368333333333334, 0.05433333333333333, 0.016
1 0.305625, 0.5391666666666667, 0.04666666666666667, 0.02225
1 0.558625, 0.5395, 0.036333333333333336, 0.02025
1 0.479375, 0.5398333333333334, 0.042666666666666665, 0.01725
1 0.478125, 0.5648333333333333, 0.03, 0.02875
1 0.516125, 0.5398333333333334, 0.053, 0.0155
1 0.543375, 0.5395, 0.04633333333333333, 0.022
1 0.266125, 0.5471666666666667, 0.05266666666666667, 0.02275
1 0.797875, 0.5475, 0.045, 0.014
1 0.394375, 0.5491666666666667, 0.055, 0.01725
1 0.249625, 0.5501666666666667, 0.04733333333333333, 0.01725
1 0.459875, 0.5505, 0.047, 0.01575
1 0.815125, 0.5501666666666667, 0.035333333333333335, 0.03125
1 0.491375, 0.5521666666666667, 0.04833333333333333, 0.02475
1 0.598125, 0.5525, 0.04533333333333334, 0.014
1 0.582125, 0.5568333333333333, 0.042666666666666665, 0.0155
1 0.368375, 0.5568333333333333, 0.04566666666666667, 0.02375
1 0.775125, 0.5585, 0.04666666666666667, 0.024
1 0.673875, 0.5605, 0.04733333333333333, 0.023
1 0.329625, 0.5615, 0.05566666666666667, 0.017
1 0.297125, 0.5698333333333333, 0.03266666666666666, 0.03125
1 0.342625, 0.5715, 0.047, 0.02825
1 0.694125, 0.5725, 0.028666666666666667, 0.02475
1 0.658125, 0.5731666666666667, 0.042666666666666665, 0.02325
1 0.357625, 0.5791666666666667, 0.036333333333333336, 0.0365
1 0.532875, 0.5811666666666667, 0.026, 0.04
1 0.639375, 0.5821666666666667, 0.044, 0.02625
1 0.506125, 0.5838333333333333, 0.05333333333333334, 0.01925
1 0.558125, 0.6211666666666666, 0.024333333333333332, 0.03775
1 0.544375, 0.6318333333333334, 0.03866666666666667, 0.01175
1 0.609875, 0.6348333333333334, 0.04933333333333333, 0.0155
1 0.334875, 0.6398333333333334, 0.05266666666666667, 0.0195
1 0.587375, 0.6405, 0.03666666666666667, 0.021
1 0.530375, 0.6415, 0.043666666666666666, 0.01875
1 0.566375, 0.6431666666666667, 0.049, 0.01925
1 0.403625, 0.6445, 0.03133333333333333, 0.03275
1 0.495875, 0.6445, 0.033666666666666664, 0.03825
1 0.225375, 0.6485, 0.06133333333333333, 0.0195
1 0.350625, 0.6481666666666667, 0.050666666666666665, 0.01825
1 0.382875, 0.6495, 0.045, 0.01625
1 0.464125, 0.6498333333333334, 0.052, 0.01825
1 0.257375, 0.6525, 0.043333333333333335, 0.021
1 0.295125, 0.6571666666666667, 0.04833333333333333, 0.02825
1 0.429625, 0.6575, 0.055, 0.01925
1 0.556375, 0.6578333333333334, 0.051666666666666666, 0.017
1 0.363625, 0.6585, 0.05433333333333333, 0.01925
1 0.453625, 0.6615, 0.052, 0.01575
1 0.580375, 0.6678333333333333, 0.059666666666666666, 0.017
1 0.319875, 0.6645, 0.037, 0.021
1 0.403125, 0.6705, 0.028333333333333332, 0.030625
1 0.495875, 0.6705, 0.019, 0.03825
1 0.546875, 0.6718333333333333, 0.044, 0.0125
1 0.728375, 0.6715, 0.04066666666666666, 0.019
1 0.443125, 0.6725, 0.04733333333333333, 0.0175
1 0.622875, 0.6758333333333333, 0.03266666666666666, 0.0215
1 0.595625, 0.6778333333333333, 0.048, 0.02575
1 0.494625, 0.6858333333333333, 0.019, 0.0395
1 0.660375, 0.6861666666666667, 0.04933333333333333, 0.01975
1 0.638375, 0.6955, 0.03766666666666667, 0.02675
1 0.424375, 0.7741666666666667, 0.027666666666666666, 0.018
1 0.385875, 0.7775, 0.01633333333333333, 0.021
1 0.543375, 0.7805, 0.03233333333333333, 0.01625
1 0.295375, 0.8115, 0.018333333333333333, 0.028
1 0.470625, 0.8961666666666667, 0.016, 0.01175
1 0.758375, 0.542, 0.042416666666666665, 0.0390625
1 0.761, 0.5332066666666666, 0.04633333333333333, 0.0285
1 0.6465, 0.5393333333333333, 0.04741666666666667, 0.016625
1 0.643, 0.5088333333333334, 0.05075, 0.026875
1 0.6189375, 0.53725, 0.05175, 0.016125
1 0.61125, 0.5464166666666667, 0.05, 0.015875
1 0.4641875, 0.47258333333333336, 0.044, 0.0235625
1 0.4744375, 0.49675, 0.027333333333333334, 0.017375
1 0.5803125, 0.31983333333333336, 0.03875, 0.0263125
1 0.5816875, 0.30541666666666667, 0.019083333333333334, 0.036125
