1 1.286047149122807, 0.2210343567251462, 0.017269736842105265, 0.009137426900584795
1 1.0757949561403508, 0.22743055555555555, 0.015899122807017545, 0.007858187134502924
1 1.079358552631579, 0.23675073099415206, 0.019462719298245616, 0.012244152046783625
1 1.1903782894736843, 0.2391264619883041, 0.02850877192982456, 0.009137426900584795
1 1.097450657894737, 0.24735014619883042, 0.015625, 0.012244152046783625
1 0.3628015350877193, 0.24917763157894737, 0.04194078947368421, 0.010051169590643274
1 1.1618695175438596, 0.2555738304093567, 0.021655701754385966, 0.01827485380116959
1 0.9957510964912281, 0.2625182748538012, 0.023300438596491228, 0.015533625730994151
1 0.1552905701754386, 0.26781798245614036, 0.01069078947368421, 0.006030701754385965
1 0.09799890350877193, 0.269828216374269, 0.010142543859649123, 0.0062134502923976605
1 0.07743969298245613, 0.27129020467836257, 0.015350877192982455, 0.011695906432748537
1 0.18325109649122806, 0.28079312865497075, 0.013980263157894737, 0.01206140350877193
1 0.00013706140350877192, 0.2891995614035088, 0.01617324561403509, 0.010416666666666666
1 1.0790844298245614, 0.2899305555555556, 0.011787280701754386, 0.011330409356725146
1 0.027549342105263157, 0.2901133040935672, 0.022203947368421052, 0.008771929824561403
1 0.06729714912280702, 0.29066154970760233, 0.014528508771929825, 0.005116959064327485
1 1.4814967105263157, 0.29194078947368424, 0.018092105263157895, 0.013888888888888888
1 0.006167763157894737, 0.29449926900584794, 0.0200109649122807, 0.008223684210526315
1 0.1816063596491228, 0.29468201754385964, 0.013980263157894737, 0.010051169590643274
1 0.16077302631578946, 0.29577850877192985, 0.013980263157894737, 0.008223684210526315
1 0.054961622807017545, 0.2972404970760234, 0.01644736842105263, 0.007675438596491228
1 1.2095668859649122, 0.29815423976608185, 0.03618421052631579, 0.010964912280701754
1 1.2378015350877194, 0.2999817251461988, 0.01918859649122807, 0.015716374269005847
1 1.451343201754386, 0.3014437134502924, 0.026041666666666668, 0.014437134502923976
1 1.4225603070175439, 0.3038194444444444, 0.038240131578947366, 0.015533625730994151
1 1.3935032894736843, 0.3045504385964912, 0.03508771929824561, 0.013888888888888888
1 1.4496984649122806, 0.3058296783625731, 0.028782894736842105, 0.017543859649122806
1 1.488075657894737, 0.30610380116959063, 0.011513157894736841, 0.011056286549707603
1 1.4179002192982457, 0.3063779239766082, 0.031524122807017545, 0.016264619883040937
1 1.4782072368421053, 0.3074744152046784, 0.01425438596491228, 0.01644736842105263
1 1.3622532894736843, 0.30857090643274854, 0.031524122807017545, 0.01425438596491228
1 1.3891173245614035, 0.32172880116959063, 0.024671052631578948, 0.008954678362573099
1 1.3976151315789473, 0.32940423976608185, 0.03755482456140351, 0.01608187134502924
1 1.3935032894736843, 0.3098501461988304, 0.030975877192982455, 0.0133406432748538
1 1.3836348684210527, 0.3109466374269006, 0.0356359649122807, 0.014619883040935672
1 1.4129660087719298, 0.3241045321637427, 0.03234649122807018, 0.010782163742690058
1 1.4225603070175439, 0.33068347953216376, 0.029605263157894735, 0.017726608187134504
1 1.3479989035087718, 0.3142361111111111, 0.024396929824561403, 0.019736842105263157
1 1.1794133771929824, 0.3147843567251462, 0.02987938596491228, 0.01864035087719298
1 1.1218475877192982, 0.31551535087719296, 0.01781798245614035, 0.016264619883040937
1 1.3652686403508771, 0.31588084795321636, 0.027412280701754384, 0.01699561403508772
1 1.2797423245614035, 0.3177083333333333, 0.033168859649122806, 0.015899122807017545
1 0.5571546052631579, 0.3189875730994152, 0.027412280701754384, 0.00712719298245614
1 1.4258497807017543, 0.3191703216374269, 0.03481359649122807, 0.014985380116959063
1 0.5149396929824561, 0.31971856725146197, 0.020285087719298246, 0.008223684210526315
1 0.4946546052631579, 0.32593201754385964, 0.021929824561403508, 0.012792397660818713
1 1.4502467105263157, 0.31953581871345027, 0.02850877192982456, 0.013157894736842105
1 1.0031524122807018, 0.3208150584795322, 0.03453947368421053, 0.009685672514619883
1 0.4115953947368421, 0.3213633040935672, 0.020285087719298246, 0.007675438596491228
1 0.24575109649122806, 0.3213633040935672, 0.028782894736842105, 0.007675438596491228
1 0.2852247807017544, 0.3215460526315789, 0.03700657894736842, 0.01206140350877193
1 0.2720668859649123, 0.32648026315789475, 0.01631030701754386, 0.012792397660818713
1 0.49109100877192985, 0.3213633040935672, 0.024396929824561403, 0.014802631578947368
1 1.1465186403508771, 0.3213633040935672, 0.021655701754385966, 0.01918859649122807
1 0.35074013157894735, 0.32538377192982454, 0.014528508771929825, 0.011970029239766082
1 1.2748081140350878, 0.32191154970760233, 0.027138157894736843, 0.013157894736842105
1 0.39953399122807015, 0.32282529239766083, 0.015076754385964912, 0.016812865497076022
1 0.3751370614035088, 0.3250182748538012, 0.014802631578947368, 0.006944444444444444
1 0.38390899122807015, 0.32520102339181284, 0.017269736842105265, 0.013888888888888888
1 0.3828125, 0.3385416666666667, 0.020833333333333332, 0.008954678362573099
1 0.4740953947368421, 0.32319078947368424, 0.017269736842105265, 0.0133406432748538
1 1.1640625, 0.3237390350877193, 0.015899122807017545, 0.013157894736842105
1 0.5165844298245614, 0.3241045321637427, 0.0268640350877193, 0.00932017543859649
1 0.5171326754385965, 0.3321454678362573, 0.01836622807017544, 0.01023391812865497
1 0.5045230263157895, 0.3325109649122807, 0.018914473684210526, 0.00804093567251462
1 0.5239857456140351, 0.3409173976608187, 0.012335526315789474, 0.006761695906432748
1 0.5138432017543859, 0.34311038011695905, 0.01644736842105263, 0.015899122807017545
1 0.3326480263157895, 0.3246527777777778, 0.02055921052631579, 0.009868421052631578
1 0.4505208333333333, 0.3248355263157895, 0.015899122807017545, 0.01114766081871345
1 1.2597313596491229, 0.3246527777777778, 0.03344298245614035, 0.01516812865497076
1 1.2473958333333333, 0.32520102339181284, 0.02055921052631579, 0.013157894736842105
1 0.5596217105263158, 0.32538377192982454, 0.0381030701754386, 0.011695906432748537
1 1.042077850877193, 0.32556652046783624, 0.02138157894736842, 0.008771929824561403
1 0.5450932017543859, 0.32593201754385964, 0.01206140350877193, 0.013888888888888888
1 0.2994791666666667, 0.32629751461988304, 0.029605263157894735, 0.006578947368421052
1 0.30304276315789475, 0.3319627192982456, 0.02275219298245614, 0.008589181286549707
1 0.2956414473684211, 0.3359831871345029, 0.02425986842105263, 0.008406432748538011
1 0.2676809210526316, 0.33945540935672514, 0.015625, 0.014802631578947368
1 0.26384320175438597, 0.35444078947368424, 0.013980263157894737, 0.008771929824561403
1 1.060718201754386, 0.3277595029239766, 0.010964912280701754, 0.017178362573099414
1 0.21121162280701755, 0.328125, 0.034265350877192985, 0.013523391812865496
1 0.22820723684210525, 0.328125, 0.029331140350877194, 0.01206140350877193
1 0.4263980263157895, 0.3279422514619883, 0.013706140350877192, 0.012244152046783625
1 0.969983552631579, 0.328125, 0.018914473684210526, 0.010964912280701754
1 0.1777686403508772, 0.3283077485380117, 0.031524122807017545, 0.011513157894736841
1 0.4115953947368421, 0.3283077485380117, 0.018914473684210526, 0.0133406432748538
1 0.5352247807017544, 0.3284904970760234, 0.01425438596491228, 0.017726608187134504
1 1.0774396929824561, 0.3283077485380117, 0.02138157894736842, 0.01206140350877193
1 1.0760690789473684, 0.3387244152046784, 0.031524122807017545, 0.01114766081871345
1 0.5568804824561403, 0.3286732456140351, 0.015625, 0.012609649122807017
1 0.24766995614035087, 0.3290387426900585, 0.023026315789473683, 0.00932017543859649
1 0.2471217105263158, 0.3374451754385965, 0.013706140350877192, 0.014619883040935672
1 0.4666940789473684, 0.3290387426900585, 0.014528508771929825, 0.0133406432748538
1 0.20847039473684212, 0.32958698830409355, 0.013980263157894737, 0.013249269005847953
1 1.0944353070175439, 0.32958698830409355, 0.017269736842105265, 0.014437134502923976
1 0.32579495614035087, 0.32995248538011696, 0.015899122807017545, 0.01644736842105263
1 0.5990953947368421, 0.33013523391812866, 0.015076754385964912, 0.010416666666666666
1 0.6413103070175439, 0.32976973684210525, 0.014802631578947368, 0.011513157894736841
1 0.6503563596491229, 0.3319627192982456, 0.012883771929824562, 0.01114766081871345
1 1.168174342105263, 0.33013523391812866, 0.021655701754385966, 0.014985380116959063
1 0.6136239035087719, 0.33068347953216376, 0.01206140350877193, 0.011878654970760233
1 0.6256853070175439, 0.33086622807017546, 0.015076754385964912, 0.015350877192982455
1 0.4321546052631579, 0.3314144736842105, 0.018092105263157895, 0.01644736842105263
1 0.3710252192982456, 0.3319627192982456, 0.015350877192982455, 0.014071637426900584
1 1.0322094298245614, 0.332328216374269, 0.02275219298245614, 0.006761695906432748
1 1.373766447368421, 0.3328764619883041, 0.033168859649122806, 0.013706140350877192
1 1.388843201754386, 0.33324195906432746, 0.035910087719298246, 0.017726608187134504
1 0.3373081140350877, 0.33379020467836257, 0.022203947368421052, 0.015533625730994151
1 0.19421600877192982, 0.33379020467836257, 0.01411732456140351, 0.012244152046783625
1 0.9938322368421053, 0.33452119883040937, 0.03470668859649123, 0.009707602339181286
1 1.298108552631579, 0.33452119883040937, 0.035910087719298246, 0.017178362573099414
1 0.44503837719298245, 0.3354349415204678, 0.011513157894736841, 0.009868421052631578
1 0.8501918859649122, 0.3354349415204678, 0.015625, 0.011330409356725146
1 1.3277138157894737, 0.3352521929824561, 0.030153508771929825, 0.01516812865497076
1 0.26082785087719296, 0.3356176900584795, 0.010964912280701754, 0.014802631578947368
1 0.8351151315789473, 0.3356176900584795, 0.017269736842105265, 0.014071637426900584
1 0.9403782894736842, 0.3359831871345029, 0.018914473684210526, 0.017726608187134504
1 0.13829495614035087, 0.3363486842105263, 0.03782894736842105, 0.013157894736842105
1 0.45737390350877194, 0.33689692982456143, 0.017269736842105265, 0.012975146198830409
1 0.47162828947368424, 0.3370796783625731, 0.023574561403508772, 0.014802631578947368
1 0.5697642543859649, 0.34329312865497075, 0.022135416666666668, 0.01206140350877193
1 0.6078673245614035, 0.34365862573099415, 0.01918859649122807, 0.017178362573099414
1 0.6185581140350878, 0.34859283625730997, 0.011787280701754386, 0.02138157894736842
1 0.6018366228070176, 0.3559027777777778, 0.018092105263157895, 0.02046783625730994
1 0.6032072368421053, 0.3688779239766082, 0.010964912280701754, 0.011513157894736841
1 0.5885910087719298, 0.3730811403508772, 0.01788377192982456, 0.007172880116959064
1 0.23286732456140352, 0.3374451754385965, 0.012883771929824562, 0.015350877192982455
1 0.48807565789473684, 0.3376279239766082, 0.017269736842105265, 0.01827485380116959
1 1.2589089912280702, 0.3376279239766082, 0.021655701754385966, 0.012426900584795321
1 0.8655427631578947, 0.3378106725146199, 0.014802631578947368, 0.017361111111111112
1 0.7759046052631579, 0.3381761695906433, 0.015076754385964912, 0.01516812865497076
1 0.7857730263157895, 0.3381761695906433, 0.015899122807017545, 0.010416666666666666
1 0.9886239035087719, 0.3387244152046784, 0.017269736842105265, 0.008223684210526315
1 0.9573739035087719, 0.33908991228070173, 0.015350877192982455, 0.013706140350877192
1 1.3745888157894737, 0.33908991228070173, 0.0356359649122807, 0.01663011695906433
1 1.3501918859649122, 0.3513340643274854, 0.027412280701754384, 0.01608187134502924
1 1.4063870614035088, 0.3515168128654971, 0.019736842105263157, 0.020833333333333332
1 1.383360745614035, 0.35444078947368424, 0.025219298245614034, 0.013523391812865496
1 1.3747258771929824, 0.35827850877192985, 0.013294956140350877, 0.010599415204678362
1 0.21559758771929824, 0.33927266081871343, 0.01617324561403509, 0.012609649122807017
1 0.1972313596491228, 0.342562134502924, 0.021107456140350877, 0.013706140350877192
1 0.18736293859649122, 0.34365862573099415, 0.022341008771929825, 0.01516812865497076
1 0.20518092105263158, 0.34841008771929827, 0.018092105263157895, 0.005847953216374269
1 0.3965186403508772, 0.33963815789473684, 0.014528508771929825, 0.011513157894736841
1 0.4184484649122807, 0.34000365497076024, 0.01343201754385965, 0.015533625730994151
1 0.39542214912280704, 0.3418311403508772, 0.023848684210526317, 0.013888888888888888
1 0.40720942982456143, 0.3515168128654971, 0.014528508771929825, 0.007492690058479532
1 0.6615953947368421, 0.33927266081871343, 0.024671052631578948, 0.017909356725146198
1 0.6530975877192983, 0.33963815789473684, 0.015625, 0.017361111111111112
1 0.6517269736842105, 0.35699926900584794, 0.013980263157894737, 0.009685672514619883
1 0.6541940789473685, 0.3626644736842105, 0.017543859649122806, 0.017543859649122806
1 0.6371984649122807, 0.3778326023391813, 0.010416666666666666, 0.017909356725146198
1 0.6561129385964912, 0.37801535087719296, 0.010142543859649123, 0.00804093567251462
1 0.6451480263157895, 0.3831323099415205, 0.01343201754385965, 0.01918859649122807
1 1.0376918859649122, 0.33945540935672514, 0.03399122807017544, 0.011513157894736841
1 0.3608826754385965, 0.33963815789473684, 0.01781798245614035, 0.01206140350877193
1 0.5505756578947368, 0.33982090643274854, 0.024945175438596492, 0.009502923976608187
1 0.7616502192982456, 0.34018640350877194, 0.01836622807017544, 0.009137426900584795
1 1.3622532894736843, 0.34018640350877194, 0.03234649122807018, 0.014985380116959063
1 0.6363760964912281, 0.34073464912280704, 0.018092105263157895, 0.009502923976608187
1 0.4993146929824561, 0.3411001461988304, 0.01617324561403509, 0.010964912280701754
1 0.5020559210526315, 0.34804459064327486, 0.013157894736842105, 0.014619883040935672
1 1.2342379385964912, 0.3411001461988304, 0.02138157894736842, 0.012609649122807017
1 0.3104440789473684, 0.3416483918128655, 0.02138157894736842, 0.007492690058479532
1 0.3118146929824561, 0.3460343567251462, 0.02275219298245614, 0.013157894736842105
1 0.31866776315789475, 0.3465826023391813, 0.025767543859649123, 0.013706140350877192
1 0.3168859649122807, 0.35581140350877194, 0.02700109649122807, 0.012701023391812866
1 0.2967379385964912, 0.3591922514619883, 0.02823464912280702, 0.008406432748538011
1 0.3260690789473684, 0.36047149122807015, 0.019736842105263157, 0.010964912280701754
1 0.2837171052631579, 0.3683296783625731, 0.026726973684210526, 0.008589181286549707
1 0.3013980263157895, 0.3686951754385965, 0.015350877192982455, 0.017909356725146198
1 0.27754934210526316, 0.3730811403508772, 0.013706140350877192, 0.015350877192982455
1 0.2838541666666667, 0.3771016081871345, 0.018914473684210526, 0.014802631578947368
1 0.26987390350877194, 0.39089912280701755, 0.02549342105263158, 0.009594298245614035
1 0.8008497807017544, 0.3414656432748538, 0.01781798245614035, 0.008406432748538011
1 0.9017269736842105, 0.3418311403508772, 0.019114583333333334, 0.009274488304093567
1 0.7405427631578947, 0.3423793859649123, 0.03399122807017544, 0.011878654970760233
1 0.6739309210526315, 0.34329312865497075, 0.023574561403508772, 0.011330409356725146
1 0.532483552631579, 0.34420687134502925, 0.02055921052631579, 0.00932017543859649
1 0.5442708333333334, 0.3498720760233918, 0.011513157894736841, 0.01516812865497076
1 0.8068804824561403, 0.3447551169590643, 0.024396929824561403, 0.006396198830409356
1 0.8282620614035088, 0.3451206140350877, 0.013157894736842105, 0.01206140350877193
1 0.4263980263157895, 0.34438961988304095, 0.03125, 0.011330409356725146
1 0.4491502192982456, 0.34713084795321636, 0.022478070175438597, 0.01608187134502924
1 0.43379934210526316, 0.3513340643274854, 0.01644736842105263, 0.018092105263157895
1 0.4466831140350877, 0.3549890350877193, 0.012883771929824562, 0.015350877192982455
1 0.14405153508771928, 0.3447551169590643, 0.025767543859649123, 0.0133406432748538
1 0.13993969298245615, 0.3511513157894737, 0.016721491228070175, 0.012792397660818713
1 0.13144188596491227, 0.3588267543859649, 0.01644736842105263, 0.01425438596491228
1 1.1541940789473684, 0.344937865497076, 0.036458333333333336, 0.015350877192982455
1 1.358141447368421, 0.3451206140350877, 0.03070175438596491, 0.014802631578947368
1 0.8400493421052632, 0.3456688596491228, 0.025767543859649123, 0.011330409356725146
1 1.0868969298245614, 0.3456688596491228, 0.021792763157894735, 0.015899122807017545
1 1.0760690789473684, 0.3463998538011696, 0.0200109649122807, 0.017178362573099414
1 0.5550986842105263, 0.34731359649122806, 0.02042214912280702, 0.015533625730994151
1 0.5524945175438597, 0.3562682748538012, 0.01836622807017544, 0.01023391812865497
1 0.9686129385964912, 0.3462171052631579, 0.03399122807017544, 0.01114766081871345
1 0.6300712719298246, 0.34676535087719296, 0.011239035087719298, 0.01644736842105263
1 0.688733552631579, 0.3465826023391813, 0.021655701754385966, 0.015533625730994151
1 0.10759320175438597, 0.34713084795321636, 0.017269736842105265, 0.013157894736842105
1 0.717516447368421, 0.34767909356725146, 0.01864035087719298, 0.018092105263157895
1 1.0020559210526316, 0.34822733918128657, 0.026041666666666668, 0.012244152046783625
1 0.3452576754385965, 0.34859283625730997, 0.01343201754385965, 0.017909356725146198
1 0.7748081140350878, 0.34859283625730997, 0.021655701754385966, 0.01425438596491228
1 1.0426260964912282, 0.34859283625730997, 0.021107456140350877, 0.01206140350877193
1 0.6402138157894737, 0.3489583333333333, 0.015350877192982455, 0.017361111111111112
1 1.033031798245614, 0.3487755847953216, 0.020285087719298246, 0.010964912280701754
1 0.12239583333333333, 0.349141081871345, 0.015899122807017545, 0.014437134502923976
1 0.6728344298245614, 0.349141081871345, 0.021655701754385966, 0.012609649122807017
1 0.6668037280701754, 0.35791301169590645, 0.015350877192982455, 0.01608187134502924
1 0.07661732456140351, 0.3500548245614035, 0.02631578947368421, 0.014802631578947368
1 0.3578673245614035, 0.3504203216374269, 0.010964912280701754, 0.014985380116959063
1 0.9283168859649122, 0.36083698830409355, 0.017543859649122806, 0.012244152046783625
1 0.23862390350877194, 0.35060307017543857, 0.023848684210526317, 0.010782163742690058
1 0.22601425438596492, 0.3520650584795322, 0.014802631578947368, 0.010416666666666666
1 0.19613486842105263, 0.35407529239766083, 0.02700109649122807, 0.00804093567251462
1 0.24136513157894737, 0.35773026315789475, 0.01425438596491228, 0.01663011695906433
1 0.23231907894736842, 0.3628472222222222, 0.012609649122807017, 0.01516812865497076
1 0.23368969298245615, 0.37801535087719296, 0.017543859649122806, 0.016264619883040937
1 0.8060581140350878, 0.35078581871345027, 0.012335526315789474, 0.00932017543859649
1 0.8799342105263158, 0.3502375730994152, 0.024599780701754385, 0.008863304093567252
1 0.7287554824561403, 0.3515168128654971, 0.024671052631578948, 0.012975146198830409
1 0.7432839912280702, 0.355171783625731, 0.014802631578947368, 0.011878654970760233
1 1.025904605263158, 0.3515168128654971, 0.024945175438596492, 0.013706140350877192
1 1.041529605263158, 0.36193347953216376, 0.01425438596491228, 0.015899122807017545
1 0.7802905701754386, 0.3518823099415205, 0.01918859649122807, 0.015350877192982455
1 0.813733552631579, 0.3516995614035088, 0.01781798245614035, 0.01608187134502924
1 0.3658168859649123, 0.3520650584795322, 0.015076754385964912, 0.019371345029239765
1 0.3723958333333333, 0.3546235380116959, 0.024396929824561403, 0.017178362573099414
1 0.3734923245614035, 0.3668676900584795, 0.013157894736842105, 0.015533625730994151
1 0.8512883771929824, 0.3520650584795322, 0.01617324561403509, 0.011695906432748537
1 0.8271655701754386, 0.3569078947368421, 0.024671052631578948, 0.009777046783625731
1 0.8611567982456141, 0.35681652046783624, 0.02055921052631579, 0.015533625730994151
1 1.1336348684210527, 0.3520650584795322, 0.03042763157894737, 0.014985380116959063
1 0.25616776315789475, 0.3524305555555556, 0.011513157894736841, 0.012244152046783625
1 0.2515076754385965, 0.3588267543859649, 0.03262061403508772, 0.009137426900584795
1 0.5308388157894737, 0.3526133040935672, 0.015899122807017545, 0.009502923976608187
1 1.3370339912280702, 0.3524305555555556, 0.02042214912280702, 0.009868421052631578
1 0.7583607456140351, 0.35334429824561403, 0.01206140350877193, 0.01206140350877193
1 0.7978344298245614, 0.35370979532163743, 0.012609649122807017, 0.010599415204678362
1 0.17036732456140352, 0.35407529239766083, 0.011252741228070174, 0.008315058479532164
1 0.18133223684210525, 0.3562682748538012, 0.012883771929824562, 0.010964912280701754
1 0.17338267543859648, 0.3590095029239766, 0.019462719298245616, 0.0133406432748538
1 1.1975054824561404, 0.35407529239766083, 0.03070175438596491, 0.011878654970760233
1 1.3024945175438596, 0.35425804093567254, 0.027412280701754384, 0.017178362573099414
1 0.983141447368421, 0.3549890350877193, 0.035910087719298246, 0.008589181286549707
1 0.9801260964912281, 0.3591922514619883, 0.035910087719298246, 0.009685672514619883
1 1.3230537280701755, 0.3549890350877193, 0.0381030701754386, 0.013706140350877192
1 1.3477247807017543, 0.3672331871345029, 0.021929824561403508, 0.007309941520467836
1 1.376781798245614, 0.3675986842105263, 0.027960526315789474, 0.012975146198830409
1 1.3669133771929824, 0.3683296783625731, 0.009594298245614035, 0.0043859649122807015
1 1.369654605263158, 0.37180190058479534, 0.023574561403508772, 0.01663011695906433
1 0.9513432017543859, 0.3549890350877193, 0.022203947368421052, 0.010782163742690058
1 0.9601151315789473, 0.3597404970760234, 0.02010964912280702, 0.012609649122807017
1 1.1256853070175439, 0.3549890350877193, 0.029331140350877194, 0.014985380116959063
1 0.42283442982456143, 0.3555372807017544, 0.016721491228070175, 0.015533625730994151
1 1.2219024122807018, 0.3555372807017544, 0.023848684210526317, 0.013157894736842105
1 0.16077302631578946, 0.3560855263157895, 0.01077576754385965, 0.014071637426900584
1 0.49054276315789475, 0.3562682748538012, 0.01699561403508772, 0.019736842105263157
1 0.08566337719298246, 0.35699926900584794, 0.021929824561403508, 0.01918859649122807
1 0.8765076754385965, 0.35681652046783624, 0.017269736842105265, 0.011330409356725146
1 0.8847313596491229, 0.35699926900584794, 0.02055921052631579, 0.01663011695906433
1 1.2854989035087718, 0.35699926900584794, 0.01781798245614035, 0.013888888888888888
1 1.4299616228070176, 0.35736476608187134, 0.034265350877192985, 0.011330409356725146
1 0.46175986842105265, 0.35809576023391815, 0.014528508771929825, 0.01516812865497076
1 1.1624177631578947, 0.35809576023391815, 0.02631578947368421, 0.012975146198830409
1 1.270970394736842, 0.35809576023391815, 0.024945175438596492, 0.020833333333333332
1 1.2578125, 0.3624817251461988, 0.018092105263157895, 0.015533625730994151
1 1.2202576754385965, 0.3665021929824561, 0.03134868421052631, 0.014232456140350876
1 1.2972861842105263, 0.3694261695906433, 0.023574561403508772, 0.011695906432748537
1 1.2720668859649122, 0.3727156432748538, 0.022478070175438597, 0.015350877192982455
1 1.2967379385964912, 0.37490862573099415, 0.022478070175438597, 0.02138157894736842
1 1.2898848684210527, 0.37838084795321636, 0.02768640350877193, 0.019554093567251463
1 1.2698739035087718, 0.3840460526315789, 0.02823464912280702, 0.010599415204678362
1 0.3989857456140351, 0.3584612573099415, 0.011513157894736841, 0.01827485380116959
1 0.38692434210526316, 0.36120248538011696, 0.012335526315789474, 0.01663011695906433
1 0.41104714912280704, 0.35827850877192985, 0.01617324561403509, 0.014071637426900584
1 0.40446820175438597, 0.36796418128654973, 0.015350877192982455, 0.017726608187134504
1 0.42886513157894735, 0.37125365497076024, 0.009594298245614035, 0.0062134502923976605
1 0.4321546052631579, 0.37161915204678364, 0.013157894736842105, 0.01206140350877193
1 0.41186951754385964, 0.3721673976608187, 0.019462719298245616, 0.009137426900584795
1 0.5158991228070176, 0.3586440058479532, 0.02919407894736842, 0.008406432748538011
1 1.1931195175438596, 0.3588267543859649, 0.014528508771929825, 0.015533625730994151
1 1.2035361842105263, 0.363578216374269, 0.01644736842105263, 0.013888888888888888
1 0.0990953947368421, 0.3591922514619883, 0.020285087719298246, 0.014985380116959063
1 0.1103344298245614, 0.36175073099415206, 0.01918859649122807, 0.010782163742690058
1 0.10046600877192982, 0.3723501461988304, 0.01425438596491228, 0.009868421052631578
1 0.14679276315789475, 0.3591922514619883, 0.01343201754385965, 0.018092105263157895
1 0.6920230263157895, 0.3591922514619883, 0.013157894736842105, 0.010599415204678362
1 0.6799616228070176, 0.36047149122807015, 0.010416666666666666, 0.009685672514619883
1 1.0533168859649122, 0.36047149122807015, 0.01343201754385965, 0.01425438596491228
1 1.3257949561403508, 0.36083698830409355, 0.02275219298245614, 0.01608187134502924
1 0.19476425438596492, 0.36101973684210525, 0.013706140350877192, 0.010416666666666666
1 0.1865405701754386, 0.37070540935672514, 0.025219298245614034, 0.008771929824561403
1 0.21559758771929824, 0.36120248538011696, 0.015899122807017545, 0.01663011695906433
1 0.2158717105263158, 0.3778326023391813, 0.018092105263157895, 0.0266812865497076
1 1.0176809210526316, 0.36156798245614036, 0.023026315789473683, 0.010051169590643274
1 0.9998629385964912, 0.36577119883040937, 0.033168859649122806, 0.011330409356725146
1 1.1180098684210527, 0.36156798245614036, 0.022478070175438597, 0.013888888888888888
1 1.1223958333333333, 0.37161915204678364, 0.017543859649122806, 0.014071637426900584
1 0.2090186403508772, 0.36211622807017546, 0.006853070175438596, 0.008406432748538011
1 0.8430646929824561, 0.3624817251461988, 0.019736842105263157, 0.010964912280701754
1 0.8328262061403509, 0.36577119883040937, 0.02521655701754386, 0.012107090643274854
1 0.8208607456140351, 0.37180190058479534, 0.02138157894736842, 0.012975146198830409
1 0.8035910087719298, 0.37180190058479534, 0.020833333333333332, 0.021884137426900586
1 0.832922149122807, 0.37198464912280704, 0.019462719298245616, 0.008954678362573099
1 0.8129111842105263, 0.3814875730994152, 0.01644736842105263, 0.01644736842105263
1 1.0681195175438596, 0.3626644736842105, 0.02138157894736842, 0.009685672514619883
1 0.5026041666666666, 0.37070540935672514, 0.032072368421052634, 0.010051169590643274
1 0.6300712719298246, 0.3633954678362573, 0.015350877192982455, 0.014071637426900584
1 1.0999177631578947, 0.3633954678362573, 0.017543859649122806, 0.008223684210526315
1 1.3019462719298245, 0.3639437134502924, 0.025767543859649123, 0.012792397660818713
1 0.2690515350877193, 0.36449195906432746, 0.027412280701754384, 0.006761695906432748
1 0.34553179824561403, 0.36485745614035087, 0.01781798245614035, 0.015716374269005847
1 0.5467379385964912, 0.36449195906432746, 0.018914473684210526, 0.006578947368421052
1 0.7246436403508771, 0.36467470760233917, 0.01069078947368421, 0.01608187134502924
1 0.9370888157894737, 0.36449195906432746, 0.02138157894736842, 0.014437134502923976
1 0.9886239035087719, 0.36540570175438597, 0.01343201754385965, 0.014437134502923976
1 1.1673519736842106, 0.36558845029239767, 0.021655701754385966, 0.015716374269005847
1 1.1637883771929824, 0.3736293859649123, 0.02823464912280702, 0.017361111111111112
1 0.4609375, 0.36558845029239767, 0.023026315789473683, 0.012609649122807017
1 0.6429550438596491, 0.36558845029239767, 0.01425438596491228, 0.017909356725146198
1 0.7493146929824561, 0.3723501461988304, 0.015625, 0.019371345029239765
1 0.8592379385964912, 0.3659539473684211, 0.014802631578947368, 0.014437134502923976
1 1.0807291666666667, 0.3659539473684211, 0.015625, 0.012975146198830409
1 1.1873629385964912, 0.3665021929824561, 0.011787280701754386, 0.01882309941520468
1 0.3241502192982456, 0.3668676900584795, 0.026041666666666668, 0.011878654970760233
1 1.152549342105263, 0.3666849415204678, 0.014528508771929825, 0.007492690058479532
1 0.6119791666666666, 0.3670504385964912, 0.01864035087719298, 0.01864035087719298
1 0.7342379385964912, 0.3670504385964912, 0.012335526315789474, 0.014802631578947368
1 1.2526041666666667, 0.3672331871345029, 0.009868421052631578, 0.005116959064327485
1 0.4447642543859649, 0.3675986842105263, 0.01617324561403509, 0.013706140350877192
1 0.7583607456140351, 0.36796418128654973, 0.015625, 0.020285087719298246
1 0.2441063596491228, 0.3683296783625731, 0.02549342105263158, 0.015899122807017545
1 0.6895559210526315, 0.36814692982456143, 0.02850877192982456, 0.011695906432748537
1 0.8817160087719298, 0.3686951754385965, 0.01644736842105263, 0.009868421052631578
1 0.8773300438596491, 0.3732638888888889, 0.011513157894736841, 0.012244152046783625
1 0.4809484649122807, 0.3690606725146199, 0.023574561403508772, 0.013157894736842105
1 0.4713541666666667, 0.3723501461988304, 0.022478070175438597, 0.012244152046783625
1 0.3600603070175439, 0.3699744152046784, 0.01206140350877193, 0.00932017543859649
1 1.0952576754385965, 0.3699744152046784, 0.019736842105263157, 0.012244152046783625
1 1.1404879385964912, 0.37015716374269003, 0.027960526315789474, 0.01206140350877193
1 0.5242598684210527, 0.37052266081871343, 0.02631578947368421, 0.012609649122807017
1 0.6673519736842105, 0.37070540935672514, 0.019462719298245616, 0.017543859649122806
1 0.9496984649122807, 0.37033991228070173, 0.012883771929824562, 0.014619883040935672
1 0.9486019736842105, 0.38422880116959063, 0.014528508771929825, 0.013157894736842105
1 0.957922149122807, 0.39610745614035087, 0.01425438596491228, 0.021564327485380116
1 1.0659265350877194, 0.37033991228070173, 0.022478070175438597, 0.0133406432748538
1 1.0760690789473684, 0.38221856725146197, 0.013706140350877192, 0.014071637426900584
1 1.1054002192982457, 0.37033991228070173, 0.015350877192982455, 0.00804093567251462
1 0.25287828947368424, 0.37088815789473684, 0.024671052631578948, 0.0133406432748538
1 0.2501370614035088, 0.37947733918128657, 0.028782894736842105, 0.009137426900584795
1 0.20682565789473684, 0.37161915204678364, 0.015076754385964912, 0.019554093567251463
1 0.5530427631578947, 0.37143640350877194, 0.03262061403508772, 0.014437134502923976
1 1.0283717105263157, 0.37143640350877194, 0.011787280701754386, 0.004934210526315789
1 1.0398848684210527, 0.3728983918128655, 0.011513157894736841, 0.006578947368421052
1 1.0160361842105263, 0.3736293859649123, 0.01836622807017544, 0.006396198830409356
1 1.0511239035087718, 0.3736293859649123, 0.013706140350877192, 0.015899122807017545
1 1.0302905701754386, 0.3769188596491228, 0.01343201754385965, 0.00712719298245614
1 1.0163103070175439, 0.3786549707602339, 0.02768640350877193, 0.010325292397660819
1 1.041529605263158, 0.37929459064327486, 0.010416666666666666, 0.009868421052631578
1 0.6805098684210527, 0.3725328947368421, 0.01781798245614035, 0.020650584795321638
1 0.6917489035087719, 0.37838084795321636, 0.013980263157894737, 0.015899122807017545
1 0.696546052631579, 0.39300073099415206, 0.016584429824561403, 0.015350877192982455
1 0.6879111842105263, 0.3937317251461988, 0.01644736842105263, 0.017543859649122806
1 0.7090186403508771, 0.4010416666666667, 0.014802631578947368, 0.015716374269005847
1 1.326891447368421, 0.3732638888888889, 0.01699561403508772, 0.017361111111111112
1 1.316200657894737, 0.37819809941520466, 0.01781798245614035, 0.023574561403508772
1 0.7742598684210527, 0.37490862573099415, 0.014528508771929825, 0.018092105263157895
1 1.1953125, 0.37563961988304095, 0.017269736842105265, 0.014985380116959063
1 1.1917489035087718, 0.38934576023391815, 0.023848684210526317, 0.014985380116959063
1 0.017406798245614034, 0.376187865497076, 0.02055921052631579, 0.014802631578947368
1 0.5333059210526315, 0.376187865497076, 0.024671052631578948, 0.013706140350877192
1 0.8658168859649122, 0.3767361111111111, 0.012883771929824562, 0.0133406432748538
1 0.15967653508771928, 0.37755847953216376, 0.026041666666666668, 0.014163011695906433
1 0.16981907894736842, 0.3825840643274854, 0.03700657894736842, 0.008406432748538011
1 0.18434758771929824, 0.38934576023391815, 0.02138157894736842, 0.02320906432748538
1 1.1407620614035088, 0.3771016081871345, 0.029331140350877194, 0.011878654970760233
1 1.1676260964912282, 0.38569078947368424, 0.015076754385964912, 0.008406432748538011
1 1.2219024122807018, 0.3769188596491228, 0.01617324561403509, 0.00932017543859649
1 0.45134320175438597, 0.3774671052631579, 0.018914473684210526, 0.01882309941520468
1 0.8504660087719298, 0.3774671052631579, 0.01617324561403509, 0.0133406432748538
1 0.6251370614035088, 0.3776498538011696, 0.012883771929824562, 0.0133406432748538
1 1.0023300438596492, 0.3776498538011696, 0.019462719298245616, 0.015350877192982455
1 0.12321820175438597, 0.37819809941520466, 0.027960526315789474, 0.006396198830409356
1 0.18626644736842105, 0.37801535087719296, 0.020833333333333332, 0.00804093567251462
1 1.1138980263157894, 0.37801535087719296, 0.014528508771929825, 0.014437134502923976
1 1.2105921052631579, 0.37436038011695905, 0.013771929824561404, 0.011421783625730994
1 0.3260690789473684, 0.37856359649122806, 0.028782894736842105, 0.011330409356725146
1 0.3510142543859649, 0.37874634502923976, 0.02549342105263158, 0.009685672514619883
1 0.7054550438596491, 0.37911184210526316, 0.013980263157894737, 0.019919590643274854
1 0.9316063596491229, 0.37911184210526316, 0.018092105263157895, 0.013157894736842105
1 1.0626370614035088, 0.37911184210526316, 0.01343201754385965, 0.014802631578947368
1 1.0631853070175439, 0.39263523391812866, 0.01864035087719298, 0.007858187134502924
1 1.0881304824561404, 0.37911184210526316, 0.013980263157894737, 0.01425438596491228
1 0.7194353070175439, 0.37966008771929827, 0.017543859649122806, 0.02010233918128655
1 0.40720942982456143, 0.3800255847953216, 0.02823464912280702, 0.009137426900584795
1 0.594983552631579, 0.3802083333333333, 0.01864035087719298, 0.008223684210526315
1 0.30962171052631576, 0.3809393274853801, 0.018914473684210526, 0.012244152046783625
1 0.3255208333333333, 0.3869700292397661, 0.023300438596491228, 0.013706140350877192
1 0.3534813596491228, 0.3873355263157895, 0.021929824561403508, 0.007492690058479532
1 0.3510142543859649, 0.3908077485380117, 0.01425438596491228, 0.0133406432748538
1 0.2827576754385965, 0.3909904970760234, 0.027138157894736843, 0.010416666666666666
1 0.8405975877192983, 0.3811220760233918, 0.014802631578947368, 0.018092105263157895
1 0.4263980263157895, 0.3814875730994152, 0.02823464912280702, 0.013888888888888888
1 0.44120065789473684, 0.38514254385964913, 0.012335526315789474, 0.014985380116959063
1 0.4096765350877193, 0.39318347953216376, 0.030153508771929825, 0.019371345029239765
1 0.41324013157894735, 0.40003654970760233, 0.03481359649122807, 0.015442251461988304
1 0.48204495614035087, 0.3824013157894737, 0.03070175438596491, 0.01663011695906433
1 0.4878015350877193, 0.3841374269005848, 0.03399122807017544, 0.01653874269005848
1 0.8811677631578947, 0.3813048245614035, 0.01617324561403509, 0.018457602339181287
1 0.47436951754385964, 0.38185307017543857, 0.02631578947368421, 0.010964912280701754
1 0.5215186403508771, 0.38185307017543857, 0.014528508771929825, 0.015899122807017545
1 1.1380208333333333, 0.3816703216374269, 0.017543859649122806, 0.013888888888888888
1 1.1547423245614035, 0.38824926900584794, 0.015350877192982455, 0.017543859649122806
1 0.9908168859649122, 0.38221856725146197, 0.018092105263157895, 0.019005847953216373
1 1.1004660087719298, 0.3824013157894737, 0.016721491228070175, 0.019554093567251463
1 0.09141995614035088, 0.3827668128654971, 0.029331140350877194, 0.010416666666666666
1 0.46641995614035087, 0.3827668128654971, 0.013980263157894737, 0.014071637426900584
1 0.47108004385964913, 0.39555921052631576, 0.022478070175438597, 0.01516812865497076
1 0.7427357456140351, 0.3821271929824561, 0.012883771929824562, 0.021290204678362575
1 1.3532072368421053, 0.3827668128654971, 0.030153508771929825, 0.014437134502923976
1 0.6530975877192983, 0.3834978070175439, 0.01699561403508772, 0.019005847953216373
1 0.8299067982456141, 0.3836805555555556, 0.015076754385964912, 0.014985380116959063
1 0.11252741228070176, 0.3840460526315789, 0.019736842105263157, 0.01864035087719298
1 0.12815241228070176, 0.38477704678362573, 0.01699561403508772, 0.01864035087719298
1 0.6149945175438597, 0.38477704678362573, 0.019736842105263157, 0.017909356725146198
1 0.6341831140350878, 0.39245248538011696, 0.013706140350877192, 0.01516812865497076
1 0.5322094298245614, 0.38514254385964913, 0.020285087719298246, 0.014437134502923976
1 0.13993969298245615, 0.38532529239766083, 0.01864035087719298, 0.021198830409356724
1 0.25945723684210525, 0.38569078947368424, 0.021655701754385966, 0.018092105263157895
1 1.1289747807017543, 0.38569078947368424, 0.013980263157894737, 0.018092105263157895
1 1.2076480263157894, 0.3858735380116959, 0.01069078947368421, 0.009868421052631578
1 1.2177905701754386, 0.3858735380116959, 0.01644736842105263, 0.011330409356725146
1 0.38637609649122806, 0.3866045321637427, 0.0200109649122807, 0.02010233918128655
1 0.013294956140350877, 0.3867872807017544, 0.03234649122807018, 0.021198830409356724
1 0.24520285087719298, 0.3869700292397661, 0.022203947368421052, 0.02266081871345029
1 0.40309758771929827, 0.3871527777777778, 0.023574561403508772, 0.0133406432748538
1 0.40720942982456143, 0.3897112573099415, 0.018914473684210526, 0.011330409356725146
1 0.8677357456140351, 0.3873355263157895, 0.016721491228070175, 0.018092105263157895
1 1.0248081140350878, 0.3873355263157895, 0.017269736842105265, 0.022112573099415205
1 0.670641447368421, 0.38806652046783624, 0.01644736842105263, 0.012609649122807017
1 0.9754660087719298, 0.38806652046783624, 0.017543859649122806, 0.01114766081871345
1 0.8556743421052632, 0.38824926900584794, 0.012609649122807017, 0.017361111111111112
1 0.8109923245614035, 0.3937317251461988, 0.020833333333333332, 0.017178362573099414
1 0.8244243421052632, 0.3984831871345029, 0.027412280701754384, 0.009502923976608187
1 0.8452576754385965, 0.40286915204678364, 0.03728070175438596, 0.02046783625730994
1 0.7923519736842105, 0.40652412280701755, 0.021929824561403508, 0.01699561403508772
1 0.5727796052631579, 0.38861476608187134, 0.0356359649122807, 0.01425438596491228
1 0.7641173245614035, 0.39172149122807015, 0.019462719298245616, 0.017909356725146198
1 0.7959155701754386, 0.39354897660818716, 0.018914473684210526, 0.013706140350877192
1 1.045093201754386, 0.38861476608187134, 0.020285087719298246, 0.008406432748538011
1 1.0379660087719298, 0.3900767543859649, 0.017543859649122806, 0.017543859649122806
1 1.0535910087719298, 0.3979349415204678, 0.01343201754385965, 0.01608187134502924
1 -0.00013706140350877192, 0.38916301169590645, 0.023574561403508772, 0.010964912280701754
1 0.36499451754385964, 0.38898026315789475, 0.03179824561403509, 0.012609649122807017
1 0.37020285087719296, 0.39647295321637427, 0.022478070175438597, 0.007492690058479532
1 0.6089638157894737, 0.38898026315789475, 0.01918859649122807, 0.015716374269005847
1 1.2657620614035088, 0.38898026315789475, 0.036458333333333336, 0.017178362573099414
1 0.9631304824561403, 0.38934576023391815, 0.013157894736842105, 0.010599415204678362
1 0.15446820175438597, 0.3898940058479532, 0.030975877192982455, 0.008771929824561403
1 0.15282346491228072, 0.39336622807017546, 0.027960526315789474, 0.013888888888888888
1 0.1602247807017544, 0.40195540935672514, 0.027412280701754384, 0.012792397660818713
1 0.17749451754385964, 0.3898940058479532, 0.015899122807017545, 0.011878654970760233
1 0.30304276315789475, 0.3898940058479532, 0.021107456140350877, 0.024305555555555556
1 0.45929276315789475, 0.3902595029239766, 0.012883771929824562, 0.01864035087719298
1 0.9425712719298246, 0.3909904970760234, 0.011513157894736841, 0.01023391812865497
1 0.9307839912280702, 0.39172149122807015, 0.01699561403508772, 0.01699561403508772
1 0.9220120614035088, 0.4001279239766082, 0.017269736842105265, 0.028326023391812866
1 0.9146107456140351, 0.4003106725146199, 0.01644736842105263, 0.015533625730994151
1 0.8943256578947368, 0.3913559941520468, 0.01836622807017544, 0.019919590643274854
1 0.8850054824561403, 0.3983004385964912, 0.021107456140350877, 0.0222953216374269
1 1.007264254385965, 0.3911732456140351, 0.01781798245614035, 0.010782163742690058
1 1.0215186403508771, 0.39647295321637427, 0.015625, 0.016812865497076022
1 1.0061677631578947, 0.4001279239766082, 0.007675438596491228, 0.007858187134502924
1 1.0132949561403508, 0.40195540935672514, 0.01617324561403509, 0.028691520467836257
1 1.0245339912280702, 0.411641081871345, 0.02275219298245614, 0.021747076023391813
1 0.20079495614035087, 0.39172149122807015, 0.01699561403508772, 0.0222953216374269
1 1.1824287280701755, 0.3915387426900585, 0.01781798245614035, 0.012426900584795321
1 1.1920230263157894, 0.4039656432748538, 0.02905701754385965, 0.021929824561403508
1 0.31428179824561403, 0.39245248538011696, 0.02055921052631579, 0.025767543859649123
1 0.3236019736842105, 0.3981176900584795, 0.02631578947368421, 0.014802631578947368
1 1.1698190789473684, 0.39226973684210525, 0.021929824561403508, 0.017726608187134504
1 1.117735745614035, 0.39281798245614036, 0.017269736842105265, 0.015899122807017545
1 0.5944353070175439, 0.39300073099415206, 0.015076754385964912, 0.015350877192982455
1 1.2569901315789473, 0.3937317251461988, 0.04057017543859649, 0.015899122807017545
1 1.2509594298245614, 0.39647295321637427, 0.03837719298245614, 0.012792397660818713
1 1.2660361842105263, 0.4090826023391813, 0.03700657894736842, 0.01023391812865497
1 0.23067434210526316, 0.3942799707602339, 0.015076754385964912, 0.01699561403508772
1 1.079906798245614, 0.3944627192982456, 0.015899122807017545, 0.015899122807017545
1 0.5089089912280702, 0.3951937134502924, 0.023026315789473683, 0.014802631578947368
1 0.48807565789473684, 0.39702119883040937, 0.03399122807017544, 0.014619883040935672
1 0.5453673245614035, 0.394828216374269, 0.01206140350877193, 0.021747076023391813
1 0.5313870614035088, 0.3983004385964912, 0.018092105263157895, 0.0222953216374269
1 1.095531798245614, 0.394828216374269, 0.01617324561403509, 0.014802631578947368
1 1.2147752192982457, 0.3951937134502924, 0.020833333333333332, 0.02101608187134503
1 1.2279331140350878, 0.3953764619883041, 0.0200109649122807, 0.020650584795321638
1 0.667077850877193, 0.39555921052631576, 0.02275219298245614, 0.01882309941520468
1 0.44503837719298245, 0.39610745614035087, 0.016721491228070175, 0.019554093567251463
1 1.2992050438596492, 0.39592470760233917, 0.029331140350877194, 0.01516812865497076
1 0.28824013157894735, 0.3972039473684211, 0.015899122807017545, 0.022112573099415205
1 1.2419133771929824, 0.3972039473684211, 0.024945175438596492, 0.02101608187134503
1 0.25095942982456143, 0.39903143274853803, 0.035910087719298246, 0.016812865497076022
1 0.27371162280701755, 0.4045138888888889, 0.01617324561403509, 0.013706140350877192
1 0.5645559210526315, 0.3995796783625731, 0.02905701754385965, 0.019554093567251463
1 0.9724506578947368, 0.39939692982456143, 0.028782894736842105, 0.009685672514619883
1 0.9719024122807017, 0.405062134502924, 0.017269736842105265, 0.01882309941520468
1 -0.00013706140350877192, 0.3997624269005848, 0.01343201754385965, 0.02046783625730994
1 0.6084155701754386, 0.3997624269005848, 0.01617324561403509, 0.019736842105263157
1 1.0667489035087718, 0.3997624269005848, 0.015076754385964912, 0.015533625730994151
1 1.0760690789473684, 0.4114583333333333, 0.01836622807017544, 0.02722953216374269
1 0.38884320175438597, 0.4012244152046784, 0.027412280701754384, 0.012609649122807017
1 1.1108826754385965, 0.40158991228070173, 0.013980263157894737, 0.017543859649122806
1 0.9458607456140351, 0.40177266081871343, 0.01206140350877193, 0.013888888888888888
1 0.6462445175438597, 0.40213815789473684, 0.020833333333333332, 0.018092105263157895
1 0.6336348684210527, 0.40615862573099415, 0.019462719298245616, 0.02101608187134503
1 0.6520010964912281, 0.4078033625730994, 0.022203947368421052, 0.014619883040935672
1 1.2016173245614035, 0.40250365497076024, 0.02905701754385965, 0.019371345029239765
1 0.32332785087719296, 0.40268640350877194, 0.033168859649122806, 0.02320906432748538
1 0.3614309210526316, 0.40323464912280704, 0.027138157894736843, 0.007492690058479532
1 0.6254111842105263, 0.4036001461988304, 0.00849780701754386, 0.011330409356725146
1 0.6256853070175439, 0.4149305555555556, 0.024671052631578948, 0.022112573099415205
1 0.8666392543859649, 0.4043311403508772, 0.02905701754385965, 0.01827485380116959
1 1.1355537280701755, 0.4046966374269006, 0.022203947368421052, 0.02412280701754386
1 1.1248629385964912, 0.4088998538011696, 0.01918859649122807, 0.020650584795321638
1 1.0009594298245614, 0.4052448830409357, 0.01644736842105263, 0.024671052631578948
1 0.9880756578947368, 0.40707236842105265, 0.018092105263157895, 0.02540204678362573
1 1.0868667763157895, 0.40497076023391815, 0.024736842105263158, 0.015350877192982455
1 0.43133223684210525, 0.40597587719298245, 0.013706140350877192, 0.01827485380116959
1 0.5675712719298246, 0.40579312865497075, 0.033717105263157895, 0.01699561403508772
1 0.7830317982456141, 0.40634137426900585, 0.012335526315789474, 0.008223684210526315
1 0.7929002192982456, 0.407437865497076, 0.011787280701754386, 0.007309941520467836
1 0.4551809210526316, 0.407437865497076, 0.028782894736842105, 0.025950292397660817
1 0.8093475877192983, 0.4072551169590643, 0.02823464912280702, 0.014985380116959063
1 1.038514254385965, 0.407437865497076, 0.014802631578947368, 0.01882309941520468
1 1.1637883771929824, 0.4072551169590643, 0.01918859649122807, 0.017543859649122806
1 0.7690515350877193, 0.4079861111111111, 0.0268640350877193, 0.023940058479532164
1 0.49520285087719296, 0.4090826023391813, 0.032072368421052634, 0.01864035087719298
1 0.5796326754385965, 0.40926535087719296, 0.02823464912280702, 0.0222953216374269
1 0.6056743421052632, 0.41109283625730997, 0.013157894736842105, 0.018457602339181287
1 0.6138980263157895, 0.4213267543859649, 0.02905701754385965, 0.023026315789473683
1 0.7002467105263158, 0.40926535087719296, 0.018914473684210526, 0.014071637426900584
1 0.8315515350877193, 0.4090826023391813, 0.015350877192982455, 0.021564327485380116
1 0.3606085526315789, 0.40944809941520466, 0.03508771929824561, 0.012792397660818713
1 0.4373629385964912, 0.40944809941520466, 0.028782894736842105, 0.022112573099415205
1 0.6794133771929824, 0.40944809941520466, 0.019736842105263157, 0.020833333333333332
1 0.9351699561403509, 0.40981359649122806, 0.01699561403508772, 0.024305555555555556
1 0.5206962719298246, 0.41072733918128657, 0.023574561403508772, 0.019371345029239765
1 0.8460800438596491, 0.41072733918128657, 0.023300438596491228, 0.01644736842105263
1 0.9041940789473685, 0.41054459064327486, 0.016721491228070175, 0.021564327485380116
1 1.0601699561403508, 0.41072733918128657, 0.014802631578947368, 0.02284356725146199
1 1.048656798245614, 0.4127375730994152, 0.012609649122807017, 0.021929824561403508
1 1.1703673245614035, 0.41072733918128657, 0.02768640350877193, 0.02046783625730994
1 0.4675164473684211, 0.4114583333333333, 0.026041666666666668, 0.01882309941520468
1 0.6646107456140351, 0.4114583333333333, 0.01864035087719298, 0.024305555555555556
1 0.6509046052631579, 0.42041301169590645, 0.013980263157894737, 0.01827485380116959
1 0.38774671052631576, 0.4127375730994152, 0.021655701754385966, 0.024305555555555556
1 1.0867598684210527, 0.4127375730994152, 0.014528508771929825, 0.01663011695906433
1 0.07360197368421052, 0.41328581871345027, 0.023026315789473683, 0.02010233918128655
1 0.4083059210526316, 0.4136513157894737, 0.021929824561403508, 0.01206140350877193
1 0.10128837719298246, 0.4145650584795322, 0.035910087719298246, 0.015716374269005847
1 0.951891447368421, 0.4147478070175439, 0.02275219298245614, 0.021747076023391813
1 0.35759320175438597, 0.4151133040935672, 0.02631578947368421, 0.013523391812865496
1 0.5851151315789473, 0.41566154970760233, 0.020833333333333332, 0.02266081871345029
1 0.4908168859649123, 0.41602704678362573, 0.03070175438596491, 0.013523391812865496
1 0.08072916666666667, 0.41694078947368424, 0.02631578947368421, 0.021747076023391813
1 1.0977247807017543, 0.4174890350877193, 0.018914473684210526, 0.023026315789473683
1 0.3441611842105263, 0.4178545321637427, 0.026041666666666668, 0.019919590643274854
1 0.9658717105263158, 0.4182200292397661, 0.024396929824561403, 0.01425438596491228
1 0.6936677631578947, 0.41895102339181284, 0.018092105263157895, 0.0222953216374269
1 0.6810581140350878, 0.4222404970760234, 0.017132675438596492, 0.018092105263157895
1 0.23506030701754385, 0.41931652046783624, 0.02138157894736842, 0.023940058479532164
1 0.05825109649122807, 0.41968201754385964, 0.020833333333333332, 0.020650584795321638
1 0.7967379385964912, 0.42041301169590645, 0.033168859649122806, 0.012244152046783625
1 0.7035361842105263, 0.4224232456140351, 0.01864035087719298, 0.019736842105263157
1 0.25178179824561403, 0.42333698830409355, 0.01343201754385965, 0.01699561403508772
1 0.7317708333333334, 0.4262609649122807, 0.027138157894736843, 0.01864035087719298
1 0.0947094298245614, 0.4286366959064328, 0.028782894736842105, 0.023391812865497075
1 0.10649671052631579, 0.4390533625730994, 0.02987938596491228, 0.01425438596491228
1 0.6062225877192983, 0.4286366959064328, 0.02905701754385965, 0.021198830409356724
1 0.9502467105263158, 0.4311951754385965, 0.025767543859649123, 0.017178362573099414
1 0.7049067982456141, 0.4313779239766082, 0.02850877192982456, 0.018457602339181287
1 0.6640625, 0.43448464912280704, 0.02987938596491228, 0.017543859649122806
1 0.2981085526315789, 0.4496527777777778, 0.04029605263157895, 0.009502923976608187
1 0.28303179824561403, 0.4576937134502924, 0.0356359649122807, 0.014802631578947368
1 0.29975328947368424, 0.45952119883040937, 0.030975877192982455, 0.018457602339181287
1 0.2970120614035088, 0.467562134502924, 0.0356359649122807, 0.02448830409356725
1 0.31620065789473684, 0.46829312865497075, 0.033717105263157895, 0.023940058479532164
1 0.07963815789473684, 0.4309210526315789, 0.026998355263157893, 0.023300438596491228
1 0.03132401315789474, 0.4145650584795322, 0.0426233552631579, 0.010462353801169591
1 0.049169407894736845, 0.42059576023391815, 0.012368421052631579, 0.019714912280701755
1 0.027787828947368424, 0.42077850877192985, 0.027582236842105264, 0.014482821637426901
1 0.04269188596491228, 0.3672331871345029, 0.02316063596491228, 0.017086988304093567
1 0.03371436403508772, 0.37180190058479534, 0.02862938596491228, 0.016504020467836257
1 0.11385142543859648, 0.36800986842105265, 0.012346491228070175, 0.015157163742690058
1 0.1178563596491228, 0.36746162280701755, 0.027491776315789477, 0.011536915204678363
1 0.27425712719298245, 0.3472222222222222, 0.021716008771929824, 0.0133406432748538
1 0.28563870614035086, 0.34486842105263155, 0.03011513157894737, 0.01787646198830409
1 0.28734375, 0.33845029239766083, 0.0218640350877193, 0.01516812865497076
1 0.28018640350877194, 0.3310709064327485, 0.01959703947368421, 0.015899122807017545
1 0.37971765350877196, 0.34440058479532165, 0.01890625, 0.013647660818713452
1 0.3589281798245614, 0.3213633040935672, 0.023434758771929822, 0.0194718567251462
1 0.37599232456140347, 0.37616776315789474, 0.030734649122807017, 0.011650219298245614
1 0.3757483552631579, 0.38164839181286553, 0.028717105263157894, 0.009777046783625731
1 0.4773300438596491, 0.3483735380116959, 0.022154605263157892, 0.017911184210526315
1 0.47183388157894735, 0.3517909356725146, 0.01810855263157895, 0.017143640350877194
1 0.889906798245614, 0.33415570175438597, 0.015211074561403509, 0.0100968567251462
1 0.8799725877192982, 0.33721308479532164, 0.023234649122807018, 0.010857090643274853
1 0.9093969298245614, 0.3545540935672514, 0.029605263157894735, 0.011445540935672516
1 0.9079605263157894, 0.38998538011695905, 0.022680921052631576, 0.017361111111111112
1 0.8987774122807017, 0.384000365497076, 0.015279605263157895, 0.01183296783625731
1 0.9190597587719298, 0.3704769736842105, 0.021313048245614034, 0.02010233918128655
1 0.9116447368421052, 0.36209429824561407, 0.016036184210526317, 0.01884502923976608
1 0.8968256578947368, 0.3581414473684211, 0.023813048245614036, 0.01619700292397661
1 0.893673245614035, 0.36919773391812866, 0.020797697368421054, 0.018331505847953216
1 0.906968201754386, 0.3760270467836257, 0.013122258771929823, 0.016608187134502923
1 0.881063596491228, 0.3458168859649123, 0.021107456140350877, 0.0054477339181286544
1 0.8965158991228069, 0.35099049707602337, 0.024498355263157898, 0.0110453216374269
1 0.9064720394736842, 0.34486842105263155, 0.015572916666666667, 0.013273026315789473
1 0.916938048245614, 0.3420138888888889, 0.01984923245614035, 0.017955043859649123
1 0.9343558114035089, 0.35051717836257307, 0.01723410087719298, 0.013501461988304092
1 0.9657565789473684, 0.3798209064327486, 0.0346765350877193, 0.010963084795321638
1 0.9734046052631579, 0.36572551169590645, 0.019668311403508772, 0.020113304093567253
1 0.9615871710526316, 0.3722368421052632, 0.01486842105263158, 0.017291666666666667
1 0.7280016447368421, 0.4211440058479532, 0.024427083333333332, 0.01114766081871345
1 0.7537609649122806, 0.38770102339181284, 0.01939144736842105, 0.021335891812865496
1 0.7665131578947367, 0.41545687134502923, 0.025112390350877194, 0.02183845029239766
1 0.7584621710526316, 0.4222624269005848, 0.031746162280701755, 0.02103983918128655
1 0.7537856359649122, 0.40338267543859646, 0.015074013157894738, 0.023278508771929825
1 0.7191940789473684, 0.3989857456140351, 0.022850877192982455, 0.02227156432748538
1 0.7153179824561403, 0.3947825292397661, 0.016674890350877193, 0.01827485380116959
1 0.7347834429824561, 0.37648391812865495, 0.01424890350877193, 0.018994883040935672
1 0.7357785087719297, 0.3576845760233918, 0.023708881578947367, 0.017086988304093567
1 0.7797368421052632, 0.36746162280701755, 0.01870614035087719, 0.017178362573099414
1 0.7864884868421053, 0.36466374269005847, 0.023470394736842107, 0.017097953216374268
1 0.7928481359649122, 0.362984283625731, 0.02865953947368421, 0.01206140350877193
1 0.769046052631579, 0.3898940058479532, 0.030087719298245615, 0.01640168128654971
1 0.7877549342105263, 0.37888340643274854, 0.02021655701754386, 0.02261513157894737
1 0.70703125, 0.36211622807017546, 0.017952302631578945, 0.01689327485380117
1 0.7043229166666667, 0.34676535087719296, 0.019498355263157893, 0.015146198830409355
1 0.703843201754386, 0.35807383040935675, 0.016206140350877193, 0.012814327485380118
1 0.5068503289473685, 0.3628015350877193, 0.040052083333333335, 0.01069078947368421
1 0.26568804824561404, 0.4163230994152047, 0.025833333333333333, 0.022821637426900583
1 0.16784813596491227, 0.3389985380116959, 0.025833333333333333, 0.016858552631578948
1 0.16177631578947368, 0.3418311403508772, 0.016855811403508773, 0.008406432748538011
1 0.15811677631578946, 0.36933479532163743, 0.02823190789473684, 0.00758406432748538
1 0.15043311403508772, 0.37417763157894735, 0.030433114035087718, 0.01228983918128655
1 0.30399671052631577, 0.36878654970760233, 0.026557017543859647, 0.021655701754385966
1 0.6010142543859649, 0.33945540935672514, 0.018092105263157895, 0.01425438596491228
1 1.1583689692982455, 0.395, 0.019756030701754385, 0.026692251461988305
1 1.1425383771929822, 0.39592470760233917, 0.018020833333333333, 0.022478070175438597
1 1.239172149122807, 0.3688779239766082, 0.02963267543859649, 0.013775584795321637
1 1.2377960526315788, 0.37943165204678364, 0.03149122807017544, 0.014894005847953216
1 1.1171847587719297, 0.42333698830409355, 0.046869517543859644, 0.017909356725146198
1 1.114514802631579, 0.41828947368421054, 0.014835526315789473, 0.019371345029239765
1 1.0684265350877193, 0.35220211988304095, 0.015923793859649125, 0.010553728070175438
1 1.0595833333333333, 0.3511293859649123, 0.021721491228070173, 0.01409356725146199
1 1.037516447368421, 0.3298830409356725, 0.02377741228070175, 0.012176535087719298
1 1.0025328947368422, 0.32803362573099415, 0.02041940789473684, 0.009274488304093567
1 1.015435855263158, 0.32682383040935675, 0.021910635964912283, 0.019130116959064327
1 1.0047231359649123, 0.3393640350877193, 0.021998355263157895, 0.013112207602339181
1 1.0104468201754386, 0.339890350877193, 0.016000548245614036, 0.007834429824561402
1 0.7648026315789473, 0.35473684210526313, 0.01589638157894737, 0.02049159356725146
1 0.7538322368421053, 0.40547331871345027, 0.0073547149122807015, 0.01608187134502924
1 0.7432127192982455, 0.40332602339181284, 0.012576754385964914, 0.021884137426900586
1 0.7321134868421053, 0.39277229532163743, 0.018432017543859647, 0.01941703216374269
1 0.722124451754386, 0.4119499269005848, 0.027480811403508772, 0.019930555555555556
1 0.5798410087719299, 0.33657711988304095, 0.01925438596491228, 0.016127558479532164
1 0.5939583333333334, 0.3406432748538012, 0.009043311403508773, 0.014848318713450293
1 0.5479632675438597, 0.39382309941520466, 0.028643092105263158, 0.03170687134502924
1 0.5689583333333333, 0.35094663742690063, 0.019887609649122805, 0.01237390350877193
1 0.5800767543859648, 0.35393823099415206, 0.021617324561403507, 0.006030701754385965
1 0.5899095394736842, 0.3618421052631579, 0.015893640350877192, 0.007218567251461988
1 0.5827138157894737, 0.3671546052631579, 0.024736842105263158, 0.01114766081871345
1 0.5844599780701755, 0.3803453947368421, 0.016888706140350877, 0.009914108187134504
1 0.5593640350877193, 0.3834868421052632, 0.030235745614035088, 0.011900584795321639
1 0.5499259868421053, 0.3797295321637427, 0.03422697368421053, 0.01644736842105263
1 0.5504385964912281, 0.36504020467836257, 0.03754934210526315, 0.012152777777777778
1 1.3390213815789473, 0.37417763157894735, 0.037143640350877194, 0.009137426900584795
1 1.3331277412280702, 0.3789985380116959, 0.020490679824561403, 0.02441885964912281
1 0.47375274122807015, 0.33182565789473684, 0.010485197368421052, 0.006624634502923977
1 0.22210800438596492, 0.3546692251461988, 0.01425438596491228, 0.016036184210526317
1 1.2888432017543858, 0.31236659356725144, 0.03734923245614035, 0.011107456140350877
1 1.2983689692982456, 0.3185836988304093, 0.02309484649122807, 0.013393640350877194
