1 0.5346308479532164, 0.47546600877192985, 0.012883771929824562, 0.010782163742690058
1 0.5428545321637427, 0.48122258771929827, 0.013706140350877192, 0.010599415204678362
1 0.5540021929824561, 0.4831414473684211, 0.017269736842105265, 0.007492690058479532
1 0.5466922514619883, 0.4845120614035088, 0.01425438596491228, 0.008589181286549707
1 0.559484649122807, 0.4845120614035088, 0.01836622807017544, 0.007492690058479532
1 0.5775767543859649, 0.4842379385964912, 0.014528508771929825, 0.013157894736842105
1 0.5773940058479532, 0.48752741228070173, 0.017269736842105265, 0.009274488304093567
1 0.5669773391812866, 0.4858826754385965, 0.01644736842105263, 0.005665204678362573
1 0.5731907894736842, 0.4883497807017544, 0.021792763157894735, 0.007903874269005849
1 0.7285270467836257, 0.49109100877192985, 0.01617324561403509, 0.008771929824561403
1 0.6135325292397661, 0.49321546052631576, 0.014734100877192983, 0.015213815789473685
1 0.7226790935672515, 0.49684758771929827, 0.011787280701754386, 0.010051169590643274
1 0.6722404970760234, 0.4987664473684211, 0.013706140350877192, 0.013706140350877192
1 0.5410270467836257, 0.4998629385964912, 0.009868421052631578, 0.01663011695906433
1 0.6894188596491229, 0.4998629385964912, 0.011513157894736841, 0.004568713450292397
1 0.6917945906432749, 0.5028782894736842, 0.01699561403508772, 0.006944444444444444
1 0.7374817251461988, 0.4998629385964912, 0.009046052631578948, 0.01699561403508772
1 0.5620431286549707, 0.5006853070175439, 0.015625, 0.013157894736842105
1 0.7128106725146199, 0.5006853070175439, 0.01699561403508772, 0.006944444444444444
1 0.7195723684210527, 0.5028782894736842, 0.01343201754385965, 0.006396198830409356
1 0.5477887426900585, 0.5039747807017544, 0.011239035087719298, 0.01699561403508772
1 0.5914656432748538, 0.5037006578947368, 0.017269736842105265, 0.01069078947368421
1 0.6841191520467836, 0.5039747807017544, 0.019736842105263157, 0.006944444444444444
1 0.6985562865497076, 0.5042489035087719, 0.021655701754385966, 0.006578947368421052
1 0.6002832602339181, 0.504797149122807, 0.018229166666666668, 0.010508040935672515
1 0.6782711988304093, 0.5058936403508771, 0.01206140350877193, 0.006578947368421052
1 0.7252375730994152, 0.5056195175438597, 0.014528508771929825, 0.013157894736842105
1 0.7341922514619883, 0.5072642543859649, 0.007401315789473684, 0.015899122807017545
1 0.750639619883041, 0.5056195175438597, 0.011787280701754386, 0.01425438596491228
1 0.7045869883040936, 0.5072642543859649, 0.021107456140350877, 0.006030701754385965
1 0.7102521929824561, 0.5086348684210527, 0.01918859649122807, 0.005299707602339181
1 0.7140899122807017, 0.5160361842105263, 0.013157894736842105, 0.010416666666666666
1 0.6277869152046783, 0.5094572368421053, 0.022820723684210526, 0.00849780701754386
1 0.6448739035087719, 0.5094572368421053, 0.02021655701754386, 0.011650219298245614
1 0.6094663742690059, 0.5100054824561403, 0.015625, 0.013797514619883041
1 0.6705957602339181, 0.5127467105263158, 0.013980263157894737, 0.015716374269005847
1 0.7393092105263158, 0.5130208333333334, 0.01864035087719298, 0.007675438596491228
1 0.7550255847953217, 0.5132949561403509, 0.00849780701754386, 0.013706140350877192
1 0.7213998538011696, 0.5157620614035088, 0.012609649122807017, 0.008589181286549707
1 0.26014254385964913, 0.516858552631579, 0.015899122807017545, 0.01206140350877193
1 0.2650767543859649, 0.5217927631578947, 0.012609649122807017, 0.01425438596491228
1 0.6934393274853801, 0.5174067982456141, 0.01864035087719298, 0.006578947368421052
1 0.7466191520467836, 0.5174067982456141, 0.012609649122807017, 0.006944444444444444
1 0.7510051169590644, 0.5185032894736842, 0.01699561403508772, 0.010416666666666666
1 0.7382127192982456, 0.530016447368421, 0.013980263157894737, 0.012792397660818713
1 0.7310855263157895, 0.5185032894736842, 0.01836622807017544, 0.009868421052631578
1 0.6616410818713451, 0.5198739035087719, 0.017269736842105265, 0.016264619883040937
1 0.22880116959064328, 0.5215186403508771, 0.019668311403508772, 0.01251827485380117
1 0.727796052631579, 0.5215186403508771, 0.01836622807017544, 0.00804093567251462
1 0.7577668128654971, 0.5223410087719298, 0.009046052631578948, 0.01425438596491228
1 0.6963633040935673, 0.5250822368421053, 0.02055921052631579, 0.010782163742690058
1 0.6506761695906432, 0.5278234649122807, 0.016721491228070175, 0.008223684210526315
1 0.7188413742690059, 0.5278234649122807, 0.015899122807017545, 0.008406432748538011
1 0.6612755847953217, 0.5280975877192983, 0.01836622807017544, 0.010051169590643274
1 0.7511878654970761, 0.5280975877192983, 0.025767543859649123, 0.00804093567251462
1 0.7029422514619883, 0.5286458333333334, 0.01617324561403509, 0.012792397660818713
1 0.7098866959064327, 0.5297423245614035, 0.01644736842105263, 0.010782163742690058
1 0.7592288011695907, 0.5322094298245614, 0.01206140350877193, 0.011695906432748537
1 0.7462536549707602, 0.5341282894736842, 0.01781798245614035, 0.00712719298245614
1 0.8045504385964912, 0.536047149122807, 0.023574561403508772, 0.008771929824561403
1 0.6324470029239766, 0.5371436403508771, 0.022099780701754387, 0.01251827485380117
1 0.7155519005847953, 0.5396107456140351, 0.014528508771929825, 0.014985380116959063
1 0.39903143274853803, 0.5404331140350878, 0.01864035087719298, 0.007309941520467836
1 0.7265168128654971, 0.5401589912280702, 0.014802631578947368, 0.01114766081871345
1 0.405062134502924, 0.5409813596491229, 0.019462719298245616, 0.01114766081871345
1 0.7592288011695907, 0.542077850877193, 0.012609649122807017, 0.01644736842105263
1 0.7383954678362573, 0.5426260964912281, 0.01836622807017544, 0.012609649122807017
1 0.8127741228070176, 0.5429002192982456, 0.01644736842105263, 0.006396198830409356
1 0.34438961988304095, 0.5437225877192983, 0.020833333333333332, 0.011330409356725146
1 0.45148026315789475, 0.5434484649122807, 0.01206140350877193, 0.012792397660818713
1 0.5101425438596491, 0.5437225877192983, 0.01918859649122807, 0.008406432748538011
1 0.4626279239766082, 0.5439967105263158, 0.012335526315789474, 0.014985380116959063
1 0.4841922514619883, 0.5445449561403509, 0.0200109649122807, 0.00932017543859649
1 0.5675255847953217, 0.5448190789473685, 0.01699561403508772, 0.010782163742690058
1 0.5962171052631579, 0.5445449561403509, 0.012266995614035088, 0.008223684210526315
1 0.7716557017543859, 0.5445449561403509, 0.011513157894736841, 0.01516812865497076
1 0.705500730994152, 0.545641447368421, 0.017269736842105265, 0.015899122807017545
1 0.33671418128654973, 0.5461896929824561, 0.022203947368421052, 0.009685672514619883
1 0.6121162280701754, 0.5472861842105263, 0.016688596491228072, 0.007903874269005849
1 0.41639254385964913, 0.548108552631579, 0.01836622807017544, 0.010051169590643274
1 0.6576206140350878, 0.5492050438596491, 0.01918859649122807, 0.010599415204678362
1 0.3727156432748538, 0.5497532894736842, 0.013157894736842105, 0.010416666666666666
1 0.6682200292397661, 0.5497532894736842, 0.01781798245614035, 0.006761695906432748
1 0.5830592105263158, 0.5500274122807017, 0.02055921052631579, 0.007675438596491228
1 0.3504203216374269, 0.5513980263157895, 0.01425438596491228, 0.012792397660818713
1 0.36430921052631576, 0.5513980263157895, 0.01699561403508772, 0.00932017543859649
1 0.6479349415204678, 0.5513980263157895, 0.01343201754385965, 0.0062134502923976605
1 0.3834978070175439, 0.551672149122807, 0.011787280701754386, 0.015716374269005847
1 0.45476973684210525, 0.5519462719298246, 0.01864035087719298, 0.01516812865497076
1 0.5046600877192983, 0.551672149122807, 0.014528508771929825, 0.00712719298245614
1 0.5605811403508771, 0.5519462719298246, 0.018914473684210526, 0.00804093567251462
1 0.6186951754385965, 0.551672149122807, 0.020285087719298246, 0.007971491228070175
1 0.6790021929824561, 0.5519462719298246, 0.02055921052631579, 0.010782163742690058
1 0.6236293859649122, 0.5524945175438597, 0.020627741228070175, 0.011193347953216375
1 0.4432565789473684, 0.5530427631578947, 0.01644736842105263, 0.008223684210526315
1 0.2729349415204678, 0.5535910087719298, 0.01781798245614035, 0.010599415204678362
1 0.2977887426900585, 0.5538651315789473, 0.0200109649122807, 0.010051169590643274
1 0.48656798245614036, 0.5535910087719298, 0.022478070175438597, 0.010416666666666666
1 0.30564692982456143, 0.5544133771929824, 0.01836622807017544, 0.008589181286549707
1 0.5994152046783626, 0.5538651315789473, 0.018092105263157895, 0.009046052631578948
1 0.26745248538011696, 0.5544133771929824, 0.013980263157894737, 0.01023391812865497
1 0.6337938596491228, 0.553453947368421, 0.017269736842105265, 0.0061001461988304095
1 0.17900219298245615, 0.5549616228070176, 0.016721491228070175, 0.005847953216374269
1 0.40926535087719296, 0.5549616228070176, 0.018092105263157895, 0.008406432748538011
1 0.5205592105263158, 0.5555098684210527, 0.019736842105263157, 0.007492690058479532
1 0.1853983918128655, 0.5563322368421053, 0.017269736842105265, 0.008406432748538011
1 0.2899305555555556, 0.5563322368421053, 0.01699561403508772, 0.010599415204678362
1 0.20093201754385964, 0.5566063596491229, 0.02138157894736842, 0.007858187134502924
1 0.2829861111111111, 0.5566063596491229, 0.019736842105263157, 0.01023391812865497
1 0.1943530701754386, 0.5579769736842105, 0.019462719298245616, 0.006761695906432748
1 0.5286001461988304, 0.557702850877193, 0.019736842105263157, 0.006578947368421052
1 0.7076937134502924, 0.5582510964912281, 0.019462719298245616, 0.01206140350877193
1 0.31588084795321636, 0.5587993421052632, 0.01699561403508772, 0.008223684210526315
1 0.4631761695906433, 0.5587993421052632, 0.01836622807017544, 0.009502923976608187
1 0.4768823099415205, 0.5587993421052632, 0.018914473684210526, 0.007858187134502924
1 0.5139802631578947, 0.5590734649122807, 0.01836622807017544, 0.006578947368421052
1 0.53609283625731, 0.5590734649122807, 0.023848684210526317, 0.007309941520467836
1 0.6398940058479532, 0.5590734649122807, 0.020729166666666667, 0.009755116959064327
1 0.37582236842105265, 0.5596217105263158, 0.017543859649122806, 0.006761695906432748
1 0.38806652046783624, 0.5593475877192983, 0.009046052631578948, 0.015716374269005847
1 0.41968201754385964, 0.5596217105263158, 0.018092105263157895, 0.006761695906432748
1 0.5766630116959064, 0.5596217105263158, 0.018092105263157895, 0.010782163742690058
1 0.2577668128654971, 0.5601699561403509, 0.013980263157894737, 0.006030701754385965
1 0.4918676900584795, 0.5607182017543859, 0.019736842105263157, 0.008954678362573099
1 0.5669773391812866, 0.5607182017543859, 0.021107456140350877, 0.00932017543859649
1 0.16200657894736842, 0.561266447368421, 0.019736842105263157, 0.009868421052631578
1 0.17041301169590642, 0.561266447368421, 0.022478070175438597, 0.008771929824561403
1 0.32995248538011696, 0.5609923245614035, 0.015076754385964912, 0.010051169590643274
1 0.6857638888888888, 0.5609923245614035, 0.007401315789473684, 0.01114766081871345
1 0.6930738304093568, 0.561266447368421, 0.016721491228070175, 0.010416666666666666
1 0.3213633040935672, 0.5618146929824561, 0.01864035087719298, 0.008406432748538011
1 0.4982638888888889, 0.5615405701754386, 0.01617324561403509, 0.008954678362573099
1 0.2208516081871345, 0.5631853070175439, 0.020833333333333332, 0.01023391812865497
1 0.21080043859649122, 0.5678453947368421, 0.02055921052631579, 0.01114766081871345
1 0.593110380116959, 0.5626370614035088, 0.018914473684210526, 0.006944444444444444
1 0.23382675438596492, 0.5634594298245614, 0.017269736842105265, 0.006761695906432748
1 0.22450657894736842, 0.5779879385964912, 0.015899122807017545, 0.011513157894736841
1 0.4485562865497076, 0.5631853070175439, 0.01918859649122807, 0.007492690058479532
1 0.35827850877192985, 0.563733552631579, 0.01206140350877193, 0.008223684210526315
1 0.3674159356725146, 0.5640076754385965, 0.015625, 0.008406432748538011
1 0.4226059941520468, 0.5640076754385965, 0.01644736842105263, 0.009137426900584795
1 0.2435124269005848, 0.5645559210526315, 0.019462719298245616, 0.00804093567251462
1 0.38203581871345027, 0.5645559210526315, 0.009868421052631578, 0.014437134502923976
1 0.3769188596491228, 0.5727796052631579, 0.009594298245614035, 0.015350877192982455
1 0.6576206140350878, 0.5645559210526315, 0.020833333333333332, 0.008954678362573099
1 0.25063961988304095, 0.5651041666666666, 0.01864035087719298, 0.008406432748538011
1 0.3495065789473684, 0.5653782894736842, 0.011239035087719298, 0.008771929824561403
1 0.542671783625731, 0.5651041666666666, 0.02138157894736842, 0.009685672514619883
1 0.732547514619883, 0.5656524122807017, 0.021929824561403508, 0.008771929824561403
1 0.3047331871345029, 0.5664747807017544, 0.01781798245614035, 0.010964912280701754
1 0.7047697368421053, 0.5662006578947368, 0.017543859649122806, 0.006944444444444444
1 0.4300986842105263, 0.5667489035087719, 0.020285087719298246, 0.006396198830409356
1 0.42699195906432746, 0.5755208333333334, 0.012883771929824562, 0.004751461988304093
1 0.6130299707602339, 0.5667489035087719, 0.021929824561403508, 0.01114766081871345
1 0.5868969298245614, 0.5678453947368421, 0.018092105263157895, 0.006578947368421052
1 0.6822916666666666, 0.5675712719298246, 0.015625, 0.01114766081871345
1 0.20184576023391812, 0.5683936403508771, 0.01781798245614035, 0.012609649122807017
1 0.2647112573099415, 0.5683936403508771, 0.01781798245614035, 0.008771929824561403
1 0.2747624269005848, 0.5681195175438597, 0.01644736842105263, 0.008954678362573099
1 0.33927266081871343, 0.5689418859649122, 0.01781798245614035, 0.006578947368421052
1 0.3378106725146199, 0.5867598684210527, 0.007949561403508772, 0.012426900584795321
1 0.40268640350877194, 0.5689418859649122, 0.013980263157894737, 0.009868421052631578
1 0.44088084795321636, 0.5686677631578947, 0.01918859649122807, 0.00712719298245614
1 0.5582054093567251, 0.5686677631578947, 0.01918859649122807, 0.008589181286549707
1 0.22322733918128654, 0.5692160087719298, 0.02055921052631579, 0.010782163742690058
1 0.3454861111111111, 0.5697642543859649, 0.019251644736842106, 0.006076388888888889
1 0.3515168128654971, 0.5768201754385964, 0.017889254385964913, 0.010599415204678362
1 0.3511513157894737, 0.5873081140350878, 0.01864035087719298, 0.00804093567251462
1 0.43667763157894735, 0.5700383771929824, 0.01069078947368421, 0.004568713450292397
1 0.43686038011695905, 0.5797697368421053, 0.014391447368421052, 0.008589181286549707
1 0.8328764619883041, 0.5697642543859649, 0.01617324561403509, 0.015899122807017545
1 0.5465095029239766, 0.5705866228070176, 0.019462719298245616, 0.011330409356725146
1 0.6232638888888888, 0.5705866228070176, 0.009594298245614035, 0.013157894736842105
1 0.6651133040935673, 0.5703125, 0.021655701754385966, 0.009868421052631578
1 0.18247441520467836, 0.5711348684210527, 0.01425438596491228, 0.00712719298245614
1 0.8046418128654971, 0.5711348684210527, 0.02734375, 0.013249269005847953
1 0.2899305555555556, 0.5716831140350878, 0.017543859649122806, 0.008589181286549707
1 0.2965095029239766, 0.5716831140350878, 0.014802631578947368, 0.010051169590643274
1 0.8513340643274854, 0.5714089912280702, 0.023026315789473683, 0.010964912280701754
1 0.7272478070175439, 0.5722313596491229, 0.017543859649122806, 0.006030701754385965
1 0.1283808479532164, 0.5716831140350878, 0.021107456140350877, 0.012244152046783625
1 0.14007675438596492, 0.5712719298245614, 0.015556469298245614, 0.014208698830409356
1 0.17406798245614036, 0.5730537280701754, 0.01864035087719298, 0.009685672514619883
1 0.45513523391812866, 0.5725054824561403, 0.017543859649122806, 0.007858187134502924
1 0.5105080409356725, 0.5727796052631579, 0.017543859649122806, 0.0062134502923976605
1 0.6001005116959064, 0.5716145833333334, 0.02124451754385965, 0.014802631578947368
1 0.6991045321637427, 0.5727796052631579, 0.022203947368421052, 0.008406432748538011
1 0.25392909356725146, 0.5736019736842105, 0.011787280701754386, 0.013157894736842105
1 0.4112755847953216, 0.5738760964912281, 0.009868421052631578, 0.008771929824561403
1 0.5143457602339181, 0.5736019736842105, 0.019736842105263157, 0.010051169590643274
1 0.7413194444444444, 0.5738760964912281, 0.01699561403508772, 0.007309941520467836
1 0.7599597953216374, 0.5736019736842105, 0.020833333333333332, 0.007492690058479532
1 0.3995796783625731, 0.5741502192982456, 0.012335526315789474, 0.007858187134502924
1 0.5317068713450293, 0.5741502192982456, 0.0200109649122807, 0.008771929824561403
1 0.8813048245614035, 0.5741502192982456, 0.01918859649122807, 0.012244152046783625
1 0.23492324561403508, 0.5752467105263158, 0.015076754385964912, 0.008589181286549707
1 0.23291301169590642, 0.5823739035087719, 0.01699561403508772, 0.013523391812865496
1 0.47944078947368424, 0.5749725877192983, 0.01699561403508772, 0.008771929824561403
1 0.7166483918128655, 0.5755208333333334, 0.02412280701754386, 0.011513157894736841
1 0.30930190058479534, 0.5757949561403509, 0.012883771929824562, 0.009137426900584795
1 0.5709978070175439, 0.5760690789473685, 0.019736842105263157, 0.008589181286549707
1 0.7802448830409356, 0.5757949561403509, 0.01918859649122807, 0.01114766081871345
1 0.9039656432748538, 0.5763432017543859, 0.019736842105263157, 0.01114766081871345
1 0.3583698830409357, 0.5766173245614035, 0.010964912280701754, 0.011787280701754386
1 0.38824926900584794, 0.5766173245614035, 0.006853070175438596, 0.010051169590643274
1 0.3321454678362573, 0.5771655701754386, 0.015076754385964912, 0.006396198830409356
1 0.36796418128654973, 0.5771655701754386, 0.020285087719298246, 0.008589181286549707
1 0.46171418128654973, 0.5771655701754386, 0.012609649122807017, 0.009868421052631578
1 0.47249634502923976, 0.576891447368421, 0.015076754385964912, 0.006944444444444444
1 0.8624817251461988, 0.5774396929824561, 0.0200109649122807, 0.010051169590643274
1 0.18357090643274854, 0.5777138157894737, 0.01699561403508772, 0.013523391812865496
1 0.20129751461988304, 0.5922423245614035, 0.008223684210526315, 0.013157894736842105
1 0.18338815789473684, 0.5933388157894737, 0.00712719298245614, 0.017635233918128657
1 0.2840826023391813, 0.5774396929824561, 0.01644736842105263, 0.007858187134502924
1 0.7537463450292398, 0.5777138157894737, 0.02138157894736842, 0.007858187134502924
1 0.1493969298245614, 0.5779879385964912, 0.016721491228070175, 0.009685672514619883
1 0.3111293859649123, 0.5779879385964912, 0.016721491228070175, 0.011330409356725146
1 0.8182108918128655, 0.5771655701754386, 0.01836622807017544, 0.010462353801169591
1 0.1578033625730994, 0.5785361842105263, 0.02055921052631579, 0.00804093567251462
1 0.49570540935672514, 0.5788103070175439, 0.011787280701754386, 0.010051169590643274
1 0.7749451754385965, 0.5788103070175439, 0.019736842105263157, 0.0062134502923976605
1 0.684484649122807, 0.5799067982456141, 0.017543859649122806, 0.00804093567251462
1 0.41620979532163743, 0.5804550438596491, 0.007675438596491228, 0.006944444444444444
1 0.6373355263157895, 0.5804550438596491, 0.015213815789473685, 0.011673976608187135
1 0.7429641812865497, 0.5807291666666666, 0.015625, 0.010416666666666666
1 0.8482273391812866, 0.5804550438596491, 0.023300438596491228, 0.008406432748538011
1 0.11883223684210527, 0.5802494517543859, 0.021038925438596492, 0.010599415204678362
1 0.39665570175438597, 0.5810032894736842, 0.011787280701754386, 0.005482456140350877
1 0.5984100877192983, 0.5810032894736842, 0.019736842105263157, 0.013157894736842105
1 0.6928910818713451, 0.5810032894736842, 0.02138157894736842, 0.00804093567251462
1 0.6877741228070176, 0.5951781798245614, 0.008632127192982456, 0.009365862573099416
1 0.6846673976608187, 0.5993695175438597, 0.017543859649122806, 0.007309941520467836
1 0.16602704678362573, 0.5818256578947368, 0.015625, 0.007858187134502924
1 0.44691154970760233, 0.5818256578947368, 0.020285087719298246, 0.008954678362573099
1 0.4184027777777778, 0.5826480263157895, 0.01644736842105263, 0.009685672514619883
1 0.5494334795321637, 0.5823739035087719, 0.023026315789473683, 0.00712719298245614
1 0.5571089181286549, 0.582922149122807, 0.013706140350877192, 0.011878654970760233
1 0.5858004385964912, 0.5823739035087719, 0.02138157894736842, 0.01114766081871345
1 0.369608918128655, 0.582922149122807, 0.020285087719298246, 0.012426900584795321
1 0.6247258771929824, 0.582922149122807, 0.01644736842105263, 0.008223684210526315
1 0.7912097953216374, 0.582922149122807, 0.02138157894736842, 0.007858187134502924
1 0.7990679824561403, 0.5831962719298246, 0.02617872807017544, 0.008360745614035088
1 0.8306834795321637, 0.5831962719298246, 0.019462719298245616, 0.008771929824561403
1 0.2749451754385965, 0.5834703947368421, 0.013157894736842105, 0.012792397660818713
1 0.261421783625731, 0.5851151315789473, 0.009868421052631578, 0.013523391812865496
1 0.5788559941520468, 0.5837445175438597, 0.02138157894736842, 0.00712719298245614
1 0.767452485380117, 0.5834703947368421, 0.021107456140350877, 0.008954678362573099
1 0.8398209064327485, 0.5837445175438597, 0.022203947368421052, 0.008223684210526315
1 0.10462353801169591, 0.5831962719298246, 0.019462719298245616, 0.009914108187134504
1 0.7025767543859649, 0.5842927631578947, 0.01644736842105263, 0.012609649122807017
1 0.7002010233918129, 0.5982730263157895, 0.013157894736842105, 0.012975146198830409
1 0.6906980994152047, 0.6040296052631579, 0.015899122807017545, 0.01608187134502924
1 0.6974597953216374, 0.6040296052631579, 0.012335526315789474, 0.014619883040935672
1 0.3215460526315789, 0.5848410087719298, 0.020833333333333332, 0.011330409356725146
1 0.3272112573099415, 0.5927905701754386, 0.00849780701754386, 0.01516812865497076
1 0.405062134502924, 0.5848410087719298, 0.015899122807017545, 0.006030701754385965
1 0.14268092105263158, 0.584703947368421, 0.022478070175438597, 0.006807383040935673
1 0.21390716374269006, 0.5853892543859649, 0.01644736842105263, 0.00932017543859649
1 0.411641081871345, 0.5851151315789473, 0.018092105263157895, 0.006578947368421052
1 0.1716922514619883, 0.5859375, 0.01425438596491228, 0.013888888888888888
1 0.19216008771929824, 0.5859375, 0.00712719298245614, 0.01663011695906433
1 0.48565423976608185, 0.5864857456140351, 0.01836622807017544, 0.006578947368421052
1 0.5243969298245614, 0.5864857456140351, 0.01699561403508772, 0.01206140350877193
1 0.5042945906432749, 0.5870339912280702, 0.01617324561403509, 0.00712719298245614
1 0.3595577485380117, 0.5878563596491229, 0.01864035087719298, 0.00804093567251462
1 0.400858918128655, 0.5873081140350878, 0.014528508771929825, 0.004751461988304093
1 0.4915021929824561, 0.5875822368421053, 0.016721491228070175, 0.006396198830409356
1 0.6431834795321637, 0.5873081140350878, 0.015625, 0.012792397660818713
1 0.6393457602339181, 0.602327302631579, 0.015074013157894738, 0.010325292397660819
1 0.13477704678362573, 0.5881304824561403, 0.019462719298245616, 0.00804093567251462
1 0.292671783625731, 0.5881304824561403, 0.01699561403508772, 0.005299707602339181
1 0.4324744152046784, 0.5881304824561403, 0.011787280701754386, 0.006944444444444444
1 0.43357090643274854, 0.5982730263157895, 0.022203947368421052, 0.005847953216374269
1 0.5410270467836257, 0.588952850877193, 0.01918859649122807, 0.012244152046783625
1 0.6144919590643275, 0.5884046052631579, 0.014802631578947368, 0.014619883040935672
1 0.6163194444444444, 0.5988212719298246, 0.00849780701754386, 0.011695906432748537
1 0.7776864035087719, 0.5884046052631579, 0.017269736842105265, 0.008589181286549707
1 0.15341739766081872, 0.5892269736842105, 0.009868421052631578, 0.005482456140350877
1 0.41968201754385964, 0.5895010964912281, 0.01425438596491228, 0.012426900584795321
1 0.7360197368421053, 0.588952850877193, 0.018914473684210526, 0.006578947368421052
1 0.7404057017543859, 0.5930646929824561, 0.012609649122807017, 0.015350877192982455
1 0.0939327485380117, 0.5895010964912281, 0.01781798245614035, 0.011239035087719298
1 0.2745796783625731, 0.5897752192982456, 0.01206140350877193, 0.011695906432748537
1 0.26781798245614036, 0.5919682017543859, 0.017269736842105265, 0.0062134502923976605
1 0.27129020467836257, 0.5952576754385965, 0.02138157894736842, 0.006578947368421052
1 0.3897112573099415, 0.5892297149122807, 0.01404331140350877, 0.007858187134502924
1 0.7254203216374269, 0.5897752192982456, 0.022478070175438597, 0.010051169590643274
1 0.45824195906432746, 0.5900493421052632, 0.00712719298245614, 0.014437134502923976
1 0.59859283625731, 0.5903234649122807, 0.015076754385964912, 0.007858187134502924
1 0.4978983918128655, 0.5905975877192983, 0.01836622807017544, 0.0062134502923976605
1 0.5900036549707602, 0.5908717105263158, 0.01425438596491228, 0.00804093567251462
1 0.5189144736842105, 0.5911458333333334, 0.015625, 0.0062134502923976605
1 0.6541703216374268, 0.5865186403508772, 0.01987390350877193, 0.008271198830409356
1 0.6498318713450293, 0.5920367324561403, 0.011444627192982455, 0.007286184210526315
1 0.4746893274853801, 0.592516447368421, 0.00712719298245614, 0.010416666666666666
1 0.08246527777777778, 0.5934758771929824, 0.013500548245614035, 0.008108552631578947
1 0.07648026315789473, 0.6073190789473685, 0.02240953947368421, 0.007675438596491228
1 0.22377558479532164, 0.5941611842105263, 0.01206140350877193, 0.012426900584795321
1 0.23985745614035087, 0.5938870614035088, 0.009868421052631578, 0.01516812865497076
1 0.3414656432748538, 0.5938870614035088, 0.01644736842105263, 0.009502923976608187
1 0.38898026315789475, 0.5944353070175439, 0.01644736842105263, 0.010964912280701754
1 0.38934576023391815, 0.5999177631578947, 0.017543859649122806, 0.01206140350877193
1 0.4564144736842105, 0.5947094298245614, 0.010964912280701754, 0.012975146198830409
1 0.46792763157894735, 0.5958059210526315, 0.017269736842105265, 0.006396198830409356
1 0.07684576023391813, 0.594983552631579, 0.015932017543859648, 0.0063267543859649115
1 0.15908260233918128, 0.5952576754385965, 0.016721491228070175, 0.00804093567251462
1 0.286641081871345, 0.594983552631579, 0.019462719298245616, 0.00804093567251462
1 0.4394188596491228, 0.594983552631579, 0.021929824561403508, 0.006304824561403508
1 0.4456323099415205, 0.5955317982456141, 0.015350877192982455, 0.006030701754385965
1 0.6574378654970761, 0.594983552631579, 0.01343201754385965, 0.013157894736842105
1 0.31204312865497075, 0.5955317982456141, 0.010416666666666666, 0.009137426900584795
1 0.3824013157894737, 0.5955317982456141, 0.020285087719298246, 0.006761695906432748
1 0.711531432748538, 0.5955317982456141, 0.018914473684210526, 0.010416666666666666
1 0.7627010233918129, 0.5958059210526315, 0.020833333333333332, 0.007309941520467836
1 0.1459247076023392, 0.5960800438596491, 0.01699561403508772, 0.008406432748538011
1 0.7824378654970761, 0.5963541666666666, 0.018092105263157895, 0.008589181286549707
1 0.7893823099415205, 0.6048519736842105, 0.01699561403508772, 0.007858187134502924
1 0.7787828947368421, 0.6111567982456141, 0.01699561403508772, 0.010782163742690058
1 0.8500548245614035, 0.5963541666666666, 0.015350877192982455, 0.012975146198830409
1 0.08828947368421053, 0.5968695175438596, 0.011288377192982457, 0.007949561403508772
1 0.08813048245614036, 0.6080372807017543, 0.022171052631578946, 0.006441885964912281
1 0.29870248538011696, 0.5969024122807017, 0.01781798245614035, 0.0133406432748538
1 0.5229349415204678, 0.5966282894736842, 0.013980263157894737, 0.015716374269005847
1 0.5693530701754386, 0.5966282894736842, 0.01918859649122807, 0.008223684210526315
1 0.8800255847953217, 0.5971765350877193, 0.02055921052631579, 0.00932017543859649
1 0.17278874269005848, 0.5977247807017544, 0.009046052631578948, 0.013523391812865496
1 0.3277595029239766, 0.5981359649122807, 0.009457236842105263, 0.01425438596491228
1 0.3447551169590643, 0.5977247807017544, 0.021929824561403508, 0.010051169590643274
1 0.4286366959064328, 0.5979989035087719, 0.01864035087719298, 0.004934210526315789
1 0.8202668128654971, 0.5979989035087719, 0.019736842105263157, 0.009868421052631578
1 0.8102156432748538, 0.6062225877192983, 0.011787280701754386, 0.01516812865497076
1 0.1583516081871345, 0.5988212719298246, 0.020285087719298246, 0.013157894736842105
1 0.23675073099415206, 0.598547149122807, 0.00932017543859649, 0.015350877192982455
1 0.37527412280701755, 0.5982730263157895, 0.019462719298245616, 0.00712719298245614
1 0.5084978070175439, 0.5982730263157895, 0.021107456140350877, 0.00712719298245614
1 0.7566703216374269, 0.598547149122807, 0.01781798245614035, 0.006030701754385965
1 0.4527595029239766, 0.5990953947368421, 0.009594298245614035, 0.007858187134502924
1 0.45824195906432746, 0.6012883771929824, 0.00932017543859649, 0.00932017543859649
1 0.628015350877193, 0.5990953947368421, 0.01739035087719298, 0.00712719298245614
1 0.8683296783625731, 0.5996436403508771, 0.024671052631578948, 0.013157894736842105
1 0.8624817251461988, 0.6015625, 0.023026315789473683, 0.008771929824561403
1 0.06405336257309942, 0.5991639254385965, 0.009799890350877192, 0.013020833333333334
1 0.12513706140350878, 0.5981359649122807, 0.014871162280701754, 0.009777046783625731
1 0.15104166666666666, 0.5999177631578947, 0.01836622807017544, 0.008954678362573099
1 0.4737755847953216, 0.5996436403508771, 0.01781798245614035, 0.007858187134502924
1 0.7948647660818714, 0.6001918859649122, 0.020285087719298246, 0.008406432748538011
1 0.1356907894736842, 0.6007401315789473, 0.01918859649122807, 0.008771929824561403
1 0.13898026315789475, 0.6108826754385965, 0.021107456140350877, 0.006030701754385965
1 0.18357090643274854, 0.6004660087719298, 0.019736842105263157, 0.007492690058479532
1 0.19069809941520469, 0.6004660087719298, 0.010142543859649123, 0.0066703216374269
1 0.19106359649122806, 0.6007401315789473, 0.016721491228070175, 0.013706140350877192
1 0.18320540935672514, 0.6138980263157895, 0.01699561403508772, 0.007858187134502924
1 0.27677266081871343, 0.6007401315789473, 0.01836622807017544, 0.007309941520467836
1 0.6334978070175439, 0.6004660087719298, 0.018092105263157895, 0.007492690058479532
1 0.836531432748538, 0.6007401315789473, 0.017543859649122806, 0.007309941520467836
1 0.11124817251461988, 0.600671600877193, 0.01343201754385965, 0.016858552631578948
1 0.40213815789473684, 0.6018366228070176, 0.009594298245614035, 0.013888888888888888
1 0.49058845029239767, 0.6018366228070176, 0.022203947368421052, 0.005665204678362573
1 0.6588998538011696, 0.6015625, 0.01425438596491228, 0.012792397660818713
1 0.6707785087719298, 0.6015625, 0.017269736842105265, 0.008223684210526315
1 0.30327119883040937, 0.6023848684210527, 0.020833333333333332, 0.010416666666666666
1 0.29870248538011696, 0.6155427631578947, 0.01864035087719298, 0.006396198830409356
1 0.09507492690058479, 0.602796052631579, 0.015213815789473685, 0.006350511695906433
1 0.22249634502923976, 0.6026589912280702, 0.011787280701754386, 0.011695906432748537
1 0.42297149122807015, 0.6029331140350878, 0.015625, 0.005665204678362573
1 0.2829861111111111, 0.6034813596491229, 0.015350877192982455, 0.007309941520467836
1 0.5019188596491229, 0.6034813596491229, 0.01836622807017544, 0.0062134502923976605
1 0.5028326023391813, 0.6215734649122807, 0.021655701754385966, 0.006944444444444444
1 0.6440972222222222, 0.6034813596491229, 0.01425438596491228, 0.012244152046783625
1 0.6413559941520468, 0.6147203947368421, 0.01644736842105263, 0.009685672514619883
1 0.7416849415204678, 0.6034813596491229, 0.023574561403508772, 0.01114766081871345
1 0.8268457602339181, 0.6034813596491229, 0.01644736842105263, 0.010051169590643274
1 0.10023757309941521, 0.6040296052631579, 0.01644736842105263, 0.007675438596491228
1 0.16876827485380116, 0.6037554824561403, 0.013980263157894737, 0.005847953216374269
1 0.1632858187134503, 0.6092379385964912, 0.013157894736842105, 0.006030701754385965
1 0.35663377192982454, 0.6037554824561403, 0.02138157894736842, 0.01023391812865497
1 0.34804459064327486, 0.6240405701754386, 0.02055921052631579, 0.014985380116959063
1 0.5280519005847953, 0.6043037280701754, 0.016721491228070175, 0.010051169590643274
1 0.08305921052631579, 0.604577850877193, 0.015625, 0.007492690058479532
1 0.2078764619883041, 0.6043037280701754, 0.009868421052631578, 0.012426900584795321
1 0.203125, 0.6092379385964912, 0.01699561403508772, 0.007309941520467836
1 0.36485745614035087, 0.604577850877193, 0.020833333333333332, 0.009502923976608187
1 0.5123355263157895, 0.604577850877193, 0.023574561403508772, 0.009685672514619883
1 0.5338998538011696, 0.604577850877193, 0.01617324561403509, 0.012792397660818713
1 0.17370248538011696, 0.6051260964912281, 0.014802631578947368, 0.009868421052631578
1 0.17132675438596492, 0.6138980263157895, 0.014802631578947368, 0.00932017543859649
1 0.5737390350877193, 0.6054002192982456, 0.010142543859649123, 0.01023391812865497
1 0.5795869883040936, 0.6051260964912281, 0.012883771929824562, 0.014071637426900584
1 0.5945723684210527, 0.6051260964912281, 0.00932017543859649, 0.015716374269005847
1 0.8875182748538012, 0.6051260964912281, 0.02138157894736842, 0.009868421052631578
1 0.30838815789473684, 0.6054002192982456, 0.024945175438596492, 0.00932017543859649
1 0.3140533625730994, 0.6064967105263158, 0.021107456140350877, 0.008589181286549707
1 0.32209429824561403, 0.6054002192982456, 0.021929824561403508, 0.008223684210526315
1 0.6790021929824561, 0.6056743421052632, 0.013706140350877192, 0.00712719298245614
1 0.6859466374269005, 0.6180098684210527, 0.01781798245614035, 0.006578947368421052
1 0.7681834795321637, 0.6056743421052632, 0.017543859649122806, 0.0062134502923976605
1 0.7742141812865497, 0.6054002192982456, 0.02055921052631579, 0.007675438596491228
1 0.2341922514619883, 0.6059484649122807, 0.007949561403508772, 0.014619883040935672
1 0.2924890350877193, 0.6062225877192983, 0.021655701754385966, 0.006944444444444444
1 0.32922149122807015, 0.6059484649122807, 0.020285087719298246, 0.008223684210526315
1 0.3348866959064328, 0.6062225877192983, 0.023300438596491228, 0.008954678362573099
1 0.04322002923976608, 0.6064967105263158, 0.012609649122807017, 0.01608187134502924
1 0.04111842105263158, 0.6147203947368421, 0.011239035087719298, 0.01425438596491228
1 0.2204861111111111, 0.6067708333333334, 0.019462719298245616, 0.007858187134502924
1 0.559484649122807, 0.6067708333333334, 0.015899122807017545, 0.009502923976608187
1 0.6147203947368421, 0.6067708333333334, 0.019769736842105264, 0.012381213450292397
1 0.7508223684210527, 0.6064967105263158, 0.02055921052631579, 0.012426900584795321
1 0.7608040935672514, 0.6155427631578947, 0.02007949561403509, 0.00829312865497076
1 0.06898757309941521, 0.6070449561403509, 0.008223684210526315, 0.005665204678362573
1 0.4152960526315789, 0.608141447368421, 0.016721491228070175, 0.009502923976608187
1 0.7349232456140351, 0.608141447368421, 0.0200109649122807, 0.007675438596491228
1 0.7312682748538012, 0.6133497807017544, 0.0200109649122807, 0.00932017543859649
1 0.7994334795321637, 0.608141447368421, 0.019736842105263157, 0.01206140350877193
1 0.07172880116959064, 0.608141447368421, 0.022203947368421052, 0.007309941520467836
1 0.24917763157894737, 0.608141447368421, 0.01617324561403509, 0.006030701754385965
1 0.2510051169590643, 0.6223958333333334, 0.01617324561403509, 0.009868421052631578
1 0.45440423976608185, 0.6089638157894737, 0.019462719298245616, 0.007675438596491228
1 0.3988486842105263, 0.6092379385964912, 0.007401315789473684, 0.013523391812865496
1 0.49552266081871343, 0.6095120614035088, 0.021929824561403508, 0.007492690058479532
1 0.540296052631579, 0.6092379385964912, 0.01425438596491228, 0.013706140350877192
1 0.540296052631579, 0.6166392543859649, 0.017269736842105265, 0.012244152046783625
1 0.06259137426900585, 0.6100603070175439, 0.019462719298245616, 0.0062134502923976605
1 0.3493238304093567, 0.6097861842105263, 0.02138157894736842, 0.006761695906432748
1 0.6602247807017544, 0.6100603070175439, 0.022203947368421052, 0.011193347953216375
1 0.11650219298245613, 0.610608552631579, 0.012609649122807017, 0.012609649122807017
1 0.11120248538011696, 0.6144462719298246, 0.011787280701754386, 0.01206140350877193
1 0.4611659356725146, 0.6103344298245614, 0.017543859649122806, 0.005847953216374269
1 0.6758954678362573, 0.610608552631579, 0.016721491228070175, 0.008771929824561403
1 0.8458516081871345, 0.6114309210526315, 0.01699561403508772, 0.017361111111111112
1 0.8480445906432749, 0.6188322368421053, 0.013980263157894737, 0.01069078947368421
1 0.6006030701754386, 0.6117050438596491, 0.011513157894736841, 0.015350877192982455
1 0.6503106725146199, 0.6117050438596491, 0.02055921052631579, 0.007309941520467836
1 0.20586622807017543, 0.6128015350877193, 0.023574561403508772, 0.010051169590643274
1 0.23510599415204678, 0.6133497807017544, 0.019736842105263157, 0.010051169590643274
1 0.23181652046783627, 0.6158168859649122, 0.021107456140350877, 0.007309941520467836
1 0.5938413742690059, 0.6128015350877193, 0.01617324561403509, 0.008589181286549707
1 0.10261330409356725, 0.6136239035087719, 0.021107456140350877, 0.00804093567251462
1 0.4851059941520468, 0.6130756578947368, 0.012883771929824562, 0.005665204678362573
1 0.7186586257309941, 0.6133497807017544, 0.01343201754385965, 0.012244152046783625
1 0.7099086257309941, 0.61328125, 0.015899122807017545, 0.015785818713450292
1 0.1453764619883041, 0.6138980263157895, 0.013980263157894737, 0.006578947368421052
1 0.40158991228070173, 0.6136239035087719, 0.018914473684210526, 0.007858187134502924
1 0.24241593567251463, 0.614172149122807, 0.02055921052631579, 0.008771929824561403
1 0.6932565789473685, 0.6151315789473685, 0.013569078947368422, 0.013775584795321637
1 0.690515350877193, 0.6152686403508771, 0.02124451754385965, 0.013386330409356726
1 0.21317616959064328, 0.6152686403508771, 0.01644736842105263, 0.00712719298245614
1 0.22816154970760233, 0.6155427631578947, 0.011787280701754386, 0.00402046783625731
1 0.45038377192982454, 0.6152686403508771, 0.020833333333333332, 0.00712719298245614
1 0.06642909356725146, 0.6160224780701754, 0.01651589912280702, 0.006533260233918129
1 0.08982090643274854, 0.6150630482456141, 0.0229577850877193, 0.009594298245614035
1 0.4072551169590643, 0.6158168859649122, 0.02055921052631579, 0.007858187134502924
1 0.5220211988304093, 0.6163651315789473, 0.022478070175438597, 0.007675438596491228
1 0.6563413742690059, 0.6158168859649122, 0.01617324561403509, 0.004751461988304093
1 0.8113121345029239, 0.6158168859649122, 0.01425438596491228, 0.0133406432748538
1 0.5488852339181286, 0.6166392543859649, 0.020833333333333332, 0.008223684210526315
1 0.5646016081871345, 0.6166392543859649, 0.023574561403508772, 0.00804093567251462
1 0.5726425438596491, 0.6166392543859649, 0.008223684210526315, 0.009685672514619883
1 0.18777412280701755, 0.6169133771929824, 0.021107456140350877, 0.008954678362573099
1 0.42443347953216376, 0.6169133771929824, 0.019462719298245616, 0.007492690058479532
1 0.4288194444444444, 0.6212993421052632, 0.0200109649122807, 0.006578947368421052
1 0.5874451754385965, 0.6169133771929824, 0.018092105263157895, 0.012426900584795321
1 0.8421966374269005, 0.6169133771929824, 0.019462719298245616, 0.009502923976608187
1 0.8816703216374269, 0.6169133771929824, 0.019736842105263157, 0.008954678362573099
1 0.07556652046783625, 0.6174616228070176, 0.02055921052631579, 0.014208698830409356
1 0.7076937134502924, 0.6180098684210527, 0.015350877192982455, 0.013728070175438598
1 0.5569261695906432, 0.6185581140350878, 0.023574561403508772, 0.007309941520467836
1 0.6305957602339181, 0.6158854166666666, 0.0161047149122807, 0.017156432748538012
1 0.8367141812865497, 0.6193804824561403, 0.01836622807017544, 0.008954678362573099
1 0.8208150584795322, 0.6204769736842105, 0.00932017543859649, 0.015533625730994151
1 0.8164290935672515, 0.6273300438596491, 0.013980263157894737, 0.010051169590643274
1 0.9019554093567251, 0.6185581140350878, 0.020833333333333332, 0.008771929824561403
1 0.9067068713450293, 0.6303453947368421, 0.02637609649122807, 0.01137609649122807
1 0.8973866959064327, 0.6352796052631579, 0.023300438596491228, 0.007675438596491228
1 0.9021381578947368, 0.6528234649122807, 0.015899122807017545, 0.011695906432748537
1 0.5768457602339181, 0.6193804824561403, 0.01644736842105263, 0.01023391812865497
1 0.6654788011695907, 0.6187637061403509, 0.01322642543859649, 0.010279605263157895
1 0.9143823099415205, 0.6191063596491229, 0.012335526315789474, 0.01699561403508772
1 0.03389985380116959, 0.6193119517543859, 0.007675438596491228, 0.009137426900584795
1 0.15981359649122806, 0.6196546052631579, 0.024945175438596492, 0.010599415204678362
1 0.09384137426900585, 0.6207510964912281, 0.023574561403508772, 0.009685672514619883
1 0.3411001461988304, 0.6210252192982456, 0.01918859649122807, 0.008406432748538011
1 0.7855445906432749, 0.6210252192982456, 0.01206140350877193, 0.015716374269005847
1 0.7756761695906432, 0.6270559210526315, 0.01918859649122807, 0.011330409356725146
1 0.7828033625730995, 0.6308936403508771, 0.01425438596491228, 0.011330409356725146
1 0.04961622807017544, 0.6212993421052632, 0.019736842105263157, 0.008406432748538011
1 0.4425255847953216, 0.6215734649122807, 0.021107456140350877, 0.008406432748538011
1 0.602796052631579, 0.6215734649122807, 0.008223684210526315, 0.009868421052631578
1 0.3659539473684211, 0.6218475877192983, 0.009868421052631578, 0.017726608187134504
1 0.7700109649122807, 0.6226699561403509, 0.022203947368421052, 0.00712719298245614
1 0.12527412280701755, 0.6232182017543859, 0.02055921052631579, 0.00804093567251462
1 0.19051535087719298, 0.6232182017543859, 0.020285087719298246, 0.012792397660818713
1 0.705500730994152, 0.6229440789473685, 0.015350877192982455, 0.010736476608187134
1 0.10334429824561403, 0.6243146929824561, 0.01644736842105263, 0.010051169590643274
1 0.10992324561403509, 0.6240405701754386, 0.021929824561403508, 0.010051169590643274
1 0.5335343567251462, 0.6240405701754386, 0.01343201754385965, 0.007309941520467836
1 0.6119334795321637, 0.6243146929824561, 0.016825657894736844, 0.010325292397660819
1 0.29066154970760233, 0.6248629385964912, 0.015899122807017545, 0.007492690058479532
1 0.3867872807017544, 0.6248629385964912, 0.018914473684210526, 0.010964912280701754
1 0.805281432748538, 0.6245888157894737, 0.01836622807017544, 0.010599415204678362
1 0.8032711988304093, 0.6284265350877193, 0.024945175438596492, 0.01114766081871345
1 0.8951937134502924, 0.6248629385964912, 0.010142543859649123, 0.006578947368421052
1 0.8838633040935673, 0.6284265350877193, 0.014802631578947368, 0.011878654970760233
1 0.4597039473684211, 0.6254111842105263, 0.013706140350877192, 0.01023391812865497
1 0.4920504385964912, 0.6256853070175439, 0.017543859649122806, 0.006944444444444444
1 0.11997441520467836, 0.6256853070175439, 0.01918859649122807, 0.006761695906432748
1 0.4121893274853801, 0.6259594298245614, 0.018092105263157895, 0.011695906432748537
1 0.8597404970760234, 0.6256853070175439, 0.023848684210526317, 0.008589181286549707
1 0.8703399122807017, 0.6328125, 0.02823464912280702, 0.014071637426900584
1 0.8606542397660819, 0.6363760964912281, 0.020833333333333332, 0.010964912280701754
1 0.038651315789473686, 0.6258223684210527, 0.01493969298245614, 0.012975146198830409
1 0.48638523391812866, 0.6270559210526315, 0.021107456140350877, 0.01023391812865497
1 0.15195540935672514, 0.6267817982456141, 0.01836622807017544, 0.009685672514619883
1 0.13861476608187134, 0.6276041666666666, 0.019736842105263157, 0.012792397660818713
1 0.26763523391812866, 0.6276041666666666, 0.02275219298245614, 0.012244152046783625
1 0.6353033625730994, 0.6270888157894736, 0.01805921052631579, 0.010712719298245613
1 0.6709612573099415, 0.6276041666666666, 0.011239035087719298, 0.01608187134502924
1 0.6643823099415205, 0.6328125, 0.01781798245614035, 0.00712719298245614
1 0.7265168128654971, 0.6276041666666666, 0.024054276315789474, 0.010621345029239766
1 0.26398026315789475, 0.6281524122807017, 0.008223684210526315, 0.00804093567251462
1 0.32684576023391815, 0.6281524122807017, 0.00932017543859649, 0.015533625730994151
1 0.7478983918128655, 0.6278782894736842, 0.020285087719298246, 0.014071637426900584
1 0.03262061403508772, 0.6271244517543859, 0.013706140350877192, 0.012244152046783625
1 0.7354714912280702, 0.6292489035087719, 0.015350877192982455, 0.012609649122807017
1 0.46847587719298245, 0.629797149122807, 0.013980263157894737, 0.009685672514619883
1 0.5839729532163743, 0.629797149122807, 0.01644736842105263, 0.012609649122807017
1 0.6048062865497076, 0.6295230263157895, 0.018914473684210526, 0.01608187134502924
1 0.823921783625731, 0.629797149122807, 0.015350877192982455, 0.013523391812865496
1 0.874360380116959, 0.6295230263157895, 0.01069078947368421, 0.007309941520467836
1 0.363578216374269, 0.6304824561403509, 0.010827850877192983, 0.01864035087719298
1 0.4392361111111111, 0.6300712719298246, 0.017543859649122806, 0.005847953216374269
1 0.721765350877193, 0.6303453947368421, 0.01425438596491228, 0.004934210526315789
1 0.48254751461988304, 0.6308936403508771, 0.0200109649122807, 0.010051169590643274
1 0.17422880116959064, 0.6314418859649122, 0.007949561403508772, 0.01317982456140351
1 0.6279020467836257, 0.6303618421052631, 0.019446271929824562, 0.01457236842105263
1 0.1673062865497076, 0.6319901315789473, 0.021313048245614034, 0.00735562865497076
1 0.21500365497076024, 0.6317160087719298, 0.021655701754385966, 0.009502923976608187
1 0.37417763157894735, 0.6317160087719298, 0.012335526315789474, 0.011695906432748537
1 0.5688048245614035, 0.6322642543859649, 0.018914473684210526, 0.008223684210526315
1 0.43448464912280704, 0.6328125, 0.020285087719298246, 0.005847953216374269
1 0.4578764619883041, 0.6330866228070176, 0.01699561403508772, 0.005847953216374269
1 0.4982638888888889, 0.6330866228070176, 0.02412280701754386, 0.00712719298245614
1 0.5074013157894737, 0.6330866228070176, 0.022203947368421052, 0.00712719298245614
1 0.59859283625731, 0.6330866228070176, 0.020764802631578948, 0.0190515350877193
1 0.8518823099415205, 0.6328125, 0.020285087719298246, 0.007675438596491228
1 0.9461805555555556, 0.6333607456140351, 0.0200109649122807, 0.012975146198830409
1 0.42077850877192985, 0.6341831140350878, 0.01918859649122807, 0.006396198830409356
1 0.47816154970760233, 0.6341831140350878, 0.013157894736842105, 0.004568713450292397
1 0.6495796783625731, 0.6341831140350878, 0.022203947368421052, 0.006944444444444444
1 0.8279422514619883, 0.6344572368421053, 0.019736842105263157, 0.010416666666666666
1 0.9562317251461988, 0.6339089912280702, 0.01864035087719298, 0.010051169590643274
1 0.9653691520467836, 0.6415844298245614, 0.021107456140350877, 0.011513157894736841
1 0.9578764619883041, 0.6509046052631579, 0.018914473684210526, 0.018092105263157895
1 0.5362755847953217, 0.6344572368421053, 0.019462719298245616, 0.00804093567251462
1 0.694718567251462, 0.6347313596491229, 0.01781798245614035, 0.011695906432748537
1 0.763797514619883, 0.6347313596491229, 0.018092105263157895, 0.01114766081871345
1 0.6442799707602339, 0.6352796052631579, 0.02275219298245614, 0.004934210526315789
1 0.6731542397660819, 0.6350054824561403, 0.02055921052631579, 0.012975146198830409
1 0.7904788011695907, 0.6352796052631579, 0.011239035087719298, 0.016264619883040937
1 0.7804276315789473, 0.641858552631579, 0.01425438596491228, 0.01516812865497076
1 0.8370796783625731, 0.6350054824561403, 0.017269736842105265, 0.006761695906432748
1 0.8367141812865497, 0.6525493421052632, 0.0200109649122807, 0.009137426900584795
1 0.3135051169590643, 0.635827850877193, 0.021929824561403508, 0.007309941520467836
1 0.5309758771929824, 0.635827850877193, 0.017543859649122806, 0.006487573099415204
1 0.5459612573099415, 0.635827850877193, 0.015076754385964912, 0.013157894736842105
1 0.746984649122807, 0.635827850877193, 0.021107456140350877, 0.008954678362573099
1 0.2725694444444444, 0.6363760964912281, 0.017543859649122806, 0.008223684210526315
1 0.8442068713450293, 0.6361019736842105, 0.01617324561403509, 0.008223684210526315
1 0.2559393274853801, 0.6369243421052632, 0.011787280701754386, 0.013157894736842105
1 0.2972404970760234, 0.6366502192982456, 0.017543859649122806, 0.0062134502923976605
1 0.3588267543859649, 0.6366502192982456, 0.016721491228070175, 0.008954678362573099
1 0.3873355263157895, 0.6371984649122807, 0.01781798245614035, 0.010964912280701754
1 0.5134320175438597, 0.6369243421052632, 0.01699561403508772, 0.012426900584795321
1 0.13057383040935672, 0.6377467105263158, 0.015076754385964912, 0.008589181286549707
1 0.20422149122807018, 0.6374725877192983, 0.008223684210526315, 0.009868421052631578
1 0.27658991228070173, 0.6374725877192983, 0.021107456140350877, 0.009502923976608187
1 0.28846856725146197, 0.6377467105263158, 0.015899122807017545, 0.008406432748538011
1 0.28115862573099415, 0.6402138157894737, 0.025767543859649123, 0.009137426900584795
1 0.6791849415204678, 0.6377467105263158, 0.013980263157894737, 0.012244152046783625
1 0.6782711988304093, 0.6509046052631579, 0.01069078947368421, 0.006944444444444444
1 0.7093384502923976, 0.6374725877192983, 0.021655701754385966, 0.011878654970760233
1 0.7161001461988304, 0.6374725877192983, 0.0200109649122807, 0.01114766081871345
1 0.8895285087719298, 0.6371984649122807, 0.021655701754385966, 0.00804093567251462
1 0.14373172514619884, 0.6380208333333334, 0.018092105263157895, 0.00712719298245614
1 0.46390716374269003, 0.6377467105263158, 0.021655701754385966, 0.007858187134502924
1 0.6565241228070176, 0.6380208333333334, 0.024396929824561403, 0.011878654970760233
1 0.2027595029239766, 0.6435718201754386, 0.013843201754385965, 0.008771929824561403
1 0.33031798245614036, 0.6382949561403509, 0.023848684210526317, 0.008771929824561403
1 0.25045687134502925, 0.6388432017543859, 0.021655701754385966, 0.006578947368421052
1 0.24442616959064328, 0.6396655701754386, 0.016721491228070175, 0.005847953216374269
1 0.3381761695906433, 0.6399396929824561, 0.01918859649122807, 0.009137426900584795
1 0.4491045321637427, 0.639391447368421, 0.024671052631578948, 0.007309941520467836
1 0.6671235380116959, 0.6396655701754386, 0.01781798245614035, 0.007492690058479532
1 0.17973318713450293, 0.6390487938596491, 0.021450109649122806, 0.008223684210526315
1 0.3069261695906433, 0.6402138157894737, 0.020285087719298246, 0.008223684210526315
1 0.7348318713450293, 0.6429221491228071, 0.01641173245614035, 0.007766812865497076
1 0.8153326023391813, 0.6407620614035088, 0.016721491228070175, 0.007858187134502924
1 0.36814692982456143, 0.6415844298245614, 0.013157894736842105, 0.009685672514619883
1 0.37490862573099415, 0.6415844298245614, 0.016721491228070175, 0.010051169590643274
1 0.5226608187134503, 0.6413103070175439, 0.01781798245614035, 0.008132309941520468
1 0.5640533625730995, 0.6413103070175439, 0.024945175438596492, 0.007675438596491228
1 0.690515350877193, 0.6413103070175439, 0.008771929824561403, 0.009685672514619883
1 0.6857638888888888, 0.6445997807017544, 0.022203947368421052, 0.006944444444444444
1 0.6917945906432749, 0.6473410087719298, 0.020833333333333332, 0.011695906432748537
1 0.35060307017543857, 0.6421326754385965, 0.021929824561403508, 0.008954678362573099
1 0.4120065789473684, 0.641858552631579, 0.023026315789473683, 0.00804093567251462
1 0.4255299707602339, 0.641858552631579, 0.01864035087719298, 0.005847953216374269
1 0.7069627192982456, 0.6415844298245614, 0.021655701754385966, 0.010782163742690058
1 0.18795687134502925, 0.6424067982456141, 0.01918859649122807, 0.006761695906432748
1 0.23218201754385964, 0.6421326754385965, 0.008223684210526315, 0.012975146198830409
1 0.22286184210526316, 0.6465186403508771, 0.011787280701754386, 0.009868421052631578
1 0.4295504385964912, 0.6421326754385965, 0.01864035087719298, 0.0062134502923976605
1 0.1634904970760234, 0.6424753289473685, 0.02361019736842105, 0.015603070175438596
1 0.4562317251461988, 0.6432291666666666, 0.01918859649122807, 0.005482456140350877
1 0.5918311403508771, 0.6432291666666666, 0.010142543859649123, 0.009868421052631578
1 0.5558296783625731, 0.6445997807017544, 0.02275219298245614, 0.007492690058479532
1 0.6208881578947368, 0.6437088815789473, 0.010759320175438597, 0.015350877192982455
1 0.7422331871345029, 0.6438815789473684, 0.018980263157894736, 0.012222222222222221
1 0.882218567251462, 0.6445997807017544, 0.01918859649122807, 0.008223684210526315
1 0.40323464912280704, 0.6456962719298246, 0.023574561403508772, 0.010964912280701754
1 0.44179459064327486, 0.645422149122807, 0.02631578947368421, 0.008771929824561403
1 0.43832236842105265, 0.6572094298245614, 0.01617324561403509, 0.008223684210526315
1 0.474141081871345, 0.645422149122807, 0.021107456140350877, 0.007675438596491228
1 0.5485197368421053, 0.645422149122807, 0.017543859649122806, 0.00712719298245614
1 0.5434027777777778, 0.6459703947368421, 0.02823464912280702, 0.006578947368421052
1 0.8217288011695907, 0.6456962719298246, 0.022478070175438597, 0.007492690058479532
1 0.35809576023391815, 0.6459703947368421, 0.016721491228070175, 0.005116959064327485
1 0.2561220760233918, 0.6467927631578947, 0.022478070175438597, 0.007858187134502924
1 0.4805372807017544, 0.6473410087719298, 0.010964912280701754, 0.012609649122807017
1 0.5858004385964912, 0.6478892543859649, 0.023848684210526317, 0.009685672514619883
1 0.7906615497076024, 0.6470668859649122, 0.01343201754385965, 0.01644736842105263
1 0.12801535087719298, 0.6481633771929824, 0.020285087719298246, 0.0133406432748538
1 0.3454861111111111, 0.6481633771929824, 0.02055921052631579, 0.008771929824561403
1 0.5150767543859649, 0.6484375, 0.015350877192982455, 0.009137426900584795
1 0.7274305555555556, 0.6481633771929824, 0.01918859649122807, 0.012609649122807017
1 0.15341739766081872, 0.6489857456140351, 0.021313048245614034, 0.012792397660818713
1 0.2326388888888889, 0.6489857456140351, 0.0200109649122807, 0.011421783625730994
1 0.36814692982456143, 0.6487116228070176, 0.021655701754385966, 0.00804093567251462
1 0.5275036549707602, 0.6572094298245614, 0.02275219298245614, 0.010964912280701754
1 0.13276681286549707, 0.6500822368421053, 0.018914473684210526, 0.012792397660818713
1 0.6502192982456141, 0.6500822368421053, 0.025904605263157895, 0.011787280701754386
1 0.22701937134502925, 0.6509046052631579, 0.02090186403508772, 0.010827850877192983
1 0.2895650584795322, 0.6506304824561403, 0.014528508771929825, 0.006030701754385965
1 0.30254020467836257, 0.6506304824561403, 0.01069078947368421, 0.00804093567251462
1 0.38806652046783624, 0.6506304824561403, 0.01864035087719298, 0.009685672514619883
1 0.5028326023391813, 0.6506304824561403, 0.01836622807017544, 0.0062134502923976605
1 0.49533991228070173, 0.6544682017543859, 0.019462719298245616, 0.01023391812865497
1 0.48729897660818716, 0.6552905701754386, 0.017269736842105265, 0.007949561403508772
1 0.6000548245614035, 0.6506304824561403, 0.01864035087719298, 0.00804093567251462
1 0.580500730994152, 0.6509046052631579, 0.014528508771929825, 0.00712719298245614
1 0.5815972222222222, 0.6646107456140351, 0.01836622807017544, 0.007675438596491228
1 0.19380482456140352, 0.6517269736842105, 0.01617324561403509, 0.009137426900584795
1 0.8429276315789473, 0.651452850877193, 0.01836622807017544, 0.008954678362573099
1 0.41895102339181284, 0.6520010964912281, 0.0200109649122807, 0.01023391812865497
1 0.6314875730994152, 0.651485745614035, 0.021143092105263158, 0.011970029239766082
1 0.14830043859649122, 0.6521052631578947, 0.024018640350877193, 0.009572368421052631
1 0.2210343567251462, 0.6528234649122807, 0.015076754385964912, 0.006944444444444444
1 0.5667945906432749, 0.6533717105263158, 0.02275219298245614, 0.010051169590643274
1 0.4290021929824561, 0.6539199561403509, 0.015625, 0.011695906432748537
1 0.10293311403508772, 0.6541255482456141, 0.012472587719298246, 0.01699561403508772
1 0.2623355263157895, 0.6544682017543859, 0.017269736842105265, 0.006578947368421052
1 0.363578216374269, 0.6541940789473685, 0.015625, 0.0062134502923976605
1 0.5936586257309941, 0.6544682017543859, 0.02055921052631579, 0.008589181286549707
1 0.7921235380116959, 0.6547423245614035, 0.014802631578947368, 0.013980263157894737
1 0.7906615497076024, 0.667077850877193, 0.025767543859649123, 0.00932017543859649
1 0.8286732456140351, 0.6544682017543859, 0.020833333333333332, 0.012792397660818713
1 0.20307931286549707, 0.655016447368421, 0.010964912280701754, 0.01631030701754386
1 0.24205043859649122, 0.655016447368421, 0.01069078947368421, 0.009137426900584795
1 0.2305372807017544, 0.6635142543859649, 0.01644736842105263, 0.01206140350877193
1 0.2974232456140351, 0.655016447368421, 0.012609649122807017, 0.01023391812865497
1 0.5602156432748538, 0.655016447368421, 0.015350877192982455, 0.004568713450292397
1 0.6747989766081871, 0.6552905701754386, 0.01699561403508772, 0.006761695906432748
1 0.6749817251461988, 0.6687225877192983, 0.02055921052631579, 0.010599415204678362
1 0.6230811403508771, 0.6561129385964912, 0.025767543859649123, 0.009137426900584795
1 0.7696454678362573, 0.6563870614035088, 0.021107456140350877, 0.00804093567251462
1 0.7983369883040936, 0.6566611842105263, 0.016721491228070175, 0.010416666666666666
1 0.4796235380116959, 0.6569353070175439, 0.015076754385964912, 0.009502923976608187
1 0.6077302631578947, 0.6572094298245614, 0.02055921052631579, 0.00712719298245614
1 0.8056469298245614, 0.6569353070175439, 0.02549342105263158, 0.008589181286549707
1 0.2875548245614035, 0.6577576754385965, 0.02412280701754386, 0.010416666666666666
1 0.6687682748538012, 0.657483552631579, 0.02549342105263158, 0.007675438596491228
1 0.813139619883041, 0.657483552631579, 0.020285087719298246, 0.008406432748538011
1 0.3153326023391813, 0.6583059210526315, 0.009868421052631578, 0.008954678362573099
1 0.30820540935672514, 0.6624177631578947, 0.01343201754385965, 0.012609649122807017
1 0.68265716374269, 0.6580317982456141, 0.014528508771929825, 0.006396198830409356
1 0.7533808479532164, 0.6580317982456141, 0.010416666666666666, 0.013888888888888888
1 0.8531615497076024, 0.6583059210526315, 0.027960526315789474, 0.010599415204678362
1 0.694718567251462, 0.6588541666666666, 0.017269736842105265, 0.01023391812865497
1 0.24095394736842105, 0.6594024122807017, 0.024945175438596492, 0.01206140350877193
1 0.26690423976608185, 0.6594024122807017, 0.022478070175438597, 0.013888888888888888
1 0.28170687134502925, 0.6591282894736842, 0.015625, 0.00804093567251462
1 0.27786915204678364, 0.6700932017543859, 0.02055921052631579, 0.011513157894736841
1 0.5220211988304093, 0.6594024122807017, 0.01644736842105263, 0.006761695906432748
1 0.2171966374269006, 0.6598135964912281, 0.02227247807017544, 0.010736476608187134
1 0.21326754385964913, 0.6672834429824561, 0.021655701754385966, 0.011787280701754386
1 0.503015350877193, 0.6599506578947368, 0.02275219298245614, 0.011695906432748537
1 0.7625182748538012, 0.6662554824561403, 0.019736842105263157, 0.00712719298245614
1 0.41346856725146197, 0.661047149122807, 0.018092105263157895, 0.008223684210526315
1 0.548702485380117, 0.6615953947368421, 0.019462719298245616, 0.006396198830409356
1 0.5514437134502924, 0.6681743421052632, 0.015899122807017545, 0.00932017543859649
1 0.578125, 0.6615953947368421, 0.018914473684210526, 0.006030701754385965
1 0.5709978070175439, 0.6635142543859649, 0.020833333333333332, 0.007858187134502924
1 0.7045869883040936, 0.6615953947368421, 0.00932017543859649, 0.01699561403508772
1 0.16620979532163743, 0.6618695175438597, 0.0229577850877193, 0.010782163742690058
1 0.20604897660818713, 0.6621436403508771, 0.020833333333333332, 0.010782163742690058
1 0.5159904970760234, 0.6621436403508771, 0.02138157894736842, 0.00804093567251462
1 0.6035270467836257, 0.6621436403508771, 0.01864035087719298, 0.005847953216374269
1 0.6534630847953217, 0.6629660087719298, 0.025219298245614034, 0.011284722222222222
1 0.18686038011695907, 0.6637883771929824, 0.01918859649122807, 0.009685672514619883
1 0.2976059941520468, 0.6637883771929824, 0.023848684210526317, 0.0062134502923976605
1 0.24607090643274854, 0.6640625, 0.021655701754385966, 0.010051169590643274
1 0.6649305555555556, 0.6640625, 0.021929824561403508, 0.006761695906432748
1 0.7513706140350878, 0.6643366228070176, 0.019736842105263157, 0.00804093567251462
1 0.81734283625731, 0.6648848684210527, 0.01617324561403509, 0.00804093567251462
1 0.8886147660818714, 0.6657072368421053, 0.01617324561403509, 0.01644736842105263
1 0.19618055555555555, 0.6665296052631579, 0.015487938596491228, 0.012426900584795321
1 0.730171783625731, 0.6662554824561403, 0.023574561403508772, 0.00804093567251462
1 0.7438779239766082, 0.6662554824561403, 0.023848684210526317, 0.010782163742690058
1 0.7776864035087719, 0.6662554824561403, 0.023574561403508772, 0.009685672514619883
1 0.17278874269005848, 0.6668037280701754, 0.0200109649122807, 0.008406432748538011
1 0.7380299707602339, 0.6668037280701754, 0.022478070175438597, 0.006578947368421052
1 0.18302266081871346, 0.6679002192982456, 0.016927083333333332, 0.006944444444444444
1 0.251187865497076, 0.6684484649122807, 0.02631578947368421, 0.008771929824561403
1 0.7129934210526315, 0.6687225877192983, 0.011239035087719298, 0.010782163742690058
1 0.7566703216374269, 0.6687225877192983, 0.017269736842105265, 0.005299707602339181
1 0.7734831871345029, 0.6687225877192983, 0.01617324561403509, 0.005116959064327485
1 0.08123172514619884, 0.6689281798245614, 0.02563048245614035, 0.01425438596491228
1 0.2921235380116959, 0.6692708333333334, 0.01781798245614035, 0.0062134502923976605
1 0.3233735380116959, 0.6695449561403509, 0.015350877192982455, 0.012792397660818713
1 0.6846673976608187, 0.6692708333333334, 0.023300438596491228, 0.007675438596491228
1 0.06642909356725146, 0.6698876096491229, 0.020490679824561403, 0.013980263157894737
1 0.23108552631578946, 0.6695449561403509, 0.018914473684210526, 0.010416666666666666
1 0.5061220760233918, 0.6695449561403509, 0.02275219298245614, 0.009868421052631578
1 0.8211805555555556, 0.6695449561403509, 0.01781798245614035, 0.008589181286549707
1 0.17749451754385964, 0.6698876096491229, 0.020490679824561403, 0.006716008771929825
1 0.638797514619883, 0.6703673245614035, 0.014528508771929825, 0.012244152046783625
1 0.6342288011695907, 0.6717379385964912, 0.01343201754385965, 0.009868421052631578
1 0.04262609649122807, 0.670641447368421, 0.015866228070175438, 0.00918311403508772
1 0.7036732456140351, 0.6709155701754386, 0.019736842105263157, 0.004934210526315789
1 0.7075109649122807, 0.6714638157894737, 0.019736842105263157, 0.005847953216374269
1 0.8264802631578947, 0.6709155701754386, 0.016721491228070175, 0.010599415204678362
1 0.6921600877192983, 0.6714638157894737, 0.023026315789473683, 0.007309941520467836
1 0.07209429824561403, 0.6720120614035088, 0.018092105263157895, 0.013157894736842105
1 0.698921783625731, 0.6717379385964912, 0.021107456140350877, 0.004934210526315789
1 0.798702485380117, 0.6722861842105263, 0.021929824561403508, 0.0062134502923976605
1 0.58890716374269, 0.6728344298245614, 0.013980263157894737, 0.008954678362573099
1 0.01781798245614035, 0.6739309210526315, 0.015350877192982455, 0.010599415204678362
1 0.6080263157894736, 0.6739309210526315, 0.026041666666666668, 0.012975146198830409
1 0.7137244152046783, 0.6753015350877193, 0.013706140350877192, 0.009685672514619883
1 0.8370796783625731, 0.6772203947368421, 0.020285087719298246, 0.011695906432748537
1 0.8326937134502924, 0.6794133771929824, 0.01836622807017544, 0.010964912280701754
1 0.14078581871345028, 0.6777686403508771, 0.012472587719298246, 0.017931286549707603
1 0.803453947368421, 0.6785910087719298, 0.02055921052631579, 0.008406432748538011
1 0.763797514619883, 0.6791392543859649, 0.016721491228070175, 0.010964912280701754
1 0.7822551169590644, 0.6796875, 0.014528508771929825, 0.009868421052631578
1 0.26818347953216376, 0.6835252192982456, 0.021929824561403508, 0.00712719298245614
1 0.8204495614035088, 0.6865405701754386, 0.017269736842105265, 0.01206140350877193
1 0.9302357456140351, 0.6850328947368421, 0.02645285087719298, 0.00918311403508772
1 0.7402229532163743, 0.6912006578947368, 0.01918859649122807, 0.013888888888888888
1 0.7904788011695907, 0.6950383771929824, 0.024671052631578948, 0.017361111111111112
1 0.26050804093567254, 0.7271107456140351, 0.008223684210526315, 0.007858187134502924
1 0.07081505847953216, 0.7336896929824561, 0.021107456140350877, 0.009868421052631578
1 0.3102156432748538, 0.7383497807017544, 0.013706140350877192, 0.006944444444444444
1 0.47341008771929827, 0.739172149122807, 0.01206140350877193, 0.006030701754385965
1 0.265625, 0.7405427631578947, 0.014802631578947368, 0.010599415204678362
1 0.7237755847953217, 0.7515076754385965, 0.018777412280701754, 0.01023391812865497
1 0.8765533625730995, 0.7515076754385965, 0.01069078947368421, 0.013888888888888888
1 0.7687317251461988, 0.7583607456140351, 0.009046052631578948, 0.008406432748538011
1 0.8800712719298246, 0.7750822368421053, 0.010416666666666666, 0.007629751461988304
1 0.17050438596491227, 0.776452850877193, 0.012952302631578948, 0.009777046783625731
1 0.1543311403508772, 0.7775493421052632, 0.007949561403508772, 0.01631030701754386
1 0.056363304093567254, 0.6173492324561404, 0.021313048245614034, 0.008543494152046784
1 0.05087171052631579, 0.5986156798245614, 0.009602521929824562, 0.01989766081871345
1 0.1286312134502924, 0.6576891447368421, 0.027387609649122804, 0.02021747076023392
1 0.1383406432748538, 0.66015625, 0.024498355263157898, 0.010712719298245613
1 0.6361019736842105, 0.5144599780701754, 0.01651589912280702, 0.010508040935672515
1 0.6301388888888889, 0.5704495614035088, 0.01805921052631579, 0.011536915204678363
1 0.6388157894736842, 0.5722752192982455, 0.016573464912280702, 0.014190423976608189
1 0.6503106725146199, 0.5752467105263158, 0.018399122807017543, 0.015968567251461986
1 0.6249250730994153, 0.6157236842105263, 0.019144736842105263, 0.0109484649122807
1 0.6199287280701754, 0.6178728070175439, 0.02360745614035088, 0.008908991228070175
1 0.880436769005848, 0.7619243421052632, 0.013980263157894737, 0.008177997076023392
1 0.9178545321637427, 0.6310992324561403, 0.018777412280701754, 0.017041301169590642
1 0.9339418859649122, 0.6386074561403509, 0.02360745614035088, 0.012907529239766081
1 0.9382309941520468, 0.6385690789473685, 0.02378015350877193, 0.014163011695906433
1 0.9438048245614035, 0.6389117324561403, 0.02206688596491228, 0.012174707602339182
1 0.2526041666666667, 0.5952576754385965, 0.015899122807017545, 0.01585343567251462
1 0.25548245614035087, 0.6040296052631579, 0.018229166666666668, 0.01000548245614035
1 0.264437134502924, 0.5979303728070176, 0.02549342105263158, 0.006533260233918129
1 0.5925621345029239, 0.8004303728070175, 0.009865679824561404, 0.01069078947368421
1 0.5899579678362573, 0.8074917763157895, 0.012675438596491229, 0.014300073099415205
1 0.055738304093567254, 0.6078782894736842, 0.013977521929824563, 0.007766812865497076
1 0.11257309941520467, 0.594657346491228, 0.013771929824561404, 0.008223684210526315
1 0.10777595029239766, 0.5988377192982456, 0.013974780701754385, 0.005436769005847953
1 0.1307108918128655, 0.6194407894736842, 0.015005482456140352, 0.009731359649122808
1 0.12924890350877194, 0.6041639254385964, 0.019251644736842106, 0.006487573099415204
1 0.2044499269005848, 0.5993092105263158, 0.009317434210526316, 0.01640168128654971
1 0.19691154970760233, 0.6044490131578948, 0.020413925438596492, 0.008908991228070175
1 0.19654605263157895, 0.637672697368421, 0.02164747807017544, 0.009594298245614035
1 0.26114766081871343, 0.6015350877192983, 0.014728618421052631, 0.00424890350877193
1 0.24442616959064328, 0.5840268640350877, 0.009185855263157894, 0.01228983918128655
1 0.253609283625731, 0.5862253289473685, 0.013837719298245614, 0.015944809941520467
1 0.24520285087719298, 0.583484100877193, 0.012058662280701755, 0.02147295321637427
1 0.30308845029239767, 0.6677604166666666, 0.015074013157894738, 0.009685672514619883
1 0.3072916666666667, 0.6696792763157894, 0.011441885964912281, 0.010873538011695907
1 0.3215460526315789, 0.6607757675438597, 0.019457236842105263, 0.011056286549707603
1 0.31903326023391815, 0.6618722587719299, 0.017264254385964913, 0.00872624269005848
1 0.2973775584795322, 0.584717653508772, 0.01986842105263158, 0.006761695906432748
1 0.30153508771929827, 0.583826754385965, 0.015208333333333332, 0.008863304093567252
1 0.31711440058479534, 0.5821134868421053, 0.018292214912280703, 0.0100968567251462
1 0.32405884502923976, 0.5720422149122807, 0.014114583333333333, 0.0100968567251462
1 0.3805738304093567, 0.587310855263158, 0.013771929824561404, 0.015899122807017545
1 0.3787920321637427, 0.5826507675438597, 0.014936951754385966, 0.016858552631578948
1 0.4802174707602339, 0.6027165570175439, 0.022335526315789476, 0.006487573099415204
1 0.4834612573099415, 0.5998382675438596, 0.015622258771929826, 0.007721125730994152
1 0.47112573099415206, 0.6146381578947367, 0.019662828947368424, 0.010508040935672515
1 0.46696820175438597, 0.6131304824561403, 0.017812500000000002, 0.009000365497076024
1 0.5364583333333334, 0.6541255482456141, 0.02377467105263158, 0.008406432748538011
1 0.5295138888888888, 0.648234649122807, 0.023703399122807018, 0.008954678362573099
1 0.5543676900584795, 0.5999945175438597, 0.012606907894736842, 0.01663011695906433
1 0.5561038011695907, 0.5949259868421053, 0.009523026315789475, 0.015031067251461989
1 0.6722404970760234, 0.5809265350877193, 0.02103344298245614, 0.01183296783625731
1 0.6743877923976608, 0.5742132675438597, 0.01801809210526316, 0.010188230994152047
1 0.7165570175438597, 0.6226562499999999, 0.01555372807017544, 0.007401315789473684
1 0.757172880116959, 0.6494024122807017, 0.01952576754385965, 0.014619883040935672
1 0.8305464181286549, 0.6184155701754386, 0.007195723684210526, 0.006350511695906433
1 0.9047423245614035, 0.6406907894736842, 0.028843201754385966, 0.01745248538011696
1 0.9160270467836257, 0.6389117324561403, 0.026581688596491227, 0.01411732456140351
1 0.9180829678362573, 0.6380893640350878, 0.020485197368421054, 0.018457602339181287
