1 360.5, 1116.5, 46.0, 31.0
1 443.5, 1119.5, 43.0, 41.0
1 559.5, 1162.5, 59.0, 31.0
1 1911.5, 1196.5, 27.0, 65.0
1 681.5, 1211.5, 52.0, 39.0
1 1430.5, 1242.5, 40.0, 53.0
1 1180.5, 1261.5, 42.0, 39.0
1 1941.5, 1267.5, 57.0, 32.0
1 1816.0, 1324.5, 38.5, 41.0
1 893.5, 1374.5, 82.0, 56.0
1 826.5, 1377.5, 58.5, 62.0
1 1153.5, 1393.5, 53.0, 88.0
1 1114.5, 1398.5, 34.0, 69.0
1 1502.5, 1402.5, 38.0, 49.0
1 1473.5, 1406.5, 40.0, 61.0
1 1455.5, 1418.5, 46.0, 82.0
1 2147.5, 1409.5, 40.0, 80.0
1 1321.5, 1410.5, 63.0, 58.0
1 1539.5, 1411.5, 55.0, 90.0
1 1666.5, 1413.5, 33.0, 59.0
1 1637.5, 1414.5, 35.0, 77.0
1 922.5, 1416.5, 57.0, 75.0
1 882.5, 1418.5, 55.0, 65.0
1 1399.5, 1421.5, 35.0, 73.0
1 1277.5, 1425.5, 40.0, 76.0
1 1781.5, 1424.5, 30.0, 78.0
1 754.5, 1428.5, 50.0, 78.0
1 1889.5, 1426.5, 26.0, 47.0
1 1910.5, 1426.5, 32.0, 80.0
1 1586.5, 1430.5, 36.0, 79.0
1 1568.5, 1475.5, 32.0, 52.0
1 1813.5, 1432.5, 25.0, 63.0
1 1862.5, 1433.5, 29.0, 75.0
1 1758.5, 1434.5, 29.0, 60.0
1 1965.5, 1435.5, 29.0, 77.0
1 1506.5, 1452.5, 38.0, 54.0
1 1625.5, 1438.5, 28.0, 86.0
1 1695.5, 1439.5, 35.0, 74.0
1 792.5, 1440.5, 68.0, 41.0
1 1733.5, 1440.5, 35.0, 79.0
1 1833.5, 1440.5, 30.0, 80.0
1 1931.5, 1441.5, 32.0, 83.0
1 2027.5, 1442.5, 43.0, 60.0
1 2180.5, 1441.5, 62.0, 52.0
1 2194.5, 1476.5, 51.0, 61.0
1 3604.5, 1441.5, 39.0, 88.0
1 1434.5, 1443.5, 39.0, 58.0
1 1049.5, 1444.5, 35.0, 76.0
1 3564.5, 1444.5, 44.0, 73.0
1 1011.5, 1447.5, 35.0, 73.0
1 1225.5, 1446.5, 50.0, 79.0
1 1322.5, 1447.5, 68.0, 70.0
1 959.5, 1450.5, 42.0, 67.0
1 1985.5, 1454.5, 46.0, 68.0
1 3632.5, 1454.5, 58.0, 39.0
1 2047.5, 1458.5, 40.0, 73.0
1 2387.5, 1462.5, 38.0, 71.0
1 2450.5, 1467.5, 31.0, 82.0
1 2913.5, 1466.5, 37.0, 88.0
1 2723.5, 1471.5, 50.0, 48.0
1 3453.5, 1471.5, 45.0, 57.0
1 2249.5, 1473.5, 39.0, 68.0
1 1656.5, 1474.5, 38.0, 54.0
1 2615.5, 1476.5, 41.0, 58.0
1 1869.5, 1478.5, 39.0, 69.0
1 2115.5, 1479.5, 30.0, 63.0
1 2147.0, 1482.5, 36.5, 78.0
1 2417.5, 1478.5, 32.0, 70.0
1 2500.5, 1483.5, 53.0, 91.0
1 2521.5, 1482.5, 54.0, 56.0
1 2584.5, 1482.5, 35.0, 82.0
1 3241.5, 1482.5, 44.0, 71.0
1 3128.5, 1489.5, 49.0, 52.0
1 2318.5, 1488.5, 39.0, 44.0
1 2624.5, 1489.5, 56.0, 71.0
1 2680.5, 1490.5, 42.0, 63.0
1 2874.5, 1498.5, 41.0, 74.0
1 3096.5, 1505.5, 36.0, 74.0
1 3138.5, 1505.5, 56.0, 67.0
1 2941.5, 1509.5, 39.0, 78.0
1 3561.5, 1509.5, 37.0, 80.0
1 3035.5, 1514.5, 44.0, 73.0
1 2983.5, 1516.5, 60.0, 49.0
1 2484.5, 1518.5, 46.0, 83.0
1 2035.5, 1520.5, 63.0, 59.0
1 2073.5, 1531.5, 41.0, 57.0
1 3076.5, 1533.5, 37.0, 78.0
1 3161.5, 1534.5, 37.0, 77.0
1 3185.5, 1537.5, 42.0, 71.0
1 2269.5, 1541.5, 41.0, 69.0
1 2113.5, 1543.5, 31.0, 59.0
1 2452.5, 1543.5, 38.0, 75.0
1 1977.5, 1544.5, 39.0, 87.0
1 1798.5, 1551.5, 47.0, 81.0
1 758.5, 1554.5, 65.0, 72.0
1 1734.5, 1553.5, 52.0, 54.0
1 647.5, 1555.5, 74.0, 45.0
1 870.5, 1579.5, 34.0, 80.0
1 903.5, 1580.5, 66.0, 44.0
1 1757.5, 1582.5, 50.0, 38.0
1 2201.5, 1582.5, 74.0, 61.0
1 794.5, 1589.5, 60.0, 61.0
1 2048.5, 1590.5, 39.0, 79.0
1 574.5, 1592.5, 52.0, 66.0
1 1897.5, 1597.5, 57.0, 55.0
1 2001.5, 1601.5, 45.0, 69.0
1 2008.5, 1669.5, 42.0, 66.0
1 949.5, 1602.5, 59.0, 81.0
1 2188.5, 1606.5, 45.0, 84.0
1 1584.5, 1608.5, 45.0, 88.0
1 1067.5, 1611.5, 33.0, 69.0
1 3470.5, 1611.5, 40.0, 86.0
1 837.5, 1616.5, 32.0, 73.0
1 808.5, 1621.5, 39.0, 68.0
1 911.5, 1616.5, 51.0, 81.0
1 1010.5, 1618.5, 32.0, 85.0
1 2092.5, 1620.5, 55.0, 70.0
1 1401.5, 1621.5, 74.0, 74.0
1 2488.5, 1621.5, 34.0, 73.0
1 1502.5, 1624.5, 48.0, 53.0
1 1488.5, 1662.0, 52.0, 55.5
1 2131.5, 1626.5, 56.0, 67.0
1 1537.5, 1626.5, 42.0, 85.0
1 866.5, 1629.5, 56.0, 75.0
1 1042.5, 1628.5, 42.0, 87.0
1 1915.5, 1630.5, 41.0, 52.0
1 2444.5, 1630.5, 41.0, 63.0
1 1246.5, 1634.5, 43.0, 91.0
1 1085.5, 1640.5, 39.0, 67.0
1 1214.5, 1641.5, 40.0, 73.0
1 971.5, 1643.5, 41.0, 61.0
1 2849.5, 1646.5, 75.0, 36.0
1 1752.5, 1647.5, 55.0, 54.0
1 1167.5, 1649.5, 50.0, 78.0
1 1141.5, 1652.5, 47.0, 69.0
1 1658.5, 1653.5, 41.0, 82.0
1 1985.5, 1657.5, 27.0, 80.0
1 2507.5, 1657.5, 58.0, 90.0
1 1104.5, 1660.5, 48.0, 68.0
1 1696.5, 1660.5, 35.0, 84.0
1 2402.5, 1673.5, 73.0, 58.0
1 1732.5, 1674.5, 36.0, 73.0
1 1867.5, 1674.5, 57.0, 58.0
1 1832.5, 1676.5, 48.0, 70.0
1 1950.5, 1678.5, 33.0, 74.0
1 1800.5, 1686.5, 39.0, 67.0
1 2032.5, 1686.5, 40.0, 66.0
1 1919.5, 1695.5, 29.0, 75.0
1 2068.5, 1694.5, 66.0, 45.0
1 1868.5, 1713.5, 49.0, 70.0
1 1855.5, 1790.5, 34.0, 87.0
1 1824.5, 1807.5, 28.0, 63.0
1 1303.5, 1854.5, 81.0, 56.0
1 1958.5, 1872.5, 62.0, 72.0
1 1835.5, 1914.5, 48.0, 56.0
1 1784.5, 1929.5, 57.0, 57.0
1 1762.5, 1976.5, 40.0, 49.0
1 1966.5, 1936.5, 67.0, 55.0
1 1812.5, 1956.5, 61.0, 49.0
1 1910.5, 1982.5, 66.0, 63.0
1 1521.5, 1989.5, 62.0, 43.0
1 1632.5, 1992.5, 52.0, 73.0
1 1849.5, 2008.5, 49.0, 45.0
1 1798.5, 2012.5, 49.0, 55.0
1 1950.5, 2024.5, 68.0, 70.0
1 1625.5, 2024.5, 37.0, 86.0
1 1761.5, 2029.5, 33.0, 78.0
1 1864.5, 2055.5, 58.0, 53.0
1 1993.5, 2054.5, 46.0, 57.0
1 1658.5, 2057.5, 39.0, 80.0
1 1794.5, 2057.5, 66.0, 53.0
1 1730.5, 2059.5, 31.0, 84.0
1 1700.5, 2063.5, 37.0, 63.0
1 1739.5, 2110.5, 48.0, 53.0
1 1828.5, 2108.5, 78.0, 48.0
1 1792.5, 2114.5, 41.0, 56.0
1 1658.5, 2138.5, 84.0, 45.0
1 86.5, 2486.5, 74.0, 74.0
1 1916.44, 985.5, 60.99, 87.0
1 1926.61, 951.5, 46.62, 54.5
1 1668.21, 1972.0, 85.99, 53.25
