1 0.14866593567251463, 0.23177083333333334, 0.030975877192982455, 0.03289473684210526
1 0.20732821637426901, 0.26850328947368424, 0.03618421052631579, 0.019005847953216373
1 0.40268640350877194, 0.27179276315789475, 0.05235745614035088, 0.01516812865497076
1 0.2477156432748538, 0.27234100877192985, 0.027960526315789474, 0.025584795321637425
1 0.3915387426900585, 0.27316337719298245, 0.03755482456140351, 0.014437134502923976
1 0.2694627192982456, 0.2739857456140351, 0.032072368421052634, 0.02503654970760234
1 0.363578216374269, 0.27425986842105265, 0.04797149122807018, 0.015899122807017545
1 0.37838084795321636, 0.27645285087719296, 0.055098684210526314, 0.014071637426900584
1 0.12417763157894737, 0.27809758771929827, 0.04468201754385965, 0.02266081871345029
1 0.09475511695906433, 0.2800164473684211, 0.024945175438596492, 0.03490497076023392
1 0.417671783625731, 0.2800164473684211, 0.03179824561403509, 0.0266812865497076
1 0.23254751461988304, 0.2827576754385965, 0.04111842105263158, 0.015533625730994151
1 0.28609283625730997, 0.2827576754385965, 0.02549342105263158, 0.03527046783625731
1 0.13751827485380116, 0.28358004385964913, 0.048793859649122806, 0.021929824561403508
1 0.08013523391812866, 0.28412828947368424, 0.029331140350877194, 0.0268640350877193
1 0.3374451754385965, 0.28440241228070173, 0.03289473684210526, 0.031067251461988302
1 0.20495248538011696, 0.2865953947368421, 0.03481359649122807, 0.0268640350877193
1 0.32556652046783624, 0.2975603070175439, 0.02823464912280702, 0.03289473684210526
1 0.15195540935672514, 0.30386513157894735, 0.01781798245614035, 0.03709795321637427
1 0.30546418128654973, 0.33675986842105265, 0.04194078947368421, 0.02266081871345029
1 0.33945540935672514, 0.34690241228070173, 0.03234649122807018, 0.029970760233918127
1 0.16493055555555555, 0.34936951754385964, 0.0512609649122807, 0.015899122807017545
1 0.14117324561403508, 0.38829495614035087, 0.04303728070175439, 0.028691520467836257
1 0.4739583333333333, 0.3534813596491228, 0.04797149122807018, 0.018457602339181287
1 0.3641264619883041, 0.35430372807017546, 0.029605263157894735, 0.024671052631578948
1 0.43265716374269003, 0.3554002192982456, 0.03481359649122807, 0.021198830409356724
1 0.2577668128654971, 0.35567434210526316, 0.03782894736842105, 0.02046783625730994
1 0.26434576023391815, 0.3926809210526316, 0.07538377192982457, 0.02540204678362573
1 0.28499634502923976, 0.43462171052631576, 0.04029605263157895, 0.014071637426900584
1 0.28115862573099415, 0.3559484649122807, 0.04824561403508772, 0.026133040935672515
1 0.2893823099415205, 0.39624451754385964, 0.04851973684210526, 0.015350877192982455
1 0.2303545321637427, 0.35649671052631576, 0.04824561403508772, 0.01827485380116959
1 0.3286732456140351, 0.3573190789473684, 0.04057017543859649, 0.015899122807017545
1 0.39245248538011696, 0.3597861842105263, 0.04276315789473684, 0.02284356725146199
1 0.5121527777777778, 0.3608826754385965, 0.04331140350877193, 0.02266081871345029
1 0.10352704678362573, 0.36252741228070173, 0.02275219298245614, 0.03673245614035088
1 0.4138340643274854, 0.3628015350877193, 0.0381030701754386, 0.02010233918128655
1 0.4911366959064328, 0.3756853070175439, 0.04797149122807018, 0.020650584795321638
1 0.30254020467836257, 0.3770559210526316, 0.04851973684210526, 0.02138157894736842
1 0.3191703216374269, 0.37733004385964913, 0.07922149122807018, 0.01864035087719298
1 0.3946454678362573, 0.3847313596491228, 0.07510964912280702, 0.0577485380116959
1 0.3950109649122807, 0.38966557017543857, 0.04358552631578947, 0.021198830409356724
1 0.4805372807017544, 0.38582785087719296, 0.03974780701754386, 0.012792397660818713
1 0.09767909356725146, 0.38692434210526316, 0.044407894736842105, 0.023757309941520467
1 0.531889619883041, 0.38692434210526316, 0.051535087719298246, 0.019919590643274854
1 0.3460343567251462, 0.3880208333333333, 0.024396929824561403, 0.036366959064327485
1 0.11558845029239766, 0.3885690789473684, 0.051535087719298246, 0.024853801169590642
1 0.25301535087719296, 0.38884320175438597, 0.0356359649122807, 0.016355994152046784
1 0.9098135964912281, 0.3879523026315789, 0.03515625, 0.02167763157894737
1 0.006853070175438596, 0.3907620614035088, 0.051535087719298246, 0.0756578947368421
1 0.8219115497076024, 0.3921326754385965, 0.04961622807017544, 0.02448830409356725
1 0.22304459064327486, 0.39487390350877194, 0.05235745614035088, 0.017178362573099414
1 0.30911915204678364, 0.3970668859649123, 0.04194078947368421, 0.014071637426900584
1 0.8521546052631579, 0.3970668859649123, 0.047697368421052634, 0.03170869883040935
1 0.34000365497076024, 0.3984375, 0.04961622807017544, 0.014802631578947368
1 0.41931652046783624, 0.39816337719298245, 0.03179824561403509, 0.036366959064327485
1 0.2382127192982456, 0.3998081140350877, 0.049342105263157895, 0.019554093567251463
1 0.46171418128654973, 0.3998081140350877, 0.05592105263157895, 0.019005847953216373
1 0.4487390350877193, 0.4022752192982456, 0.060032894736842105, 0.015716374269005847
1 0.18631213450292397, 0.4058388157894737, 0.05043859649122807, 0.020285087719298246
1 0.4942434210526316, 0.4036458333333333, 0.036458333333333336, 0.03216374269005848
1 0.8818530701754386, 0.4055646929824561, 0.046600877192982455, 0.025219298245614034
1 0.8917214912280702, 0.4496984649122807, 0.0625, 0.0222953216374269
1 0.05235745614035088, 0.4069353070175439, 0.02138157894736842, 0.039108187134502925
1 0.1758954678362573, 0.4074835526315789, 0.04824561403508772, 0.015350877192982455
1 0.3697916666666667, 0.4096765350877193, 0.04550438596491228, 0.025219298245614034
1 0.5194627192982456, 0.40940241228070173, 0.044956140350877194, 0.020285087719298246
1 0.513797514619883, 0.4370888157894737, 0.047697368421052634, 0.021929824561403508
1 0.15232090643274854, 0.4107730263157895, 0.04468201754385965, 0.027046783625730993
1 0.3524305555555556, 0.41186951754385964, 0.05537280701754386, 0.021564327485380116
1 0.07885599415204679, 0.4154331140350877, 0.05537280701754386, 0.02046783625730994
1 0.24735014619883042, 0.4159813596491228, 0.03289473684210526, 0.019736842105263157
1 0.4317434210526316, 0.41570723684210525, 0.03837719298245614, 0.01699561403508772
1 0.7924890350877193, 0.4179002192982456, 0.03125, 0.041849415204678365
1 0.8222770467836257, 0.4401041666666667, 0.025767543859649123, 0.03728070175438596
1 0.03463084795321637, 0.4220120614035088, 0.019736842105263157, 0.04294590643274854
1 0.009228801169590644, 0.4368146929824561, 0.027412280701754384, 0.03326023391812866
1 0.5362755847953217, 0.4316063596491228, 0.055098684210526314, 0.02284356725146199
1 0.9147478070175439, 0.43270285087719296, 0.04413377192982456, 0.03252923976608187
1 0.9478252923976608, 0.4340734649122807, 0.044956140350877194, 0.017909356725146198
1 0.9364948830409356, 0.4524396929824561, 0.05674342105263158, 0.021747076023391813
1 0.944718567251462, 0.4864309210526316, 0.052083333333333336, 0.024853801169590642
1 0.3946454678362573, 0.43516995614035087, 0.05180921052631579, 0.02503654970760234
1 0.4052448830409357, 0.4381853070175439, 0.04851973684210526, 0.027777777777777776
1 0.11741593567251463, 0.43571820175438597, 0.03618421052631579, 0.037463450292397664
1 0.06752558479532164, 0.44311951754385964, 0.0400219298245614, 0.015350877192982455
1 0.23199926900584794, 0.44558662280701755, 0.04413377192982456, 0.0222953216374269
1 0.24917763157894737, 0.4486019736842105, 0.03536184210526316, 0.015350877192982455
1 0.8573647660818714, 0.4466831140350877, 0.044956140350877194, 0.02412280701754386
1 0.8604714912280702, 0.46066337719298245, 0.05619517543859649, 0.02722953216374269
1 0.19270833333333334, 0.44805372807017546, 0.0400219298245614, 0.029239766081871343
1 0.8089364035087719, 0.4505208333333333, 0.04523026315789474, 0.022112573099415205
1 0.8014437134502924, 0.49109100877192985, 0.030975877192982455, 0.034173976608187134
1 0.14830043859649122, 0.4518914473684211, 0.05674342105263158, 0.021564327485380116
1 0.47834429824561403, 0.4524396929824561, 0.027138157894736843, 0.03307748538011696
1 0.474141081871345, 0.46175986842105265, 0.033717105263157895, 0.025950292397660817
1 0.457328216374269, 0.4532620614035088, 0.05482456140350877, 0.019005847953216373
1 0.33890716374269003, 0.45490679824561403, 0.04742324561403509, 0.015350877192982455
1 0.5053910818713451, 0.45490679824561403, 0.052083333333333336, 0.015716374269005847
1 0.0379203216374269, 0.4570997807017544, 0.027138157894736843, 0.02887426900584795
1 0.42461622807017546, 0.4595668859649123, 0.018914473684210526, 0.034173976608187134
1 0.25721856725146197, 0.46175986842105265, 0.04961622807017544, 0.023574561403508772
1 0.32319078947368424, 0.4623081140350877, 0.044407894736842105, 0.015350877192982455
1 0.3686951754385965, 0.46313048245614036, 0.055098684210526314, 0.023757309941520467
1 0.3520650584795322, 0.4688870614035088, 0.05400219298245614, 0.022478070175438597
1 0.20440423976608188, 0.4666940789473684, 0.047697368421052634, 0.02101608187134503
1 0.28463084795321636, 0.46696820175438597, 0.05921052631578947, 0.019736842105263157
1 0.8884320175438597, 0.46779057017543857, 0.04742324561403509, 0.012609649122807017
1 0.1007858187134503, 0.47382127192982454, 0.023300438596491228, 0.03728070175438596
1 0.2972404970760234, 0.4779331140350877, 0.03481359649122807, 0.017361111111111112
1 0.3049159356725146, 0.48122258771929827, 0.05098684210526316, 0.017726608187134504
1 0.4257127192982456, 0.4784813596491228, 0.04577850877192982, 0.028143274853801168
1 0.06551535087719298, 0.4828673245614035, 0.027138157894736843, 0.035818713450292396
1 0.15323464912280702, 0.4831414473684211, 0.06140350877192982, 0.020650584795321638
1 0.3328764619883041, 0.4897203947368421, 0.047149122807017545, 0.017178362573099414
1 0.47176535087719296, 0.49136513157894735, 0.021655701754385966, 0.028143274853801168
1 0.9125548245614035, 0.49191337719298245, 0.04139254385964912, 0.019919590643274854
1 0.38569078947368424, 0.49246162280701755, 0.04413377192982456, 0.017361111111111112
1 0.39610745614035087, 0.49492872807017546, 0.03673245614035088, 0.03435672514619883
1 0.5251279239766082, 0.5006853070175439, 0.0268640350877193, 0.02887426900584795
1 0.12509137426900585, 0.501233552631579, 0.03508771929824561, 0.029970760233918127
1 0.24917763157894737, 0.5061677631578947, 0.0424890350877193, 0.019371345029239765
1 0.26069078947368424, 0.5067160087719298, 0.052083333333333336, 0.022478070175438597
1 0.2583150584795322, 0.5522203947368421, 0.0381030701754386, 0.028143274853801168
1 0.2725694444444444, 0.5711348684210527, 0.06085526315789474, 0.024853801169590642
1 0.45915570175438597, 0.5069901315789473, 0.057291666666666664, 0.019005847953216373
1 0.19764254385964913, 0.5097313596491229, 0.06551535087719298, 0.023574561403508772
1 0.19526681286549707, 0.5670230263157895, 0.04797149122807018, 0.02138157894736842
1 0.2303545321637427, 0.5785361842105263, 0.04961622807017544, 0.021929824561403508
1 0.25082236842105265, 0.5966282894736842, 0.03344298245614035, 0.022478070175438597
1 0.18722587719298245, 0.6023848684210527, 0.039473684210526314, 0.023391812865497075
1 0.10535453216374269, 0.5111019736842105, 0.03481359649122807, 0.02138157894736842
1 0.05400219298245614, 0.5127467105263158, 0.04029605263157895, 0.022112573099415205
1 0.9137646198830409, 0.5138432017543859, 0.05263157894736842, 0.02346125730994152
1 0.016904239766081873, 0.5138432017543859, 0.04111842105263158, 0.016264619883040937
1 0.06697733918128655, 0.5154879385964912, 0.08223684210526316, 0.03070175438596491
1 0.05180921052631579, 0.581140350877193, 0.043722587719298246, 0.038559941520467836
1 0.28170687134502925, 0.5190515350877193, 0.03481359649122807, 0.020285087719298246
1 0.3515168128654971, 0.5289199561403509, 0.03728070175438596, 0.037463450292397664
1 0.09968932748538012, 0.5297423245614035, 0.05180921052631579, 0.023757309941520467
1 0.40981359649122806, 0.5319353070175439, 0.02987938596491228, 0.039108187134502925
1 0.5357273391812866, 0.5327576754385965, 0.046052631578947366, 0.022112573099415205
1 0.8379934210526315, 0.5404331140350878, 0.05098684210526316, 0.03289473684210526
1 0.3940972222222222, 0.5450932017543859, 0.024671052631578948, 0.03216374269005848
1 0.16858552631578946, 0.5448190789473685, 0.03892543859649123, 0.029605263157894735
1 0.16858552631578946, 0.5842927631578947, 0.04331140350877193, 0.018457602339181287
1 0.2117141812865497, 0.5445449561403509, 0.05537280701754386, 0.017543859649122806
1 0.1409904970760234, 0.5774396929824561, 0.06277412280701754, 0.017909356725146198
1 0.8094956140350877, 0.5541392543859649, 0.057291666666666664, 0.026487573099415206
1 0.32574926900584794, 0.5544133771929824, 0.05701754385964912, 0.019005847953216373
1 0.48547149122807015, 0.5618146929824561, 0.05235745614035088, 0.017361111111111112
1 0.4284539473684211, 0.5623629385964912, 0.04577850877192982, 0.03216374269005848
1 0.3999451754385965, 0.5763432017543859, 0.03919956140350877, 0.039108187134502925
1 0.24223318713450293, 0.5634594298245614, 0.03262061403508772, 0.0268640350877193
1 0.3736293859649123, 0.5631853070175439, 0.04468201754385965, 0.01663011695906433
1 0.005208333333333333, 0.5670230263157895, 0.031524122807017545, 0.04312865497076023
1 0.31222587719298245, 0.5694901315789473, 0.05317982456140351, 0.019005847953216373
1 0.12966008771929824, 0.5760690789473685, 0.05646929824561404, 0.016264619883040937
1 0.29431652046783624, 0.5763432017543859, 0.028782894736842105, 0.01644736842105263
1 0.7627010233918129, 0.5766173245614035, 0.06907894736842106, 0.019554093567251463
1 0.7524671052631579, 0.5938870614035088, 0.05482456140350877, 0.02010233918128655
1 0.3836805555555556, 0.576891447368421, 0.03481359649122807, 0.009502923976608187
1 0.3363486842105263, 0.5848410087719298, 0.05400219298245614, 0.01864035087719298
1 0.3553545321637427, 0.594983552631579, 0.033717105263157895, 0.030884502923976608
1 0.3511513157894737, 0.6021107456140351, 0.03453947368421053, 0.027412280701754384
1 0.7826206140350878, 0.5818256578947368, 0.046875, 0.02010233918128655
1 0.9197240497076022, 0.5781277412280702, 0.023708881578947367, 0.041259137426900586
1 0.7354714912280702, 0.5853892543859649, 0.057291666666666664, 0.019005847953216373
1 0.08543494152046784, 0.5895010964912281, 0.042214912280701754, 0.019371345029239765
1 0.06076388888888889, 0.5897752192982456, 0.039473684210526314, 0.03545321637426901
1 0.834703947368421, 0.5895010964912281, 0.055098684210526314, 0.015716374269005847
1 0.846765350877193, 0.6265076754385965, 0.04851973684210526, 0.034722222222222224
1 0.5412097953216374, 0.5969024122807017, 0.04413377192982456, 0.023757309941520467
1 0.8542580409356725, 0.5974506578947368, 0.0512609649122807, 0.030884502923976608
1 0.11485745614035088, 0.5982730263157895, 0.04797149122807018, 0.015533625730994151
1 0.7928545321637427, 0.5993695175438597, 0.04577850877192982, 0.02010233918128655
1 0.7780519005847953, 0.6287006578947368, 0.044407894736842105, 0.03252923976608187
1 0.28536184210526316, 0.6004660087719298, 0.026589912280701754, 0.0266812865497076
1 0.8153326023391813, 0.6023848684210527, 0.06469298245614036, 0.027595029239766082
1 0.8498720760233918, 0.6092379385964912, 0.05235745614035088, 0.03399122807017544
1 0.8085709064327485, 0.6226699561403509, 0.0400219298245614, 0.02138157894736842
1 0.3913559941520468, 0.6964089912280702, 0.046052631578947366, 0.017178362573099414
1 0.8010325292397661, 0.518813048245614, 0.05859375, 0.02204312865497076
1 0.9667817982456139, 0.48403508771929826, 0.03399122807017544, 0.03344298245614035
1 0.20943165204678363, 0.5990268640350878, 0.039816337719298246, 0.02640716374269006
1 0.17281432748538011, 0.5758305921052632, 0.031524122807017545, 0.030197368421052632
1 0.15609283625730994, 0.5750082236842106, 0.04584703947368421, 0.013614766081871345
1 0.16260051169590642, 0.5463952850877193, 0.028303179824561403, 0.022203947368421052
1 0.0992781432748538, 0.576891447368421, 0.06811951754385964, 0.020970394736842105
1 0.10681652046783625, 0.5582510964912281, 0.05180921052631579, 0.03252923976608187
1 0.041758040935672515, 0.43434758771929827, 0.024671052631578948, 0.028326023391812866
1 0.8308187134502923, 0.4555921052631579, 0.041943530701754383, 0.030153508771929825
1 0.3909448099415205, 0.5744270833333334, 0.05975877192982456, 0.01786001461988304
1 0.3940953947368421, 0.5660992324561404, 0.022135416666666668, 0.033397295321637425
1 0.29575475146198826, 0.5113075657894737, 0.048177083333333336, 0.03266630116959064
1 0.22880116959064328, 0.5253563596491229, 0.05180921052631579, 0.01804641812865497
1 0.23460343567251463, 0.5103152412280703, 0.0528015350877193, 0.021266447368421055
1 0.14231542397660818, 0.5557154605263158, 0.024533991228070175, 0.028097587719298246
1 0.16269188596491227, 0.5112390350877193, 0.04869243421052631, 0.023722587719298246
1 0.18119517543859648, 0.49552905701754385, 0.05168859649122807, 0.02016995614035088
1 0.09119152046783625, 0.44887609649122806, 0.027206688596491228, 0.022203947368421052
1 0.09850146198830409, 0.4267242324561404, 0.04459703947368421, 0.020900950292397663
1 0.16931652046783627, 0.38377192982456143, 0.02617872807017544, 0.04029605263157895
1 0.20458698830409358, 0.4194764254385965, 0.031661184210526314, 0.019142909356725146
1 0.20668859649122806, 0.3894435307017544, 0.04165021929824561, 0.02101608187134503
1 0.2442891081871345, 0.44839638157894735, 0.02073190789473684, 0.007538377192982456
