1 0.8885690789473685, 0.15597587719298245, 0.0268640350877193, 0.02412280701754386
1 0.9973958333333334, 0.16145833333333334, 0.033717105263157895, 0.027595029239766082
1 0.9168037280701754, 0.16438230994152048, 0.0200109649122807, 0.02266081871345029
1 0.9337993421052632, 0.16529605263157895, 0.018914473684210526, 0.03179824561403509
1 0.9244791666666666, 0.18631213450292397, 0.03125, 0.029788011695906433
1 1.0253563596491229, 0.16566154970760233, 0.04139254385964912, 0.02046783625730994
1 0.8671875, 0.16602704678362573, 0.020285087719298246, 0.03289473684210526
1 0.9516173245614035, 0.16639254385964913, 0.023026315789473683, 0.03344298245614035
1 0.8844572368421053, 0.17278874269005848, 0.02138157894736842, 0.03070175438596491
1 0.9708059210526315, 0.17479897660818713, 0.025767543859649123, 0.03216374269005848
1 1.0089089912280702, 0.17808845029239767, 0.03728070175438596, 0.028143274853801168
1 0.9041940789473685, 0.18009868421052633, 0.024396929824561403, 0.03326023391812866
1 0.8529331140350878, 0.180281432748538, 0.028782894736842105, 0.037463450292397664
1 0.813733552631579, 0.19544956140350878, 0.04632675438596491, 0.01918859649122807
1 0.8200383771929824, 0.18265716374269006, 0.035910087719298246, 0.013706140350877192
1 0.9751918859649122, 0.18485014619883042, 0.033717105263157895, 0.02942251461988304
1 0.7852247807017544, 0.1981907894736842, 0.02055921052631579, 0.02942251461988304
1 1.0149396929824561, 0.1992872807017544, 0.036458333333333336, 0.019554093567251463
1 0.4551809210526316, 0.20148026315789475, 0.033717105263157895, 0.02722953216374269
1 0.7657620614035088, 0.20257675438596492, 0.03234649122807018, 0.029788011695906433
1 0.8011239035087719, 0.2029422514619883, 0.025767543859649123, 0.030153508771929825
1 0.36307565789473684, 0.20751096491228072, 0.027960526315789474, 0.01699561403508772
1 0.33292214912280704, 0.20879020467836257, 0.03782894736842105, 0.017726608187134504
1 0.48122258771929827, 0.20915570175438597, 0.04303728070175439, 0.021747076023391813
1 1.3827905701754386, 0.21829312865497075, 0.03755482456140351, 0.032510964912280706
1 0.44065241228070173, 0.22322733918128654, 0.04468201754385965, 0.010416666666666666
1 0.3296326754385965, 0.22395833333333334, 0.05290570175438596, 0.023574561403508772
1 0.3814418859649123, 0.22468932748538012, 0.0512609649122807, 0.013523391812865496
1 0.9359923245614035, 0.22797880116959066, 0.03070175438596491, 0.03453947368421053
1 0.4491502192982456, 0.23327850877192982, 0.05866228070175439, 0.01516812865497076
1 0.35320723684210525, 0.2341922514619883, 0.05646929824561404, 0.015716374269005847
1 1.2715186403508771, 0.2433296783625731, 0.022203947368421052, 0.031432748538011694
1 0.16324013157894737, 0.24387792397660818, 0.032072368421052634, 0.029239766081871343
1 1.361499451754386, 0.24424342105263158, 0.028988486842105265, 0.03435672514619883
1 1.3479989035087718, 0.2478983918128655, 0.02138157894736842, 0.02887426900584795
1 0.13939144736842105, 0.24899488304093567, 0.029605263157894735, 0.03179824561403509
1 1.466921600877193, 0.24917763157894737, 0.03294133771929825, 0.036915204678362575
1 1.294018640350877, 0.25082236842105265, 0.03396929824561404, 0.03892543859649123
1 0.7907072368421053, 0.2521016081871345, 0.03042763157894737, 0.03728070175438596
1 0.9754660087719298, 0.2526498538011696, 0.02768640350877193, 0.030884502923976608
1 0.9628563596491229, 0.26398026315789475, 0.03974780701754386, 0.031615497076023395
1 1.1859923245614035, 0.25374634502923976, 0.025219298245614034, 0.03654970760233918
1 1.3232127192982457, 0.25447733918128657, 0.033009868421052635, 0.03790387426900585
1 0.8447094298245614, 0.25703581871345027, 0.024671052631578948, 0.038011695906432746
1 0.8671875, 0.2751279239766082, 0.02768640350877193, 0.03508771929824561
1 1.0461896929824561, 0.25703581871345027, 0.03673245614035088, 0.029605263157894735
1 -0.00013706140350877192, 0.2579495614035088, 0.023848684210526317, 0.03874269005847953
1 0.9370888157894737, 0.25941154970760233, 0.03700657894736842, 0.031432748538011694
1 0.8219572368421053, 0.26014254385964913, 0.03234649122807018, 0.034722222222222224
1 0.754797149122807, 0.2616045321637427, 0.04961622807017544, 0.038559941520467836
1 1.4294133771929824, 0.261421783625731, 0.039473684210526314, 0.024671052631578948
1 1.0028782894736843, 0.26270102339181284, 0.03262061403508772, 0.03399122807017544
1 1.076891447368421, 0.26288377192982454, 0.039473684210526314, 0.03709795321637427
1 1.3853262061403508, 0.26672149122807015, 0.04397203947368421, 0.03527046783625731
1 1.3811677631578947, 0.2790387426900585, 0.033717105263157895, 0.035380116959064324
1 0.7372532894736842, 0.26818347953216376, 0.032072368421052634, 0.03033625730994152
1 1.2210800438596492, 0.26744517543859647, 0.028782894736842105, 0.042770467836257306
1 1.1988760964912282, 0.2784173976608187, 0.03253015350877193, 0.04224597953216374
1 0.6467927631578947, 0.26836622807017546, 0.027960526315789474, 0.03709795321637427
1 0.6207510964912281, 0.2694627192982456, 0.03289473684210526, 0.025950292397660817
1 1.2564418859649122, 0.2690972222222222, 0.03513432017543859, 0.03545321637426901
1 0.9135142543859649, 0.2696454678362573, 0.02631578947368421, 0.036915204678362575
1 1.1415844298245614, 0.2694627192982456, 0.03042763157894737, 0.031980994152046784
1 1.1594024122807018, 0.2760416666666667, 0.03481359649122807, 0.031615497076023395
1 1.1414939692982455, 0.3061951754385965, 0.04066063596491228, 0.03419042397660819
1 1.0313870614035088, 0.27074195906432746, 0.0268640350877193, 0.031980994152046784
1 0.6774945175438597, 0.27129020467836257, 0.023848684210526317, 0.031067251461988302
1 0.5100054824561403, 0.2751279239766082, 0.025767543859649123, 0.038011695906432746
1 0.4798519736842105, 0.27658991228070173, 0.031524122807017545, 0.042214912280701754
1 0.8924067982456141, 0.27658991228070173, 0.024396929824561403, 0.03892543859649123
1 0.38582785087719296, 0.27823464912280704, 0.03042763157894737, 0.03709795321637427
1 0.9168037280701754, 0.2787828947368421, 0.05866228070175439, 0.048793859649122806
1 0.7087445175438597, 0.2789656432748538, 0.03700657894736842, 0.0360014619883041
1 1.287532894736842, 0.280062134502924, 0.03743969298245614, 0.03453216374269006
1 0.5988212719298246, 0.28042763157894735, 0.03070175438596491, 0.044956140350877194
1 1.248218201754386, 0.28170687134502925, 0.030975877192982455, 0.04057017543859649
1 0.7994791666666666, 0.28517909356725146, 0.04331140350877193, 0.035818713450292396
1 0.8674616228070176, 0.3098501461988304, 0.04331140350877193, 0.03307748538011696
1 0.8027686403508771, 0.31588084795321636, 0.06359649122807018, 0.049707602339181284
1 0.8534813596491229, 0.3237390350877193, 0.047149122807017545, 0.03399122807017544
1 0.8995339912280702, 0.3387244152046784, 0.03042763157894737, 0.03179824561403509
1 0.4321546052631579, 0.28846856725146197, 0.026041666666666668, 0.035818713450292396
1 1.420641447368421, 0.28812865497076023, 0.04572094298245614, 0.0251937134502924
1 1.0664747807017543, 0.2890168128654971, 0.042214912280701754, 0.017726608187134504
1 1.3219572368421053, 0.2885818713450292, 0.052220394736842105, 0.024192251461988303
1 0.4433936403508772, 0.29120979532163743, 0.03919956140350877, 0.0402046783625731
1 0.9995888157894737, 0.29157529239766083, 0.03618421052631579, 0.04312865497076023
1 0.5297423245614035, 0.29504751461988304, 0.027412280701754384, 0.034173976608187134
1 0.6583059210526315, 0.29541301169590645, 0.02768640350877193, 0.04111842105263158
1 0.6344572368421053, 0.3186220760233918, 0.0356359649122807, 0.03399122807017544
1 1.061266447368421, 0.29577850877192985, 0.0356359649122807, 0.033625730994152045
1 1.060216557017544, 0.31186038011695905, 0.04260142543859649, 0.040796783625731
1 0.8384046052631579, 0.2959612573099415, 0.02823464912280702, 0.027777777777777776
1 1.1816063596491229, 0.2963267543859649, 0.03912006578947368, 0.03125
1 0.40337171052631576, 0.2970577485380117, 0.03262061403508772, 0.028691520467836257
1 1.0944133771929825, 0.2966922514619883, 0.02524122807017544, 0.0356359649122807
1 0.4721765350877193, 0.29961622807017546, 0.02850877192982456, 0.0360014619883041
1 0.5779879385964912, 0.301078216374269, 0.024967105263157895, 0.02850877192982456
1 0.5574287280701754, 0.30564692982456143, 0.04367598684210527, 0.03125
1 0.7002467105263158, 0.3008954678362573, 0.0356359649122807, 0.03874269005847953
1 0.7537006578947368, 0.3008954678362573, 0.0381030701754386, 0.028691520467836257
1 1.0299259868421053, 0.30235745614035087, 0.030518092105263156, 0.037463450292397664
1 0.9828673245614035, 0.30290570175438597, 0.024671052631578948, 0.03326023391812866
1 0.15830592105263158, 0.3045504385964912, 0.033168859649122806, 0.03307748538011696
1 0.6777686403508771, 0.30528143274853803, 0.02412280701754386, 0.028326023391812866
1 0.2738267543859649, 0.33050073099415206, 0.038262061403508775, 0.03798062865497076
1 1.4754660087719298, 0.307108918128655, 0.01918859649122807, 0.025584795321637425
1 0.8863760964912281, 0.30875365497076024, 0.04303728070175439, 0.03179824561403509
1 0.07524671052631579, 0.3102156432748538, 0.03782894736842105, 0.030884502923976608
1 1.3013514254385965, 0.31113486842105265, 0.06798245614035088, 0.04040204678362573
1 1.2690515350877194, 0.311312134502924, 0.03508771929824561, 0.031003289473684213
1 1.2759950657894736, 0.32386147660818715, 0.04962993421052632, 0.019480994152046783
1 1.232593201754386, 0.31186038011695905, 0.03755482456140351, 0.02101608187134503
1 1.224095394736842, 0.31624634502923976, 0.05043859649122807, 0.03179824561403509
1 0.7405427631578947, 0.31222587719298245, 0.022478070175438597, 0.03545321637426901
1 0.7276589912280702, 0.32648026315789475, 0.02768640350877193, 0.028691520467836257
1 0.7073739035087719, 0.3370796783625731, 0.04029605263157895, 0.0268640350877193
1 0.7465734649122807, 0.34786184210526316, 0.01425438596491228, 0.01644736842105263
1 0.13336074561403508, 0.31277412280701755, 0.027960526315789474, 0.029605263157894735
1 0.18325109649122806, 0.31259137426900585, 0.038651315789473686, 0.036915204678362575
1 0.37184758771929827, 0.31277412280701755, 0.030153508771929825, 0.02905701754385965
1 1.4168037280701755, 0.3140533625730994, 0.057839912280701754, 0.014985380116959063
1 1.3981633771929824, 0.32227704678362573, 0.05975877192982456, 0.029605263157894735
1 1.4499725877192982, 0.3284904970760234, 0.032072368421052634, 0.037463450292397664
1 1.469983552631579, 0.3290387426900585, 0.026041666666666668, 0.031615497076023395
1 1.4888980263157894, 0.3184393274853801, 0.010964912280701754, 0.030884502923976608
1 0.4927357456140351, 0.31953581871345027, 0.028782894736842105, 0.044042397660818716
1 0.29783442982456143, 0.3211805555555556, 0.024671052631578948, 0.034722222222222224
1 0.31757127192982454, 0.3235562865497076, 0.02055921052631579, 0.03323830409356725
1 0.32634320175438597, 0.32684576023391815, 0.03289473684210526, 0.03507858187134503
1 0.30688048245614036, 0.355985014619883, 0.04851973684210526, 0.020020102339181285
1 0.760827850877193, 0.3209978070175439, 0.02631578947368421, 0.04093567251461988
1 0.04810855263157895, 0.3237390350877193, 0.02412280701754386, 0.039473684210526314
1 0.05742872807017544, 0.3350694444444444, 0.027960526315789474, 0.029970760233918127
1 0.056606359649122806, 0.35736476608187134, 0.03755482456140351, 0.03453947368421053
1 0.036595394736842105, 0.35754751461988304, 0.046463815789473686, 0.03782894736842105
1 0.08675986842105263, 0.37161915204678364, 0.03070175438596491, 0.0400219298245614
1 0.004523026315789474, 0.3723501461988304, 0.0381030701754386, 0.025584795321637425
1 0.07798793859649122, 0.3915387426900585, 0.03125, 0.027046783625730993
1 0.4220120614035088, 0.3242872807017544, 0.029331140350877194, 0.0360014619883041
1 0.9557291666666666, 0.3242872807017544, 0.04029605263157895, 0.035818713450292396
1 0.6156688596491228, 0.32538377192982454, 0.027491776315789477, 0.03216374269005848
1 0.5936129385964912, 0.32648026315789475, 0.029605263157894735, 0.03654970760233918
1 1.101014254385965, 0.32611476608187134, 0.036093749999999994, 0.04412280701754386
1 0.9954303728070175, 0.32648026315789475, 0.03047423245614035, 0.04322002923976608
1 1.0146189692982457, 0.3361659356725146, 0.02307291666666667, 0.0346016081871345
1 1.1676260964912282, 0.32649488304093566, 0.06578947368421052, 0.02557017543859649
1 0.35238486842105265, 0.3273940058479532, 0.03125, 0.034722222222222224
1 0.9302357456140351, 0.3275767543859649, 0.03070175438596491, 0.03289473684210526
1 0.20079495614035087, 0.3286732456140351, 0.04550438596491228, 0.03728070175438596
1 0.16104714912280702, 0.3555372807017544, 0.0537280701754386, 0.01644736842105263
1 0.5165844298245614, 0.3288559941520468, 0.04413377192982456, 0.019554093567251463
1 0.6602247807017544, 0.3286732456140351, 0.0512609649122807, 0.05674342105263158
1 0.6805098684210527, 0.34329312865497075, 0.02138157894736842, 0.04066337719298246
1 0.661047149122807, 0.37417763157894735, 0.038651315789473686, 0.02850877192982456
1 0.7838541666666666, 0.3286732456140351, 0.023574561403508772, 0.04349415204678363
1 1.3806195175438596, 0.32922149122807015, 0.03453947368421053, 0.03874269005847953
1 0.8055098684210527, 0.3314144736842105, 0.01836622807017544, 0.028326023391812866
1 0.11197916666666667, 0.33360745614035087, 0.029331140350877194, 0.031980994152046784
1 0.4628563596491228, 0.33452119883040937, 0.03289473684210526, 0.04312865497076023
1 0.5664747807017544, 0.3348866959064328, 0.029605263157894735, 0.03929093567251462
1 1.4091282894736843, 0.3352521929824561, 0.059895833333333336, 0.03691154970760234
1 0.9200932017543859, 0.3356176900584795, 0.026589912280701754, 0.04075292397660819
1 1.2262883771929824, 0.3376279239766082, 0.03700657894736842, 0.03344298245614035
1 0.5171326754385965, 0.3381761695906433, 0.03179824561403509, 0.0360014619883041
1 0.4916392543859649, 0.3513340643274854, 0.03453947368421053, 0.04093567251461988
1 0.39925986842105265, 0.3381761695906433, 0.03453947368421053, 0.031432748538011694
1 0.08484100877192982, 0.33945540935672514, 0.02631578947368421, 0.031432748538011694
1 1.3019462719298245, 0.33927266081871343, 0.021655701754385966, 0.03271198830409357
1 1.2797423245614035, 0.3665021929824561, 0.06810855263157894, 0.026434576023391814
1 0.3751370614035088, 0.3421966374269006, 0.027138157894736843, 0.03782894736842105
1 1.2594572368421053, 0.34311038011695905, 0.04358552631578947, 0.024038742690058477
1 0.21395285087719298, 0.3451206140350877, 0.03453947368421053, 0.03252923976608187
1 1.2046326754385965, 0.3460343567251462, 0.030975877192982455, 0.03216374269005848
1 0.6991502192982456, 0.34694809941520466, 0.02768640350877193, 0.03252923976608187
1 0.6207510964912281, 0.34822733918128657, 0.034265350877192985, 0.036366959064327485
1 1.126233552631579, 0.3498720760233918, 0.047149122807017545, 0.036858552631578945
1 0.2630208333333333, 0.3500054824561403, 0.0356359649122807, 0.03156067251461988
1 1.4157072368421053, 0.3513340643274854, 0.03399122807017544, 0.026133040935672515
1 1.489172149122807, 0.3515168128654971, 0.01069078947368421, 0.02503654970760234
1 0.09936951754385964, 0.3520650584795322, 0.029605263157894735, 0.039656432748538015
1 0.11800986842105263, 0.36504020467836257, 0.046875, 0.017178362573099414
1 0.14131030701754385, 0.37801535087719296, 0.027960526315789474, 0.030884502923976608
1 0.12047697368421052, 0.38422880116959063, 0.029605263157894735, 0.04367690058479532
1 0.35649671052631576, 0.3526133040935672, 0.021107456140350877, 0.03874269005847953
1 1.3241502192982457, 0.355171783625731, 0.04276315789473684, 0.03258040935672515
1 0.760874451754386, 0.3560855263157895, 0.030381030701754387, 0.036505847953216375
1 0.38445723684210525, 0.35699926900584794, 0.03673245614035088, 0.046600877192982455
1 0.5374177631578947, 0.35736476608187134, 0.03508771929824561, 0.03819444444444445
1 0.23314144736842105, 0.35809576023391815, 0.02549342105263158, 0.039656432748538015
1 0.4381853070175439, 0.35809576023391815, 0.027412280701754384, 0.029239766081871343
1 0.4140625, 0.3632127192982456, 0.029605263157894735, 0.03892543859649123
1 1.0346765350877194, 0.3588267543859649, 0.06085526315789474, 0.02722953216374269
1 0.8066063596491229, 0.3601059941520468, 0.029605263157894735, 0.02469663742690058
1 0.7783717105263158, 0.3742288011695906, 0.05701754385964912, 0.02918859649122807
1 1.1788651315789473, 0.3599232456140351, 0.025219298245614034, 0.03782894736842105
1 0.1728344298245614, 0.3666849415204678, 0.05838815789473684, 0.025584795321637425
1 1.0195997807017543, 0.36796418128654973, 0.049890350877192985, 0.028143274853801168
1 1.0842927631578947, 0.3683296783625731, 0.03056469298245614, 0.04312865497076023
1 0.24986293859649122, 0.3692434210526316, 0.05838815789473684, 0.036915204678362575
1 0.2334155701754386, 0.39226973684210525, 0.021929824561403508, 0.03399122807017544
1 0.5692160087719298, 0.3694261695906433, 0.03728070175438596, 0.03070175438596491
1 0.5648300438596491, 0.3979349415204678, 0.062225877192982455, 0.0133406432748538
1 1.4083059210526316, 0.3668201754385965, 0.06951206140350878, 0.030383771929824558
1 1.110608552631579, 0.3704660087719298, 0.033717105263157895, 0.046474780701754384
1 0.5228892543859649, 0.37161915204678364, 0.028782894736842105, 0.04294590643274854
1 1.3618311403508772, 0.37161915204678364, 0.046474780701754384, 0.03568347953216374
1 0.0, 0.37180190058479534, 0.008908991228070175, 0.027412280701754384
1 0.16351425438596492, 0.3734466374269006, 0.027960526315789474, 0.038559941520467836
1 0.3079769736842105, 0.376187865497076, 0.048793859649122806, 0.014619883040935672
1 1.4813815789473683, 0.376187865497076, 0.018481359649122807, 0.029146564327485382
1 1.1906524122807018, 0.37801535087719296, 0.025219298245614034, 0.031615497076023395
1 1.2106633771929824, 0.37929459064327486, 0.03321546052631579, 0.0474141081871345
1 0.39542214912280704, 0.38185307017543857, 0.027275219298245616, 0.041849415204678365
1 0.9738212719298246, 0.38203581871345027, 0.02905701754385965, 0.030519005847953216
1 0.6221217105263158, 0.3829495614035088, 0.05043859649122807, 0.01882309941520468
1 0.7224177631578947, 0.38343567251461985, 0.050471491228070174, 0.02400219298245614
1 0.7224506578947368, 0.4039656432748538, 0.0317077850877193, 0.04061769005847953
1 0.02700109649122807, 0.3873355263157895, 0.06030701754385965, 0.03929093567251462
1 0.18983004385964913, 0.38441154970760233, 0.026589912280701754, 0.02850877192982456
1 1.407483552631579, 0.38498538011695904, 0.04130208333333333, 0.027203947368421057
1 1.1363760964912282, 0.3860562865497076, 0.036458333333333336, 0.03819444444444445
1 1.3605509868421053, 0.38770102339181284, 0.05159265350877193, 0.029945175438596493
1 0.8408717105263158, 0.38806652046783624, 0.03508771929824561, 0.03929093567251462
1 1.163514254385965, 0.38806652046783624, 0.030838815789473683, 0.04270650584795321
1 1.1462445175438596, 0.42351973684210525, 0.04906798245614035, 0.02942251461988304
1 0.33758223684210525, 0.39190423976608185, 0.021107456140350877, 0.041798245614035084
1 0.3098958333333333, 0.39226973684210525, 0.032072368421052634, 0.035818713450292396
1 1.2347861842105263, 0.39172149122807015, 0.039884868421052634, 0.029605263157894735
1 0.008634868421052632, 0.39318347953216376, 0.025767543859649123, 0.03545321637426901
1 0.2643914473684211, 0.39405884502923977, 0.051776315789473684, 0.03914656432748538
1 0.3444133771929825, 0.3953764619883041, 0.04141447368421053, 0.041522295321637426
1 0.20737390350877194, 0.39702119883040937, 0.030975877192982455, 0.039108187134502925
1 0.8011239035087719, 0.3977521929824561, 0.023026315789473683, 0.02942251461988304
1 1.043174342105263, 0.3979349415204678, 0.027138157894736843, 0.032002923976608186
1 0.2506853070175439, 0.3984831871345029, 0.01918859649122807, 0.03125
1 1.3060581140350878, 0.3984831871345029, 0.03070175438596491, 0.0373812134502924
1 0.9132401315789473, 0.39787097953216377, 0.028782894736842105, 0.04734283625730994
1 0.46970942982456143, 0.3995796783625731, 0.033168859649122806, 0.03453947368421053
1 0.5280975877192983, 0.4004934210526316, 0.03508771929824561, 0.03545321637426901
1 0.8817160087719298, 0.40158991228070173, 0.040890899122807016, 0.04577119883040936
1 0.9017269736842105, 0.4397788742690058, 0.030153508771929825, 0.040758406432748535
1 0.7611019736842105, 0.40177266081871343, 0.04550438596491228, 0.02887426900584795
1 0.9420230263157895, 0.40286915204678364, 0.03536184210526316, 0.04732456140350877
1 1.4839638157894737, 0.40542763157894735, 0.015899122807017545, 0.023565423976608185
1 1.086485745614035, 0.40615862573099415, 0.027960526315789474, 0.027960526315789474
1 1.38578125, 0.4081688596491228, 0.048840460526315785, 0.04786001461988304
1 1.1929139254385965, 0.4088998538011696, 0.032552083333333336, 0.04416666666666667
1 1.2506853070175439, 0.4090826023391813, 0.030153508771929825, 0.022478070175438597
1 0.9962993421052632, 0.40944809941520466, 0.051535087719298246, 0.018457602339181287
1 0.5683936403508771, 0.40999634502923976, 0.05043859649122807, 0.020285087719298246
1 0.5538651315789473, 0.41675804093567254, 0.057291666666666664, 0.020285087719298246
1 0.5960800438596491, 0.43430190058479534, 0.05290570175438596, 0.015350877192982455
1 0.6147203947368421, 0.41017909356725146, 0.04961622807017544, 0.023026315789473683
1 0.6772203947368421, 0.4118238304093567, 0.028782894736842105, 0.03837719298245614
1 -0.00013706140350877192, 0.4123720760233918, 0.016721491228070175, 0.042214912280701754
1 0.43078399122807015, 0.41310307017543857, 0.04961622807017544, 0.01663011695906433
1 0.9566666666666667, 0.41328581871345027, 0.03798793859649123, 0.03453216374269006
1 1.0448190789473684, 0.41328581871345027, 0.04194078947368421, 0.03181652046783626
1 0.8285361842105263, 0.41327850877192984, 0.04705866228070175, 0.03728801169590643
1 1.3356524122807019, 0.4141995614035088, 0.029342105263157895, 0.028691520467836257
1 1.364720394736842, 0.4151133040935672, 0.03289473684210526, 0.048793859649122806
1 1.389391447368421, 0.42886147660818713, 0.034265350877192985, 0.041807383040935675
1 0.6495339912280702, 0.4152960526315789, 0.032072368421052634, 0.04057017543859649
1 1.2753563596491229, 0.41620979532163743, 0.038651315789473686, 0.043859649122807015
1 0.8628015350877193, 0.417671783625731, 0.025767543859649123, 0.029970760233918127
1 1.1140131578947368, 0.41913377192982454, 0.02811951754385965, 0.04146747076023392
1 0.35128837719298245, 0.4224232456140351, 0.04029605263157895, 0.03764619883040936
1 0.35430372807017546, 0.44782529239766083, 0.036458333333333336, 0.04367690058479532
1 0.9861567982456141, 0.4220577485380117, 0.027138157894736843, 0.030519005847953216
1 1.014391447368421, 0.421875, 0.02850877192982456, 0.0222953216374269
1 1.0936129385964912, 0.4222404970760234, 0.031524122807017545, 0.04663925438596491
1 0.7698519736842105, 0.4257127192982456, 0.02837171052631579, 0.03070175438596491
1 0.5607182017543859, 0.42699195906432746, 0.0400219298245614, 0.04176900584795322
1 0.42365679824561403, 0.42754020467836257, 0.039473684210526314, 0.019736842105263157
1 0.07497258771929824, 0.43028143274853803, 0.0268640350877193, 0.030519005847953216
1 0.042077850877192985, 0.43320540935672514, 0.04194078947368421, 0.03271198830409357
1 1.3104440789473684, 0.43338815789473684, 0.025767543859649123, 0.029970760233918127
1 0.5352247807017544, 0.4355811403508772, 0.040855263157894735, 0.028691520467836257
1 0.45134320175438597, 0.4397843567251462, 0.03686951754385965, 0.05171783625730994
1 0.9856990131578948, 0.4401498538011696, 0.058845942982456136, 0.0357108918128655
1 1.3356633771929824, 0.44148209064327487, 0.026200657894736842, 0.031745248538011694
1 1.344251644736842, 0.43894736842105264, 0.034174890350877195, 0.04120065789473684
1 0.3918585526315789, 0.44069078947368423, 0.050542763157894736, 0.034749634502923975
1 0.41515899122807015, 0.44727704678362573, 0.03618421052631579, 0.029239766081871343
1 0.6665296052631579, 0.4427083333333333, 0.04276315789473684, 0.043283991228070175
1 1.0407757675438596, 0.4461805555555556, 0.05283717105263158, 0.02731176900584795
1 1.0404331140350878, 0.4454495614035088, 0.033168859649122806, 0.021929824561403508
1 0.9244791666666666, 0.44691154970760233, 0.041666666666666664, 0.0222953216374269
1 0.9821354166666666, 0.44800804093567254, 0.033078399122807016, 0.022004751461988305
1 0.15364583333333334, 0.448921783625731, 0.03344298245614035, 0.03271929824561404
1 0.13061951754385964, 0.45634137426900584, 0.036458333333333336, 0.031140350877192982
1 0.31949013157894735, 0.45038377192982454, 0.027138157894736843, 0.048305921052631574
1 0.28988486842105265, 0.47231359649122806, 0.0356359649122807, 0.05195540935672515
1 0.26795504385964913, 0.4891264619883041, 0.02791392543859649, 0.03733552631578948
1 1.133360745614035, 0.45056652046783624, 0.03453947368421053, 0.01864035087719298
1 1.170641447368421, 0.4522112573099415, 0.04797149122807018, 0.02905701754385965
1 1.1330866228070176, 0.463358918128655, 0.057839912280701754, 0.023940058479532164
1 0.8170230263157895, 0.4529422514619883, 0.035910087719298246, 0.0360014619883041
1 1.4557291666666667, 0.4536732456140351, 0.04399671052631579, 0.018949195906432747
1 0.6492598684210527, 0.4538559941520468, 0.025082236842105265, 0.04283077485380117
1 0.7084703947368421, 0.45422149122807015, 0.036458333333333336, 0.03234649122807018
1 0.8046875, 0.45513523391812866, 0.026589912280701754, 0.031432748538011694
1 0.7386239035087719, 0.45604897660818716, 0.03673245614035088, 0.02138157894736842
1 0.5849314692982456, 0.4578764619883041, 0.042672697368421046, 0.02540204678362573
1 0.842516447368421, 0.4578764619883041, 0.036458333333333336, 0.030519005847953216
1 1.0533854166666667, 0.4576937134502924, 0.05091831140350877, 0.03429641812865497
1 0.38171600877192985, 0.45897295321637427, 0.054961622807017545, 0.03618421052631579
1 0.49629934210526316, 0.4551736111111111, 0.03743969298245614, 0.05094846491228071
1 1.4425712719298245, 0.45952119883040937, 0.05681195175438596, 0.02324013157894737
1 0.07552083333333333, 0.45995248538011696, 0.023848684210526317, 0.02405701754385965
1 0.07963267543859649, 0.455186403508772, 0.03899396929824561, 0.046915204678362576
1 0.11162554824561403, 0.4622624269005848, 0.03379660087719298, 0.03992141812865497
1 0.07290570175438596, 0.5068530701754386, 0.040169956140350876, 0.022335526315789472
1 1.4239309210526316, 0.4604349415204678, 0.04111842105263158, 0.044775219298245614
1 1.3754111842105263, 0.4608004385964912, 0.033717105263157895, 0.0403874269005848
1 0.047697368421052634, 0.4609831871345029, 0.03741776315789474, 0.01663011695906433
1 1.2388980263157894, 0.4626279239766082, 0.06085526315789474, 0.0296984649122807
1 1.2797423245614035, 0.47249634502923976, 0.0356359649122807, 0.02448830409356725
1 0.23094846491228072, 0.4635416666666667, 0.033626644736842105, 0.02942251461988304
1 0.18708881578947367, 0.4637244152046784, 0.027960526315789474, 0.037463450292397664
1 0.5246929824561404, 0.4637244152046784, 0.04342653508771929, 0.023574561403508772
1 0.5245339912280702, 0.47231359649122806, 0.03700657894736842, 0.02503654970760234
1 0.7323190789473685, 0.4600255847953217, 0.0537280701754386, 0.03385233918128655
1 1.404468201754386, 0.4661001461988304, 0.033168859649122806, 0.031067251461988302
1 -0.00013706140350877192, 0.4671966374269006, 0.027138157894736843, 0.038011695906432746
1 0.6717379385964912, 0.4670138888888889, 0.04057017543859649, 0.027777777777777776
1 0.2506853070175439, 0.46328581871345026, 0.05866228070175439, 0.0393640350877193
1 0.02563048245614035, 0.4691081871345029, 0.03728070175438596, 0.03957236842105263
1 0.20737390350877194, 0.46792945906432754, 0.03536184210526316, 0.04751279239766082
1 0.16968201754385964, 0.4969974415204679, 0.044270833333333336, 0.02922697368421053
1 1.4535361842105263, 0.47167397660818716, 0.04632675438596491, 0.022569444444444444
1 1.1859923245614035, 0.474141081871345, 0.033717105263157895, 0.041301169590643276
1 0.1366502192982456, 0.4812682748538012, 0.02412280701754386, 0.03545321637426901
1 0.1338404605263158, 0.48273026315789475, 0.04666940789473684, 0.04004020467836257
1 0.04125548245614035, 0.4852887426900585, 0.031524122807017545, 0.04422514619883041
1 0.17310855263157895, 0.48675073099415206, 0.021929824561403508, 0.027960526315789474
1 0.6100603070175439, 0.49077119883040937, 0.04851973684210526, 0.021198830409356724
1 0.00013706140350877192, 0.49936038011695905, 0.03536184210526316, 0.04678362573099415
1 0.0, 0.5141630116959064, 0.008634868421052632, 0.034722222222222224
1 0.030290570175438597, 0.5110562865497076, 0.03618421052631579, 0.023940058479532164
1 0.023711622807017545, 0.5317068713450293, 0.05838815789473684, 0.021564327485380116
1 0.8118146929824561, 0.5590259502923977, 0.029331140350877194, 0.03256944444444444
1 1.1171875, 0.5611293859649122, 0.02905701754385965, 0.027046783625730993
1 1.2453865131578947, 0.5675201023391813, 0.034265350877192985, 0.0360233918128655
1 0.717516447368421, 0.5729824561403509, 0.027960526315789474, 0.02681652046783626
1 0.2924890350877193, 0.5889985380116959, 0.026074561403508775, 0.028958333333333336
1 0.4146107456140351, 0.5975657894736842, 0.03577302631578947, 0.02777046783625731
1 0.5253563596491229, 0.6044901315789474, 0.03395833333333333, 0.027881944444444442
1 0.27713815789473684, 0.6322130847953216, 0.0478344298245614, 0.030466008771929825
1 1.3442763157894737, 0.304952485380117, 0.057839912280701754, 0.025394736842105265
1 1.3361211622807019, 0.2930372807017544, 0.04447642543859649, 0.02809027777777778
1 1.1200191885964912, 0.29443713450292397, 0.03412828947368421, 0.04010233918128655
1 1.1360553728070175, 0.2996546052631579, 0.03399122807017544, 0.027439692982456142
1 1.2345120614035088, 0.4317324561403509, 0.06674890350877193, 0.028592836257309944
1 1.2145010964912282, 0.4373958333333333, 0.03453947368421053, 0.052527412280701756
1 0.24685855263157894, 0.30635964912280705, 0.04078399122807017, 0.03992141812865497
1 0.2529385964912281, 0.3392233187134503, 0.0256030701754386, 0.046101973684210526
1 0.05918859649122807, 0.49834795321637426, 0.04433936403508772, 0.04466922514619883
1 0.06241502192982456, 0.491843932748538, 0.03728344298245614, 0.020093201754385965
1 1.4425712719298245, 0.4042379385964912, 0.0322094298245614, 0.04617872807017544
1 1.461828399122807, 0.4119572368421053, 0.03802357456140351, 0.04794956140350877
1 0.1018859649122807, 0.47229349415204674, 0.03668311403508772, 0.034932383040935676
1 0.10764802631578947, 0.5032145467836258, 0.030345394736842106, 0.02393640350877193
1 2.7412280701754386e-05, 0.35069261695906434, 0.03570449561403509, 0.02358735380116959
1 0.015953947368421054, 0.3417489035087719, 0.04329769736842105, 0.042465277777777775
