1 0.6908333333333333, 0.204625, 0.022333333333333334, 0.02075
1 0.6445, 0.208625, 0.023, 0.01975
1 0.6325, 0.224625, 0.017666666666666667, 0.0225
1 0.5165, 0.225625, 0.02, 0.015
1 0.6648333333333334, 0.228375, 0.019666666666666666, 0.02075
1 0.5321666666666667, 0.228875, 0.04033333333333333, 0.0145
1 0.5925, 0.228875, 0.035333333333333335, 0.013
1 0.5708333333333333, 0.229375, 0.025333333333333333, 0.01925
1 0.7165, 0.231375, 0.018, 0.0205
1 0.4975, 0.233625, 0.016666666666666666, 0.02425
1 0.6888333333333333, 0.234375, 0.017666666666666667, 0.022
1 0.6625, 0.253875, 0.029, 0.016
1 0.7075, 0.234875, 0.022333333333333334, 0.02275
1 0.7331666666666666, 0.234875, 0.02266666666666667, 0.02375
1 0.7601666666666667, 0.236625, 0.019333333333333334, 0.02175
1 0.6465, 0.237375, 0.019, 0.02175
1 0.5971666666666666, 0.238875, 0.035, 0.01675
1 0.5195, 0.240375, 0.02266666666666667, 0.0205
1 0.5088333333333334, 0.241375, 0.016, 0.01575
1 0.5008333333333334, 0.257, 0.02266666666666667, 0.028375
1 0.7821666666666667, 0.241875, 0.016666666666666666, 0.0205
1 0.7805, 0.257125, 0.022333333333333334, 0.025
1 0.4638333333333333, 0.242375, 0.025, 0.0275
1 0.5541666666666667, 0.243625, 0.041666666666666664, 0.01375
1 0.48583333333333334, 0.245375, 0.018666666666666668, 0.02525
1 0.6605, 0.246125, 0.02666666666666667, 0.017
1 0.7455, 0.245625, 0.019333333333333334, 0.02875
1 0.8011666666666667, 0.247125, 0.03833333333333333, 0.01075
1 0.8001666666666667, 0.255625, 0.03, 0.02175
1 0.8155, 0.256125, 0.03766666666666667, 0.014
1 0.5411666666666667, 0.248875, 0.018666666666666668, 0.02075
1 0.6025, 0.251375, 0.018, 0.0215
1 0.6175, 0.265375, 0.03133333333333333, 0.013
1 0.6171666666666666, 0.252375, 0.037, 0.01225
1 0.6821666666666667, 0.253375, 0.036, 0.01725
1 0.5628333333333333, 0.254375, 0.023666666666666666, 0.0205
1 0.5595, 0.274625, 0.03, 0.01825
1 0.8861666666666667, 0.254625, 0.018333333333333333, 0.02625
1 0.8945, 0.263375, 0.024333333333333332, 0.02525
1 0.9188333333333333, 0.255875, 0.02266666666666667, 0.02325
1 0.5858333333333333, 0.256625, 0.021, 0.0265
1 0.7088333333333333, 0.258375, 0.026, 0.02175
1 0.7338333333333333, 0.258375, 0.011333333333333334, 0.01675
1 0.7651666666666667, 0.258125, 0.023, 0.029
1 0.7531666666666667, 0.264375, 0.022, 0.02575
1 0.7685, 0.282375, 0.028333333333333332, 0.01525
1 0.8461666666666666, 0.258625, 0.021, 0.02925
1 0.6855, 0.259375, 0.03766666666666667, 0.01725
1 0.8668333333333333, 0.260375, 0.018, 0.0265
1 0.6261666666666666, 0.261625, 0.035666666666666666, 0.00975
1 0.5411666666666667, 0.262875, 0.034666666666666665, 0.01525
1 0.7988333333333333, 0.266125, 0.034, 0.0165
1 0.6395, 0.268875, 0.041666666666666664, 0.0175
1 0.5335, 0.272125, 0.042, 0.01975
1 0.6625, 0.273125, 0.023, 0.015
1 0.6815, 0.273625, 0.02666666666666667, 0.02975
1 0.6695, 0.278125, 0.023333333333333334, 0.029
1 0.7161666666666666, 0.273625, 0.035666666666666666, 0.01075
1 0.6085, 0.274375, 0.03933333333333333, 0.01625
1 0.9135, 0.276125, 0.04133333333333333, 0.0155
1 0.47983333333333333, 0.276875, 0.023, 0.03075
1 0.5668333333333333, 0.279625, 0.03333333333333333, 0.021
1 0.6878333333333333, 0.280625, 0.029666666666666668, 0.0245
1 0.6081666666666666, 0.281375, 0.02033333333333333, 0.023
1 0.6011666666666666, 0.287125, 0.016, 0.02425
1 0.7851666666666667, 0.281625, 0.023666666666666666, 0.02325
1 0.7605, 0.289125, 0.023666666666666666, 0.01775
1 0.8101666666666667, 0.281875, 0.042, 0.01225
1 0.7448333333333333, 0.282875, 0.017666666666666667, 0.02625
1 0.7221666666666666, 0.283125, 0.024, 0.019
1 0.6518333333333334, 0.283625, 0.016666666666666666, 0.03075
1 0.7148333333333333, 0.285625, 0.025666666666666667, 0.02625
1 0.7928333333333333, 0.287125, 0.027333333333333334, 0.02375
1 0.6395, 0.290375, 0.021666666666666667, 0.032
1 0.6258333333333334, 0.290875, 0.017, 0.0265
1 0.6578333333333334, 0.307375, 0.037, 0.0225
1 0.5128333333333334, 0.293125, 0.016, 0.02775
1 0.5271666666666667, 0.293875, 0.023666666666666666, 0.03075
1 0.8165, 0.293875, 0.039, 0.014
1 0.6931666666666667, 0.301625, 0.033666666666666664, 0.01025
1 0.7361666666666666, 0.305375, 0.04466666666666667, 0.02025
1 0.8558333333333333, 0.306625, 0.05, 0.0165
1 0.49983333333333335, 0.308375, 0.025, 0.0215
1 0.5881666666666666, 0.309625, 0.041, 0.021
1 0.42083333333333334, 0.310625, 0.02, 0.02975
1 0.6941666666666667, 0.310875, 0.043, 0.01275
1 0.7521666666666667, 0.313375, 0.03133333333333333, 0.021
1 0.6188333333333333, 0.314125, 0.033, 0.02325
1 0.5288333333333334, 0.315625, 0.024666666666666667, 0.028
1 0.6671666666666667, 0.320875, 0.042333333333333334, 0.02
1 0.5381666666666667, 0.322625, 0.022, 0.02875
1 0.5818333333333333, 0.322625, 0.041666666666666664, 0.027
1 0.5548333333333333, 0.328625, 0.02, 0.02625
1 0.6325, 0.330625, 0.02666666666666667, 0.03325
1 0.5098333333333334, 0.332125, 0.034333333333333334, 0.02675
1 0.6138333333333333, 0.335125, 0.02666666666666667, 0.0405
1 0.5995, 0.338125, 0.022333333333333334, 0.03175
1 0.4191666666666667, 0.342875, 0.03166666666666667, 0.03075
1 0.5058333333333334, 0.343625, 0.04566666666666667, 0.024
1 0.6461666666666667, 0.344625, 0.03333333333333333, 0.03125
1 0.9581666666666667, 0.351125, 0.026333333333333334, 0.03275
1 0.4925, 0.359625, 0.03166666666666667, 0.02275
1 1.0278333333333334, 0.362375, 0.026, 0.028
1 0.9418333333333333, 0.362625, 0.020666666666666667, 0.02125
1 0.6841666666666667, 0.363875, 0.017333333333333333, 0.0205
1 0.7995, 0.364125, 0.021, 0.0285
1 0.8215, 0.364625, 0.032, 0.03075
1 0.9981666666666666, 0.364125, 0.024333333333333332, 0.03125
1 1.0521666666666667, 0.365125, 0.029333333333333333, 0.03075
1 0.5781666666666667, 0.365875, 0.023333333333333334, 0.03275
1 0.7778333333333334, 0.367125, 0.025666666666666667, 0.03075
1 0.8528333333333333, 0.367625, 0.017, 0.028
1 0.6951666666666667, 0.368625, 0.021666666666666667, 0.02675
1 0.9218333333333333, 0.368875, 0.021, 0.03
1 0.8128333333333333, 0.372875, 0.018666666666666668, 0.0205
1 0.8711666666666666, 0.372875, 0.016666666666666666, 0.02575
1 0.4045, 0.373375, 0.033666666666666664, 0.02125
1 0.9741666666666666, 0.375375, 0.019333333333333334, 0.03325
1 1.0225, 0.375875, 0.017, 0.03075
1 0.5555, 0.376625, 0.025, 0.02925
1 0.6511666666666667, 0.376875, 0.024666666666666667, 0.0285
1 0.7268333333333333, 0.376625, 0.03666666666666667, 0.0235
1 0.7321666666666666, 0.392125, 0.020666666666666667, 0.03575
1 0.6645, 0.377375, 0.02, 0.01
1 0.6768333333333333, 0.379875, 0.017666666666666667, 0.03175
1 1.0838333333333334, 0.378625, 0.04933333333333333, 0.01875
1 0.6238333333333334, 0.380375, 0.02033333333333333, 0.037
1 0.7081666666666667, 0.381875, 0.017666666666666667, 0.0275
1 0.9085, 0.381625, 0.017666666666666667, 0.02775
1 0.9848333333333333, 0.381875, 0.024666666666666667, 0.034
1 0.9425, 0.382375, 0.018333333333333333, 0.02525
1 0.9261666666666667, 0.383875, 0.019333333333333334, 0.02775
1 0.9601666666666666, 0.382125, 0.018333333333333333, 0.03325
1 0.8208333333333333, 0.384375, 0.033666666666666664, 0.01975
1 0.8178333333333333, 0.398875, 0.018, 0.03375
1 0.5351666666666667, 0.385375, 0.024666666666666667, 0.029
1 0.4955, 0.387875, 0.043333333333333335, 0.01925
1 0.6021666666666666, 0.387875, 0.020666666666666667, 0.02975
1 0.8581666666666666, 0.387875, 0.02266666666666667, 0.03425
1 0.8518333333333333, 0.397125, 0.015333333333333332, 0.03025
1 0.5695, 0.389375, 0.021, 0.03175
1 0.4568333333333333, 0.389875, 0.025666666666666667, 0.02975
1 0.7531666666666667, 0.390625, 0.017666666666666667, 0.035
1 0.7691666666666667, 0.391375, 0.025666666666666667, 0.0305
1 1.0788333333333333, 0.391875, 0.018333333333333333, 0.029
1 0.6465, 0.392125, 0.019666666666666666, 0.03225
1 1.0978333333333334, 0.392875, 0.042, 0.02225
1 0.6898333333333333, 0.393375, 0.019333333333333334, 0.02725
1 0.7915, 0.393375, 0.028333333333333332, 0.022
1 0.4765, 0.396125, 0.027, 0.031
1 0.9931666666666666, 0.396375, 0.029333333333333333, 0.029
1 0.8798333333333334, 0.397375, 0.021666666666666667, 0.03075
1 0.8361666666666666, 0.397625, 0.017666666666666667, 0.031
1 1.0531666666666666, 0.398375, 0.028, 0.032
1 0.6668333333333333, 0.399125, 0.018666666666666668, 0.033
1 0.5858333333333333, 0.401125, 0.02, 0.036
1 0.7051666666666667, 0.401375, 0.028666666666666667, 0.0315
1 0.9311666666666667, 0.401875, 0.025, 0.0315
1 0.42783333333333334, 0.402375, 0.028333333333333332, 0.03475
1 0.4071666666666667, 0.405125, 0.021333333333333333, 0.03125
1 0.5538333333333333, 0.406875, 0.028333333333333332, 0.0295
1 0.6891666666666667, 0.408625, 0.034666666666666665, 0.02125
1 0.9548333333333333, 0.409625, 0.030666666666666665, 0.01925
1 0.9115, 0.410375, 0.018666666666666668, 0.026
1 0.5051666666666667, 0.413375, 0.02033333333333333, 0.0345
1 0.4658333333333333, 0.416125, 0.03766666666666667, 0.022
1 0.5218333333333334, 0.416875, 0.03666666666666667, 0.032
1 0.7565, 0.418875, 0.04933333333333333, 0.01775
1 0.5408333333333334, 0.421375, 0.044, 0.0245
1 0.7245, 0.421125, 0.024, 0.0365
1 0.8775, 0.422375, 0.035, 0.0275
1 0.7901666666666667, 0.445125, 0.04566666666666667, 0.01725
1 0.7735, 0.454125, 0.014666666666666666, 0.02625
1 0.8568333333333333, 0.454375, 0.021, 0.034
1 0.8295, 0.458625, 0.025333333333333333, 0.025
1 0.8015, 0.459875, 0.024333333333333332, 0.0365
1 0.7568333333333334, 0.460625, 0.023666666666666666, 0.03025
1 0.7128333333333333, 0.463875, 0.04933333333333333, 0.02225
1 0.5098333333333334, 0.464375, 0.025, 0.0365
1 0.5971666666666666, 0.465625, 0.041, 0.021
1 0.6731666666666667, 0.467875, 0.023666666666666666, 0.03675
1 0.5305, 0.469375, 0.023, 0.03525
1 0.5708333333333333, 0.469875, 0.021, 0.0315
1 0.7895, 0.471375, 0.023333333333333334, 0.036
1 0.3715, 0.472375, 0.024666666666666667, 0.043
1 0.6305, 0.474125, 0.024, 0.0385
1 0.4125, 0.474625, 0.026, 0.03025
1 0.5465, 0.476375, 0.024333333333333332, 0.04
1 0.6605, 0.476375, 0.021, 0.03625
1 0.4618333333333333, 0.478625, 0.034666666666666665, 0.032
1 0.8231666666666667, 0.478375, 0.02033333333333333, 0.04225
1 0.48883333333333334, 0.479125, 0.030333333333333334, 0.02825
1 0.7785, 0.481125, 0.017666666666666667, 0.0315
1 0.7155, 0.481875, 0.04666666666666667, 0.01275
1 0.8755, 0.482125, 0.029333333333333333, 0.0225
1 0.5965, 0.482875, 0.03933333333333333, 0.02025
1 0.6481666666666667, 0.484375, 0.022333333333333334, 0.0335
1 0.8401666666666666, 0.484375, 0.034666666666666665, 0.0335
1 1.0068333333333332, 0.484625, 0.025333333333333333, 0.0225
1 0.9225, 0.488625, 0.027666666666666666, 0.0355
1 0.7135, 0.491625, 0.04933333333333333, 0.014
1 0.8988333333333334, 0.495125, 0.024, 0.032
1 0.6261666666666666, 0.556375, 0.022, 0.0165
1 0.5815, 0.559625, 0.014333333333333333, 0.01925
1 0.45416666666666666, 0.570875, 0.032, 0.01525
1 0.7885, 0.586375, 0.027, 0.017
1 0.7131666666666666, 0.618875, 0.016, 0.0175
1 1.03218, 0.38747000000000004, 0.04233666666666667, 0.0292175
1 1.03387, 0.38293, 0.03098, 0.026
1 0.8934266666666667, 0.387125, 0.019586666666666665, 0.0304375
1 0.8880100000000001, 0.3700625, 0.030456666666666667, 0.0309375
1 0.8000133333333334, 0.23575, 0.036173333333333335, 0.0148125
1 0.5479266666666667, 0.3075625, 0.04025666666666666, 0.0148125
1 0.55709, 0.316875, 0.02742666666666667, 0.0315625
1 0.5834, 0.2845175, 0.022603333333333333, 0.0283125
1 0.5535033333333333, 0.3004375, 0.04746333333333333, 0.0158425
1 0.6706266666666667, 0.35028, 0.02629, 0.02847
