1 0.69, 0.54, 0.01, 0.01
1 0.71, 0.54, 0.02, 0.01
1 0.73, 0.54, 0.01, 0.01
1 0.74, 0.54, 0.01, 0.01
1 0.72, 0.54, 0.01, 0.01
1 0.68, 0.55, 0.01, 0.00
1 0.70, 0.55, 0.02, 0.01
1 0.75, 0.55, 0.01, 0.01
1 0.74, 0.55, 0.02, 0.01
1 0.71, 0.55, 0.01, 0.01
1 0.65, 0.55, 0.01, 0.01
1 0.77, 0.55, 0.02, 0.01
1 0.64, 0.55, 0.01, 0.01
1 0.68, 0.55, 0.01, 0.01
1 0.70, 0.56, 0.02, 0.01
1 0.65, 0.56, 0.02, 0.01
1 0.69, 0.57, 0.01, 0.01
1 0.70, 0.57, 0.02, 0.01
1 0.68, 0.58, 0.01, 0.01
1 0.82, 0.58, 0.02, 0.01
1 0.93, 0.58, 0.01, 0.01
1 0.63, 0.58, 0.01, 0.01
1 0.66, 0.58, 0.01, 0.01
1 1.01, 0.58, 0.01, 0.01
1 0.71, 0.58, 0.01, 0.01
1 0.72, 0.58, 0.03, 0.01
1 0.95, 0.58, 0.02, 0.01
1 0.96, 0.58, 0.02, 0.01
1 1.03, 0.58, 0.01, 0.01
1 0.69, 0.58, 0.01, 0.01
1 0.74, 0.58, 0.01, 0.01
1 0.90, 0.58, 0.01, 0.01
1 0.97, 0.58, 0.01, 0.01
1 0.88, 0.58, 0.01, 0.01
1 0.94, 0.58, 0.01, 0.01
1 0.61, 0.58, 0.02, 0.01
1 0.75, 0.58, 0.01, 0.01
1 0.65, 0.58, 0.01, 0.01
1 0.68, 0.58, 0.01, 0.01
1 1.00, 0.58, 0.01, 0.01
1 0.95, 0.59, 0.01, 0.01
1 0.98, 0.58, 0.01, 0.01
1 0.64, 0.59, 0.01, 0.02
1 1.11, 0.59, 0.01, 0.01
1 0.79, 0.59, 0.01, 0.01
1 1.04, 0.59, 0.01, 0.01
1 0.50, 0.59, 0.02, 0.01
1 0.83, 0.59, 0.02, 0.01
1 0.77, 0.59, 0.02, 0.01
1 1.05, 0.59, 0.01, 0.01
1 1.08, 0.59, 0.02, 0.01
1 1.00, 0.59, 0.02, 0.01
1 0.49, 0.59, 0.01, 0.01
1 0.58, 0.59, 0.01, 0.01
1 0.48, 0.59, 0.01, 0.01
1 0.61, 0.59, 0.02, 0.01
1 0.67, 0.59, 0.02, 0.01
1 0.16, 0.59, 0.02, 0.01
1 0.63, 0.59, 0.01, 0.01
1 0.35, 0.59, 0.03, 0.01
1 0.72, 0.59, 0.01, 0.01
1 0.70, 0.60, 0.02, 0.01
1 0.56, 0.60, 0.02, 0.01
1 0.65, 0.60, 0.01, 0.01
1 0.73, 0.60, 0.02, 0.01
1 0.55, 0.60, 0.01, 0.01
1 0.49, 0.60, 0.01, 0.01
1 0.60, 0.60, 0.01, 0.02
1 0.59, 0.61, 0.01, 0.02
1 1.07, 0.60, 0.02, 0.02
1 0.61, 0.60, 0.01, 0.01
1 0.48, 0.60, 0.01, 0.01
1 0.28, 0.60, 0.01, 0.01
1 1.09, 0.60, 0.02, 0.02
1 0.99, 0.61, 0.02, 0.01
1 0.98, 0.61, 0.02, 0.01
1 1.01, 0.61, 0.02, 0.01
1 0.31, 0.61, 0.02, 0.01
1 0.24, 0.61, 0.02, 0.01
1 0.26, 0.61, 0.02, 0.01
1 0.24, 0.61, 0.02, 0.01
1 0.28, 0.61, 0.02, 0.01
1 0.91, 0.61, 0.02, 0.01
1 0.23, 0.61, 0.02, 0.01
1 0.90, 0.61, 0.01, 0.01
1 0.46, 0.61, 0.02, 0.01
1 0.87, 0.61, 0.02, 0.01
1 0.33, 0.61, 0.02, 0.01
1 0.43, 0.61, 0.02, 0.01
1 0.42, 0.61, 0.02, 0.01
1 0.69, 0.61, 0.01, 0.01
1 0.78, 0.61, 0.01, 0.01
1 0.49, 0.61, 0.01, 0.01
1 1.03, 0.61, 0.01, 0.01
1 1.04, 0.61, 0.01, 0.01
1 0.48, 0.61, 0.01, 0.02
1 0.76, 0.61, 0.01, 0.01
1 0.10, 0.61, 0.02, 0.01
1 0.29, 0.61, 0.02, 0.01
1 0.55, 0.61, 0.01, 0.01
1 0.57, 0.61, 0.02, 0.01
1 0.73, 0.61, 0.01, 0.01
1 0.67, 0.61, 0.01, 0.02
1 0.70, 0.61, 0.01, 0.01
1 0.83, 0.62, 0.02, 0.01
1 0.32, 0.61, 0.02, 0.01
1 0.75, 0.61, 0.01, 0.01
1 0.45, 0.61, 0.01, 0.01
1 0.50, 0.61, 0.02, 0.01
1 0.64, 0.61, 0.02, 0.01
1 0.82, 0.61, 0.01, 0.01
1 0.86, 0.61, 0.01, 0.01
1 0.94, 0.61, 0.03, 0.02
1 0.52, 0.61, 0.01, 0.01
1 0.80, 0.61, 0.01, 0.02
1 0.97, 0.61, 0.01, 0.01
1 0.63, 0.61, 0.01, 0.01
1 0.69, 0.61, 0.01, 0.01
1 0.72, 0.61, 0.01, 0.01
1 0.77, 0.62, 0.02, 0.01
1 0.76, 0.62, 0.01, 0.01
1 0.66, 0.62, 0.01, 0.01
1 0.88, 0.62, 0.02, 0.01
1 1.07, 0.62, 0.02, 0.01
1 0.67, 0.62, 0.01, 0.01
1 0.71, 0.62, 0.01, 0.01
1 0.08, 0.62, 0.02, 0.01
1 0.07, 0.62, 0.02, 0.01
1 1.04, 0.62, 0.02, 0.01
1 0.56, 0.62, 0.02, 0.01
1 0.82, 0.62, 0.02, 0.01
1 0.11, 0.62, 0.03, 0.01
1 0.68, 0.62, 0.01, 0.01
1 0.96, 0.65, 0.01, 0.01
1 1.10, 0.65, 0.02, 0.02
1 0.67, 0.65, 0.01, 0.01
1 1.14, 0.65, 0.01, 0.01
1 0.64, 0.65, 0.02, 0.01
1 1.26, 0.65, 0.02, 0.01
1 1.32, 0.66, 0.02, 0.01
1 0.74, 0.67, 0.02, 0.01
1 0.77, 0.70, 0.01, 0.01
1 0.05, 0.62, 0.02, 0.01
1 0.10, 0.64, 0.02, 0.01
1 0.20, 0.61, 0.03, 0.01
1 0.38, 0.62, 0.02, 0.01
1 0.40, 0.61, 0.03, 0.01
1 0.47, 0.59, 0.02, 0.01
1 0.59, 0.59, 0.02, 0.01
1 0.79, 0.61, 0.01, 0.01
1 0.80, 0.61, 0.01, 0.01
1 0.84, 0.61, 0.01, 0.01
1 0.83, 0.61, 0.02, 0.01
1 1.16, 0.66, 0.01, 0.01
1 1.02, 0.58, 0.01, 0.01
1 1.02, 0.58, 0.02, 0.01
1 0.92, 0.58, 0.01, 0.01
1 0.91, 0.58, 0.01, 0.01
1 0.80, 0.59, 0.01, 0.01
1 0.80, 0.58, 0.02, 0.01
1 0.73, 0.54, 0.01, 0.00
1 0.73, 0.55, 0.02, 0.01
1 0.70, 0.54, 0.01, 0.00
1 0.71, 0.55, 0.01, 0.01
1 0.70, 0.55, 0.01, 0.01
1 0.69, 0.55, 0.02, 0.01
1 0.69, 0.56, 0.02, 0.01
1 0.66, 0.55, 0.02, 0.01
1 0.65, 0.56, 0.02, 0.01
1 0.73, 0.62, 0.01, 0.01
1 0.67, 0.58, 0.02, 0.01
1 0.66, 0.59, 0.01, 0.01
1 0.62, 0.61, 0.01, 0.02
1 0.62, 0.60, 0.02, 0.01
1 0.42, 0.61, 0.02, 0.01
