1 1.0492050438596492, 0.02549342105263158, 0.03179824561403509, 0.023940058479532164
1 0.8915844298245614, 0.02860014619883041, 0.039473684210526314, 0.017726608187134504
1 0.9088541666666666, 0.028782894736842105, 0.046875, 0.013706140350877192
1 1.177220394736842, 0.028782894736842105, 0.026041666666666668, 0.029239766081871343
1 0.9480537280701754, 0.03481359649122807, 0.029605263157894735, 0.024671052631578948
1 1.2194353070175439, 0.03828581871345029, 0.027412280701754384, 0.020650584795321638
1 0.9858826754385965, 0.03993055555555555, 0.019736842105263157, 0.02503654970760234
1 1.0604440789473684, 0.04047880116959064, 0.03974780701754386, 0.02138157894736842
1 0.9244791666666666, 0.042306286549707604, 0.03728070175438596, 0.012792397660818713
1 0.8734923245614035, 0.0478344298245614, 0.04430372807017544, 0.011467470760233918
1 0.9041940789473685, 0.05400219298245614, 0.047697368421052634, 0.011878654970760233
1 1.2504111842105263, 0.043402777777777776, 0.0478344298245614, 0.017726608187134504
1 1.2687774122807018, 0.04632675438596491, 0.0581140350877193, 0.017361111111111112
1 1.2367050438596492, 0.052540204678362575, 0.020285087719298246, 0.03271198830409357
1 1.0352247807017543, 0.04358552631578947, 0.026041666666666668, 0.03399122807017544
1 0.8068804824561403, 0.044499269005847955, 0.034265350877192985, 0.022112573099415205
1 0.8384046052631579, 0.04504751461988304, 0.031524122807017545, 0.027777777777777776
1 1.402549342105263, 0.04596125730994152, 0.027960526315789474, 0.02540204678362573
1 1.4318804824561404, 0.055098684210526314, 0.026589912280701754, 0.026133040935672515
1 1.4176260964912282, 0.07081505847953216, 0.023026315789473683, 0.028691520467836257
1 1.3885690789473684, 0.08324195906432749, 0.03508771929824561, 0.029513888888888888
1 1.4253015350877194, 0.0958296783625731, 0.04523026315789474, 0.02578947368421053
1 1.425986842105263, 0.10864400584795321, 0.03358004385964912, 0.02412280701754386
1 1.4019325657894737, 0.10878106725146199, 0.047765899122807015, 0.02837171052631579
1 1.383360745614035, 0.11120248538011696, 0.041666666666666664, 0.03252923976608187
1 1.4030975877192982, 0.11613669590643275, 0.03508771929824561, 0.027412280701754384
1 1.0064418859649122, 0.04815423976608187, 0.01918859649122807, 0.031067251461988302
1 0.9686129385964912, 0.05016447368421053, 0.02055921052631579, 0.0266812865497076
1 0.9521655701754386, 0.049890350877192985, 0.02563048245614035, 0.02055921052631579
1 0.8847313596491229, 0.06460160818713451, 0.049342105263157895, 0.021198830409356724
1 0.9329769736842105, 0.0651498538011696, 0.03508771929824561, 0.012792397660818713
1 1.0683936403508771, 0.04998172514619883, 0.041666666666666664, 0.019736842105263157
1 1.1703673245614035, 0.05071271929824561, 0.02138157894736842, 0.03399122807017544
1 1.456825657894737, 0.051443713450292396, 0.026589912280701754, 0.025219298245614034
1 1.4743695175438596, 0.057474415204678365, 0.02549342105263158, 0.027412280701754384
1 1.4403782894736843, 0.07026681286549707, 0.03453947368421053, 0.026133040935672515
1 1.055235745614035, 0.06752558479532164, 0.03700657894736842, 0.026498538011695907
1 1.0982730263157894, 0.07447002923976608, 0.03782894736842105, 0.03252923976608187
1 1.1440515350877194, 0.05180921052631579, 0.02823464912280702, 0.030153508771929825
1 1.3493695175438596, 0.052540204678362575, 0.030153508771929825, 0.022112573099415205
1 1.3460800438596492, 0.06734283625730994, 0.033168859649122806, 0.025950292397660817
1 1.0039747807017543, 0.09877558479532164, 0.028782894736842105, 0.028143274853801168
1 1.2158717105263157, 0.05455043859649123, 0.023300438596491228, 0.03125
1 0.864172149122807, 0.05546418128654971, 0.0424890350877193, 0.01663011695906433
1 1.1966831140350878, 0.0560124269005848, 0.026041666666666668, 0.03216374269005848
1 1.179139254385965, 0.06843932748538012, 0.029331140350877194, 0.03125
1 1.291529605263158, 0.08890716374269006, 0.03070175438596491, 0.030519005847953216
1 1.3129111842105263, 0.10462353801169591, 0.0268640350877193, 0.02887426900584795
1 1.0804550438596492, 0.057291666666666664, 0.03125, 0.026133040935672515
1 0.983141447368421, 0.05911915204678363, 0.026041666666666668, 0.023391812865497075
1 0.9672423245614035, 0.0783077485380117, 0.020833333333333332, 0.02942251461988304
1 0.9814967105263158, 0.07885599415204679, 0.02631578947368421, 0.03326023391812866
1 0.9828673245614035, 0.09914108187134503, 0.031524122807017545, 0.027960526315789474
1 1.2783717105263157, 0.06789108187134503, 0.023300438596491228, 0.033808479532163746
1 0.7778234649122807, 0.061677631578947366, 0.031524122807017545, 0.02850877192982456
1 1.3781524122807018, 0.06259137426900585, 0.041666666666666664, 0.019371345029239765
1 1.3778782894736843, 0.06825657894736842, 0.04413377192982456, 0.027960526315789474
1 1.3167489035087718, 0.06332236842105263, 0.02138157894736842, 0.02722953216374269
1 1.3342927631578947, 0.06460160818713451, 0.018092105263157895, 0.019371345029239765
1 0.8093475877192983, 0.06569809941520467, 0.04358552631578947, 0.021929824561403508
1 0.7865953947368421, 0.0867141812865497, 0.04194078947368421, 0.021929824561403508
1 1.1325383771929824, 0.06679459064327485, 0.04139254385964912, 0.029605263157894735
1 1.1336348684210527, 0.082328216374269, 0.023026315789473683, 0.03709795321637427
1 1.1552905701754386, 0.09237938596491228, 0.046600877192982455, 0.01918859649122807
1 0.8921326754385965, 0.0735562865497076, 0.05756578947368421, 0.013888888888888888
1 0.9294133771929824, 0.07447002923976608, 0.04632675438596491, 0.02138157894736842
1 1.3597861842105263, 0.07483552631578948, 0.02905701754385965, 0.029788011695906433
1 1.045093201754386, 0.0826937134502924, 0.04468201754385965, 0.01882309941520468
1 1.3214089912280702, 0.08452119883040936, 0.023848684210526317, 0.024853801169590642
1 1.4729989035087718, 0.11083698830409357, 0.026589912280701754, 0.027777777777777776
1 1.4590186403508771, 0.11631944444444445, 0.04057017543859649, 0.02850877192982456
1 1.213404605263158, 0.08543494152046784, 0.03481359649122807, 0.02722953216374269
1 1.238075657894737, 0.08616593567251463, 0.041666666666666664, 0.02046783625730994
1 0.9036458333333334, 0.08653143274853801, 0.05112390350877193, 0.02046783625730994
1 0.8882949561403509, 0.08726242690058479, 0.05263157894736842, 0.02448830409356725
1 0.7136787280701754, 0.08781067251461988, 0.02631578947368421, 0.03508771929824561
1 0.6914747807017544, 0.09347587719298246, 0.027138157894736843, 0.02850877192982456
1 0.6229440789473685, 0.08872441520467836, 0.04468201754385965, 0.026498538011695907
1 0.8756853070175439, 0.08872441520467836, 0.026589912280701754, 0.025950292397660817
1 1.3397752192982457, 0.0912828947368421, 0.022203947368421052, 0.03234649122807018
1 0.8575932017543859, 0.09329312865497076, 0.02275219298245614, 0.021198830409356724
1 0.7290296052631579, 0.09347587719298246, 0.030153508771929825, 0.03033625730994152
1 0.9431195175438597, 0.09384137426900585, 0.027960526315789474, 0.03326023391812866
1 0.9499725877192983, 0.10663377192982457, 0.033168859649122806, 0.027046783625730993
1 1.3628015350877194, 0.09585160818713451, 0.03728070175438596, 0.023026315789473683
1 1.2635690789473684, 0.09804459064327485, 0.03755482456140351, 0.03216374269005848
1 0.7687774122807017, 0.09914108187134503, 0.023848684210526317, 0.02850877192982456
1 0.7923519736842105, 0.10133406432748537, 0.049342105263157895, 0.017909356725146198
1 0.7531524122807017, 0.10809576023391813, 0.022478070175438597, 0.02101608187134503
1 1.054139254385965, 0.09968932748538012, 0.0625, 0.01882309941520468
1 1.1158168859649122, 0.0998720760233918, 0.039473684210526314, 0.034173976608187134
1 1.2065515350877194, 0.10169956140350878, 0.033717105263157895, 0.02631578947368421
1 1.0176809210526316, 0.10572002923976608, 0.04029605263157895, 0.028691520467836257
1 1.245202850877193, 0.10645102339181287, 0.041666666666666664, 0.03874269005847953
1 0.9140625, 0.10681652046783625, 0.034265350877192985, 0.02887426900584795
1 1.1689967105263157, 0.1091922514619883, 0.04276315789473684, 0.031980994152046784
1 0.8315515350877193, 0.1095577485380117, 0.0268640350877193, 0.03234649122807018
1 0.8066063596491229, 0.12563961988304093, 0.028782894736842105, 0.029970760233918127
1 1.045093201754386, 0.10974049707602339, 0.0512609649122807, 0.01699561403508772
1 1.1961348684210527, 0.11010599415204679, 0.03125, 0.031615497076023395
1 0.9030975877192983, 0.11211622807017543, 0.024396929824561403, 0.030519005847953216
1 0.8718475877192983, 0.13952850877192982, 0.046052631578947366, 0.02722953216374269
1 0.8578673245614035, 0.11266447368421052, 0.04577850877192982, 0.015716374269005847
1 1.088404605263158, 0.11577119883040936, 0.042214912280701754, 0.030884502923976608
1 0.6824287280701754, 0.11723318713450293, 0.03536184210526316, 0.023940058479532164
1 1.3680098684210527, 0.11705043859649122, 0.05592105263157895, 0.034722222222222224
1 1.3770559210526316, 0.13843201754385964, 0.04797149122807018, 0.025767543859649123
1 0.6380208333333334, 0.11741593567251463, 0.046052631578947366, 0.017543859649122806
1 0.7706962719298246, 0.1188779239766082, 0.0424890350877193, 0.026133040935672515
1 1.1119791666666667, 0.1188779239766082, 0.03481359649122807, 0.021564327485380116
1 1.2876918859649122, 0.12033991228070176, 0.027412280701754384, 0.025584795321637425
1 0.8652686403508771, 0.12216739766081872, 0.04057017543859649, 0.0268640350877193
1 0.8416940789473685, 0.12637061403508773, 0.041666666666666664, 0.01516812865497076
1 0.8236019736842105, 0.1366045321637427, 0.05619517543859649, 0.023391812865497075
1 0.770422149122807, 0.15944809941520469, 0.05756578947368421, 0.023574561403508772
1 1.1552905701754386, 0.1223501461988304, 0.029605263157894735, 0.031067251461988302
1 0.719983552631579, 0.12344663742690058, 0.049342105263157895, 0.017178362573099414
1 1.2405427631578947, 0.12362938596491228, 0.03974780701754386, 0.03216374269005848
1 1.3504660087719298, 0.12362938596491228, 0.0268640350877193, 0.034173976608187134
1 1.0601699561403508, 0.12436038011695906, 0.02850877192982456, 0.03125
1 1.0837445175438596, 0.1528691520467836, 0.0356359649122807, 0.028143274853801168
1 1.0483826754385965, 0.15487938596491227, 0.03837719298245614, 0.021198830409356724
1 0.9790296052631579, 0.12600511695906433, 0.034265350877192985, 0.02540204678362573
1 1.023985745614035, 0.1271016081871345, 0.043859649122807015, 0.027595029239766082
1 1.226014254385965, 0.12819809941520469, 0.0356359649122807, 0.033808479532163746
1 1.088404605263158, 0.12856359649122806, 0.038651315789473686, 0.023940058479532164
1 1.3370339912280702, 0.13112207602339182, 0.02987938596491228, 0.03782894736842105
1 1.319764254385965, 0.13623903508771928, 0.028782894736842105, 0.03453947368421053
1 1.2783717105263157, 0.14738669590643275, 0.027960526315789474, 0.036366959064327485
1 1.302220394736842, 0.14738669590643275, 0.029331140350877194, 0.03234649122807018
1 0.6193804824561403, 0.132218567251462, 0.046600877192982455, 0.02010233918128655
1 0.9151589912280702, 0.1356907894736842, 0.027960526315789474, 0.03271198830409357
1 1.133360745614035, 0.1356907894736842, 0.025767543859649123, 0.031980994152046784
1 1.1064967105263157, 0.14720394736842105, 0.038651315789473686, 0.016812865497076022
1 0.7885142543859649, 0.13788377192982457, 0.025767543859649123, 0.023757309941520467
1 1.4560032894736843, 0.13824926900584794, 0.0434484649122807, 0.021198830409356724
1 1.1777686403508771, 0.13971125730994152, 0.04632675438596491, 0.013523391812865496
1 0.7430098684210527, 0.14153874269005848, 0.023026315789473683, 0.0266812865497076
1 0.9359923245614035, 0.14373172514619884, 0.026589912280701754, 0.02266081871345029
1 0.9263980263157895, 0.16091008771929824, 0.027412280701754384, 0.02010233918128655
1 1.4244791666666667, 0.1453764619883041, 0.034265350877192985, 0.03545321637426901
1 0.8866502192982456, 0.1457419590643275, 0.032072368421052634, 0.029970760233918127
1 1.0305646929824561, 0.14811769005847952, 0.03070175438596491, 0.02722953216374269
1 1.4754660087719298, 0.15250365497076024, 0.02412280701754386, 0.031980994152046784
1 1.485608552631579, 0.2034904970760234, 0.01425438596491228, 0.02631578947368421
1 1.1607730263157894, 0.15341739766081872, 0.06304824561403509, 0.017361111111111112
1 0.9721765350877193, 0.15232090643274854, 0.0556469298245614, 0.015899122807017545
1 1.354577850877193, 0.15323464912280702, 0.04029605263157895, 0.029239766081871343
1 1.2567160087719298, 0.15597587719298245, 0.03179824561403509, 0.0403874269005848
1 1.2811129385964912, 0.18393640350877194, 0.033717105263157895, 0.04075292397660819
1 1.2671326754385965, 0.22121710526315788, 0.04824561403508772, 0.03399122807017544
1 1.3082510964912282, 0.23108552631578946, 0.03700657894736842, 0.02887426900584795
1 0.9403782894736842, 0.15634137426900585, 0.03892543859649123, 0.034173976608187134
1 0.8159265350877193, 0.16036184210526316, 0.03974780701754386, 0.01644736842105263
1 1.3773300438596492, 0.16493055555555555, 0.05098684210526316, 0.025950292397660817
1 1.1843475877192982, 0.16968201754385964, 0.031524122807017545, 0.03271198830409357
1 1.1703673245614035, 0.18667763157894737, 0.04550438596491228, 0.02631578947368421
1 1.0179550438596492, 0.17370248538011696, 0.04057017543859649, 0.03435672514619883
1 0.973547149122807, 0.1757127192982456, 0.0556469298245614, 0.02138157894736842
1 1.3060581140350878, 0.1753472222222222, 0.05400219298245614, 0.016264619883040937
1 0.8532072368421053, 0.17808845029239767, 0.030975877192982455, 0.034173976608187134
1 1.0596217105263157, 0.17808845029239767, 0.038651315789473686, 0.029970760233918127
1 1.0922423245614035, 0.17845394736842105, 0.024945175438596492, 0.03837719298245614
1 0.6092379385964912, 0.18192616959064328, 0.02823464912280702, 0.03527046783625731
1 0.6700932017543859, 0.18466739766081872, 0.033717105263157895, 0.03326023391812866
1 0.7243695175438597, 0.18503289473684212, 0.024396929824561403, 0.029605263157894735
1 0.5001370614035088, 0.1853983918128655, 0.03536184210526316, 0.028143274853801168
1 0.9598410087719298, 0.1853983918128655, 0.021107456140350877, 0.029788011695906433
1 0.6988760964912281, 0.18612938596491227, 0.02850877192982456, 0.024305555555555556
1 0.6950383771929824, 0.20202850877192982, 0.027412280701754384, 0.039108187134502925
1 0.6437774122807017, 0.18612938596491227, 0.03262061403508772, 0.034722222222222224
1 0.6270559210526315, 0.1943530701754386, 0.022478070175438597, 0.033625730994152045
1 1.3507401315789473, 0.18631213450292397, 0.03042763157894737, 0.03490497076023392
1 0.7811129385964912, 0.18704312865497075, 0.03919956140350877, 0.031980994152046784
1 1.4107730263157894, 0.18704312865497075, 0.032072368421052634, 0.03728070175438596
1 1.3847313596491229, 0.18777412280701755, 0.030153508771929825, 0.034173976608187134
1 0.573327850877193, 0.19252558479532164, 0.024396929824561403, 0.036915204678362575
1 0.9743695175438597, 0.19526681286549707, 0.020833333333333332, 0.031980994152046784
1 0.5966282894736842, 0.19892178362573099, 0.015076754385964912, 0.02412280701754386
1 0.8696546052631579, 0.1994700292397661, 0.03399122807017544, 0.028143274853801168
1 0.8773300438596491, 0.21061769005847952, 0.03289473684210526, 0.0222953216374269
1 1.0308388157894737, 0.20020102339181287, 0.027960526315789474, 0.028143274853801168
1 1.2964638157894737, 0.20111476608187134, 0.02905701754385965, 0.0400219298245614
1 1.4354440789473684, 0.20111476608187134, 0.02823464912280702, 0.031615497076023395
1 0.9957510964912281, 0.20166301169590642, 0.046875, 0.027777777777777776
1 1.2468475877192982, 0.2029422514619883, 0.02850877192982456, 0.030153508771929825
1 0.5174067982456141, 0.20440423976608188, 0.04523026315789474, 0.03033625730994152
1 0.4433936403508772, 0.20641447368421054, 0.03618421052631579, 0.03070175438596491
1 1.224095394736842, 0.20586622807017543, 0.023848684210526317, 0.0400219298245614
1 1.0683936403508771, 0.20879020467836257, 0.024945175438596492, 0.029970760233918127
1 1.0470120614035088, 0.2153691520467836, 0.023026315789473683, 0.03179824561403509
1 1.159950657894737, 0.20879020467836257, 0.033168859649122806, 0.03033625730994152
1 1.0908717105263157, 0.20933845029239767, 0.05235745614035088, 0.027960526315789474
1 0.7188870614035088, 0.21025219298245615, 0.024671052631578948, 0.03234649122807018
1 0.47574013157894735, 0.21116593567251463, 0.0400219298245614, 0.030884502923976608
1 1.1229440789473684, 0.21116593567251463, 0.039473684210526314, 0.02850877192982456
1 1.3307291666666667, 0.2120796783625731, 0.034265350877192985, 0.030519005847953216
1 1.3792489035087718, 0.22322733918128654, 0.03481359649122807, 0.03709795321637427
1 1.3595120614035088, 0.2254203216374269, 0.04523026315789474, 0.036366959064327485
1 0.5582510964912281, 0.21354166666666666, 0.03234649122807018, 0.0402046783625731
1 0.8304550438596491, 0.21591739766081872, 0.027138157894736843, 0.03673245614035088
1 0.9165296052631579, 0.21591739766081872, 0.04303728070175439, 0.03070175438596491
1 0.9168037280701754, 0.22779605263157895, 0.02549342105263158, 0.02540204678362573
1 0.9568256578947368, 0.23199926900584794, 0.04070723684210526, 0.013706140350877192
1 0.9899945175438597, 0.23638523391812866, 0.026041666666666668, 0.037463450292397664
1 1.1953125, 0.21619152046783627, 0.029605263157894735, 0.04523026315789474
1 0.7421875, 0.2170138888888889, 0.03289473684210526, 0.03453947368421053
1 0.9461348684210527, 0.2168311403508772, 0.0581140350877193, 0.02266081871345029
1 0.6711896929824561, 0.21792763157894737, 0.03042763157894737, 0.03728070175438596
1 1.386924342105263, 0.21847587719298245, 0.05180921052631579, 0.03673245614035088
1 0.5952576754385965, 0.22176535087719298, 0.034265350877192985, 0.03728070175438596
1 0.6278782894736842, 0.22231359649122806, 0.03453947368421053, 0.04312865497076023
1 0.5881304824561403, 0.2574013157894737, 0.05455043859649123, 0.012609649122807017
1 0.7835800438596491, 0.22249634502923976, 0.03673245614035088, 0.03983918128654971
1 0.7948190789473685, 0.23601973684210525, 0.03399122807017544, 0.03399122807017544
1 0.8564967105263158, 0.22633406432748537, 0.02905701754385965, 0.041666666666666664
1 1.420641447368421, 0.22779605263157895, 0.06633771929824561, 0.033625730994152045
1 1.4751918859649122, 0.23254751461988304, 0.024396929824561403, 0.024305555555555556
1 0.45682565789473684, 0.2296235380116959, 0.0356359649122807, 0.025584795321637425
1 0.4376370614035088, 0.23729897660818713, 0.027412280701754384, 0.019554093567251463
1 0.8803453947368421, 0.2298062865497076, 0.02768640350877193, 0.033808479532163746
1 0.9072094298245614, 0.24680190058479531, 0.05838815789473684, 0.02448830409356725
1 1.020422149122807, 0.2296235380116959, 0.02905701754385965, 0.04075292397660819
1 0.41296600877192985, 0.23382675438596492, 0.023300438596491228, 0.021929824561403508
1 1.1739309210526316, 0.23364400584795322, 0.03125, 0.04203216374269006
1 1.248218201754386, 0.2340095029239766, 0.03070175438596491, 0.036366959064327485
1 1.0645559210526316, 0.23729897660818713, 0.03974780701754386, 0.02942251461988304
1 1.064281798245614, 0.25338084795321636, 0.025767543859649123, 0.03709795321637427
1 1.114720394736842, 0.2389437134502924, 0.03125, 0.028326023391812866
1 0.967516447368421, 0.24186769005847952, 0.0268640350877193, 0.030519005847953216
1 0.9634046052631579, 0.27129020467836257, 0.0381030701754386, 0.019736842105263157
1 1.2208059210526316, 0.24223318713450293, 0.03755482456140351, 0.028691520467836257
1 0.6996984649122807, 0.24259868421052633, 0.049342105263157895, 0.013523391812865496
1 0.645422149122807, 0.24424342105263158, 0.03070175438596491, 0.033625730994152045
1 1.2745339912280702, 0.24533991228070176, 0.028782894736842105, 0.02850877192982456
1 1.329906798245614, 0.2466191520467836, 0.0381030701754386, 0.03764619883040936
1 1.3699287280701755, 0.2561220760233918, 0.024945175438596492, 0.03728070175438596
1 1.2780975877192982, 0.26069078947368424, 0.05537280701754386, 0.02320906432748538
1 1.4398300438596492, 0.2612390350877193, 0.03042763157894737, 0.039108187134502925
1 1.2715186403508771, 0.2793311403508772, 0.061677631578947366, 0.017909356725146198
1 1.3109923245614035, 0.2831688596491228, 0.06606359649122807, 0.020833333333333332
1 1.2386239035087718, 0.2833516081871345, 0.05537280701754386, 0.023391812865497075
1 1.4121436403508771, 0.28463084795321636, 0.03042763157894737, 0.034722222222222224
1 1.2929002192982457, 0.29449926900584794, 0.028782894736842105, 0.01918859649122807
1 1.3285361842105263, 0.29449926900584794, 0.06962719298245613, 0.020285087719298246
1 1.4379111842105263, 0.296875, 0.03728070175438596, 0.025219298245614034
1 1.3120888157894737, 0.29925073099415206, 0.027138157894736843, 0.03326023391812866
1 1.352110745614035, 0.3096673976608187, 0.03399122807017544, 0.03271198830409357
1 1.2929002192982457, 0.31240862573099415, 0.03618421052631579, 0.029239766081871343
1 1.3260690789473684, 0.3146016081871345, 0.03344298245614035, 0.02942251461988304
1 1.4532620614035088, 0.3151498538011696, 0.04632675438596491, 0.0266812865497076
1 1.4280427631578947, 0.31661184210526316, 0.0356359649122807, 0.017178362573099414
1 1.4370888157894737, 0.32629751461988304, 0.06277412280701754, 0.05921052631578947
1 1.3841831140350878, 0.328125, 0.03919956140350877, 0.028691520467836257
1 1.361156798245614, 0.3290387426900585, 0.03289473684210526, 0.028143274853801168
1 1.4132401315789473, 0.33068347953216376, 0.024396929824561403, 0.03618421052631579
1 1.4801260964912282, 0.3370796783625731, 0.019462719298245616, 0.02722953216374269
1 1.291529605263158, 0.3385416666666667, 0.03755482456140351, 0.041849415204678365
1 1.3013980263157894, 0.33890716374269003, 0.043859649122807015, 0.02942251461988304
1 1.3414199561403508, 0.33927266081871343, 0.0400219298245614, 0.03983918128654971
1 1.4305098684210527, 0.34329312865497075, 0.04139254385964912, 0.02540204678362573
1 1.389391447368421, 0.355171783625731, 0.05098684210526316, 0.03527046783625731
1 1.0418037280701755, 0.24753289473684212, 0.026041666666666668, 0.03033625730994152
1 1.1481633771929824, 0.2484466374269006, 0.022203947368421052, 0.0268640350877193
1 1.159950657894737, 0.26690423976608185, 0.03262061403508772, 0.04806286549707602
1 1.1361019736842106, 0.29851973684210525, 0.03536184210526316, 0.0402046783625731
1 1.0714089912280702, 0.3147843567251462, 0.04742324561403509, 0.03179824561403509
1 1.0831962719298245, 0.32245979532163743, 0.04523026315789474, 0.030519005847953216
1 1.0434484649122806, 0.3237390350877193, 0.029605263157894735, 0.019736842105263157
1 0.4409265350877193, 0.24936038011695907, 0.0556469298245614, 0.018457602339181287
1 0.6933936403508771, 0.2522843567251462, 0.05619517543859649, 0.023940058479532164
1 0.5305646929824561, 0.255391081871345, 0.05482456140350877, 0.017543859649122806
1 0.46313048245614036, 0.2559393274853801, 0.05838815789473684, 0.012609649122807017
1 0.4220120614035088, 0.2563048245614035, 0.04303728070175439, 0.019736842105263157
1 0.40145285087719296, 0.2619700292397661, 0.04029605263157895, 0.019736842105263157
1 0.4683388157894737, 0.2665387426900585, 0.05180921052631579, 0.010051169590643274
1 0.34470942982456143, 0.2575840643274854, 0.046052631578947366, 0.01608187134502924
1 0.37787828947368424, 0.26069078947368424, 0.024671052631578948, 0.036366959064327485
1 0.9255756578947368, 0.2574013157894737, 0.04797149122807018, 0.0266812865497076
1 1.1931195175438596, 0.2588633040935672, 0.03782894736842105, 0.03234649122807018
1 1.2112116228070176, 0.2701937134502924, 0.052083333333333336, 0.024305555555555556
1 1.3935032894736843, 0.26069078947368424, 0.036458333333333336, 0.03289473684210526
1 0.6657072368421053, 0.2616045321637427, 0.02631578947368421, 0.028143274853801168
1 1.4812225877192982, 0.2619700292397661, 0.01850328947368421, 0.030519005847953216
1 0.6859923245614035, 0.26379751461988304, 0.032072368421052634, 0.039108187134502925
1 0.5187774122807017, 0.26434576023391815, 0.03179824561403509, 0.03216374269005848
1 0.7506853070175439, 0.2654422514619883, 0.03399122807017544, 0.026133040935672515
1 0.7046326754385965, 0.2725694444444444, 0.05674342105263158, 0.024305555555555556
1 0.713952850877193, 0.2871893274853801, 0.052083333333333336, 0.01023391812865497
1 0.7526041666666666, 0.2899305555555556, 0.023848684210526317, 0.04258040935672515
1 0.7342379385964912, 0.2928545321637427, 0.027960526315789474, 0.0403874269005848
1 0.6996984649122807, 0.2963267543859649, 0.04057017543859649, 0.011878654970760233
1 1.086485745614035, 0.2658077485380117, 0.02412280701754386, 0.026133040935672515
1 0.8381304824561403, 0.2687317251461988, 0.051535087719298246, 0.018457602339181287
1 0.5900493421052632, 0.26781798245614036, 0.06524122807017543, 0.016264619883040937
1 1.0039747807017543, 0.2690972222222222, 0.04139254385964912, 0.031432748538011694
1 0.9902686403508771, 0.2701937134502924, 0.03837719298245614, 0.016264619883040937
1 1.1092379385964912, 0.2723866959064328, 0.05537280701754386, 0.030519005847953216
1 1.4677905701754386, 0.27147295321637427, 0.02905701754385965, 0.027777777777777776
1 1.4751918859649122, 0.29577850877192985, 0.024396929824561403, 0.025767543859649123
1 0.35649671052631576, 0.27183845029239767, 0.027960526315789474, 0.03837719298245614
1 0.41433662280701755, 0.2733004385964912, 0.0581140350877193, 0.017361111111111112
1 0.47162828947368424, 0.2738486842105263, 0.05756578947368421, 0.01918859649122807
1 0.4680646929824561, 0.27768640350877194, 0.024396929824561403, 0.02631578947368421
1 0.4340734649122807, 0.280062134502924, 0.04303728070175439, 0.025767543859649123
1 0.38774671052631576, 0.2864583333333333, 0.05235745614035088, 0.019736842105263157
1 0.5379660087719298, 0.2738486842105263, 0.042214912280701754, 0.02942251461988304
1 0.5642817982456141, 0.27677266081871343, 0.05482456140350877, 0.017909356725146198
1 0.5900493421052632, 0.28134137426900585, 0.041666666666666664, 0.02722953216374269
1 0.5670230263157895, 0.2831688596491228, 0.041666666666666664, 0.02503654970760234
1 0.6521381578947368, 0.2886513157894737, 0.0390625, 0.01827485380116959
1 0.5483826754385965, 0.29961622807017546, 0.024396929824561403, 0.03764619883040936
1 0.5656524122807017, 0.2999817251461988, 0.025767543859649123, 0.036915204678362575
1 0.5766173245614035, 0.3098501461988304, 0.03892543859649123, 0.03307748538011696
1 1.0245339912280702, 0.27768640350877194, 0.038651315789473686, 0.019005847953216373
1 0.8438870614035088, 0.2795138888888889, 0.02631578947368421, 0.03033625730994152
1 0.8260690789473685, 0.28188961988304095, 0.02055921052631579, 0.011513157894736841
1 0.8087993421052632, 0.2837171052631579, 0.047697368421052634, 0.021929824561403508
1 0.7909813596491229, 0.28572733918128657, 0.032072368421052634, 0.02320906432748538
1 0.7778234649122807, 0.2902960526315789, 0.03399122807017544, 0.028691520467836257
1 0.8181195175438597, 0.29504751461988304, 0.027960526315789474, 0.02046783625730994
1 0.33045504385964913, 0.2798793859649123, 0.02905701754385965, 0.03654970760233918
1 0.2819353070175439, 0.29468201754385964, 0.05838815789473684, 0.023574561403508772
1 0.8836348684210527, 0.28207236842105265, 0.033717105263157895, 0.015716374269005847
1 0.9247532894736842, 0.2838998538011696, 0.0268640350877193, 0.03399122807017544
1 0.8617050438596491, 0.2870065789473684, 0.026041666666666668, 0.02887426900584795
1 0.8669133771929824, 0.31551535087719296, 0.017269736842105265, 0.023940058479532164
1 1.020970394736842, 0.2891995614035088, 0.04577850877192982, 0.029605263157894735
1 1.020970394736842, 0.313687865497076, 0.03919956140350877, 0.015716374269005847
1 0.4790296052631579, 0.2899305555555556, 0.05592105263157895, 0.015533625730994151
1 0.8877467105263158, 0.29120979532163743, 0.042214912280701754, 0.019005847953216373
1 1.1843475877192982, 0.29120979532163743, 0.04468201754385965, 0.027777777777777776
1 1.2438322368421053, 0.30180921052631576, 0.03042763157894737, 0.03527046783625731
1 1.2284813596491229, 0.3109466374269006, 0.029331140350877194, 0.028691520467836257
1 1.1835252192982457, 0.3147843567251462, 0.03782894736842105, 0.03435672514619883
1 1.213404605263158, 0.31935307017543857, 0.04111842105263158, 0.04258040935672515
1 1.1909265350877194, 0.3273940058479532, 0.030153508771929825, 0.031980994152046784
1 1.253700657894737, 0.3370796783625731, 0.044407894736842105, 0.02905701754385965
1 1.2413651315789473, 0.3420138888888889, 0.05235745614035088, 0.03289473684210526
1 0.9899945175438597, 0.2935855263157895, 0.03974780701754386, 0.031615497076023395
1 0.6295230263157895, 0.29395102339181284, 0.027138157894736843, 0.0268640350877193
1 0.6138980263157895, 0.3175255847953216, 0.03125, 0.023391812865497075
1 0.5217927631578947, 0.2974232456140351, 0.04015899122807018, 0.03289473684210526
1 0.4721765350877193, 0.30180921052631576, 0.06112938596491228, 0.018457602339181287
1 0.7723410087719298, 0.29943347953216376, 0.03125, 0.03618421052631579
1 0.8027686403508771, 0.3142361111111111, 0.047149122807017545, 0.03216374269005848
1 0.7975603070175439, 0.3072916666666667, 0.033717105263157895, 0.029605263157894735
1 1.4902686403508771, 0.3014437134502924, 0.00918311403508772, 0.03070175438596491
1 0.9442160087719298, 0.30199195906432746, 0.060581140350877194, 0.019736842105263157
1 0.9502467105263158, 0.3142361111111111, 0.04111842105263158, 0.015899122807017545
1 0.6947642543859649, 0.30272295321637427, 0.042214912280701754, 0.025584795321637425
1 0.6679002192982456, 0.30327119883040937, 0.03344298245614035, 0.014985380116959063
1 0.40008223684210525, 0.3049159356725146, 0.06633771929824561, 0.017543859649122806
1 0.8416940789473685, 0.3067434210526316, 0.0268640350877193, 0.03216374269005848
1 0.8945997807017544, 0.30783991228070173, 0.0356359649122807, 0.02722953216374269
1 0.8787006578947368, 0.30857090643274854, 0.04111842105263158, 0.03782894736842105
1 0.6415844298245614, 0.3102156432748538, 0.025767543859649123, 0.029239766081871343
1 0.701891447368421, 0.313687865497076, 0.030153508771929825, 0.030884502923976608
1 0.6651589912280702, 0.3144188596491228, 0.04851973684210526, 0.04294590643274854
1 0.6865405701754386, 0.31697733918128657, 0.0268640350877193, 0.026133040935672515
1 1.0031524122807018, 0.31679459064327486, 0.026589912280701754, 0.039108187134502925
1 0.9908168859649122, 0.32574926900584794, 0.022478070175438597, 0.030519005847953216
1 0.9269462719298246, 0.3184393274853801, 0.034265350877192985, 0.03892543859649123
1 0.9458607456140351, 0.32319078947368424, 0.02905701754385965, 0.031980994152046784
1 0.9666940789473685, 0.32648026315789475, 0.027960526315789474, 0.038559941520467836
1 1.0291940789473684, 0.32995248538011696, 0.05838815789473684, 0.028691520467836257
1 0.8353892543859649, 0.33104897660818716, 0.035910087719298246, 0.027595029239766082
1 0.20271381578947367, 0.3315972222222222, 0.04084429824561404, 0.04312865497076023
1 0.5927905701754386, 0.3326937134502924, 0.026041666666666668, 0.028691520467836257
1 0.8718475877192983, 0.3352521929824561, 0.02905701754385965, 0.04276315789473684
1 0.44257127192982454, 0.3374451754385965, 0.03234649122807018, 0.038011695906432746
1 0.6229440789473685, 0.3381761695906433, 0.0424890350877193, 0.035818713450292396
1 0.6506304824561403, 0.34311038011695905, 0.04851973684210526, 0.02448830409356725
1 0.7432839912280702, 0.338358918128655, 0.06387061403508772, 0.021564327485380116
1 0.49054276315789475, 0.33945540935672514, 0.05893640350877193, 0.02266081871345029
1 1.1103344298245614, 0.34000365497076024, 0.05619517543859649, 0.0268640350877193
1 0.8384046052631579, 0.34329312865497075, 0.033717105263157895, 0.03728070175438596
1 0.7038103070175439, 0.34804459064327486, 0.027412280701754384, 0.026498538011695907
1 1.0782620614035088, 0.35370979532163743, 0.054276315789473686, 0.02138157894736842
1 1.3704769736842106, 0.3548062865497076, 0.04468201754385965, 0.030884502923976608
1 0.7558936403508771, 0.3590095029239766, 0.06277412280701754, 0.019371345029239765
1 0.5990953947368421, 0.36083698830409355, 0.04742324561403509, 0.015899122807017545
1 0.47436951754385964, 0.36229897660818716, 0.02823464912280702, 0.0400219298245614
1 0.989172149122807, 0.3630299707602339, 0.027138157894736843, 0.03271198830409357
1 0.7242324561403509, 0.3637609649122807, 0.028919956140350877, 0.031067251461988302
1 1.0237116228070176, 0.36558845029239767, 0.04276315789473684, 0.027777777777777776
1 0.6774945175438597, 0.3675986842105263, 0.04057017543859649, 0.03764619883040936
1 0.7021655701754386, 0.37198464912280704, 0.039473684210526314, 0.0403874269005848
1 0.20545504385964913, 0.3688779239766082, 0.04577850877192982, 0.03618421052631579
1 0.8510142543859649, 0.3699744152046784, 0.04851973684210526, 0.019371345029239765
1 0.9688870614035088, 0.369608918128655, 0.0356359649122807, 0.03125
1 0.8984375, 0.37125365497076024, 0.04276315789473684, 0.04075292397660819
1 0.39432565789473684, 0.37180190058479534, 0.046600877192982455, 0.03289473684210526
1 0.45134320175438597, 0.3728983918128655, 0.02905701754385965, 0.0403874269005848
1 0.6254111842105263, 0.37527412280701755, 0.039473684210526314, 0.027412280701754384
1 0.5160361842105263, 0.3760051169590643, 0.03070175438596491, 0.041301169590643276
1 1.3373081140350878, 0.37582236842105265, 0.041666666666666664, 0.05007309941520468
1 1.2336896929824561, 0.3765533625730994, 0.041666666666666664, 0.03234649122807018
1 1.3751370614035088, 0.3772843567251462, 0.02631578947368421, 0.03837719298245614
1 0.5341282894736842, 0.3778326023391813, 0.033168859649122806, 0.0402046783625731
1 0.6037554824561403, 0.3776498538011696, 0.029331140350877194, 0.03654970760233918
1 0.7802905701754386, 0.3776498538011696, 0.03919956140350877, 0.03234649122807018
1 0.6632401315789473, 0.37856359649122806, 0.04084429824561404, 0.03399122807017544
1 1.1097861842105263, 0.37929459064327486, 0.05345394736842105, 0.0222953216374269
1 0.2641173245614035, 0.380391081871345, 0.044407894736842105, 0.024853801169590642
1 0.36417214912280704, 0.38221856725146197, 0.04632675438596491, 0.02850877192982456
1 0.7465734649122807, 0.3827668128654971, 0.05263157894736842, 0.036915204678362575
1 1.286595394736842, 0.3831323099415205, 0.02631578947368421, 0.03125
1 0.4927357456140351, 0.3834978070175439, 0.03262061403508772, 0.04751461988304093
1 1.1961348684210527, 0.3866045321637427, 0.02987938596491228, 0.03289473684210526
1 0.6470668859649122, 0.38770102339181284, 0.02987938596491228, 0.028143274853801168
1 1.0500274122807018, 0.3911732456140351, 0.05235745614035088, 0.025767543859649123
1 1.379797149122807, 0.3911732456140351, 0.03618421052631579, 0.04331140350877193
1 1.4395559210526316, 0.3977521929824561, 0.054276315789473686, 0.041849415204678365
1 1.4798519736842106, 0.4012244152046784, 0.01987390350877193, 0.036915204678362575
1 1.305235745614035, 0.3983004385964912, 0.0400219298245614, 0.017178362573099414
1 1.2934484649122806, 0.41310307017543857, 0.042214912280701754, 0.021564327485380116
1 1.082922149122807, 0.3988486842105263, 0.05263157894736842, 0.04093567251461988
1 1.0172697368421053, 0.400858918128655, 0.03686951754385965, 0.04641812865497076
1 1.1336348684210527, 0.40213815789473684, 0.04742324561403509, 0.019005847953216373
1 1.1344572368421053, 0.41566154970760233, 0.03289473684210526, 0.019005847953216373
1 1.4168037280701755, 0.40323464912280704, 0.03728070175438596, 0.04842836257309942
1 1.2575383771929824, 0.4036001461988304, 0.02850877192982456, 0.030153508771929825
1 1.1640625, 0.40615862573099415, 0.04742324561403509, 0.029605263157894735
1 1.3940515350877194, 0.4143823099415205, 0.033168859649122806, 0.0403874269005848
1 1.4475054824561404, 0.4315606725146199, 0.04797149122807018, 0.019554093567251463
1 0.6117050438596491, 0.43832236842105265, 0.03536184210526316, 0.039656432748538015
1 1.2665844298245614, 0.44782529239766083, 0.05098684210526316, 0.04093567251461988
1 0.9192708333333334, 0.49552266081871343, 0.019462719298245616, 0.02284356725146199
1 0.9148848684210527, 0.5134320175438597, 0.02549342105263158, 0.028143274853801168
1 0.561266447368421, 0.5070358187134503, 0.029331140350877194, 0.02887426900584795
1 0.26384320175438597, 0.5095942982456141, 0.03837719298245614, 0.022112573099415205
1 0.8765076754385965, 0.5130665204678363, 0.0268640350877193, 0.02448830409356725
1 1.3504660087719298, 0.5216557017543859, 0.05866228070175439, 0.020833333333333332
1 0.6218475877192983, 0.28202668128654973, 0.0385827850877193, 0.03389985380116959
1 0.5922094298245615, 0.29088998538011696, 0.036250000000000004, 0.029537646198830408
1 0.8078399122807017, 0.09507492690058479, 0.048793859649122806, 0.031432748538011694
1 0.829015899122807, 0.06976425438596491, 0.05146655701754386, 0.016721491228070175
1 0.8265487938596491, 0.07970029239766081, 0.05585252192982456, 0.015237573099415204
1 0.8135635964912281, 0.09091739766081872, 0.053760964912280704, 0.013271198830409357
1 0.9537417763157895, 0.2850877192982456, 0.054961622807017545, 0.020970394736842105
1 0.9431880482456141, 0.27142726608187134, 0.03227796052631579, 0.034493786549707604
1 0.8847313596491229, 0.26073647660818716, 0.041529605263157895, 0.03019919590643275
1 0.9627192982456141, 0.13518823099415206, 0.03330592105263158, 0.021564327485380116
1 0.9398300438596491, 0.12851790935672514, 0.04118695175438596, 0.017361111111111112
1 0.8850054824561403, 0.042534722222222224, 0.04845120614035088, 0.013934576023391813
1 1.0583196271929824, 0.291483918128655, 0.0698327850877193, 0.01781798245614035
1 1.0464638157894737, 0.29943347953216376, 0.027069627192982455, 0.031752558479532164
1 1.0732593201754386, 0.30372807017543857, 0.05879934210526316, 0.02288925438596491
1 1.1191063596491229, 0.3049159356725146, 0.02138157894736842, 0.03435672514619883
1 1.0905975877192982, 0.0678453947368421, 0.03330592105263158, 0.03330592105263158
1 1.113075657894737, 0.05116959064327485, 0.030496162280701754, 0.02480811403508772
1 1.006373355263158, 0.0762061403508772, 0.034402412280701754, 0.029605263157894735
1 1.0241228070175439, 0.05263157894736842, 0.020148026315789474, 0.026909722222222224
1 1.0354989035087718, 0.07839912280701754, 0.0200109649122807, 0.012015716374269006
1 1.0059621710526316, 0.07963267543859649, 0.019942434210526317, 0.01206140350877193
1 1.2026452850877194, 0.16397112573099415, 0.04399671052631579, 0.0280062134502924
1 1.2336896929824561, 0.17831688596491227, 0.02563048245614035, 0.02965095029239766
1 1.124451754385965, 0.2659448099415205, 0.03885690789473684, 0.02860014619883041
1 1.1659813596491229, 0.3201754385964912, 0.03070175438596491, 0.0424890350877193
1 1.1476151315789473, 0.30994152046783624, 0.03577302631578947, 0.04203216374269006
1 1.2117598684210527, 0.2951388888888889, 0.07099780701754387, 0.01653874269005848
1 1.266173245614035, 0.30528143274853803, 0.030153508771929825, 0.0381030701754386
1 1.4029605263157894, 0.3135051169590643, 0.031524122807017545, 0.016721491228070175
1 1.385827850877193, 0.3001644736842105, 0.026589912280701754, 0.03070175438596491
1 1.4745065789473684, 0.18302266081871346, 0.025082236842105265, 0.03938230994152047
1 1.4442160087719298, 0.1804641812865497, 0.03618421052631579, 0.036275584795321635
1 1.4542214912280702, 0.14894005847953215, 0.03453947368421053, 0.038011695906432746
1 1.4780701754385965, 0.09425255847953216, 0.02172423245614035, 0.02252375730994152
1 1.482593201754386, 0.08456688596491228, 0.017201206140350877, 0.015122441520467836
1 1.4520970394736843, 0.09027777777777778, 0.03125, 0.023483187134502925
1 1.2372532894736843, 0.06999269005847954, 0.04009046052631579, 0.02631578947368421
1 1.2662417763157894, 0.060352704678362575, 0.038788377192982455, 0.02617872807017544
1 1.2957785087719298, 0.06695540935672514, 0.0229577850877193, 0.028941885964912283
1 1.2990679824561404, 0.056606359649122806, 0.030975877192982455, 0.017132675438596492
