1 3044.5, 1058.5, 183.0, 209.0
1 2613.5, 1129.5, 81.0, 189.0
1 2512.5, 1154.5, 123.0, 146.0
1 2319.5, 1174.5, 121.0, 145.0
1 3390.5, 1183.5, 96.0, 186.0
1 3363.5, 1326.5, 158.0, 117.0
1 3487.5, 1198.5, 118.0, 193.0
1 2662.5, 1203.5, 147.0, 85.0
1 2459.5, 1216.5, 104.0, 193.0
1 2503.17, 1251.5, 116.33, 213.97
1 2340.5, 1406.98, 218.0, 108.52
1 2744.5, 1226.5, 190.5, 163.0
1 2932.5, 1245.5, 144.0, 135.0
1 2838.5, 1278.5, 131.0, 119.0
1 2957.5, 1318.5, 94.0, 194.0
1 2720.5, 1363.5, 107.0, 147.0
1 2804.5, 1363.5, 80.0, 67.0
1 2819.5, 1396.5, 88.0, 202.0
1 2704.5, 1484.5, 120.0, 185.0
1 2215.5, 1246.5, 120.0, 191.0
1 3056.5, 1249.5, 117.0, 154.0
1 3270.5, 1277.5, 126.0, 192.0
1 2694.5, 1286.5, 89.0, 73.0
1 2608.5, 1305.5, 93.0, 94.0
1 2635.5, 1361.5, 110.0, 210.0
1 1990.5, 1290.5, 153.0, 152.0
1 2094.5, 1313.5, 153.0, 139.0
1 2306.5, 1313.5, 154.0, 85.0
1 3100.5, 1338.5, 203.0, 103.0
1 3047.5, 1397.5, 222.0, 112.0
1 3045.5, 1481.5, 233.0, 76.0
1 1651.5, 1370.5, 125.0, 168.0
1 1733.5, 1389.5, 129.0, 188.0
1 1813.5, 1566.0, 171.0, 117.5
1 2887.5, 1371.5, 97.25, 184.0
1 1959.5, 1373.5, 102.0, 184.0
1 2242.5, 1396.5, 151.0, 162.0
1 1584.5, 1419.5, 158.33, 157.65
1 1853.5, 1436.5, 132.0, 169.0
1 2069.5, 1447.5, 133.0, 196.0
1 2461.5, 1442.35, 150.0, 156.15
1 2353.5, 1578.5, 253.0, 108.0
1 2515.5, 1612.3, 187.0, 204.2
1 2562.5, 1755.5, 92.0, 193.0
1 2475.5, 1822.5, 133.0, 226.0
1 2175.5, 1492.5, 171.0, 137.0
1 2098.5, 1624.5, 242.0, 108.0
1 3024.5, 1526.5, 158.0, 177.0
1 3224.5, 1527.5, 224.0, 179.0
1 3327.5, 1551.41, 216.83, 203.09
1 3190.29, 1630.5, 150.21, 213.01
1 1563.5, 1530.5, 125.0, 163.0
1 2953.5, 1536.5, 152.0, 161.0
1 2856.5, 1538.5, 119.0, 166.0
1 2833.5, 1625.5, 168.0, 180.0
1 3120.5, 1551.5, 176.0, 89.0
1 1981.5, 1581.5, 113.0, 177.0
1 1415.5, 1586.5, 197.0, 104.0
1 1480.5, 1654.5, 214.0, 113.0
1 1664.5, 1671.5, 196.58, 175.94
1 1627.5, 1766.5, 202.0, 111.0
1 3418.5, 1581.4, 208.83, 172.1
1 3498.5, 1632.5, 339.0, 167.31
1 3552.5, 1772.5, 252.0, 90.0
1 3347.5, 1773.5, 199.0, 136.0
1 1746.5, 1612.5, 142.0, 177.0
1 2326.5, 1646.5, 129.0, 219.0
1 1857.5, 1654.5, 166.0, 124.0
1 2764.5, 1671.5, 117.0, 217.0
1 2618.5, 1675.5, 205.0, 300.0
1 2116.5, 1683.5, 214.0, 107.0
1 2995.5, 1694.5, 211.0, 111.0
1 3296.5, 1748.5, 177.0, 96.0
1 1417.5, 1770.5, 137.0, 194.0
1 2105.5, 1781.5, 186.0, 129.0
1 1904.5, 1794.5, 119.0, 130.0
1 2800.5, 1795.5, 203.0, 112.0
1 152.5, 1806.5, 162.0, 207.0
1 1983.5, 1810.5, 128.0, 133.0
1 1918.5, 1929.5, 171.0, 73.0
1 -0.5, 1823.5, 88.0, 122.0
1 2873.5, 1826.5, 210.0, 129.0
1 3222.17, 1826.5, 143.33, 194.0
1 3194.5, 1983.5, 200.0, 134.0
1 3475.5, 1828.5, 272.0, 97.0
1 3419.5, 1884.5, 200.0, 181.0
1 3674.5, 1888.5, 114.0, 223.0
1 3555.5, 1906.5, 162.0, 210.0
1 71.5, 1844.5, 105.0, 215.0
1 3045.5, 1845.5, 118.0, 218.0
1 3111.5, 1862.5, 149.0, 120.0
1 2359.5, 1926.5, 168.0, 103.0
1 1714.5, 1927.5, 221.0, 109.0
1 2088.5, 1920.5, 156.0, 153.0
1 3369.5, 1918.5, 138.0, 252.0
1 3470.5, 1995.5, 163.0, 182.0
1 3253.5, 2119.5, 243.5, 130.0
1 0.0, 1922.5, 77.5, 165.0
1 2840.5, 1929.5, 197.0, 137.0
1 2268.5, 1951.5, 105.0, 222.0
1 2623.5, 1951.5, 211.0, 114.0
1 59.5, 1967.5, 216.0, 154.0
1 2933.5, 1974.5, 132.0, 217.0
1 2332.5, 1984.5, 104.0, 223.0
1 2228.5, 2115.5, 147.0, 150.0
1 2411.5, 2025.5, 107.0, 256.0
1 2492.5, 2105.5, 160.0, 180.0
1 1944.5, 2041.5, 172.0, 96.0
1 2548.5, 2042.5, 41.0, 89.0
1 2588.5, 2056.5, 112.0, 179.0
1 1508.5, 2053.02, 237.0, 136.48
1 2113.5, 2097.5, 162.0, 212.0
1 3517.5, 2139.5, 247.0, 122.0
1 3107.5, 2148.5, 195.0, 299.0
1 2761.5, 2159.5, 141.0, 204.0
1 2883.5, 2207.5, 138.0, 205.0
1 3764.5, 2206.5, 119.0, 180.0
1 3505.5, 2239.5, 229.0, 174.0
1 3598.5, 2254.5, 218.0, 220.0
1 4830.5, 2260.5, 190.0, 167.0
1 3365.5, 2263.5, 222.0, 177.0
1 2392.5, 2275.5, 94.0, 166.0
1 3270.5, 2296.5, 111.0, 193.0
1 4698.5, 2381.5, 225.67, 210.09
1 4171.0, 2499.5, 187.0, 232.04
1 4031.0, 2505.5, 172.5, 242.04
1 5134.5, 2518.5, 221.0, 187.0
1 1458.5, 2562.5, 180.0, 186.0
1 4792.5, 2603.5, 190.08, 263.48
1 4778.5, 2759.75, 96.0, 277.75
1 4687.5, 2855.5, 131.0, 240.0
1 3915.5, 2617.5, 118.0, 207.0
1 2085.5, 2627.5, 135.0, 210.0
1 5288.5, 2630.5, 158.0, 194.0
1 3818.5, 2634.5, 150.0, 195.0
1 3609.5, 2666.5, 189.0, 224.0
1 4180.5, 2705.5, 112.0, 195.0
1 5356.5, 2707.5, 114.0, 153.0
1 2792.5, 2709.5, 126.5, 249.0
1 4547.5, 2714.5, 135.0, 132.0
1 1684.5, 2734.5, 97.0, 247.46
1 1386.5, 2738.5, 154.0, 186.0
1 1164.5, 2758.5, 88.0, 166.73
1 1071.5, 2766.5, 136.0, 212.0
1 954.5, 2833.5, 221.12, 168.0
1 1601.5, 2764.5, 116.0, 203.0
1 1915.5, 2764.5, 107.0, 265.0
1 3273.5, 2765.5, 99.0, 209.0
1 3354.5, 2798.5, 134.0, 235.0
1 4506.5, 2800.5, 121.0, 236.0
1 3576.5, 2807.5, 150.0, 157.0
1 1774.5, 2808.5, 154.0, 232.0
1 2122.5, 2811.26, 227.0, 148.24
1 4333.67, 2814.5, 167.0, 229.0
1 2891.5, 2819.5, 197.0, 207.0
1 2933.5, 2950.5, 167.0, 220.5
1 4139.25, 2822.5, 192.25, 229.0
1 812.5, 2833.5, 128.0, 233.0
1 4614.5, 2860.5, 128.0, 276.0
1 4859.5, 2872.5, 146.0, 407.0
1 5086.5, 2936.5, 108.0, 265.0
1 4981.5, 2998.5, 139.0, 261.0
1 5166.5, 3026.5, 170.0, 221.0
1 4940.5, 3174.5, 289.0, 361.0
1 5197.5, 3231.5, 155.0, 210.0
1 3101.5, 2875.5, 185.0, 185.0
1 3100.5, 2992.5, 116.0, 248.0
1 3070.5, 3203.5, 214.0, 167.0
1 699.5, 2882.5, 121.0, 226.0
1 3458.5, 2885.5, 141.0, 234.0
1 2350.5, 2887.5, 98.0, 254.51
1 2640.5, 2891.5, 173.33, 272.67
1 1146.0, 2899.5, 233.5, 228.76
1 1196.5, 2974.5, 254.0, 167.0
1 1285.5, 3012.5, 210.0, 159.0
1 0.5, 2906.5, 90.0, 244.0
1 11.5, 2986.5, 160.0, 227.0
1 3880.5, 2909.5, 108.0, 232.0
1 3791.5, 2927.5, 92.0, 210.0
1 3718.5, 2972.5, 145.0, 219.0
1 3933.5, 3079.5, 133.0, 290.0
1 3830.5, 3111.5, 150.0, 334.7
1 3712.5, 3236.5, 184.0, 171.0
1 3728.5, 3354.5, 110.0, 244.91
1 3841.0, 3354.5, 222.5, 292.0
1 2540.5, 2910.5, 122.0, 260.0
1 2383.0, 2913.5, 149.5, 252.0
1 2463.5, 3096.5, 145.0, 296.78
1 2045.5, 2920.5, 164.5, 285.74
1 472.5, 2923.5, 167.0, 245.0
1 1829.5, 2923.5, 109.0, 200.0
1 1515.5, 2931.5, 102.0, 202.0
1 3303.5, 2950.5, 139.0, 210.0
1 3310.5, 3143.5, 140.0, 210.0
1 911.5, 2962.5, 148.0, 156.0
1 2777.83, 2973.5, 143.67, 285.98
1 1633.33, 2973.21, 167.17, 120.29
1 4458.5, 2978.5, 177.0, 240.0
1 1026.5, 2992.5, 134.0, 194.0
1 1891.5, 2986.5, 156.0, 215.0
1 278.5, 2988.5, 129.0, 241.0
1 5233.5, 2990.5, 170.0, 82.0
1 2194.5, 3012.5, 117.0, 282.0
1 2250.5, 3230.5, 111.0, 295.0
1 4165.5, 3012.5, 137.0, 203.0
1 1596.5, 3021.5, 124.0, 219.0
1 84.5, 3023.5, 179.0, 214.0
1 -0.5, 3187.5, 242.0, 460.0
1 2522.5, 3023.5, 106.0, 185.0
1 613.5, 3037.5, 138.0, 204.0
1 4065.5, 2991.32, 114.0, 310.18
1 4176.5, 3065.5, 203.0, 225.0
1 3206.5, 3049.5, 107.0, 250.0
1 4415.5, 3051.5, 233.0, 265.0
1 697.5, 3055.5, 153.0, 180.0
1 3465.0, 3060.5, 191.25, 278.0
1 3604.5, 3311.5, 143.0, 192.0
1 3503.5, 3318.5, 212.0, 208.0
1 829.5, 3071.5, 140.0, 230.0
1 498.5, 3147.5, 111.0, 246.0
1 922.5, 3151.5, 261.0, 186.0
1 594.5, 3203.5, 166.0, 248.0
1 975.5, 3213.5, 179.0, 234.0
1 721.0, 3252.5, 150.5, 277.0
1 856.5, 3310.5, 153.0, 208.0
1 478.5, 3354.5, 206.0, 236.0
1 432.5, 3406.5, 107.0, 186.0
1 577.5, 3456.5, 317.0, 153.0
1 2648.5, 3076.5, 193.0, 266.29
1 4595.17, 3045.41, 156.33, 315.09
1 4382.5, 3080.5, 130.0, 199.0
1 310.5, 3095.5, 157.0, 232.0
1 2014.5, 3115.5, 120.0, 266.0
1 4743.5, 3116.5, 133.0, 207.0
1 5308.5, 3130.5, 162.0, 118.0
1 1401.25, 3134.27, 172.25, 130.46
1 1132.5, 3145.5, 123.0, 247.0
1 3637.5, 3156.5, 191.0, 194.0
1 1278.5, 3164.5, 160.79, 204.69
1 1353.5, 3240.5, 256.0, 126.0
1 1555.5, 3242.5, 118.0, 282.0
1 1616.5, 3247.5, 166.0, 273.0
1 1864.5, 3170.5, 123.0, 211.0
1 4039.5, 3176.5, 155.0, 468.15
1 2583.0, 3182.5, 117.5, 300.75
1 2695.5, 3248.5, 243.0, 242.0
1 2654.5, 3395.5, 122.0, 251.0
1 2872.5, 3414.5, 90.0, 233.0
1 2773.5, 3415.5, 110.0, 213.0
1 2333.5, 3199.5, 107.0, 244.0
1 4277.5, 3201.5, 186.0, 148.0
1 -0.5, 3215.5, 100.0, 263.0
1 1186.5, 3221.5, 114.0, 221.0
1 2398.5, 3233.5, 142.0, 192.0
1 298.5, 3243.5, 198.0, 241.0
1 189.5, 3473.5, 139.0, 174.0
1 1919.5, 3255.5, 144.0, 261.0
1 2123.5, 3269.5, 124.0, 184.0
1 4337.5, 3279.5, 196.5, 191.0
1 4372.67, 3339.5, 223.83, 225.0
1 1766.5, 3285.5, 126.0, 170.0
1 4157.5, 3287.5, 161.0, 221.0
1 189.5, 3293.5, 185.0, 128.0
1 41.5, 3334.5, 178.0, 290.0
1 68.0, 3474.5, 176.5, 173.0
1 4844.5, 3293.5, 138.0, 250.0
1 4671.5, 3312.5, 210.0, 319.0
1 3096.5, 3325.5, 202.0, 167.0
1 3337.5, 3326.5, 144.0, 254.98
1 2934.5, 3332.5, 110.0, 195.0
1 328.5, 3337.5, 196.0, 235.0
1 1459.5, 3340.5, 103.0, 302.0
1 2996.67, 3324.79, 171.83, 289.71
1 1371.5, 3347.5, 103.0, 254.0
1 1158.5, 3362.5, 178.0, 285.0
1 1112.5, 3368.5, 77.0, 187.0
1 1259.5, 3362.5, 132.0, 252.0
1 5086.5, 3371.5, 121.0, 276.0
1 2058.5, 3385.5, 185.0, 262.0
1 2206.5, 3456.5, 144.0, 191.0
1 1984.5, 3477.5, 118.0, 170.0
1 4167.83, 3400.5, 164.67, 246.65
1 4589.5, 3431.5, 132.0, 152.0
1 1042.5, 3432.5, 94.0, 215.0
1 2339.5, 3434.5, 157.0, 213.0
1 4014.5, 3441.5, 97.0, 206.0
1 888.5, 3449.5, 107.0, 198.0
1 773.5, 3564.5, 121.83, 82.0
1 3517.5, 3455.5, 136.0, 192.0
1 3170.5, 3462.5, 93.0, 185.0
1 3230.5, 3485.5, 127.5, 162.0
1 4532.5, 3475.5, 196.83, 168.0
1 976.5, 3502.5, 80.0, 145.0
1 1559.5, 3503.5, 196.0, 144.0
1 4863.5, 3509.5, 112.0, 138.0
1 5444.5, 3521.5, 26.5, 115.0
1 5235.5, 3523.5, 138.0, 123.0
1 1272.5, 3540.5, 119.0, 107.0
1 4983.5, 3547.5, 83.0, 99.0
1 2560.5, 3553.5, 94.0, 94.0
1 2752.5, 3552.5, 96.0, 95.0
1 4802.5, 3552.5, 64.0, 95.0
1 3338.5, 3569.5, 82.0, 78.0
1 470.5, 3575.5, 182.0, 72.0
1 1736.5, 3575.5, 175.0, 72.0
1 128.5, 3580.5, 63.0, 67.0
1 2655.5, 3581.5, 65.0, 66.0
1 3657.5, 3586.5, 128.5, 61.0
1 2095.5, 3593.5, 59.5, 54.0
1 654.5, 3610.5, 83.5, 37.0
1 5308.98, 3236.39, 162.52, 317.91
