1 1.2715, 0.208375, 0.018, 0.01125
1 1.2251666666666667, 0.217625, 0.021, 0.00775
1 1.2165, 0.222625, 0.012333333333333333, 0.0085
1 1.2165, 0.230625, 0.027, 0.00875
1 1.2576666666666667, 0.218625, 0.026833333333333334, 0.00925
1 1.2568333333333332, 0.221875, 0.011666666666666667, 0.01275
1 1.0208333333333333, 0.220625, 0.012, 0.00675
1 1.2441666666666666, 0.222625, 0.013, 0.009
1 1.2401666666666666, 0.227875, 0.026333333333333334, 0.01225
1 1.0318333333333334, 0.225625, 0.016, 0.00525
1 1.1945, 0.227375, 0.015666666666666666, 0.00825
1 1.2111666666666667, 0.232875, 0.0205, 0.0075
1 1.2245, 0.239125, 0.023583333333333335, 0.009720000000000001
1 1.2098333333333333, 0.239875, 0.014666666666666666, 0.01025
1 1.1781666666666666, 0.236375, 0.027666666666666666, 0.00925
1 1.2011666666666667, 0.237875, 0.010333333333333333, 0.011
1 1.0678333333333334, 0.250875, 0.017333333333333333, 0.011
1 1.2913333333333334, 0.251125, 0.0235, 0.01425
1 1.2628333333333333, 0.252625, 0.0265, 0.0065
1 1.2655, 0.259125, 0.029333333333333333, 0.014
1 1.1855, 0.254875, 0.022, 0.01175
1 1.1971666666666667, 0.255125, 0.026, 0.009
1 1.1625, 0.255625, 0.030626666666666667, 0.009345000000000001
1 1.1621666666666666, 0.25975, 0.025, 0.012875
1 1.1255, 0.266875, 0.011666666666666667, 0.014
1 1.1545, 0.261125, 0.019333333333333334, 0.01425
1 1.0791666666666666, 0.261375, 0.008333333333333333, 0.00925
1 1.1161666666666668, 0.261625, 0.011, 0.00775
1 1.1025, 0.262625, 0.011333333333333334, 0.01
1 1.2611666666666668, 0.263125, 0.027, 0.01275
1 1.0925, 0.263875, 0.015666666666666666, 0.015
1 1.2521666666666667, 0.264125, 0.027, 0.0145
1 1.2468333333333332, 0.269375, 0.02666666666666667, 0.012
1 1.0708333333333333, 0.268375, 0.017333333333333333, 0.015
1 1.0868333333333333, 0.273375, 0.012333333333333333, 0.012
1 1.0388333333333333, 0.269875, 0.020666666666666667, 0.0095
1 1.0648333333333333, 0.271375, 0.014333333333333333, 0.01225
1 1.0585, 0.272625, 0.013333333333333334, 0.015
1 1.1121666666666667, 0.269625, 0.012666666666666666, 0.011
1 1.0211666666666666, 0.271875, 0.019, 0.01225
1 0.9965, 0.272875, 0.025666666666666667, 0.00875
1 0.9545, 0.274625, 0.024, 0.00875
1 1.0378333333333334, 0.275625, 0.022, 0.00975
1 1.2005, 0.277625, 0.03133333333333333, 0.00925
1 1.1735, 0.282375, 0.025666666666666667, 0.0155
1 1.0195, 0.282625, 0.010333333333333333, 0.0145
1 1.0288333333333333, 0.284875, 0.016, 0.0095
1 1.0725, 0.284625, 0.033, 0.0095
1 0.9621666666666666, 0.285375, 0.023333333333333334, 0.0115
1 0.9851666666666666, 0.288125, 0.014666666666666666, 0.0105
1 1.0448333333333333, 0.286875, 0.024333333333333332, 0.0085
1 0.7541666666666667, 0.288875, 0.013666666666666667, 0.008875
1 1.0011666666666668, 0.288625, 0.02033333333333333, 0.01425
1 0.9128333333333334, 0.290875, 0.026333333333333334, 0.0095
1 1.0688333333333333, 0.291375, 0.025333333333333333, 0.01
1 1.1725, 0.291875, 0.018333333333333333, 0.01525
1 0.9598333333333333, 0.292875, 0.021, 0.006
1 0.9515, 0.294875, 0.01633333333333333, 0.011
1 1.0498333333333334, 0.298375, 0.027666666666666666, 0.0115
1 0.9681666666666666, 0.299125, 0.024666666666666667, 0.0075
1 0.7675, 0.300125, 0.009666666666666667, 0.00875
1 0.9181666666666667, 0.301625, 0.019666666666666666, 0.00725
1 0.9925, 0.302375, 0.017, 0.015
1 0.9685, 0.303625, 0.027, 0.013
1 0.8908333333333334, 0.305125, 0.013, 0.01875
1 1.1171666666666666, 0.306375, 0.03166666666666667, 0.01125
1 0.9045, 0.307375, 0.016, 0.01475
1 0.9015, 0.317875, 0.02666666666666667, 0.014
1 0.9145, 0.307625, 0.027, 0.013
1 0.9675, 0.309125, 0.021, 0.01575
1 0.9548333333333333, 0.310875, 0.021666666666666667, 0.0135
1 0.9371666666666667, 0.309375, 0.019666666666666666, 0.0135
1 0.6365, 0.311625, 0.010666666666666666, 0.0105
1 0.8175, 0.311875, 0.022, 0.0085
1 0.8508333333333333, 0.316125, 0.025, 0.0165
1 0.8045, 0.316625, 0.021333333333333333, 0.00925
1 0.9235, 0.318375, 0.023666666666666666, 0.017
1 1.0858333333333334, 0.318375, 0.029, 0.01075
1 0.8275, 0.318875, 0.02, 0.0145
1 0.8425, 0.321375, 0.021333333333333333, 0.0155
1 0.8795, 0.323125, 0.02, 0.0145
1 0.8108333333333333, 0.324625, 0.013333333333333334, 0.01275
1 0.7735, 0.325875, 0.021833333333333333, 0.01475
1 0.7931666666666667, 0.330375, 0.016666666666666666, 0.0155
1 0.9015, 0.327875, 0.019666666666666666, 0.01875
1 0.8311666666666667, 0.330625, 0.02033333333333333, 0.015
1 0.8111666666666667, 0.333875, 0.023666666666666666, 0.012
1 0.8745, 0.330625, 0.026333333333333334, 0.016
1 0.583, 0.332375, 0.0125, 0.0071875
1 0.8625, 0.334375, 0.018333333333333333, 0.0155
1 0.7751666666666667, 0.335875, 0.02033333333333333, 0.0125
1 0.7651666666666667, 0.338125, 0.019666666666666666, 0.01375
1 0.6015, 0.342625, 0.011, 0.00875
1 0.7615, 0.343875, 0.015666666666666666, 0.01925
1 0.7185, 0.345375, 0.016666666666666666, 0.017
1 0.7515, 0.345125, 0.009666666666666667, 0.00975
1 0.6961666666666667, 0.347375, 0.014, 0.01475
1 0.7328333333333333, 0.347375, 0.013666666666666667, 0.02025
1 0.7791666666666667, 0.348625, 0.012, 0.01375
1 0.6435, 0.351375, 0.011666666666666667, 0.01125
1 0.7441666666666666, 0.351125, 0.02375, 0.016
1 0.7925, 0.352125, 0.009, 0.01075
1 0.7758333333333334, 0.361375, 0.026, 0.01
1 0.8028333333333333, 0.352625, 0.015, 0.02075
1 0.6511666666666667, 0.355125, 0.012, 0.014
1 0.6628333333333334, 0.356125, 0.017333333333333333, 0.0125
1 0.6055, 0.359625, 0.017333333333333333, 0.01425
1 0.6928333333333333, 0.362125, 0.022, 0.01525
1 0.6818333333333333, 0.362375, 0.012333333333333333, 0.00575
1 0.6395, 0.363375, 0.015666666666666666, 0.02
1 0.7691666666666667, 0.365125, 0.023333333333333334, 0.017
1 0.6738333333333333, 0.366375, 0.018, 0.0125
1 0.7465, 0.367625, 0.014333333333333333, 0.01875
1 0.5765, 0.370125, 0.025, 0.017
1 0.6845, 0.374375, 0.02666666666666667, 0.009
1 0.6065, 0.375625, 0.03, 0.0105
1 0.7188333333333333, 0.375875, 0.016666666666666666, 0.01775
1 0.5185, 0.377625, 0.025333333333333333, 0.015
1 0.5971666666666666, 0.380125, 0.028, 0.012
1 0.5875, 0.381625, 0.018666666666666668, 0.01675
1 0.4905, 0.382875, 0.014333333333333333, 0.01375
1 0.5638333333333333, 0.384375, 0.018666666666666668, 0.01475
1 0.5615, 0.396875, 0.015, 0.02175
1 0.6965, 0.383625, 0.020666666666666667, 0.01525
1 0.6775, 0.385375, 0.026333333333333334, 0.016
1 0.6631666666666667, 0.387125, 0.019666666666666666, 0.01625
1 0.6201666666666666, 0.387375, 0.01633333333333333, 0.0195
1 0.5415, 0.387625, 0.013666666666666667, 0.017
1 0.5548333333333333, 0.387625, 0.011666666666666667, 0.02025
1 0.5195, 0.389125, 0.023666666666666666, 0.01275
1 0.6051666666666666, 0.389125, 0.012666666666666666, 0.01875
1 0.6478333333333334, 0.389375, 0.021, 0.018
1 0.5058333333333334, 0.389875, 0.011666666666666667, 0.015
1 0.49616666666666664, 0.392375, 0.010666666666666666, 0.00975
1 0.6338333333333334, 0.392625, 0.014333333333333333, 0.02
1 0.4755, 0.394625, 0.014666666666666666, 0.01175
1 0.4608333333333333, 0.396625, 0.021, 0.01625
1 0.5885, 0.396625, 0.02033333333333333, 0.01575
1 0.4811666666666667, 0.398125, 0.019333333333333334, 0.0185
1 0.49216666666666664, 0.418125, 0.01396, 0.0205
1 0.4255, 0.398625, 0.019333333333333334, 0.01325
1 0.5768333333333333, 0.398625, 0.019, 0.02025
1 0.5258333333333334, 0.400875, 0.025333333333333333, 0.013
1 0.44816666666666666, 0.402125, 0.021, 0.0135
1 0.3918333333333333, 0.406625, 0.025, 0.00875
1 0.5225, 0.406625, 0.030333333333333334, 0.0125
1 0.06616666666666667, 0.407875, 0.013, 0.0085
1 0.4345, 0.407625, 0.014, 0.0195
1 0.3595, 0.408625, 0.023333333333333334, 0.016
1 0.39216666666666666, 0.413375, 0.028, 0.01025
1 0.0205, 0.413625, 0.018, 0.00875
1 0.38316666666666666, 0.415625, 0.02, 0.01775
1 0.5091666666666667, 0.416125, 0.016666666666666666, 0.017
1 0.44483333333333336, 0.416375, 0.02266666666666667, 0.0125
1 0.5241666666666667, 0.417625, 0.013333333333333334, 0.01675
1 0.5351666666666667, 0.417875, 0.021, 0.01425
1 0.41483333333333333, 0.418125, 0.015333333333333332, 0.0205
1 0.4661666666666667, 0.419375, 0.025666666666666667, 0.01575
1 0.4498333333333333, 0.422625, 0.01633333333333333, 0.016
1 0.10316666666666667, 0.419625, 0.016, 0.016
1 0.3405, 0.420375, 0.013, 0.019
1 0.2995, 0.420625, 0.01633333333333333, 0.0125
1 0.31716666666666665, 0.422625, 0.010666666666666666, 0.0155
1 0.3095, 0.427875, 0.013666666666666667, 0.02
1 0.5061666666666667, 0.422875, 0.015, 0.0195
1 0.3278333333333333, 0.423375, 0.012666666666666666, 0.019
1 0.3958333333333333, 0.423875, 0.02, 0.01825
1 0.3545, 0.424625, 0.012, 0.01375
1 0.2695, 0.425125, 0.029333333333333333, 0.01925
1 0.37716666666666665, 0.425625, 0.012666666666666666, 0.01725
1 0.4615, 0.426375, 0.021, 0.0205
1 0.4235, 0.426625, 0.014666666666666666, 0.02175
1 0.6201666666666666, 0.426625, 0.027666666666666666, 0.01575
1 0.3625, 0.427625, 0.015666666666666666, 0.01725
1 0.4375, 0.428375, 0.011666666666666667, 0.01675
1 0.2915, 0.432375, 0.022626666666666666, 0.010875
1 0.38483333333333336, 0.434375, 0.014, 0.0195
1 0.3985, 0.436375, 0.018333333333333333, 0.0195
1 0.24683333333333332, 0.437625, 0.018666666666666668, 0.021
1 0.23183333333333334, 0.438375, 0.017333333333333333, 0.01975
1 0.3365, 0.438375, 0.025, 0.01025
1 0.4485, 0.438875, 0.022, 0.0145
1 0.3185, 0.439875, 0.015, 0.01575
1 0.5888333333333333, 0.441375, 0.03133333333333333, 0.01075
1 0.2861666666666667, 0.441875, 0.02033333333333333, 0.019
1 0.2665, 0.442375, 0.025, 0.0165
1 0.2608333333333333, 0.457375, 0.01633333333333333, 0.0245
1 0.20016666666666666, 0.444375, 0.01633333333333333, 0.01675
1 0.35483333333333333, 0.444125, 0.03166666666666667, 0.014
1 0.14616666666666667, 0.445375, 0.03, 0.02075
1 0.33416666666666667, 0.445625, 0.024666666666666667, 0.01975
1 0.31683333333333336, 0.452375, 0.019333333333333334, 0.022
1 0.5098333333333334, 0.445625, 0.029, 0.01625
1 0.2135, 0.446125, 0.013666666666666667, 0.01675
1 0.5525, 0.447625, 0.021333333333333333, 0.0205
1 0.25216666666666665, 0.447095, 0.019186666666666668, 0.019780000000000002
1 0.3075, 0.447625, 0.012666666666666666, 0.02225
1 0.2748333333333333, 0.449875, 0.014, 0.02525
1 0.2975, 0.450625, 0.01, 0.01325
1 0.5438333333333333, 0.451875, 0.01633333333333333, 0.025
1 0.17883333333333334, 0.454875, 0.018, 0.0185
1 0.2235, 0.455625, 0.02033333333333333, 0.0155
1 0.20983333333333334, 0.462375, 0.017, 0.02325
1 0.5181666666666667, 0.458125, 0.021, 0.02225
1 0.18716666666666668, 0.459375, 0.018666666666666668, 0.0165
1 0.46316666666666667, 0.459125, 0.020666666666666667, 0.0245
1 0.28983333333333333, 0.459625, 0.019333333333333334, 0.01675
1 0.43616666666666665, 0.459625, 0.03266666666666666, 0.01325
1 0.20483333333333334, 0.460875, 0.010666666666666666, 0.0135
1 0.4811666666666667, 0.461875, 0.027333333333333334, 0.01725
1 0.24316666666666667, 0.465125, 0.017666666666666667, 0.01375
1 0.4151666666666667, 0.465375, 0.021666666666666667, 0.01725
1 0.15016666666666667, 0.466875, 0.01633333333333333, 0.02125
1 0.13583333333333333, 0.467125, 0.016666666666666666, 0.02475
1 0.4055, 0.467875, 0.01633333333333333, 0.0175
1 0.39316666666666666, 0.477625, 0.022333333333333334, 0.015
1 0.12616666666666668, 0.468625, 0.013, 0.02253
1 0.37983333333333336, 0.470625, 0.017333333333333333, 0.02475
1 0.4801666666666667, 0.470625, 0.033, 0.02
1 0.19616666666666666, 0.472125, 0.013, 0.018
1 0.23416666666666666, 0.472125, 0.013666666666666667, 0.01375
1 0.21683333333333332, 0.472875, 0.017333333333333333, 0.0215
1 0.07783333333333334, 0.474375, 0.033666666666666664, 0.02625
1 0.07016666666666667, 0.475125, 0.017666666666666667, 0.01375
1 0.1185, 0.475125, 0.016, 0.02475
1 0.15683333333333332, 0.475375, 0.017, 0.02125
1 0.18216666666666667, 0.476625, 0.013666666666666667, 0.0155
1 0.32616666666666666, 0.476875, 0.019, 0.0175
1 0.36516666666666664, 0.478875, 0.014, 0.01675
1 0.4525, 0.478625, 0.027666666666666666, 0.0155
1 0.0505, 0.479125, 0.019333333333333334, 0.02475
1 0.10416666666666667, 0.479875, 0.014, 0.026
1 0.0915, 0.483125, 0.017666666666666667, 0.02375
1 0.41283333333333333, 0.481125, 0.030333333333333334, 0.01875
1 0.2848333333333333, 0.483125, 0.018666666666666668, 0.017
1 0.4445, 0.482625, 0.021666666666666667, 0.01775
1 0.021833333333333333, 0.483875, 0.035666666666666666, 0.0205
1 0.00016666666666666666, 0.484875, 0.03233333333333333, 0.02425
1 0.3478333333333333, 0.484875, 0.019666666666666666, 0.02725
1 0.33316666666666667, 0.486375, 0.023, 0.024
1 0.4275, 0.489375, 0.02, 0.025
1 0.3205, 0.489875, 0.015333333333333332, 0.02175
1 0.36616666666666664, 0.493875, 0.033166666666666664, 0.0225
1 0.38716666666666666, 0.493625, 0.023666666666666666, 0.02125
1 0.3001666666666667, 0.494375, 0.022, 0.012
1 0.3535, 0.496125, 0.021333333333333333, 0.024
1 0.26616666666666666, 0.498375, 0.03, 0.0235
1 0.22616666666666665, 0.501125, 0.03866666666666667, 0.01175
1 0.2975, 0.503875, 0.024666666666666667, 0.00925
1 0.28583333333333333, 0.507625, 0.017333333333333333, 0.02575
1 0.16883333333333334, 0.504625, 0.03166666666666667, 0.02725
1 0.17883333333333334, 0.504625, 0.038, 0.0245
1 0.15683333333333332, 0.508125, 0.022333333333333334, 0.02375
1 0.21583333333333332, 0.509125, 0.016666666666666666, 0.0255
1 0.20316666666666666, 0.510125, 0.017333333333333333, 0.027
1 0.31183333333333335, 0.510375, 0.018333333333333333, 0.007
1 0.3318333333333333, 0.511125, 0.024333333333333332, 0.01725
1 0.2205, 0.512875, 0.030666666666666665, 0.0235
1 0.2475, 0.512875, 0.017666666666666667, 0.02625
1 0.2665, 0.512875, 0.024333333333333332, 0.0225
1 0.3035, 0.513875, 0.027333333333333334, 0.015
1 0.1805, 0.517125, 0.024, 0.02425
1 0.22183333333333333, 0.520375, 0.026333333333333334, 0.028
1 0.19183333333333333, 0.528125, 0.023666666666666666, 0.01975
1 0.3795, 0.532625, 0.035666666666666666, 0.017
1 0.3505, 0.545125, 0.03266666666666666, 0.02175
1 0.2785, 0.552125, 0.027666666666666666, 0.02775
1 0.30816666666666664, 0.552125, 0.038, 0.01875
1 0.1985, 0.572625, 0.039, 0.0245
1 1.1124166666666666, 0.2799375, 0.0235, 0.010375
1 1.1015833333333334, 0.2794375, 0.02033333333333333, 0.012375
1 1.13525, 0.259625, 0.02125, 0.014125
1 1.134, 0.2665, 0.021166666666666667, 0.0141875
1 1.0903333333333334, 0.20425, 0.0095, 0.0076875
1 0.7830833333333334, 0.2905625, 0.01175, 0.006875
1 0.81775, 0.2875, 0.009, 0.0068125
1 0.6630833333333334, 0.3160625, 0.01175, 0.0073125
1 0.5468333333333333, 0.3316875, 0.01575, 0.0108125
1 0.7756666666666666, 0.29847, 0.011416666666666667, 0.0072175
1 0.36083333333333334, 0.359375, 0.0165, 0.0125
1 0.31933333333333336, 0.380125, 0.0235, 0.0070625
1 0.3160833333333333, 0.37575, 0.012376666666666668, 0.0056875
1 0.16675, 0.4619375, 0.02, 0.0244375
1 0.4964166666666667, 0.407655, 0.026543333333333332, 0.011845000000000001
1 0.47883333333333333, 0.4121875, 0.020813333333333333, 0.0093425
1 0.71625, 0.3618125, 0.021376666666666665, 0.016875
1 0.70554, 0.3621875, 0.02033333333333333, 0.0160625
1 0.4185833333333333, 0.48075, 0.010166666666666666, 0.00875
1 0.8268333333333333, 0.343625, 0.03, 0.013
1 0.8630833333333333, 0.3125, 0.028166666666666666, 0.0120625
1 0.8805833333333334, 0.307875, 0.012123333333333333, 0.0147025
1 0.9295833333333333, 0.29709500000000005, 0.02087666666666667, 0.0129675
1 0.9426266666666667, 0.297845, 0.015246666666666667, 0.014092499999999999
1 0.98823, 0.28109500000000004, 0.029186666666666666, 0.010375
1 0.9723333333333334, 0.28275, 0.028293333333333334, 0.006655
1 1.2736666666666667, 0.258125, 0.028916666666666667, 0.0141875
1 1.2892933333333334, 0.254655, 0.01954, 0.0151575
1 1.20246, 0.248375, 0.027579999999999997, 0.012029999999999999
1 1.18896, 0.2466875, 0.03224666666666667, 0.012
