1 0.7241666666666666, 0.209125, 0.021, 0.01775
1 0.7688333333333334, 0.212375, 0.017, 0.027
1 0.7505, 0.215625, 0.021333333333333333, 0.01725
1 0.8245, 0.216875, 0.018333333333333333, 0.01875
1 0.8098333333333333, 0.217375, 0.014333333333333333, 0.02225
1 0.7968333333333333, 0.218875, 0.016666666666666666, 0.024
1 0.8488333333333333, 0.220125, 0.015333333333333332, 0.0255
1 0.8368333333333333, 0.223125, 0.014333333333333333, 0.02375
1 0.8735, 0.223625, 0.013333333333333334, 0.02325
1 0.8781666666666667, 0.227625, 0.023, 0.02
1 0.7801666666666667, 0.226375, 0.012666666666666666, 0.0255
1 0.7911666666666667, 0.226875, 0.01633333333333333, 0.02475
1 0.8601666666666666, 0.226625, 0.014333333333333333, 0.025
1 0.7298333333333333, 0.231625, 0.035, 0.01375
1 0.9058333333333334, 0.235625, 0.021333333333333333, 0.022
1 0.6841666666666667, 0.236375, 0.02, 0.0265
1 0.7058333333333333, 0.239875, 0.022, 0.02
1 0.7231666666666666, 0.240125, 0.018333333333333333, 0.025
1 0.8011666666666667, 0.240375, 0.025666666666666667, 0.01975
1 0.7365, 0.240625, 0.026333333333333334, 0.02
1 0.7755, 0.241625, 0.011666666666666667, 0.02175
1 0.8748333333333334, 0.242375, 0.033666666666666664, 0.01475
1 0.6578333333333334, 0.243625, 0.016666666666666666, 0.02075
1 0.8275, 0.244375, 0.02, 0.0255
1 0.8428333333333333, 0.246375, 0.034, 0.01525
1 0.8425, 0.24975, 0.033, 0.017875
1 0.9308333333333333, 0.247375, 0.030666666666666665, 0.02125
1 0.6725, 0.249125, 0.017666666666666667, 0.024
1 0.6915, 0.251375, 0.024, 0.022
1 0.7881666666666667, 0.252125, 0.017333333333333333, 0.025
1 0.8795, 0.252375, 0.037, 0.0105
1 0.5875, 0.252875, 0.024666666666666667, 0.01775
1 0.8045, 0.252625, 0.019666666666666666, 0.02275
1 0.9171666666666667, 0.253125, 0.018666666666666668, 0.02375
1 0.7405, 0.254875, 0.029, 0.02375
1 0.7298333333333333, 0.265875, 0.022, 0.013
1 0.8128333333333333, 0.256375, 0.020666666666666667, 0.0235
1 0.6445, 0.256625, 0.03, 0.02925
1 0.5725, 0.257875, 0.017, 0.026
1 0.7078333333333333, 0.258625, 0.02666666666666667, 0.02375
1 0.6951666666666667, 0.259375, 0.02666666666666667, 0.024
1 0.8911666666666667, 0.259625, 0.030333333333333334, 0.01125
1 0.7708333333333334, 0.261375, 0.012, 0.0255
1 0.5885, 0.262375, 0.014, 0.029
1 0.7821666666666667, 0.263375, 0.017, 0.02425
1 0.8675, 0.263375, 0.024666666666666667, 0.01375
1 0.6131666666666666, 0.263625, 0.013333333333333334, 0.024
1 0.6645, 0.263625, 0.029, 0.0205
1 0.9325, 0.263875, 0.030333333333333334, 0.01225
1 0.6385, 0.264875, 0.013, 0.02525
1 0.8418333333333333, 0.265875, 0.027333333333333334, 0.01775
1 0.8455, 0.272875, 0.02, 0.0255
1 0.6251666666666666, 0.267125, 0.014666666666666666, 0.02525
1 0.8281666666666667, 0.267625, 0.017, 0.02725
1 0.8935, 0.268875, 0.022333333333333334, 0.029
1 0.911, 0.272125, 0.0135, 0.0265
1 0.6025, 0.271375, 0.013333333333333334, 0.02825
1 0.5551666666666667, 0.272125, 0.021666666666666667, 0.026
1 0.9358333333333333, 0.272375, 0.015666666666666666, 0.02475
1 0.9211666666666667, 0.272625, 0.016, 0.0335
1 0.8635, 0.273625, 0.03133333333333333, 0.01225
1 0.5128333333333334, 0.274625, 0.028333333333333332, 0.0175
1 0.5268333333333334, 0.275125, 0.027, 0.02225
1 0.7388333333333333, 0.275375, 0.03666666666666667, 0.015
1 0.8185, 0.275625, 0.014666666666666666, 0.02175
1 0.9455, 0.275875, 0.015333333333333332, 0.02675
1 0.6521666666666667, 0.276875, 0.018, 0.01975
1 0.8011666666666667, 0.276625, 0.02, 0.02125
1 0.6975, 0.277375, 0.037, 0.013
1 0.5391666666666667, 0.281375, 0.021666666666666667, 0.02825
1 0.9541666666666667, 0.281625, 0.022333333333333334, 0.025
1 0.9568333333333333, 0.294125, 0.034333333333333334, 0.0185
1 0.5748333333333333, 0.282375, 0.027666666666666666, 0.0205
1 0.7295, 0.282625, 0.015333333333333332, 0.02875
1 0.8858333333333334, 0.283125, 0.030333333333333334, 0.03075
1 0.8561666666666666, 0.284125, 0.024333333333333332, 0.02775
1 0.6771666666666667, 0.284875, 0.02033333333333333, 0.0335
1 0.6581666666666667, 0.295125, 0.025666666666666667, 0.02325
1 0.8711666666666666, 0.285625, 0.023666666666666666, 0.0265
1 0.7828333333333334, 0.285875, 0.024, 0.026
1 0.6968333333333333, 0.288125, 0.031, 0.0225
1 0.6145, 0.288125, 0.015333333333333332, 0.027
1 0.7511666666666666, 0.288375, 0.042333333333333334, 0.01575
1 0.7448333333333333, 0.300875, 0.034666666666666665, 0.0135
1 0.6405, 0.290625, 0.03, 0.01675
1 0.6298333333333334, 0.293375, 0.015666666666666666, 0.02375
1 0.8218333333333333, 0.293125, 0.019, 0.03325
1 0.5495, 0.293875, 0.022333333333333334, 0.03
1 0.5698333333333333, 0.294375, 0.018, 0.02975
1 0.8101666666666667, 0.294625, 0.015666666666666666, 0.0305
1 0.7081666666666667, 0.295375, 0.022333333333333334, 0.02825
1 0.8401666666666666, 0.296375, 0.017, 0.03325
1 0.8528333333333333, 0.298875, 0.015666666666666666, 0.02375
1 0.5861666666666666, 0.300375, 0.029, 0.014
1 0.7881666666666667, 0.301375, 0.021, 0.0285
1 0.7968333333333333, 0.312875, 0.018, 0.02875
1 0.6375, 0.303125, 0.018333333333333333, 0.02925
1 0.5271666666666667, 0.305375, 0.023333333333333334, 0.023
1 0.7711666666666667, 0.305375, 0.015666666666666666, 0.03375
1 0.8581666666666666, 0.312125, 0.03233333333333333, 0.0225
1 0.7201666666666666, 0.312875, 0.019, 0.03125
1 0.7608333333333334, 0.312875, 0.013, 0.0265
1 0.6878333333333333, 0.313125, 0.017333333333333333, 0.03
1 0.6008333333333333, 0.315125, 0.02666666666666667, 0.02425
1 0.5005, 0.318375, 0.036333333333333336, 0.02075
1 0.6991666666666667, 0.319125, 0.018333333333333333, 0.029
1 0.6548333333333334, 0.319875, 0.02266666666666667, 0.0285
1 0.8925, 0.321125, 0.028333333333333332, 0.02275
1 0.6235, 0.321375, 0.023666666666666666, 0.024
1 0.7405, 0.326875, 0.023333333333333334, 0.02675
1 0.7141666666666666, 0.328125, 0.014333333333333333, 0.024
1 0.8045, 0.331625, 0.034333333333333334, 0.0235
1 0.6148333333333333, 0.333375, 0.027666666666666666, 0.0205
1 0.6608333333333334, 0.333125, 0.029666666666666668, 0.024
1 0.6448333333333334, 0.349875, 0.02033333333333333, 0.0255
1 0.8295, 0.336125, 0.02033333333333333, 0.0265
1 0.5785, 0.338375, 0.021, 0.03275
1 0.5448333333333333, 0.339375, 0.017666666666666667, 0.028
1 0.7615, 0.339625, 0.031, 0.013
1 0.8708433333333334, 0.341875, 0.021323333333333333, 0.0228125
1 0.5048333333333334, 0.343125, 0.019666666666666666, 0.02625
1 0.5211666666666667, 0.347125, 0.023333333333333334, 0.0245
1 0.6111666666666666, 0.347375, 0.018, 0.024
1 0.7855, 0.348625, 0.019666666666666666, 0.02125
1 0.8468333333333333, 0.349875, 0.03183333333333333, 0.01575
1 0.6921666666666667, 0.350625, 0.025333333333333333, 0.0225
1 0.48083333333333333, 0.350625, 0.016666666666666666, 0.02775
1 0.9781666666666666, 0.351375, 0.024, 0.034
1 0.4498333333333333, 0.351875, 0.020666666666666667, 0.0275
1 0.6655, 0.352875, 0.03333333333333333, 0.02075
1 0.8041666666666667, 0.354375, 0.02266666666666667, 0.0295
1 0.8721666666666666, 0.354625, 0.028333333333333332, 0.02775
1 0.38483333333333336, 0.355625, 0.021, 0.0275
1 0.49783333333333335, 0.355625, 0.014333333333333333, 0.02725
1 0.4671666666666667, 0.356875, 0.02, 0.031
1 0.42483333333333334, 0.357625, 0.010666666666666666, 0.026
1 0.43616666666666665, 0.358125, 0.013333333333333334, 0.02575
1 0.9411666666666667, 0.358375, 0.019, 0.02725
1 0.5625, 0.358625, 0.01633333333333333, 0.02775
1 0.41183333333333333, 0.359625, 0.013666666666666667, 0.0215
1 0.4165, 0.381125, 0.013, 0.02025
1 0.7555, 0.360375, 0.028333333333333332, 0.0265
1 0.8968333333333334, 0.360125, 0.019666666666666666, 0.034
1 0.9161666666666667, 0.362875, 0.02, 0.0265
1 1.0098333333333334, 0.363625, 0.019333333333333334, 0.02675
1 0.8808333333333334, 0.365375, 0.02, 0.02825
1 0.3235, 0.366125, 0.023, 0.0215
1 0.7338333333333333, 0.366125, 0.03, 0.024
1 0.3565, 0.366125, 0.028333333333333332, 0.011
1 0.7058333333333333, 0.366125, 0.012, 0.02525
1 0.4031666666666667, 0.367375, 0.012333333333333333, 0.0235
1 0.9538333333333333, 0.369375, 0.02, 0.0275
1 0.5878333333333333, 0.369625, 0.02, 0.026
1 0.31083333333333335, 0.370125, 0.022, 0.0265
1 0.7931666666666667, 0.371125, 0.015, 0.025
1 0.8268333333333333, 0.371375, 0.025666666666666667, 0.0275
1 0.4475, 0.371875, 0.024666666666666667, 0.02375
1 0.6055, 0.371875, 0.014333333333333333, 0.02325
1 0.37483333333333335, 0.372125, 0.020666666666666667, 0.01925
1 0.38316666666666666, 0.391125, 0.014333333333333333, 0.0205
1 0.6878333333333333, 0.372375, 0.019, 0.0255
1 1.0305, 0.372375, 0.02, 0.028
1 0.6195, 0.372625, 0.017, 0.028
1 0.6615, 0.373125, 0.020666666666666667, 0.028
1 0.6741666666666667, 0.390875, 0.018, 0.028
1 0.8518333333333333, 0.373875, 0.020666666666666667, 0.0295
1 0.6455, 0.374125, 0.015666666666666666, 0.02725
1 0.25483333333333336, 0.374625, 0.021, 0.02525
1 0.5348333333333334, 0.374875, 0.018333333333333333, 0.0295
1 0.3475, 0.375125, 0.030333333333333334, 0.01375
1 1.0841666666666667, 0.375375, 0.017666666666666667, 0.0235
1 0.2975, 0.376125, 0.021666666666666667, 0.02125
1 0.5158333333333334, 0.378125, 0.026333333333333334, 0.02825
1 0.7761666666666667, 0.378875, 0.019, 0.027
1 0.5691666666666667, 0.379125, 0.019666666666666666, 0.025
1 1.0535, 0.380125, 0.027666666666666666, 0.02375
1 0.8075, 0.380375, 0.033666666666666664, 0.0165
1 0.2871666666666667, 0.381625, 0.024666666666666667, 0.0225
1 0.42983333333333335, 0.382375, 0.018333333333333333, 0.02425
1 0.42816666666666664, 0.394125, 0.017, 0.026
1 0.4435, 0.382375, 0.018, 0.0245
1 0.6348333333333334, 0.382375, 0.021, 0.02375
1 0.7141666666666666, 0.382625, 0.01633333333333333, 0.03125
1 0.3965, 0.383875, 0.015666666666666666, 0.0295
1 0.3435, 0.384875, 0.016666666666666666, 0.0235
1 0.9731666666666666, 0.384625, 0.017333333333333333, 0.03125
1 0.9065, 0.385375, 0.023666666666666666, 0.009
1 0.8735, 0.385625, 0.020666666666666667, 0.02825
1 0.7345, 0.386375, 0.033666666666666664, 0.02025
1 0.48383333333333334, 0.386875, 0.018666666666666668, 0.031
1 0.5075, 0.386625, 0.017333333333333333, 0.028
1 0.27216666666666667, 0.387125, 0.01633333333333333, 0.02425
1 0.5528333333333333, 0.387375, 0.019333333333333334, 0.02225
1 0.45816666666666667, 0.388125, 0.027666666666666666, 0.02875
1 0.4455, 0.406375, 0.023666666666666666, 0.0255
1 0.9255, 0.387875, 0.025666666666666667, 0.0245
1 0.2838333333333333, 0.388125, 0.018840000000000003, 0.02725
1 0.30983333333333335, 0.41272000000000003, 0.025333333333333333, 0.025155
1 0.22616666666666665, 0.388625, 0.027, 0.014
1 0.3565, 0.388875, 0.021666666666666667, 0.02525
1 0.3645, 0.389625, 0.018333333333333333, 0.0215
1 0.9091666666666667, 0.388875, 0.032, 0.0195
1 1.0121666666666667, 0.399875, 0.019666666666666666, 0.0265
1 0.9435, 0.390375, 0.018333333333333333, 0.021
1 1.0155, 0.390625, 0.025333333333333333, 0.02275
1 0.6578333333333334, 0.390875, 0.01633333333333333, 0.028
1 0.8051666666666667, 0.391375, 0.04133333333333333, 0.0165
1 0.7268333333333333, 0.391875, 0.019666666666666666, 0.025
1 0.6311666666666667, 0.424625, 0.014333333333333333, 0.0265
1 0.8581666666666666, 0.393875, 0.017, 0.0245
1 0.4701666666666667, 0.394375, 0.014, 0.029
1 0.2638333333333333, 0.395125, 0.013, 0.02075
1 0.49683333333333335, 0.395375, 0.015333333333333332, 0.03075
1 0.9821666666666666, 0.395125, 0.014666666666666666, 0.02275
1 0.7895, 0.395625, 0.016, 0.0325
1 0.8015, 0.424625, 0.035666666666666666, 0.0125
1 0.9585, 0.396875, 0.014333333333333333, 0.02325
1 0.9298333333333333, 0.410375, 0.034333333333333334, 0.0095
1 0.2245, 0.398375, 0.021666666666666667, 0.01625
1 1.0891666666666666, 0.398875, 0.019666666666666666, 0.0285
1 0.25183333333333335, 0.421875, 0.027333333333333334, 0.0205
1 0.25383333333333336, 0.399375, 0.014333333333333333, 0.02375
1 1.0758333333333334, 0.399625, 0.018, 0.02975
1 1.0415, 0.400125, 0.023, 0.0115
1 0.7618333333333334, 0.401125, 0.02, 0.0275
1 0.13383333333333333, 0.401875, 0.027666666666666666, 0.0215
1 0.8465, 0.401875, 0.015, 0.0305
1 1.1065, 0.402375, 0.014333333333333333, 0.0285
1 0.6381666666666667, 0.402625, 0.028333333333333332, 0.02175
1 0.7475, 0.403375, 0.017666666666666667, 0.01925
1 0.8038333333333333, 0.403375, 0.036, 0.0115
1 1.1198333333333332, 0.403125, 0.014, 0.02775
1 0.20016666666666666, 0.403625, 0.025666666666666667, 0.01575
1 0.21116666666666667, 0.417875, 0.014666666666666666, 0.02975
1 0.5171666666666667, 0.404125, 0.021, 0.02825
1 0.5271666666666667, 0.423375, 0.017333333333333333, 0.02525
1 0.3421666666666667, 0.405625, 0.027, 0.01775
1 0.5618333333333333, 0.405375, 0.022333333333333334, 0.02175
1 0.5818333333333333, 0.405375, 0.027, 0.00925
1 0.5841666666666666, 0.413875, 0.017666666666666667, 0.02675
1 0.5388333333333334, 0.405625, 0.036, 0.02175
1 0.6071666666666666, 0.405625, 0.019333333333333334, 0.02725
1 0.15583333333333332, 0.406375, 0.029666666666666668, 0.01925
1 0.1705, 0.409625, 0.021666666666666667, 0.02775
1 0.15816666666666668, 0.423125, 0.02033333333333333, 0.02625
1 1.0668333333333333, 0.407125, 0.023666666666666666, 0.02775
1 1.0405, 0.410375, 0.028666666666666667, 0.019
1 1.0578333333333334, 0.416875, 0.01633333333333333, 0.023
1 0.9061666666666667, 0.408125, 0.025333333333333333, 0.014
1 0.18983333333333333, 0.408875, 0.015666666666666666, 0.02325
1 0.1765, 0.421625, 0.018333333333333333, 0.02675
1 0.7775, 0.409125, 0.018, 0.0285
1 0.8371666666666666, 0.411375, 0.016666666666666666, 0.02775
1 0.8001666666666667, 0.409875, 0.03, 0.017
1 0.8261666666666667, 0.409625, 0.015333333333333332, 0.0185
1 0.7088333333333333, 0.410125, 0.034, 0.01825
1 1.0261666666666667, 0.410625, 0.028, 0.01775
1 1.0278333333333334, 0.425875, 0.018666666666666668, 0.03325
1 0.36616666666666664, 0.411375, 0.026, 0.01825
1 0.2725, 0.411625, 0.02666666666666667, 0.01825
1 1.1288333333333334, 0.412125, 0.028, 0.016
1 0.0835, 0.413375, 0.039, 0.0205
1 0.0915, 0.421625, 0.024666666666666667, 0.02175
1 0.3235, 0.413125, 0.022, 0.02475
1 1.1678333333333333, 0.413125, 0.013, 0.02325
1 0.3915, 0.413875, 0.013666666666666667, 0.019
1 0.5955, 0.413875, 0.023, 0.024
1 0.8638333333333333, 0.413875, 0.017666666666666667, 0.02575
1 0.8621666666666666, 0.439125, 0.02, 0.029
1 0.5405, 0.415375, 0.035333333333333335, 0.019
1 0.22383333333333333, 0.415625, 0.012666666666666666, 0.02875
1 1.1321666666666668, 0.416125, 0.035333333333333335, 0.0195
1 1.0095, 0.422625, 0.021666666666666667, 0.02525
1 0.3471666666666667, 0.416625, 0.018333333333333333, 0.02425
1 0.9628333333333333, 0.417375, 0.02266666666666667, 0.0195
1 0.9655, 0.433375, 0.018666666666666668, 0.0195
1 0.1355, 0.417875, 0.019666666666666666, 0.0225
1 0.19583333333333333, 0.417875, 0.017333333333333333, 0.037
1 0.6421666666666667, 0.418125, 0.017666666666666667, 0.02925
1 0.6358333333333334, 0.446625, 0.021666666666666667, 0.02375
1 0.6948333333333333, 0.418125, 0.016, 0.03175
1 0.9965, 0.418125, 0.015666666666666666, 0.02575
1 0.43216666666666664, 0.419375, 0.018666666666666668, 0.02875
1 0.38016666666666665, 0.419625, 0.013666666666666667, 0.0155
1 0.7448333333333333, 0.419875, 0.031, 0.0245
1 0.9378333333333333, 0.426375, 0.017333333333333333, 0.02875
1 0.9375366666666667, 0.420375, 0.03196333333333334, 0.010875
1 0.2698333333333333, 0.421125, 0.024333333333333332, 0.02375
1 0.6605, 0.421875, 0.035333333333333335, 0.0165
1 0.3328333333333333, 0.422125, 0.022, 0.03025
1 0.8891666666666667, 0.422125, 0.033666666666666664, 0.011
1 0.8828333333333334, 0.424125, 0.019333333333333334, 0.03575
1 0.8995, 0.432625, 0.018, 0.02775
1 0.9241666666666667, 0.422375, 0.014666666666666666, 0.02925
1 0.7118333333333333, 0.423375, 0.023, 0.025
1 0.9118333333333334, 0.423375, 0.015666666666666666, 0.03025
1 1.0445, 0.423125, 0.015666666666666666, 0.0205
1 0.8558333333333333, 0.424125, 0.015, 0.03225
1 0.14483333333333334, 0.425375, 0.01633333333333333, 0.024
1 1.1741666666666666, 0.425375, 0.022, 0.022
1 0.7325, 0.426625, 0.034333333333333334, 0.0185
1 0.5771666666666667, 0.427375, 0.019, 0.02325
1 1.1521666666666666, 0.427125, 0.014666666666666666, 0.0125
1 1.1141666666666667, 0.431125, 0.04633333333333333, 0.01725
1 0.2931666666666667, 0.427875, 0.017333333333333333, 0.023
1 1.0965, 0.427625, 0.029666666666666668, 0.0195
1 1.1058333333333332, 0.444375, 0.017666666666666667, 0.02725
1 0.3685, 0.428125, 0.017333333333333333, 0.02975
1 0.47483333333333333, 0.428125, 0.01633333333333333, 0.03425
1 1.1825, 0.429125, 0.024333333333333332, 0.02325
1 0.4618333333333333, 0.429625, 0.015666666666666666, 0.0305
1 0.2465, 0.431625, 0.017333333333333333, 0.02525
1 0.4508333333333333, 0.431875, 0.018, 0.036
1 1.0788333333333333, 0.431625, 0.017666666666666667, 0.02525
1 1.0738333333333334, 0.437125, 0.027666666666666666, 0.031
1 0.11983333333333333, 0.432125, 0.026, 0.0185
1 0.5411666666666667, 0.432875, 0.017666666666666667, 0.032
1 0.5561666666666667, 0.432875, 0.013333333333333334, 0.02675
1 0.3495, 0.433375, 0.02, 0.023
1 0.5061666666666667, 0.433625, 0.021666666666666667, 0.0305
1 0.4885, 0.453125, 0.020666666666666667, 0.03075
1 1.0625, 0.434125, 0.016, 0.0295
1 0.6648333333333334, 0.434625, 0.019, 0.029
1 0.7341666666666666, 0.434875, 0.014333333333333333, 0.0305
1 0.9431666666666667, 0.434875, 0.021666666666666667, 0.0255
1 0.5681666666666667, 0.435375, 0.019666666666666666, 0.02875
1 0.7071666666666667, 0.435375, 0.02666666666666667, 0.02175
1 0.7898333333333334, 0.435375, 0.017, 0.03125
1 0.4815, 0.436125, 0.026333333333333334, 0.02825
1 0.8075, 0.436125, 0.03833333333333333, 0.014
1 1.2645766666666667, 0.43666750000000004, 0.021666666666666667, 0.02725
1 0.3978333333333333, 0.436625, 0.019666666666666666, 0.02875
1 1.1875, 0.437375, 0.028333333333333332, 0.026
1 0.38383333333333336, 0.438375, 0.018333333333333333, 0.025
1 0.7475, 0.439625, 0.018666666666666668, 0.021
1 0.8425, 0.440375, 0.017333333333333333, 0.028
1 0.43783333333333335, 0.440875, 0.016, 0.0305
1 0.4375, 0.465875, 0.022333333333333334, 0.023
1 0.7725, 0.440875, 0.018333333333333333, 0.026
1 1.0401666666666667, 0.440875, 0.026, 0.022
1 0.4161666666666667, 0.441125, 0.024333333333333332, 0.02325
1 1.208, 0.441625, 0.019833333333333335, 0.01725
1 1.1895, 0.458625, 0.026333333333333334, 0.023
1 1.0925, 0.442625, 0.019, 0.0295
1 0.5111666666666667, 0.445125, 0.03133333333333333, 0.0225
1 0.9508333333333333, 0.445125, 0.022333333333333334, 0.02725
1 1.1395, 0.445125, 0.014333333333333333, 0.0305
1 0.2855, 0.445875, 0.036, 0.01875
1 0.6075, 0.445875, 0.027, 0.02075
1 0.6198333333333333, 0.466625, 0.019, 0.02775
1 1.2551666666666668, 0.445875, 0.019, 0.02675
1 0.3195, 0.446375, 0.017333333333333333, 0.0245
1 0.8171666666666667, 0.446625, 0.02266666666666667, 0.02325
1 0.4081666666666667, 0.447625, 0.024, 0.0235
1 1.2285, 0.448375, 0.014333333333333333, 0.026
1 1.2105, 0.452375, 0.025666666666666667, 0.028
1 0.8791666666666667, 0.448625, 0.019333333333333334, 0.0225
1 0.9818333333333333, 0.448625, 0.034333333333333334, 0.0215
1 1.2401666666666666, 0.449875, 0.0195, 0.0325
1 0.6885, 0.450125, 0.017, 0.0315
1 0.33916666666666667, 0.450875, 0.02, 0.01975
1 0.3545, 0.458875, 0.036333333333333336, 0.01325
1 0.8081666666666667, 0.451375, 0.017666666666666667, 0.03
1 0.5845, 0.451875, 0.018333333333333333, 0.02675
1 0.9291666666666667, 0.453125, 0.02, 0.026
1 0.9155, 0.453375, 0.017, 0.02825
1 0.7171666666666666, 0.454625, 0.01633333333333333, 0.027
1 0.9791666666666666, 0.454625, 0.027333333333333334, 0.02375
1 0.9655, 0.455375, 0.021666666666666667, 0.029
1 0.6005, 0.455625, 0.019666666666666666, 0.0335
1 0.8991666666666667, 0.455625, 0.015666666666666666, 0.03
1 0.7061666666666667, 0.456875, 0.018333333333333333, 0.02875
1 0.5518333333333333, 0.457625, 0.017666666666666667, 0.02875
1 0.2485, 0.458375, 0.018, 0.02925
1 0.5315, 0.458875, 0.018, 0.026
1 0.6778333333333333, 0.458625, 0.016666666666666666, 0.0335
1 0.5665, 0.459125, 0.021333333333333333, 0.0335
1 0.7465, 0.459125, 0.017666666666666667, 0.02725
1 0.33216666666666667, 0.461375, 0.026, 0.02
1 0.34983333333333333, 0.479875, 0.018666666666666668, 0.02325
1 0.7311666666666666, 0.461625, 0.017, 0.03225
1 0.6591666666666667, 0.462375, 0.02, 0.032
1 0.5071666666666667, 0.463625, 0.024, 0.02375
1 0.8601666666666666, 0.464875, 0.019, 0.027
1 1.0435, 0.464875, 0.018, 0.03
1 0.27116666666666667, 0.465625, 0.026333333333333334, 0.03225
1 0.8435, 0.467125, 0.018666666666666668, 0.02025
1 1.0101666666666667, 0.466625, 0.033, 0.01225
1 0.42816666666666664, 0.467375, 0.015333333333333332, 0.02525
1 0.7675, 0.468125, 0.033666666666666664, 0.02075
1 0.2925, 0.468125, 0.018, 0.01925
1 0.29883333333333334, 0.469875, 0.027333333333333334, 0.0265
1 0.6395, 0.469625, 0.024, 0.02425
1 1.2568333333333332, 0.469625, 0.03, 0.01525
1 0.8855, 0.470375, 0.016, 0.027
1 0.3908333333333333, 0.471125, 0.021333333333333333, 0.02225
1 0.8251666666666667, 0.471875, 0.028333333333333332, 0.02125
1 0.8191666666666667, 0.477625, 0.016666666666666666, 0.0285
1 0.32716666666666666, 0.472375, 0.026, 0.0215
1 0.22883333333333333, 0.472875, 0.018, 0.0335
1 0.47383333333333333, 0.473625, 0.023, 0.0285
1 0.3615, 0.476125, 0.025333333333333333, 0.02525
1 1.0955, 0.475625, 0.021, 0.02725
1 1.1251666666666666, 0.475875, 0.033666666666666664, 0.014
1 0.8648333333333333, 0.476125, 0.023333333333333334, 0.02975
1 0.5881666666666666, 0.477375, 0.022333333333333334, 0.02575
1 0.9481666666666667, 0.477375, 0.034666666666666665, 0.01725
1 0.4041666666666667, 0.478375, 0.028, 0.024
1 0.6088333333333333, 0.478125, 0.018666666666666668, 0.02675
1 1.0491666666666666, 0.478625, 0.026, 0.0245
1 0.036833333333333336, 0.478875, 0.021, 0.0245
1 1.0871666666666666, 0.478875, 0.014333333333333333, 0.02525
1 1.0295, 0.480875, 0.019, 0.03075
1 1.0545, 0.480875, 0.035333333333333335, 0.026
1 0.6935, 0.482375, 0.017333333333333333, 0.02775
1 0.6728333333333333, 0.494375, 0.023, 0.027
1 0.9295, 0.482125, 0.021666666666666667, 0.028
1 0.32616666666666666, 0.482625, 0.019333333333333334, 0.03075
1 0.46316666666666667, 0.482875, 0.021, 0.02925
1 0.5455, 0.482875, 0.02033333333333333, 0.0255
1 0.5615, 0.483625, 0.02266666666666667, 0.027
1 0.5611666666666667, 0.508375, 0.032, 0.01025
1 0.30416666666666664, 0.484125, 0.021, 0.02575
1 0.9941666666666666, 0.484375, 0.03666666666666667, 0.02125
1 0.4861666666666667, 0.485625, 0.023333333333333334, 0.03475
1 1.1401666666666668, 0.485625, 0.022, 0.02375
1 0.7101666666666666, 0.486625, 0.019666666666666666, 0.02625
1 0.4375, 0.486875, 0.024333333333333332, 0.0235
1 0.5335, 0.486625, 0.018, 0.0215
1 0.5371666666666667, 0.507125, 0.025, 0.0235
1 0.8975, 0.486625, 0.02266666666666667, 0.02925
1 0.9488333333333333, 0.486875, 0.018333333333333333, 0.02875
1 0.7451666666666666, 0.487375, 0.017333333333333333, 0.0335
1 0.7628333333333334, 0.487375, 0.02, 0.0295
1 0.9175, 0.487125, 0.015, 0.0275
1 0.8111666666666667, 0.487625, 0.016, 0.02925
1 0.5041666666666667, 0.488375, 0.018333333333333333, 0.029
1 0.5208333333333334, 0.488125, 0.014666666666666666, 0.037
1 0.7741666666666667, 0.488375, 0.024, 0.02925
1 0.4121666666666667, 0.490125, 0.037333333333333336, 0.02175
1 0.6618333333333334, 0.490625, 0.029333333333333333, 0.0175
1 0.9821666666666666, 0.491125, 0.014, 0.016
1 0.6265, 0.492875, 0.017666666666666667, 0.02775
1 0.5775, 0.493125, 0.03666666666666667, 0.02525
1 0.8351666666666666, 0.493125, 0.028666666666666667, 0.014
1 0.3445, 0.494375, 0.015666666666666666, 0.02175
1 0.19716666666666666, 0.495125, 0.035, 0.0145
1 0.6401666666666667, 0.495625, 0.02, 0.0275
1 0.7248333333333333, 0.495875, 0.015666666666666666, 0.02725
1 0.7391666666666666, 0.498875, 0.016666666666666666, 0.026
1 0.9668333333333333, 0.497375, 0.019666666666666666, 0.03275
1 1.1045, 0.497375, 0.041666666666666664, 0.01475
1 0.31316666666666665, 0.498125, 0.018, 0.0225
1 0.9298333333333333, 0.500375, 0.020666666666666667, 0.02475
1 0.7941666666666667, 0.502625, 0.02033333333333333, 0.02425
1 0.8608333333333333, 0.503625, 0.03166666666666667, 0.01975
1 1.0721666666666667, 0.503875, 0.018, 0.02525
1 0.8388333333333333, 0.504875, 0.029666666666666668, 0.02
1 0.9828333333333333, 0.504875, 0.014333333333333333, 0.01675
1 1.0911666666666666, 0.505125, 0.02033333333333333, 0.02275
1 0.6455, 0.507875, 0.02666666666666667, 0.02125
1 0.6838333333333333, 0.508625, 0.017666666666666667, 0.0275
1 1.0138333333333334, 0.509625, 0.02666666666666667, 0.02925
1 0.7078333333333333, 0.509875, 0.019, 0.02475
1 0.7008333333333333, 0.510375, 0.015666666666666666, 0.033
1 0.7778333333333334, 0.513375, 0.018333333333333333, 0.022
1 1.0325, 0.513125, 0.013666666666666667, 0.01675
1 1.0451666666666666, 0.513875, 0.029666666666666668, 0.01375
1 1.1368333333333334, 0.517375, 0.03133333333333333, 0.013
1 0.5691666666666667, 0.518625, 0.036333333333333336, 0.01225
1 0.7351666666666666, 0.518875, 0.027, 0.01675
1 0.6551666666666667, 0.520125, 0.022, 0.02375
1 0.7661666666666667, 0.523125, 0.024666666666666667, 0.03125
1 0.7525, 0.539375, 0.025, 0.02975
1 0.26016666666666666, 0.545125, 0.014333333333333333, 0.022
1 0.8121666666666667, 0.550625, 0.016666666666666666, 0.0245
1 0.5541666666666667, 0.568875, 0.013666666666666667, 0.01675
1 0.4488333333333333, 0.586125, 0.015333333333333332, 0.01725
1 1.0471666666666666, 0.604625, 0.019666666666666666, 0.013
1 0.23459999999999998, 0.417125, 0.022170000000000002, 0.032
1 0.23468333333333333, 0.3993125, 0.02067, 0.0216875
1 0.8217066666666666, 0.22053, 0.01492, 0.023719999999999998
1 0.75618, 0.2318125, 0.01975333333333333, 0.0226875
1 0.7596733333333333, 0.24903, 0.01592, 0.02597
1 0.6884266666666667, 0.392, 0.025670000000000002, 0.022
1 0.68876, 0.4005, 0.028673333333333332, 0.0235
1 0.5991799999999999, 0.432625, 0.03583666666666667, 0.0159375
1 0.32043666666666665, 0.388375, 0.025003333333333336, 0.0255625
1 0.31461333333333336, 0.39219, 0.020993333333333333, 0.0293125
1 0.2986833333333333, 0.39590499999999995, 0.022949999999999998, 0.029095
1 0.41821, 0.417875, 0.020336666666666666, 0.0255
1 0.41702, 0.4014375, 0.014669999999999999, 0.0198125
1 0.39868666666666663, 0.4188125, 0.022253333333333337, 0.0214375
1 0.4036033333333333, 0.394125, 0.016586666666666666, 0.0331875
1 1.01001, 0.43402999999999997, 0.021593333333333332, 0.03197
1 1.0043766666666667, 0.47775, 0.0006666666666666666, 0.0005
1 0.9934, 0.390375, 0.015, 0.029375
1 1.0051166666666667, 0.3893125, 0.01225, 0.02725
1 0.9811966666666667, 0.4155, 0.018916666666666665, 0.0220625
1 0.9810300000000001, 0.433505, 0.03684, 0.018625
1 0.8918533333333333, 0.4120625, 0.03092333333333333, 0.00975
1 0.8924366666666667, 0.3939375, 0.030423333333333333, 0.021875
1 0.8732133333333333, 0.4010775, 0.017419999999999998, 0.0237025
1 0.7971833333333334, 0.4720625, 0.015583333333333333, 0.029375
1 0.7889633333333332, 0.490625, 0.021963333333333335, 0.024
1 0.6585, 0.466125, 0.007333333333333333, 0.0175
1 0.57425, 0.3900625, 0.03875, 0.0175
1 0.62375, 0.406875, 0.018166666666666668, 0.027030000000000002
1 0.6087066666666666, 0.39472, 0.033626666666666666, 0.02203
1 1.113, 0.4465, 0.024333333333333332, 0.02775
1 1.1258333333333332, 0.4456875, 0.017583333333333333, 0.0344375
1 1.1530833333333332, 0.45075, 0.01575, 0.02825
1 1.1538333333333333, 0.441625, 0.02425, 0.0295625
1 1.16775, 0.4518125, 0.02175, 0.0355625
1 1.1636666666666666, 0.434875, 0.023833333333333335, 0.02525
