1 0.7401242690058479, 0.16167763157894735, 0.035970394736842104, 0.021290204678362575
1 0.7344663742690059, 0.18225054824561404, 0.04759046052631579, 0.021792763157894735
1 0.761421783625731, 0.17722039473684212, 0.031524122807017545, 0.019599780701754384
1 0.7732547514619883, 0.1787938596491228, 0.04813870614035088, 0.013523391812865496
1 0.8135051169590644, 0.18050986842105263, 0.040800438596491226, 0.02266081871345029
1 0.7837171052631579, 0.18263157894736842, 0.04694627192982456, 0.01852704678362573
1 0.7296235380116959, 0.18406798245614037, 0.04437225877192982, 0.017448830409356728
1 0.8321454678362573, 0.1884594298245614, 0.024945175438596492, 0.027412280701754384
1 0.4647076023391813, 0.19233004385964914, 0.04030427631578947, 0.022796052631578946
1 0.38934576023391815, 0.19284539473684212, 0.025959429824561404, 0.02403143274853801
1 0.4076206140350877, 0.19366776315789475, 0.024972587719298243, 0.017430555555555553
1 0.7018457602339181, 0.19366776315789475, 0.019462719298245616, 0.020833333333333332
1 0.7934484649122807, 0.1917434210526316, 0.05112116228070176, 0.019965277777777776
1 0.7966703216374269, 0.2103152412280702, 0.047864583333333335, 0.02499817251461988
1 0.7517361111111112, 0.19553453947368418, 0.05044407894736842, 0.018099415204678365
1 0.7143859649122807, 0.19887609649122806, 0.05094298245614035, 0.021246345029239767
1 0.6930427631578947, 0.21422697368421054, 0.026787280701754387, 0.030710891812865498
1 0.8199013157894737, 0.2008936403508772, 0.04525767543859649, 0.0264766081871345
1 0.4812152777777778, 0.20518092105263158, 0.03179824561403509, 0.028126827485380115
1 0.7658461257309942, 0.20749725877192984, 0.04465186403508772, 0.021456505847953215
1 0.6749597953216374, 0.21292214912280702, 0.04269736842105263, 0.013110380116959064
1 0.3862390350877193, 0.21609923245614035, 0.02965186403508772, 0.03495065789473684
1 0.41812865497076024, 0.21861293859649122, 0.020285087719298246, 0.03275767543859649
1 0.6616410818713451, 0.21768366228070177, 0.043511513157894734, 0.021030701754385966
1 0.45511330409356726, 0.22135416666666666, 0.019523026315789473, 0.029247076023391813
1 0.6847368421052632, 0.2206277412280702, 0.043993969298245617, 0.01619517543859649
1 0.28431834795321637, 0.22875548245614036, 0.0390625, 0.01933296783625731
1 0.40030701754385967, 0.22895559210526317, 0.022826206140350875, 0.036173245614035086
1 0.8235709064327486, 0.23134320175438597, 0.03208881578947369, 0.024077119883040937
1 0.26919590643274854, 0.23322916666666668, 0.04370614035087719, 0.01910453216374269
1 0.1790168128654971, 0.23332510964912279, 0.05823739035087719, 0.020376461988304093
1 0.46169225146198833, 0.23453947368421052, 0.024369517543859652, 0.03620614035087719
1 0.04109649122807017, 0.24259594298245615, 0.05006030701754386, 0.020032894736842107
1 0.05720760233918129, 0.24708607456140352, 0.05139254385964912, 0.022766812865497074
1 0.7689912280701755, 0.26529605263157896, 0.055260416666666666, 0.021335891812865496
1 0.054115497076023394, 0.26932565789473684, 0.043368969298245616, 0.03241593567251462
1 0.0379203216374269, 0.2728892543859649, 0.041724232456140355, 0.017178362573099414
1 0.0245796783625731, 0.2745641447368421, 0.03210252192982456, 0.020124269005847954
1 0.6746162280701754, 0.2883771929824561, 0.05606085526315789, 0.020893640350877193
1 0.6728344298245614, 0.33631853070175444, 0.05119517543859649, 0.03438048245614035
1 0.688139619883041, 0.3980043859649123, 0.05004934210526316, 0.014437134502923976
1 0.7096363304093567, 0.3924671052631579, 0.05174890350877193, 0.03131761695906433
1 0.4180372807017544, 0.2923519736842105, 0.05980537280701754, 0.018457602339181287
1 0.47584612573099416, 0.29659265350877195, 0.06109649122807018, 0.021001461988304094
1 0.4944261695906433, 0.29865679824561403, 0.052083333333333336, 0.017178362573099414
1 0.565515350877193, 0.30002741228070173, 0.03761787280701754, 0.021451023391812863
1 0.578764619883041, 0.300109649122807, 0.05258223684210526, 0.021747076023391813
1 0.65140716374269, 0.30002741228070173, 0.059166666666666666, 0.01706505847953216
1 0.6657675438596491, 0.3036869517543859, 0.04732730263157895, 0.017574926900584795
1 0.7087682748538012, 0.2997861842105263, 0.06019736842105263, 0.016812865497076022
1 0.6943530701754386, 0.30300712719298245, 0.05677083333333333, 0.022934941520467836
1 0.7912554824561403, 0.3048519736842105, 0.05317708333333333, 0.02055921052631579
1 0.6006487573099415, 0.30668859649122804, 0.04370065789473684, 0.01640168128654971
1 0.6395285087719298, 0.30770285087719296, 0.04421052631578947, 0.020994152046783624
1 0.27437500000000004, 0.30996162280701756, 0.046696820175438594, 0.024815423976608186
1 0.22724780701754385, 0.31020285087719296, 0.044375, 0.02448830409356725
1 0.7687317251461988, 0.31048793859649126, 0.05559484649122807, 0.030290570175438597
1 0.4446125730994152, 0.3140076754385965, 0.04550438596491228, 0.019111842105263156
1 0.5500274122807017, 0.3137335526315789, 0.06439418859649122, 0.02284356725146199
1 0.9805829678362573, 0.31297149122807016, 0.049196820175438596, 0.01918859649122807
1 0.8341483918128655, 0.3153207236842105, 0.045937500000000006, 0.02965095029239766
1 0.45024671052631576, 0.3150794956140351, 0.05551809210526316, 0.027549342105263157
1 0.2616045321637427, 0.3182209429824561, 0.04474232456140351, 0.020537280701754385
1 0.425515350877193, 0.3197642543859649, 0.03919956140350877, 0.023406432748538014
1 0.0878563596491228, 0.31908991228070177, 0.05527686403508772, 0.01621162280701754
1 0.8109466374269005, 0.32009594298245614, 0.05092927631578947, 0.02046783625730994
1 0.06898757309941521, 0.32113486842105265, 0.046600877192982455, 0.022478070175438597
1 0.6181779970760234, 0.32055098684210526, 0.056702302631578945, 0.026080043859649123
1 0.3295102339181286, 0.32250548245614036, 0.052083333333333336, 0.02602704678362573
1 0.10316154970760234, 0.32387609649122806, 0.051666666666666666, 0.019554093567251463
1 0.7832072368421052, 0.3217543859649123, 0.05201206140350877, 0.02737390350877193
1 0.2890168128654971, 0.3229769736842105, 0.049967105263157896, 0.027412280701754384
1 0.7515844298245614, 0.3232044956140351, 0.05741228070175439, 0.018061038011695906
1 0.9314089912280702, 0.3221518640350877, 0.05111019736842105, 0.02183845029239766
1 0.859389619883041, 0.3249671052631579, 0.0559484649122807, 0.025052997076023393
1 0.8531085526315789, 0.36149671052631577, 0.029901315789473682, 0.024457236842105264
1 0.5066008771929824, 0.3267160087719298, 0.04837719298245614, 0.017726608187134504
1 0.721842105263158, 0.3274396929824561, 0.052247807017543856, 0.018061038011695906
1 0.20495248538011696, 0.32606359649122807, 0.05740679824561403, 0.021335891812865496
1 0.21591739766081872, 0.3423766447368421, 0.04153234649122807, 0.019554093567251463
1 0.19284539473684212, 0.3510389254385965, 0.054884868421052634, 0.02317799707602339
1 0.20668859649122806, 0.3745805921052632, 0.046428179824561405, 0.03024488304093567
1 0.20048245614035087, 0.38171600877192985, 0.03406798245614035, 0.022790570175438594
1 0.18357090643274854, 0.4146107456140351, 0.051998355263157894, 0.014550438596491229
1 0.4708516081871345, 0.3288103070175439, 0.05071271929824561, 0.018945540935672515
1 0.8283918128654971, 0.3341611842105263, 0.0475548245614035, 0.018190789473684212
1 0.7354714912280702, 0.3307401315789474, 0.05062774122807018, 0.017147295321637425
1 0.4081688596491228, 0.33867872807017546, 0.04029605263157895, 0.018092105263157895
1 0.7612390350877193, 0.3375794956140351, 0.04971765350877193, 0.02101608187134503
1 0.7527412280701754, 0.3788020833333333, 0.026488486842105263, 0.03919956140350877
1 0.5373720760233918, 0.3392489035087719, 0.04052631578947369, 0.014376827485380118
1 0.5242141812865497, 0.3438870614035088, 0.04595120614035088, 0.02691703216374269
1 0.022478070175438597, 0.33873355263157895, 0.046370614035087715, 0.022478070175438597
1 0.030930190058479533, 0.35563870614035087, 0.046636513157894736, 0.021001461988304094
1 0.019279970760233918, 0.37907620614035087, 0.03635690789473684, 0.017178362573099414
1 0.04559576023391813, 0.3910361842105263, 0.03515625, 0.029605263157894735
1 0.03875730994152047, 0.40995065789473684, 0.050833333333333335, 0.024930555555555553
1 0.1539656432748538, 0.33954769736842105, 0.042716557017543864, 0.022949561403508772
1 0.05619517543859649, 0.3425164473684211, 0.03837719298245614, 0.016264619883040937
1 0.3599232456140351, 0.3441611842105263, 0.049342105263157895, 0.015716374269005847
1 0.3736293859649123, 0.3490953947368421, 0.05071271929824561, 0.013044590643274854
1 0.37924890350877194, 0.3547203947368421, 0.044531249999999994, 0.020765716374269005
1 0.9003326023391812, 0.344015899122807, 0.042387609649122804, 0.023552631578947367
1 0.12161915204678363, 0.34553179824561403, 0.03919956140350877, 0.017361111111111112
1 0.24741959064327487, 0.34553179824561403, 0.04276041666666667, 0.01797697368421053
1 0.30180921052631576, 0.34799890350877194, 0.04824561403508772, 0.02448830409356725
1 0.30707785087719297, 0.36575383771929826, 0.0484703947368421, 0.02366593567251462
1 0.9554093567251462, 0.345984100877193, 0.0598547149122807, 0.019279970760233918
1 0.9392361111111112, 0.36061129385964913, 0.056938048245614034, 0.02246345029239766
1 0.6133808479532163, 0.34942708333333333, 0.05736293859649123, 0.023223684210526317
1 0.1365204678362573, 0.3507373903508772, 0.050923793859649125, 0.018907163742690056
1 0.23154239766081872, 0.3506003289473684, 0.04168585526315789, 0.01628654970760234
1 0.00356359649122807, 0.3515625, 0.05016447368421053, 0.02297331871345029
1 0.9772934941520468, 0.35238486842105265, 0.05439418859649123, 0.022341008771929825
1 0.649031432748538, 0.3540296052631579, 0.043889802631578954, 0.02284356725146199
1 0.5995065789473685, 0.354188596491228, 0.040098684210526314, 0.01716374269005848
1 0.7023940058479532, 0.35439967105263154, 0.03910361842105263, 0.018457602339181287
1 0.34457236842105265, 0.35704495614035087, 0.05137061403508772, 0.023687865497076025
1 0.9138797514619883, 0.3560745614035088, 0.0390734649122807, 0.024716739766081873
1 0.3944627192982456, 0.35759320175438597, 0.048322368421052635, 0.020650584795321638
1 0.1695668859649123, 0.35566337719298247, 0.03834703947368421, 0.03224049707602339
1 0.4820906432748538, 0.3568969298245614, 0.06361293859649123, 0.019789839181286552
1 0.43832236842105265, 0.3592379385964912, 0.050084978070175444, 0.017361111111111112
1 0.8074744152046783, 0.36094298245614037, 0.06326206140350878, 0.02288925438596491
1 0.8241959064327485, 0.37926809210526313, 0.05316063596491228, 0.023406432748538014
1 0.07188048245614034, 0.3638952850877193, 0.04989309210526315, 0.022699195906432747
1 0.11010599415204679, 0.36468201754385965, 0.04163925438596491, 0.020330774853801168
1 -9.137426900584795e-05, 0.36800986842105265, 0.03042763157894737, 0.005847953216374269
1 0.6393457602339181, 0.36735471491228067, 0.05866776315789474, 0.014367690058479533
1 0.6302083333333334, 0.3885690789473684, 0.05214364035087719, 0.02259137426900585
1 0.6174159356725146, 0.4007236842105263, 0.041425438596491226, 0.03195906432748538
1 0.2394919590643275, 0.3664638157894737, 0.057930372807017544, 0.021198830409356724
1 0.04961622807017544, 0.37129934210526316, 0.03334703947368421, 0.02304093567251462
1 0.33415570175438597, 0.3723958333333333, 0.05016447368421053, 0.015157163742690058
1 0.9674013157894736, 0.368031798245614, 0.06355263157894737, 0.024572368421052634
1 0.8464455409356725, 0.372626096491228, 0.058182565789473686, 0.024411549707602342
1 0.4956286549707602, 0.3743146929824561, 0.02685855263157895, 0.02913377192982456
1 0.42402229532163743, 0.3735608552631579, 0.045984100877192985, 0.020833333333333332
1 0.463358918128655, 0.37447094298245615, 0.06526041666666667, 0.019919590643274854
1 0.7300804093567251, 0.3752302631578947, 0.04886513157894737, 0.0316922514619883
1 0.886421783625731, 0.3761266447368421, 0.05630208333333333, 0.022112573099415205
1 0.898452119883041, 0.3847615131578947, 0.04092927631578947, 0.0198812134502924
1 0.5439016812865497, 0.37578124999999996, 0.06105811403508772, 0.02117141812865497
1 0.5585635964912281, 0.37648300438596494, 0.04441063596491228, 0.01799342105263158
1 0.7930372807017544, 0.37678179824561403, 0.04835800438596491, 0.018457602339181287
1 0.40478801169590645, 0.3776041666666667, 0.0628344298245614, 0.02161001461988304
1 0.8680701754385964, 0.37584978070175434, 0.05297423245614035, 0.0191593567251462
1 0.2763998538011696, 0.3803453947368421, 0.02490405701754386, 0.036504020467836254
1 0.65140716374269, 0.3818092105263158, 0.059388706140350876, 0.01859466374269006
1 0.5250365497076024, 0.38367872807017545, 0.05669407894736842, 0.023483187134502925
1 0.34683479532163747, 0.38311951754385964, 0.033037280701754386, 0.014184941520467837
1 0.9275402046783626, 0.38555372807017546, 0.04413377192982456, 0.02300438596491228
1 0.4977156432748538, 0.38451480263157894, 0.050208333333333334, 0.019630847953216374
1 0.480171783625731, 0.4022752192982456, 0.05522752192982456, 0.024649122807017542
1 0.5839126461988304, 0.38502741228070175, 0.03446271929824561, 0.04118603801169591
1 0.6013340643274854, 0.40760690789473686, 0.057192982456140344, 0.011513157894736841
1 0.5859831871345029, 0.40907620614035084, 0.05433388157894737, 0.017958698830409354
1 0.0963998538011696, 0.3868174342105263, 0.054649122807017544, 0.02421418128654971
1 0.08813048245614036, 0.3893914473684211, 0.05296600877192983, 0.017955043859649123
1 0.0, 0.42283442982456143, 0.0382922149122807, 0.020833333333333332
1 -9.137426900584795e-05, 0.4510690789473684, 0.024945175438596492, 0.02850877192982456
1 0.07660270467836258, 0.38836348684210525, 0.061247258771929824, 0.01742141812865497
1 0.2501516812865497, 0.3886705043859649, 0.027727521929824563, 0.03508040935672515
1 0.27786915204678364, 0.40254934210526316, 0.05263157894736842, 0.01644736842105263
1 0.2501827485380117, 0.41477796052631577, 0.061877741228070174, 0.018753654970760234
1 0.3204495614035088, 0.38484100877192984, 0.05707510964912281, 0.015533625730994151
1 0.39380847953216375, 0.3918585526315789, 0.05207236842105263, 0.01637061403508772
1 0.11723318713450293, 0.39309758771929826, 0.033640350877192984, 0.02046783625730994
1 0.11277777777777778, 0.4108826754385965, 0.047861842105263154, 0.02640716374269006
1 0.10352704678362573, 0.41341282894736847, 0.0560827850877193, 0.017796052631578945
1 0.3661366959064328, 0.3935773026315789, 0.025441337719298247, 0.03061769005847953
1 0.36449195906432746, 0.4111239035087719, 0.028157894736842104, 0.03420504385964912
1 0.8476790935672515, 0.39415570175438597, 0.06065515350877193, 0.024382309941520467
1 0.2836494883040936, 0.39569627192982454, 0.039983552631578954, 0.035840643274853805
1 0.6665752923976608, 0.3943201754385965, 0.06549890350877192, 0.015076754385964912
1 0.8983461257309941, 0.39538377192982455, 0.04645833333333333, 0.029731359649122806
1 0.41310307017543857, 0.3993887061403509, 0.06493421052631579, 0.023391812865497075
1 0.6806469298245614, 0.4003563596491228, 0.04096491228070175, 0.012975146198830409
1 0.7773209064327485, 0.4036458333333333, 0.05235745614035088, 0.025972222222222223
1 0.7602192982456141, 0.4054358552631579, 0.04745065789473684, 0.020230263157894737
1 0.13233187134502924, 0.4060032894736842, 0.049429824561403504, 0.018709795321637426
1 0.2647112573099415, 0.4052549342105263, 0.04471765350877193, 0.016264619883040937
1 0.44709429824561403, 0.4060279605263158, 0.039558662280701755, 0.017543859649122806
1 0.3347039473684211, 0.40820997807017545, 0.03463541666666667, 0.03195906432748538
1 0.5540789473684211, 0.408889802631579, 0.04820997807017544, 0.02971125730994152
1 0.20430555555555557, 0.4144325657894737, 0.045408442982456144, 0.02832236842105263
1 0.194718567251462, 0.42226425438596493, 0.042387609649122804, 0.01995796783625731
1 0.15667580409356727, 0.40754934210526317, 0.06483004385964912, 0.02141264619883041
1 0.959360380116959, 0.40995065789473684, 0.03481359649122807, 0.02611111111111111
1 0.8000730994152047, 0.41049890350877194, 0.060572916666666664, 0.02403143274853801
1 0.8136878654970761, 0.4249451754385965, 0.048045504385964916, 0.019142909356725146
1 0.4310124269005848, 0.4091913377192983, 0.06486293859649123, 0.02046783625730994
1 0.6129075292397661, 0.41132127192982454, 0.04918311403508772, 0.01621893274853801
1 0.5094115497076024, 0.41351973684210525, 0.052900219298245614, 0.024396929824561403
1 0.7541118421052632, 0.41261787280701756, 0.06065515350877193, 0.016264619883040937
1 0.983485014619883, 0.41488486842105265, 0.034342105263157896, 0.01631030701754386
1 0.9854714912280702, 0.4333141447368421, 0.025180921052631578, 0.01425438596491228
1 0.9531012426900585, 0.4148382675438596, 0.04966282894736842, 0.03328399122807017
1 0.9544042397660819, 0.44453947368421054, 0.05066337719298245, 0.024671052631578948
1 0.05235745614035088, 0.41541940789473686, 0.05495614035087719, 0.02531798245614035
1 0.29314327485380115, 0.418484100877193, 0.040808662280701756, 0.018611111111111113
1 0.8721673976608187, 0.41878837719298245, 0.06215734649122807, 0.023254751461988302
1 0.9134612573099415, 0.42918311403508774, 0.033390899122807016, 0.04717836257309942
1 0.6501352339181287, 0.4293393640350877, 0.05273026315789474, 0.019546783625730993
1 0.49515716374269003, 0.4321546052631579, 0.058174342105263156, 0.021747076023391813
1 0.5227521929824561, 0.4337335526315789, 0.04408717105263158, 0.02973501461988304
1 0.41968201754385964, 0.4344106359649123, 0.06484100877192982, 0.016028874269005847
1 0.3183260233918129, 0.4368146929824561, 0.04381578947368421, 0.016849415204678364
1 0.33893823099415205, 0.4385635964912281, 0.05691337719298246, 0.03117324561403509
1 0.3003015350877193, 0.43944627192982455, 0.052393092105263155, 0.022341008771929825
1 0.6795504385964912, 0.4395833333333333, 0.035811403508771926, 0.020924707602339183
1 0.6596765350877193, 0.45979166666666665, 0.037393092105263155, 0.03778326023391813
1 0.16876827485380116, 0.43475054824561404, 0.06291940789473684, 0.01864035087719298
1 0.36348684210526316, 0.4403316885964912, 0.052979714912280707, 0.023757309941520467
1 0.3817616959064328, 0.44064144736842104, 0.056480263157894735, 0.01619517543859649
1 0.32963633040935675, 0.44279605263157895, 0.04951754385964912, 0.015963084795321637
1 0.5857163742690058, 0.44183114035087717, 0.046647478070175434, 0.025429459064327486
1 0.3858954678362573, 0.44986842105263153, 0.05474780701754386, 0.028486842105263158
1 0.8878380847953217, 0.45600328947368424, 0.053366228070175444, 0.030838815789473683
1 0.9382913011695906, 0.45555098684210527, 0.04551260964912281, 0.02248720760233918
1 0.9262609649122807, 0.4946546052631579, 0.04871436403508772, 0.02010233918128655
1 0.5559429824561404, 0.4575082236842105, 0.02634046052631579, 0.03831323099415205
1 0.9746893274853801, 0.45819627192982454, 0.032601425438596496, 0.02503654970760234
1 0.8273940058479532, 0.45870614035087715, 0.04115679824561403, 0.03959612573099415
1 0.05930190058479532, 0.46346491228070175, 0.03233826754385965, 0.04541301169590643
1 0.1493969298245614, 0.46504934210526316, 0.03953947368421053, 0.020650584795321638
1 0.623516081871345, 0.4677165570175439, 0.03158991228070175, 0.03406615497076023
1 0.6223501461988304, 0.49235471491228067, 0.05799616228070175, 0.02055921052631579
1 0.8169773391812866, 0.4701452850877193, 0.04320175438596491, 0.03147843567251462
1 0.9209612573099415, 0.4709950657894737, 0.060041118421052635, 0.016812865497076022
1 0.49919956140350874, 0.47299890350877194, 0.053824013157894736, 0.02391812865497076
1 0.5236202485380117, 0.47299890350877194, 0.025350877192982457, 0.0411641081871345
1 0.20202850877192982, 0.4739720394736842, 0.04261239035087719, 0.026787280701754387
1 0.85640533625731, 0.4770394736842105, 0.06069627192982456, 0.023651315789473683
1 0.43930555555555556, 0.47854440789473685, 0.026770833333333334, 0.032870979532163745
1 0.8761878654970761, 0.48122258771929827, 0.0679906798245614, 0.02284356725146199
1 0.6998355263157895, 0.48204495614035087, 0.05555372807017544, 0.021122076023391813
1 0.7845394736842105, 0.48545504385964916, 0.04236842105263158, 0.02161001461988304
1 0.5262701023391813, 0.4867626096491228, 0.035910087719298246, 0.031134868421052633
1 0.5154806286549708, 0.49575109649122806, 0.032362938596491225, 0.03721125730994152
1 0.5426297514619883, 0.5196546052631579, 0.02768092105263158, 0.034314692982456145
1 0.38952850877192985, 0.4808059210526316, 0.05606359649122807, 0.02850877192982456
1 0.3898940058479532, 0.5209320175438596, 0.06050438596491228, 0.0245796783625731
1 0.1271016081871345, 0.48779879385964914, 0.047900219298245617, 0.027708333333333335
1 0.4642507309941521, 0.4877055921052632, 0.05463815789473684, 0.022134502923976607
1 0.9875584795321638, 0.48740131578947365, 0.03352521929824561, 0.012220394736842105
1 0.6726279239766082, 0.49156798245614036, 0.04101151315789474, 0.016608187134502923
1 0.5552357456140351, 0.49335252192982454, 0.03359375, 0.03324561403508772
1 0.6473866959064327, 0.4960252192982456, 0.03728070175438596, 0.0312719298245614
1 0.5886896929824561, 0.4995888157894737, 0.05367324561403509, 0.023974780701754385
1 0.15487938596491227, 0.49941337719298246, 0.050339912280701754, 0.0222953216374269
1 0.15085891812865498, 0.5375164473684211, 0.05671326754385964, 0.023757309941520467
1 0.4397843567251462, 0.5020559210526315, 0.026510416666666665, 0.018936403508771932
1 0.5755665204678363, 0.5029906798245615, 0.05471217105263158, 0.022489035087719298
1 0.7460252192982456, 0.5022478070175439, 0.07012609649122807, 0.018236476608187134
1 0.26896016081871343, 0.5024972587719297, 0.04690515350877193, 0.019325657894736843
1 0.2550255847953216, 0.5127467105263158, 0.04276315789473684, 0.02138157894736842
1 0.7246290204678363, 0.5020668859649122, 0.06645833333333333, 0.026354166666666668
1 0.7358369883040936, 0.5574451754385965, 0.05919407894736842, 0.019835526315789474
1 0.9408351608187134, 0.5039747807017544, 0.06741502192982457, 0.021975511695906433
1 0.8929312865497075, 0.5095860745614035, 0.051680372807017545, 0.022364766081871344
1 0.5200109649122807, 0.5089309210526316, 0.06080866228070176, 0.0250968567251462
1 0.9087171052631579, 0.5089747807017544, 0.06207236842105263, 0.019782529239766082
1 0.2208516081871345, 0.5127467105263158, 0.03125, 0.01516812865497076
1 0.22341008771929824, 0.5073930921052632, 0.06277412280701754, 0.023711622807017545
1 0.7630665204678363, 0.5113048245614035, 0.06663925438596491, 0.02444261695906433
1 0.771610014619883, 0.5291940789473685, 0.04625, 0.026909722222222224
1 0.16940789473684212, 0.51484375, 0.05460526315789473, 0.021655701754385966
1 0.828718932748538, 0.514391447368421, 0.042214912280701754, 0.019325657894736843
1 0.41496162280701754, 0.5141392543859649, 0.05069078947368421, 0.03003106725146199
1 0.4293293128654971, 0.5244270833333333, 0.04476699561403509, 0.02231907894736842
1 0.4076206140350877, 0.5382017543859648, 0.05102521929824561, 0.03415204678362573
1 0.6908808479532164, 0.5156853070175439, 0.05353070175438596, 0.028691520467836257
1 0.24259868421052633, 0.5182291666666666, 0.052132675438596496, 0.02018640350877193
1 0.5039290935672515, 0.5189089912280702, 0.042083333333333334, 0.024533991228070175
1 0.05893640350877193, 0.5183717105263158, 0.060838815789473685, 0.021518640350877194
1 0.3667763157894737, 0.5197039473684211, 0.06696820175438596, 0.018914473684210526
1 0.03828581871345029, 0.5210416666666666, 0.058840460526315794, 0.02049890350877193
1 0.12033991228070176, 0.5209923245614035, 0.04927631578947368, 0.020513523391812866
1 0.45020102339181284, 0.5163651315789474, 0.07243695175438597, 0.022706505847953216
1 0.1345796783625731, 0.5241200657894737, 0.054440789473684206, 0.020665204678362574
1 0.7108150584795322, 0.5232373903508772, 0.042716557017543864, 0.018921783625730996
1 0.9550895467836257, 0.5256304824561403, 0.03849780701754386, 0.026726973684210526
1 0.79625, 0.5251809210526316, 0.027039473684210526, 0.037997076023391814
1 0.28554459064327486, 0.526688596491228, 0.049928728070175434, 0.019554093567251463
1 0.6521235380116959, 0.5273382675438597, 0.04385690789473685, 0.01797697368421053
1 0.3146016081871345, 0.530016447368421, 0.04429550438596491, 0.02069627192982456
1 0.8584612573099415, 0.530016447368421, 0.03878563596491228, 0.018777412280701754
1 0.022203947368421052, 0.5292516447368422, 0.052025767543859645, 0.019576023391812865
1 0.07443165204678363, 0.5322094298245614, 0.027138157894736843, 0.02763340643274854
1 0.09713084795321637, 0.530391995614035, 0.05335252192982456, 0.023033625730994153
1 -9.137426900584795e-05, 0.5327138157894736, 0.05432017543859649, 0.015259502923976608
1 0.8295413011695907, 0.5371436403508771, 0.04416118421052631, 0.0286531432748538
1 0.30282894736842103, 0.5359018640350878, 0.0626452850877193, 0.017642543859649123
1 0.27559941520467834, 0.5649342105263159, 0.04564967105263158, 0.029506578947368422
1 0.05071271929824561, 0.5404303728070176, 0.04166940789473684, 0.017543859649122806
1 0.7868311403508772, 0.5416940789473684, 0.045899122807017544, 0.023848684210526317
1 0.10990131578947368, 0.5400849780701754, 0.05540296052631579, 0.018795687134502925
1 0.3262518274853801, 0.5359703947368422, 0.05015625, 0.03641264619883041
1 0.9280884502923976, 0.5428207236842105, 0.06478618421052632, 0.021564327485380116
1 0.5848647660818713, 0.5434868421052632, 0.05834978070175439, 0.02798245614035088
1 0.5865095029239766, 0.5774396929824561, 0.03593475877192982, 0.02848501461988304
1 0.8100858918128655, 0.5456003289473684, 0.02948739035087719, 0.01934027777777778
1 0.2559393274853801, 0.5454139254385965, 0.04819901315789474, 0.015716374269005847
1 0.2550255847953216, 0.5492351973684211, 0.05123081140350877, 0.02860014619883041
1 0.3489583333333333, 0.5489309210526315, 0.07022478070175439, 0.021975511695906433
1 0.3361659356725146, 0.5675328947368421, 0.052719298245614034, 0.018753654970760234
1 0.9661001461988304, 0.5494791666666666, 0.03070175438596491, 0.020833333333333332
1 0.4774305555555556, 0.5441173245614035, 0.06917763157894737, 0.024990862573099414
1 0.861750730994152, 0.5538651315789473, 0.06529331140350877, 0.018457602339181287
1 0.873766447368421, 0.553530701754386, 0.05425438596491228, 0.023651315789473683
1 0.5744700292397661, 0.5552357456140351, 0.06163377192982456, 0.01628654970760234
1 0.21636695906432749, 0.5561924342105263, 0.021247258771929827, 0.023125
1 0.2787828947368421, 0.5558662280701754, 0.038766447368421046, 0.014307383040935673
1 0.4969389619883041, 0.5571546052631579, 0.03504385964912281, 0.02581323099415205
1 0.49625365497076024, 0.5683936403508771, 0.03651864035087719, 0.021747076023391813
1 0.5329861111111112, 0.5563678728070176, 0.03377741228070175, 0.028614766081871346
1 0.8966557017543859, 0.5582510964912281, 0.04558662280701755, 0.03463084795321637
1 0.981999269005848, 0.5601699561403509, 0.06030701754385965, 0.01781798245614035
1 0.6113852339181286, 0.5614638157894736, 0.04256578947368421, 0.02425986842105263
1 0.12755482456140352, 0.564640899122807, 0.03183936403508772, 0.028146929824561406
1 0.630063961988304, 0.5681195175438597, 0.02784813596491228, 0.02480811403508772
1 0.6795431286549708, 0.5705866228070176, 0.04824561403508772, 0.024861111111111108
1 0.7888559941520468, 0.5704632675438597, 0.047272478070175435, 0.040182748538011695
1 0.6726059941520468, 0.5722313596491229, 0.042458881578947366, 0.017909356725146198
1 0.750639619883041, 0.5719572368421053, 0.031927083333333335, 0.027640716374269007
1 0.10535453216374269, 0.5760690789473685, 0.0446984649122807, 0.027412280701754384
1 0.19203033625730995, 0.5763432017543859, 0.0334484649122807, 0.021131213450292397
1 0.8902595029239766, 0.5766173245614035, 0.043859649122807015, 0.014437134502923976
1 0.0006396198830409356, 0.5766529605263159, 0.04300164473684211, 0.015899122807017545
1 0.7860709064327486, 0.5799067982456141, 0.02846765350877193, 0.024373172514619883
1 0.6242470760233918, 0.5740981359649122, 0.04438322368421053, 0.03706688596491228
1 0.6945577485380117, 0.5804550438596491, 0.04148574561403509, 0.025562865497076023
1 0.8253837719298246, 0.5810032894736842, 0.02930921052631579, 0.023369883040935673
1 0.823404605263158, 0.5837445175438597, 0.03643366228070175, 0.0384375
1 0.059941520467836254, 0.5952521929824561, 0.06008497807017544, 0.018914473684210526
1 0.8316666666666667, 0.6007401315789473, 0.04443256578947369, 0.034835526315789477
1 0.548358918128655, 0.6006524122807018, 0.03283717105263158, 0.03022295321637427
1 0.91109283625731, 0.6018366228070176, 0.044956140350877194, 0.03191154970760234
1 0.18722587719298245, 0.6016611842105264, 0.033813048245614034, 0.0356359649122807
1 0.8849597953216374, 0.6155427631578947, 0.03344298245614035, 0.042046783625731
1 0.9540387426900585, 0.6248629385964912, 0.04075383771929824, 0.04057017543859649
1 0.9191337719298246, 0.6339089912280702, 0.060219298245614034, 0.022478070175438597
1 0.9812682748538012, 0.6356990131578948, 0.039925986842105264, 0.01864035087719298
1 0.2978033625730994, 0.6865405701754386, 0.03649396929824561, 0.011741593567251463
1 0.42859100877192985, 0.7158662280701754, 0.04934758771929825, 0.021792763157894735
1 0.6132127192982456, 0.7268366228070176, 0.03399122807017544, 0.01882309941520468
1 0.010416666666666666, 0.7305948464912281, 0.04248081140350877, 0.0222953216374269
1 0.48734466374269003, 0.7336842105263158, 0.04165570175438597, 0.025310672514619884
1 0.3358918128654971, 0.762047697368421, 0.04310581140350877, 0.02965095029239766
1 0.9445961257309942, 0.768530701754386, 0.05261787280701754, 0.02442799707602339
1 0.9558662280701754, 0.5793338815789473, 0.04467105263157895, 0.042306286549707604
1 0.9373629385964912, 0.5839364035087719, 0.07297697368421054, 0.02480811403508772
1 0.6802960526315789, 0.38005208333333335, 0.026104714912280703, 0.031524122807017545
1 0.7004605263157895, 0.40179276315789475, 0.053371710526315785, 0.019005847953216373
1 0.7412134502923977, 0.4168667763157895, 0.047593201754385965, 0.018731725146198832
1 0.7201772660818714, 0.3757209429824562, 0.055315241228070175, 0.02617872807017544
1 0.5874433479532163, 0.33668037280701757, 0.06047423245614036, 0.018731725146198832
1 0.5715771198830409, 0.3662253289473684, 0.046636513157894736, 0.023574561403508772
1 0.22495065789473687, 0.39106907894736836, 0.060520833333333336, 0.02576571637426901
1 0.22580774853801167, 0.41936677631578945, 0.03853618421052632, 0.01829861111111111
1 0.18120979532163745, 0.3884594298245614, 0.031378837719298246, 0.02266081871345029
1 0.158640350877193, 0.37257401315789473, 0.0588843201754386, 0.024586988304093567
1 0.15311220760233918, 0.38105263157894737, 0.042494517543859654, 0.01565606725146199
1 0.14930555555555555, 0.3972642543859649, 0.041175986842105265, 0.01471125730994152
1 0.12957602339181287, 0.3829468201754386, 0.032280701754385965, 0.023781067251461986
1 0.23540204678362572, 0.5305427631578947, 0.049328399122807016, 0.021036184210526315
1 0.23976790935672515, 0.5672231359649123, 0.03878563596491228, 0.01843567251461988
1 0.21875, 0.5740021929824561, 0.042557565789473686, 0.023802997076023392
1 0.2108369883040936, 0.5620888157894737, 0.06160635964912281, 0.023872441520467837
1 0.19919590643274854, 0.5411842105263158, 0.06748355263157894, 0.020376461988304093
1 0.1903472222222222, 0.5206524122807017, 0.053234649122807016, 0.023300438596491228
1 0.22001461988304094, 0.4724643640350877, 0.042124451754385964, 0.019272660818713448
1 0.20490131578947368, 0.5118448464912281, 0.020940241228070176, 0.02514437134502924
1 0.1610014619883041, 0.5695751096491228, 0.06070175438596491, 0.020056652046783627
1 0.1723501461988304, 0.5568777412280702, 0.06405975877192982, 0.023925438596491225
1 0.025173611111111112, 0.40459429824561405, 0.06030701754385965, 0.016584429824561403
1 0.033960160818713454, 0.3840433114035088, 0.061107456140350874, 0.017785087719298244
1 0.006807383040935673, 0.40907620614035084, 0.04589638157894737, 0.019692982456140352
1 0.006218932748538012, 0.38653234649122803, 0.04532894736842106, 0.013622076023391815
1 0.2049671052631579, 0.41307017543859653, 0.008906250000000001, 0.008452119883040937
1 0.664656432748538, 0.7149122807017544, 0.03604989035087719, 0.01918859649122807
1 0.0, 0.3990515350877193, 0.02454769736842105, 0.00804093567251462
