1 0.576625, 0.38816666666666666, 0.030666666666666665, 0.02
1 0.816625, 0.3885, 0.028, 0.01875
1 0.735625, 0.38916666666666666, 0.019333333333333334, 0.0245
1 0.483875, 0.39016666666666666, 0.035333333333333335, 0.015
1 0.406125, 0.3928333333333333, 0.034333333333333334, 0.015
1 0.690875, 0.3928333333333333, 0.027, 0.01925
1 0.434375, 0.3938333333333333, 0.034666666666666665, 0.013
1 0.218375, 0.3958333333333333, 0.034666666666666665, 0.0155
1 0.229125, 0.3995, 0.03966666666666667, 0.01
1 0.857875, 0.3965, 0.03933333333333333, 0.0125
1 0.390625, 0.3968333333333333, 0.032, 0.012
1 0.383875, 0.41783333333333333, 0.025333333333333333, 0.02225
1 0.665125, 0.39716666666666667, 0.033, 0.013
1 0.846375, 0.3968333333333333, 0.03166666666666667, 0.0125
1 0.829125, 0.4105, 0.028, 0.023
1 0.775875, 0.3998333333333333, 0.027, 0.022
1 0.247875, 0.4008333333333333, 0.034333333333333334, 0.01025
1 0.618125, 0.4015, 0.024, 0.01475
1 0.165875, 0.4021666666666667, 0.023333333333333334, 0.0245
1 0.678875, 0.4025, 0.035, 0.016
1 0.238125, 0.4028333333333333, 0.038, 0.01125
1 0.582375, 0.4031666666666667, 0.035, 0.015
1 0.698375, 0.4038333333333333, 0.03333333333333333, 0.01325
1 0.757625, 0.4045, 0.030333333333333334, 0.014
1 0.252625, 0.4058333333333333, 0.035666666666666666, 0.013
1 0.416375, 0.4078333333333333, 0.04133333333333333, 0.012
1 0.607625, 0.4078333333333333, 0.024666666666666667, 0.0235
1 0.745125, 0.4075, 0.037, 0.0145
1 0.372875, 0.4088333333333333, 0.035, 0.01225
1 0.721875, 0.4088333333333333, 0.028, 0.02
1 0.719125, 0.4131666666666667, 0.036333333333333336, 0.018
1 0.735625, 0.4088333333333333, 0.026, 0.0155
1 0.545375, 0.4098333333333333, 0.014, 0.029
1 0.505125, 0.41083333333333333, 0.030333333333333334, 0.01425
1 0.191625, 0.41183333333333333, 0.024333333333333332, 0.017
1 0.260875, 0.4115, 0.034333333333333334, 0.017
1 0.269375, 0.4121666666666667, 0.035, 0.01675
1 0.301625, 0.4125, 0.032, 0.01525
1 0.362625, 0.4135, 0.027, 0.0095
1 0.524125, 0.4135, 0.039, 0.01225
1 0.641125, 0.4135, 0.033, 0.015
1 0.587375, 0.41483333333333333, 0.034666666666666665, 0.0165
1 0.590375, 0.43116666666666664, 0.03266666666666666, 0.0145
1 0.209375, 0.4151666666666667, 0.03233333333333333, 0.0095
1 0.311875, 0.4151666666666667, 0.029666666666666668, 0.016
1 0.403625, 0.41483333333333333, 0.03666666666666667, 0.01225
1 0.776625, 0.41483333333333333, 0.033666666666666664, 0.0115
1 0.446875, 0.4155, 0.027666666666666666, 0.016
1 0.518125, 0.4155, 0.024666666666666667, 0.0105
1 0.571375, 0.4155, 0.033666666666666664, 0.01025
1 0.464125, 0.4165, 0.03766666666666667, 0.01575
1 0.768375, 0.4165, 0.035666666666666666, 0.0105
1 0.757625, 0.4315, 0.03666666666666667, 0.01225
1 0.772875, 0.4498333333333333, 0.02666666666666667, 0.01625
1 0.457625, 0.4175, 0.025666666666666667, 0.012
1 0.490625, 0.4191666666666667, 0.03966666666666667, 0.0135
1 0.486875, 0.43216666666666664, 0.033, 0.0145
1 0.533625, 0.4195, 0.038, 0.01275
1 0.281625, 0.4211666666666667, 0.028, 0.0155
1 0.675625, 0.4221666666666667, 0.029666666666666668, 0.01825
1 0.824375, 0.4221666666666667, 0.018666666666666668, 0.023
1 0.550625, 0.4231666666666667, 0.03766666666666667, 0.0105
1 0.541625, 0.4245, 0.03933333333333333, 0.0095
1 0.606375, 0.4245, 0.032, 0.0135
1 0.795875, 0.4245, 0.028, 0.0125
1 0.648125, 0.4261666666666667, 0.029, 0.01475
1 0.614875, 0.4261666666666667, 0.031, 0.013
1 0.783125, 0.4265, 0.031, 0.018
1 0.851125, 0.42716666666666664, 0.033666666666666664, 0.012
1 0.824125, 0.44083333333333335, 0.021, 0.03025
1 0.657875, 0.4275, 0.035, 0.0125
1 0.216875, 0.4285, 0.03666666666666667, 0.0145
1 0.437625, 0.42816666666666664, 0.031, 0.0095
1 0.417625, 0.4295, 0.033666666666666664, 0.01525
1 0.428375, 0.42983333333333335, 0.03233333333333333, 0.0125
1 0.469625, 0.43016666666666664, 0.035333333333333335, 0.01425
1 0.502375, 0.4305, 0.03133333333333333, 0.0165
1 0.694875, 0.43116666666666664, 0.030333333333333334, 0.01275
1 0.634875, 0.4315, 0.03333333333333333, 0.01225
1 0.671375, 0.4315, 0.033666666666666664, 0.0145
1 0.291125, 0.43216666666666664, 0.027, 0.01625
1 0.626875, 0.43216666666666664, 0.035, 0.01075
1 0.565125, 0.43283333333333335, 0.036333333333333336, 0.01175
1 0.557375, 0.43416666666666665, 0.03233333333333333, 0.00975
1 0.383125, 0.43483333333333335, 0.025333333333333333, 0.0205
1 0.744125, 0.43583333333333335, 0.032, 0.012
1 0.715375, 0.4385, 0.035333333333333335, 0.01275
1 0.478375, 0.43883333333333335, 0.03966666666666667, 0.011
1 0.576125, 0.43883333333333335, 0.03233333333333333, 0.01325
1 0.443375, 0.43983333333333335, 0.023333333333333334, 0.01975
1 0.360625, 0.4415, 0.014333333333333333, 0.01775
1 0.602875, 0.4415, 0.025, 0.01525
1 0.517375, 0.4435, 0.034333333333333334, 0.01375
1 0.797375, 0.44683333333333336, 0.019333333333333334, 0.0255
1 0.727125, 0.44816666666666666, 0.02266666666666667, 0.01275
1 0.826625, 0.4488333333333333, 0.027666666666666666, 0.0225
1 0.823625, 0.4518333333333333, 0.029333333333333333, 0.017
1 0.629125, 0.4628333333333333, 0.014, 0.012
1 0.540625, 0.46416666666666667, 0.017333333333333333, 0.0235
1 0.654625, 0.4675, 0.018333333333333333, 0.021
1 0.635625, 0.4698333333333333, 0.02033333333333333, 0.00875
1 0.444375, 0.47583333333333333, 0.030333333333333334, 0.0225
1 0.513375, 0.47783333333333333, 0.03133333333333333, 0.01075
1 0.625875, 0.4775, 0.034666666666666665, 0.013
1 0.638625, 0.4821666666666667, 0.024333333333333332, 0.015
1 0.533125, 0.4865, 0.019333333333333334, 0.0185
1 0.520375, 0.48783333333333334, 0.029666666666666668, 0.01175
1 0.596875, 0.4881666666666667, 0.028, 0.01875
1 0.648375, 0.4891666666666667, 0.032, 0.015
1 0.649125, 0.5081666666666667, 0.029666666666666668, 0.01875
1 0.502375, 0.49016666666666664, 0.03666666666666667, 0.013
1 0.638125, 0.5051666666666667, 0.028, 0.01025
1 0.349125, 0.49616666666666664, 0.03266666666666666, 0.01175
1 0.610375, 0.49783333333333335, 0.035333333333333335, 0.01375
1 0.601125, 0.5185, 0.035, 0.0115
1 0.540375, 0.49916666666666665, 0.03933333333333333, 0.009875
1 0.549125, 0.49983333333333335, 0.035333333333333335, 0.0085
1 0.496125, 0.5001666666666666, 0.034, 0.01175
1 0.835375, 0.5008333333333334, 0.027, 0.01875
1 0.459875, 0.5011666666666666, 0.036333333333333336, 0.0145
1 0.338125, 0.5021666666666667, 0.03766666666666667, 0.0115
1 0.554625, 0.5021666666666667, 0.035666666666666666, 0.01275
1 0.848625, 0.5025, 0.031, 0.02025
1 0.525625, 0.5031666666666667, 0.025, 0.018
1 0.530875, 0.5228333333333334, 0.033, 0.015
1 0.522125, 0.5275, 0.025, 0.0155
1 0.669375, 0.5035, 0.031, 0.01425
1 0.647375, 0.5588333333333333, 0.025333333333333333, 0.0205
1 0.821875, 0.5038333333333334, 0.04466666666666667, 0.01425
1 0.361625, 0.5048333333333334, 0.027666666666666666, 0.0145
1 0.570375, 0.5051666666666667, 0.03966666666666667, 0.009
1 0.596375, 0.5055, 0.03166666666666667, 0.0115
1 0.586625, 0.5068333333333334, 0.04, 0.01
1 0.329625, 0.5075, 0.035666666666666666, 0.01075
1 0.630125, 0.5075, 0.037, 0.01025
1 0.514625, 0.5085, 0.027333333333333334, 0.01025
1 0.578375, 0.5085, 0.028666666666666667, 0.00975
1 0.621375, 0.5085, 0.036333333333333336, 0.0085
1 0.686375, 0.5085, 0.027333333333333334, 0.01075
1 0.722375, 0.5111666666666667, 0.036, 0.01275
1 0.431875, 0.5115, 0.04, 0.012
1 0.748125, 0.5125, 0.035, 0.0175
1 0.318375, 0.5128333333333334, 0.03333333333333333, 0.011
1 0.698125, 0.5138333333333334, 0.015666666666666666, 0.02375
1 0.558125, 0.5141666666666667, 0.03333333333333333, 0.0145
1 0.469875, 0.5148333333333334, 0.035, 0.01625
1 0.442875, 0.5178333333333334, 0.038, 0.0095
1 0.834125, 0.5178333333333334, 0.028333333333333332, 0.0215
1 0.681125, 0.5185, 0.035, 0.01425
1 0.349625, 0.5195, 0.035333333333333335, 0.01375
1 0.452625, 0.5221666666666667, 0.033, 0.009
1 0.487625, 0.5235, 0.033, 0.01025
1 0.423625, 0.5248333333333334, 0.025666666666666667, 0.01075
1 0.386125, 0.5281666666666667, 0.04133333333333333, 0.013
1 0.356625, 0.5275, 0.036, 0.01175
1 0.703125, 0.5278333333333334, 0.012666666666666666, 0.0185
1 0.508375, 0.5291666666666667, 0.03666666666666667, 0.01
1 0.752875, 0.5295, 0.03166666666666667, 0.0185
1 0.474375, 0.5295, 0.035, 0.0145
1 0.636375, 0.5301666666666667, 0.029, 0.01375
1 0.695875, 0.5308333333333334, 0.023, 0.01975
1 0.604625, 0.5315, 0.030333333333333334, 0.0165
1 0.496875, 0.5348333333333334, 0.034, 0.01225
1 0.366125, 0.5355, 0.036333333333333336, 0.01175
1 0.671625, 0.5358333333333334, 0.027666666666666666, 0.01425
1 0.543375, 0.5368333333333334, 0.029, 0.01125
1 0.591375, 0.5368333333333334, 0.029666666666666668, 0.0105
1 0.657125, 0.5368333333333334, 0.029, 0.01425
1 0.377625, 0.5375, 0.03133333333333333, 0.01025
1 0.577125, 0.5375, 0.028333333333333332, 0.01425
1 0.462125, 0.5381666666666667, 0.03, 0.0105
1 0.398125, 0.5395, 0.029333333333333333, 0.016
1 0.565875, 0.5398333333333334, 0.028333333333333332, 0.01475
1 0.324875, 0.5411666666666667, 0.020666666666666667, 0.02375
1 0.609625, 0.5448333333333333, 0.03233333333333333, 0.02
1 0.517125, 0.5465, 0.037333333333333336, 0.01125
1 0.622875, 0.5465, 0.029666666666666668, 0.01225
1 0.524125, 0.5475, 0.030333333333333334, 0.014
1 0.638875, 0.5625, 0.03, 0.022
1 0.561625, 0.5635, 0.03333333333333333, 0.01425
1 0.580875, 0.5665, 0.017666666666666667, 0.024
1 0.624125, 0.5715, 0.039, 0.0155
1 0.605875, 0.5775, 0.03766666666666667, 0.01425
1 0.542875, 0.5785, 0.017333333333333333, 0.01775
1 0.575375, 0.5801666666666667, 0.036, 0.011
1 0.532625, 0.5838333333333333, 0.021333333333333333, 0.01775
1 0.584625, 0.5835, 0.021666666666666667, 0.01475
1 0.594875, 0.5838333333333333, 0.03, 0.013
1 0.616125, 0.5891666666666666, 0.03833333333333333, 0.01075
1 0.640125, 0.5918333333333333, 0.02, 0.022
1 0.627625, 0.5918333333333333, 0.036333333333333336, 0.0115
1 0.558125, 0.5941666666666666, 0.039, 0.015
1 0.497125, 0.5965, 0.027333333333333334, 0.014
1 0.510625, 0.5985, 0.027333333333333334, 0.0115
1 0.646875, 0.6008333333333333, 0.026, 0.02
1 0.581375, 0.6055, 0.029333333333333333, 0.01175
1 0.539875, 0.6068333333333333, 0.030333333333333334, 0.01275
1 0.657125, 0.6068333333333333, 0.023666666666666666, 0.02075
1 0.6683125, 0.6110833333333333, 0.034416666666666665, 0.0190625
1 0.683875, 0.6138333333333333, 0.04066666666666666, 0.016
1 0.670375, 0.6485, 0.02666666666666667, 0.0215
1 0.589625, 0.6141666666666666, 0.03333333333333333, 0.01075
1 0.603875, 0.6161666666666666, 0.026, 0.0195
1 0.599125, 0.6235, 0.04, 0.01125
1 0.555875, 0.6165, 0.029333333333333333, 0.013
1 0.572625, 0.6181666666666666, 0.030333333333333334, 0.0145
1 0.565375, 0.6351666666666667, 0.027, 0.014
1 0.576625, 0.6431666666666667, 0.038, 0.0105
1 0.631875, 0.6195, 0.023, 0.01425
1 0.670625, 0.6215, 0.039, 0.0185
1 0.635625, 0.6258333333333334, 0.02666666666666667, 0.0205
1 0.633875, 0.6401666666666667, 0.023666666666666666, 0.020125
1 0.544625, 0.6265, 0.022333333333333334, 0.01275
1 0.660125, 0.6261666666666666, 0.03833333333333333, 0.01
1 0.692875, 0.6265, 0.031, 0.01825
1 0.621125, 0.6278333333333334, 0.035666666666666666, 0.00975
1 0.532125, 0.6281666666666667, 0.025333333333333333, 0.01275
1 0.519375, 0.6295, 0.019666666666666666, 0.0135
1 0.607875, 0.6291666666666667, 0.027333333333333334, 0.0125
1 0.710125, 0.6308333333333334, 0.03666666666666667, 0.01225
1 0.647375, 0.6318333333333334, 0.03766666666666667, 0.0135
1 0.585875, 0.6421666666666667, 0.04033333333333333, 0.018
1 0.697375, 0.6428333333333334, 0.030333333333333334, 0.015
1 0.518125, 0.6448333333333334, 0.025666666666666667, 0.01675
1 0.554375, 0.6455, 0.03166666666666667, 0.01275
1 0.544625, 0.6485, 0.023666666666666666, 0.013
1 0.534625, 0.6501666666666667, 0.029666666666666668, 0.01425
1 0.676125, 0.6585, 0.027666666666666666, 0.02175
1 0.649875, 0.6605, 0.02033333333333333, 0.02125
1 0.563875, 0.6628333333333334, 0.02, 0.01325
1 0.37075, 0.43083333333333335, 0.021166666666666667, 0.014125
1 0.628125, 0.3908333333333333, 0.03216666666666667, 0.01375
1 0.63525, 0.39458333333333334, 0.03679, 0.012375
1 0.70575, 0.41433333333333333, 0.03766666666666667, 0.012625
1 0.709, 0.43283333333333335, 0.024666666666666667, 0.0115
1 0.65497, 0.5149166666666667, 0.0235, 0.022967500000000002
1 0.6445, 0.5343333333333333, 0.030083333333333333, 0.02075
1 0.67625, 0.58175, 0.0295, 0.0175
1 0.6603125, 0.5820833333333333, 0.02275, 0.022625
