1 0.26746749999999997, 0.64725, 0.017333333333333333, 0.017935
1 0.222875, 0.6575, 0.017666666666666667, 0.0175
1 0.239875, 0.6588333333333334, 0.018666666666666668, 0.01125
1 0.22625, 0.666, 0.0155, 0.014375
1 0.207125, 0.6776666666666666, 0.013833333333333333, 0.019
1 0.253875, 0.6598333333333334, 0.02033333333333333, 0.013
1 0.1756825, 0.6631666666666667, 0.012833333333333334, 0.0188725
1 0.247125, 0.6638333333333334, 0.013666666666666667, 0.00875
1 0.205125, 0.6645, 0.014, 0.018
1 0.198375, 0.6705, 0.02666666666666667, 0.024
1 0.184625, 0.6776666666666666, 0.013166666666666667, 0.02075
1 0.166625, 0.6838333333333333, 0.017666666666666667, 0.01775
1 0.15078, 0.6891666666666667, 0.019293333333333332, 0.019344999999999998
1 0.174, 0.6964166666666667, 0.02975, 0.024489999999999998
1 0.169875, 0.7111666666666666, 0.027333333333333334, 0.02575
1 0.1713425, 0.6691666666666667, 0.014373333333333332, 0.0158725
1 0.275375, 0.6795, 0.01746, 0.02225
1 0.312125, 0.6881666666666667, 0.025, 0.0115
1 0.2016225, 0.7148333333333333, 0.031166666666666665, 0.013404999999999999
1 0.174375, 0.7271666666666666, 0.03, 0.01675
1 0.318375, 0.6905, 0.023666666666666666, 0.01675
1 0.2482575, 0.7041266666666667, 0.036333333333333336, 0.014
1 0.158375, 0.6991666666666667, 0.021, 0.01625
1 0.139625, 0.7155, 0.014, 0.03
1 0.145125, 0.7285, 0.016, 0.02075
1 0.311375, 0.7415, 0.029666666666666668, 0.02
1 0.193375, 0.7421666666666666, 0.025666666666666667, 0.0245
1 0.217625, 0.7431666666666666, 0.030666666666666665, 0.01525
1 0.286875, 0.7468333333333333, 0.03, 0.01575
1 0.276125, 0.7555, 0.026333333333333334, 0.014
1 0.260625, 0.7475, 0.024, 0.01825
1 0.351625, 0.7505, 0.027666666666666666, 0.01525
1 0.236875, 0.7521666666666667, 0.04, 0.016
1 0.270375, 0.7535, 0.028, 0.01375
1 0.247625, 0.7565, 0.03233333333333333, 0.01325
1 0.111625, 0.7581666666666667, 0.019, 0.02625
1 0.226375, 0.7591666666666667, 0.028666666666666667, 0.011
1 0.218125, 0.7738333333333334, 0.029, 0.0195
1 0.188875, 0.7601666666666667, 0.02666666666666667, 0.02925
1 0.442125, 0.7615, 0.0275, 0.01475
1 0.283875, 0.7621666666666667, 0.026333333333333334, 0.02625
1 0.325125, 0.7631666666666667, 0.029333333333333333, 0.018
1 0.449875, 0.7631666666666667, 0.029333333333333333, 0.0175
1 0.474875, 0.7628333333333334, 0.029, 0.01825
1 0.465625, 0.7641666666666667, 0.029333333333333333, 0.012
1 0.339125, 0.7661666666666667, 0.028666666666666667, 0.0125
1 0.330625, 0.7918333333333333, 0.04, 0.01925
1 0.363625, 0.7661666666666667, 0.023333333333333334, 0.01625
1 0.490875, 0.7668333333333334, 0.02, 0.0225
1 0.480125, 0.7795, 0.03866666666666667, 0.01175
1 0.490625, 0.7831666666666667, 0.024666666666666667, 0.01925
1 0.150375, 0.7685, 0.03166666666666667, 0.02325
1 0.161125, 0.7811666666666667, 0.012666666666666666, 0.013
1 0.113125, 0.8255, 0.03233333333333333, 0.02175
1 0.248375, 0.7688333333333334, 0.037333333333333336, 0.0215
1 0.288125, 0.7705, 0.023, 0.02875
1 0.511125, 0.7718333333333334, 0.026333333333333334, 0.0165
1 0.310625, 0.7721666666666667, 0.03966666666666667, 0.015
1 0.408875, 0.7725, 0.018666666666666668, 0.02575
1 0.538375, 0.7738333333333334, 0.026, 0.0185
1 0.205875, 0.7745, 0.027333333333333334, 0.01275
1 0.207625, 0.7921666666666667, 0.027333333333333334, 0.0195
1 0.524875, 0.7741666666666667, 0.03, 0.01725
1 0.356625, 0.7761666666666667, 0.024, 0.0165
1 0.175125, 0.7771666666666667, 0.026, 0.01525
1 0.389375, 0.7771666666666667, 0.027666666666666666, 0.01575
1 0.090125, 0.7785, 0.033, 0.025
1 0.346875, 0.7795, 0.037, 0.016
1 0.153375, 0.8205, 0.036, 0.02175
1 0.290625, 0.7825, 0.035666666666666666, 0.02275
1 0.547625, 0.7818333333333334, 0.026, 0.02325
1 0.552125, 0.8055, 0.037333333333333336, 0.01275
1 0.560625, 0.8063333333333333, 0.025166666666666667, 0.03375
1 0.568875, 0.8065, 0.017333333333333333, 0.03125
1 0.564625, 0.8271666666666667, 0.02033333333333333, 0.032
1 0.266625, 0.7828333333333334, 0.034, 0.02025
1 0.575125, 0.7821666666666667, 0.023333333333333334, 0.02675
1 0.589625, 0.7828333333333334, 0.018, 0.02475
1 0.561875, 0.7941666666666667, 0.012333333333333333, 0.02775
1 0.613625, 0.7955, 0.03866666666666667, 0.0175
1 0.098125, 0.7831666666666667, 0.03166666666666667, 0.024
1 0.252625, 0.7828333333333334, 0.032, 0.02275
1 0.318125, 0.7841666666666667, 0.037, 0.02025
1 0.616375, 0.7841666666666667, 0.025666666666666667, 0.02175
1 0.105375, 0.7858333333333334, 0.035333333333333335, 0.024
1 0.398375, 0.7871666666666667, 0.038, 0.0135
1 0.194995, 0.7879166666666667, 0.03358333333333333, 0.01525
1 0.634625, 0.7888333333333334, 0.04633333333333333, 0.02175
1 0.632125, 0.8058333333333333, 0.03266666666666666, 0.02
1 0.511625, 0.7898333333333334, 0.03933333333333333, 0.01675
1 0.170125, 0.7921666666666667, 0.028, 0.0105
1 0.491125, 0.7925, 0.036333333333333336, 0.019
1 0.500875, 0.7975, 0.03666666666666667, 0.01525
1 0.154125, 0.7931666666666667, 0.034333333333333334, 0.0155
1 0.4679825, 0.7931666666666667, 0.034, 0.0123925
1 0.656375, 0.7931666666666667, 0.035333333333333335, 0.02075
1 0.272375, 0.7935, 0.029, 0.02625
1 0.362875, 0.7941666666666667, 0.017333333333333333, 0.01925
1 0.363625, 0.7951666666666667, 0.028, 0.028
1 0.650125, 0.7968333333333333, 0.03266666666666666, 0.016
1 0.536125, 0.7985, 0.037333333333333336, 0.018
1 0.606375, 0.7985, 0.035, 0.0155
1 0.333625, 0.8045, 0.04133333333333333, 0.022
1 0.374875, 0.8048333333333333, 0.03133333333333333, 0.0205
1 0.597875, 0.8068333333333333, 0.03333333333333333, 0.01375
1 0.513125, 0.8061666666666667, 0.034666666666666665, 0.023
1 0.381125, 0.8105, 0.03933333333333333, 0.02
1 0.522125, 0.8125, 0.04, 0.0235
1 0.178125, 0.8198333333333333, 0.018333333333333333, 0.03525
1 0.351375, 0.8245, 0.043, 0.017
1 0.191375, 0.8728333333333333, 0.034333333333333334, 0.03975
1 0.389375, 0.9045, 0.035333333333333335, 0.0305
1 0.147125, 0.9288333333333333, 0.042666666666666665, 0.0455
1 0.27309249999999996, 0.6546266666666667, 0.01154, 0.027530000000000002
1 0.2816875, 0.6591266666666667, 0.013206666666666665, 0.0261
1 0.26504, 0.6646666666666666, 0.008686666666666665, 0.0227975
1 0.2621625, 0.6703733333333333, 0.0095, 0.028495
1 0.25485, 0.6787066666666667, 0.00846, 0.022405
1 0.261975, 0.6788333333333333, 0.011706666666666666, 0.028935
1 0.25607, 0.68825, 0.009876666666666666, 0.020092500000000003
1 0.2402475, 0.67775, 0.018666666666666668, 0.0163125
1 0.24346500000000001, 0.6833733333333333, 0.011793333333333334, 0.013155
1 0.240715, 0.6946266666666667, 0.017580000000000002, 0.015404999999999999
1 0.2523075, 0.6913733333333333, 0.015833333333333335, 0.019155000000000002
1 0.2603425, 0.7005833333333333, 0.030083333333333333, 0.011375
1 0.2582175, 0.71475, 0.02375, 0.027809999999999998
1 0.2748725, 0.7092066666666667, 0.02896, 0.023155000000000002
1 0.2703725, 0.70225, 0.01787666666666667, 0.0256225
1 0.3012425, 0.6871666666666667, 0.027333333333333334, 0.017185
1 0.29411750000000003, 0.6871666666666667, 0.029083333333333333, 0.013625
1 0.2762475, 0.6864166666666667, 0.01871, 0.022405
1 0.26846749999999997, 0.6958733333333333, 0.015876666666666667, 0.013935000000000001
1 0.237225, 0.7001133333333334, 0.01804, 0.0134375
1 0.2314675, 0.6956666666666667, 0.014666666666666666, 0.0104975
1 0.2289975, 0.7108333333333333, 0.0395, 0.023872499999999998
1 0.2259375, 0.7106666666666667, 0.02146, 0.013435
1 0.21456, 0.7064166666666667, 0.03475, 0.0167775
1 0.21281, 0.7005833333333333, 0.0315, 0.0143725
1 0.22892500000000002, 0.67775, 0.025583333333333333, 0.01575
1 0.2163075, 0.68925, 0.016376666666666668, 0.014655
1 0.2237125, 0.6735399999999999, 0.022753333333333334, 0.0154375
1 0.20756, 0.68525, 0.022583333333333334, 0.018117499999999998
1 0.20037, 0.7041666666666667, 0.020583333333333332, 0.019184999999999997
1 0.181875, 0.72325, 0.035333333333333335, 0.020935
1 0.178405, 0.7458333333333333, 0.024, 0.02553
1 0.1949675, 0.6928333333333333, 0.02096, 0.015622500000000001
1 0.18942250000000002, 0.70402, 0.02873, 0.021007500000000002
1 0.173745, 0.6720833333333334, 0.01575, 0.032060000000000005
1 0.187245, 0.66575, 0.01425, 0.0247475
1 0.1633125, 0.6740833333333334, 0.014876666666666668, 0.011872500000000001
1 0.1504075, 0.67504, 0.013166666666666667, 0.01409
1 0.110315, 0.6812066666666666, 0.02025333333333333, 0.027155000000000002
1 0.1194075, 0.6819166666666666, 0.020666666666666667, 0.021655
1 0.138875, 0.6744600000000001, 0.01554, 0.01131
1 0.1267825, 0.6817933333333334, 0.024166666666666666, 0.028215
1 0.1350625, 0.6855399999999999, 0.023876666666666664, 0.023372499999999997
1 0.1415325, 0.6817066666666667, 0.027, 0.025245
1 0.138845, 0.706, 0.013, 0.025652499999999998
1 0.172055, 0.69075, 0.01925, 0.026809999999999997
1 0.17124250000000002, 0.6956666666666667, 0.03133333333333333, 0.0224375
1 0.1294825, 0.7665, 0.0295, 0.0207475
1 0.14198249999999998, 0.7571666666666667, 0.033666666666666664, 0.028245
1 0.10961, 0.7963333333333333, 0.027333333333333334, 0.0248725
1 0.10368250000000001, 0.8028333333333333, 0.03725, 0.0306225
1 0.138685, 0.7906666666666666, 0.03941666666666667, 0.024059999999999998
1 0.13181, 0.7885, 0.03941666666666667, 0.019184999999999997
1 0.1793675, 0.7795833333333333, 0.03833333333333333, 0.027372499999999998
1 0.17355500000000001, 0.8005, 0.035083333333333334, 0.023059999999999997
1 0.4163675, 0.7778333333333334, 0.02, 0.0252475
1 0.45518000000000003, 0.7825, 0.04425, 0.014125
1 0.44962, 0.7925, 0.043833333333333335, 0.017435
1 0.44062, 0.78646, 0.04204, 0.0099375
1 0.4293075, 0.7868333333333334, 0.043166666666666666, 0.016
1 0.41856, 0.7915, 0.035416666666666666, 0.0154975
1 0.408935, 0.79075, 0.03908333333333333, 0.01581
1 0.36925, 0.7545, 0.026833333333333334, 0.02675
1 0.37572000000000005, 0.7678733333333333, 0.029166666666666667, 0.023125
