1 3864.5, 720.5, 96.0, 102.0
1 3948.5, 722.5, 57.0, 115.0
1 4279.5, 726.5, 106.0, 113.0
1 4289.5, 766.5, 138.0, 86.0
1 3730.5, 730.5, 99.0, 83.0
1 3634.5, 751.5, 77.0, 118.0
1 3460.5, 754.5, 108.0, 103.0
1 3818.5, 758.5, 85.0, 125.0
1 3986.5, 764.5, 110.0, 60.0
1 3935.5, 816.5, 145.0, 74.0
1 3202.5, 769.5, 92.0, 115.0
1 3543.5, 777.5, 109.0, 100.0
1 3865.5, 784.5, 77.0, 127.0
1 3275.5, 787.5, 81.0, 122.0
1 3149.5, 790.5, 105.0, 108.0
1 3433.5, 802.5, 75.0, 119.0
1 3705.5, 808.5, 118.0, 62.0
1 4042.5, 811.5, 138.0, 86.0
1 4193.5, 824.5, 106.0, 92.0
1 3355.5, 828.5, 93.0, 116.0
1 4552.5, 839.5, 78.0, 109.0
1 3646.5, 843.5, 108.0, 118.0
1 4083.5, 843.5, 132.0, 86.0
1 4284.5, 848.5, 92.0, 88.0
1 3134.5, 854.5, 84.0, 112.0
1 4628.5, 853.5, 93.0, 134.0
1 3511.5, 862.5, 95.0, 131.0
1 1929.5, 873.5, 102.0, 135.0
1 4014.5, 873.5, 82.0, 98.0
1 3727.5, 877.5, 150.0, 67.0
1 4204.5, 877.5, 69.0, 121.0
1 3020.5, 878.5, 141.0, 74.0
1 3930.5, 882.5, 100.0, 125.0
1 4442.5, 886.5, 110.0, 117.0
1 2097.5, 890.5, 106.0, 98.0
1 2035.5, 903.5, 74.0, 121.0
1 3595.5, 905.5, 119.0, 89.0
1 4141.5, 904.5, 75.0, 110.0
1 4318.5, 910.5, 159.0, 66.0
1 3316.5, 910.5, 123.0, 92.0
1 3813.5, 913.5, 114.0, 75.0
1 3730.5, 973.5, 181.0, 76.0
1 3698.5, 1007.5, 96.0, 149.0
1 4093.5, 913.5, 70.0, 116.0
1 3252.5, 927.5, 104.0, 122.0
1 3206.5, 959.5, 126.0, 105.0
1 1957.5, 928.5, 86.0, 119.0
1 4278.5, 931.5, 161.0, 89.0
1 4523.5, 931.5, 128.0, 71.0
1 3440.5, 933.5, 76.0, 121.0
1 3062.5, 944.5, 154.0, 67.0
1 3993.5, 962.5, 97.0, 105.0
1 3348.5, 965.5, 112.0, 101.0
1 2017.5, 977.5, 142.0, 91.0
1 3522.5, 990.5, 190.0, 54.0
1 4275.5, 990.5, 173.0, 67.0
1 4251.5, 1011.5, 113.0, 125.0
1 3006.5, 1000.5, 106.0, 117.0
1 4190.5, 1007.5, 113.0, 114.0
1 4113.5, 1010.5, 89.0, 103.0
1 3157.5, 1018.5, 170.0, 70.0
1 3817.5, 1019.5, 172.0, 84.0
1 3539.5, 1026.5, 164.0, 53.0
1 4329.5, 1039.5, 128.0, 72.0
1 4403.5, 1051.5, 177.0, 97.0
1 4389.5, 1110.5, 102.0, 118.0
1 4092.5, 1063.5, 121.0, 114.0
1 3529.5, 1067.5, 179.0, 83.0
1 3362.5, 1070.5, 112.0, 76.0
1 3426.5, 1074.5, 100.0, 76.0
1 3942.5, 1079.5, 143.0, 73.0
1 3108.5, 1081.5, 120.0, 126.0
1 1310.5, 1086.5, 90.0, 127.0
1 4029.5, 1088.5, 94.0, 128.0
1 4051.5, 1173.5, 163.0, 62.0
1 4488.5, 1090.5, 153.0, 97.0
1 3872.5, 1110.5, 72.0, 124.0
1 3803.5, 1143.5, 99.0, 148.0
1 3851.5, 1286.5, 108.0, 142.0
1 1255.5, 1114.5, 56.0, 87.0
1 4453.5, 1114.5, 249.0, 128.0
1 3221.5, 1116.5, 158.5, 88.0
1 4213.5, 1124.5, 162.0, 84.0
1 3913.5, 1138.5, 111.0, 118.0
1 4616.5, 1149.5, 177.0, 80.0
1 3389.5, 1151.5, 112.0, 48.0
1 3483.5, 1174.5, 136.0, 122.0
1 3716.5, 1194.0, 123.0, 82.5
1 3635.5, 1200.5, 86.0, 143.0
1 4680.5, 1200.5, 179.0, 78.0
1 4109.5, 1202.5, 168.0, 71.0
1 4244.5, 1225.5, 87.0, 144.0
1 4305.5, 1234.5, 108.0, 93.0
1 4356.5, 1321.5, 157.0, 107.0
1 4487.5, 1226.5, 161.0, 67.0
1 3386.5, 1230.5, 130.0, 61.0
1 3688.5, 1231.5, 79.0, 126.0
1 4394.5, 1230.5, 115.0, 132.0
1 4653.5, 1235.5, 195.0, 74.0
1 3907.5, 1257.5, 165.0, 67.0
1 4592.5, 1260.5, 195.0, 80.0
1 4076.5, 1262.5, 159.0, 85.0
1 3738.5, 1265.5, 83.0, 162.0
1 3809.5, 1314.5, 110.0, 134.0
1 3511.5, 1274.5, 118.0, 155.0
1 4540.5, 1285.5, 144.0, 134.0
1 4498.5, 1302.5, 96.0, 168.0
1 4145.5, 1295.5, 107.0, 133.0
1 3598.5, 1303.5, 109.0, 105.0
1 501.5, 1313.5, 126.0, 122.0
1 4650.5, 1315.5, 124.0, 156.0
1 4745.5, 1320.5, 87.0, 145.0
1 4580.5, 1362.5, 118.0, 132.0
1 4011.5, 1386.5, 102.0, 145.0
1 4101.5, 1445.5, 107.0, 125.0
1 151.5, 1394.5, 84.0, 132.0
1 1075.5, 1398.5, 67.0, 126.0
1 395.5, 1408.5, 107.0, 136.0
1 356.5, 1422.5, 77.0, 117.0
1 4273.5, 1425.5, 80.0, 162.0
1 4304.5, 1541.5, 123.0, 89.0
1 968.5, 1426.5, 72.29, 151.3
1 1017.92, 1452.5, 62.58, 141.09
1 3702.5, 1428.5, 84.0, 102.0
1 186.5, 1430.5, 103.0, 161.0
1 123.5, 1570.5, 114.0, 122.0
1 699.08, 1433.5, 112.46, 150.05
1 4391.5, 1433.5, 193.0, 79.0
1 260.5, 1468.5, 96.0, 132.0
1 583.5, 1482.5, 87.0, 101.0
1 4602.5, 1483.5, 200.0, 70.0
1 463.5, 1499.5, 84.0, 146.0
1 2989.5, 1500.5, 127.0, 137.0
1 73.5, 1504.5, 82.0, 144.0
1 1528.5, 1513.5, 148.0, 84.0
1 0.5, 1531.5, 46.0, 72.0
1 30.5, 1553.5, 71.0, 149.0
1 4801.5, 1538.5, 83.0, 129.0
1 4390.5, 1540.5, 95.0, 127.0
1 4582.5, 1546.5, 189.0, 106.0
1 819.5, 1548.32, 126.04, 124.18
1 1913.5, 1548.5, 62.0, 148.0
1 363.5, 1550.5, 78.0, 150.0
1 4471.5, 1551.5, 178.0, 98.0
1 1850.5, 1554.5, 63.0, 127.0
1 1086.5, 1570.5, 100.0, 119.0
1 1018.5, 1581.5, 100.0, 124.0
1 736.5, 1572.5, 83.0, 140.0
1 1204.5, 1577.5, 84.0, 123.0
1 2774.5, 1576.5, 56.0, 137.0
1 1731.5, 1578.5, 128.0, 151.0
1 2706.5, 1587.5, 82.0, 149.0
1 2491.5, 1589.5, 93.0, 176.0
1 -0.5, 1591.5, 32.0, 130.0
1 475.5, 1590.5, 155.0, 95.0
1 194.5, 1592.5, 166.0, 88.0
1 951.5, 1592.5, 107.0, 103.0
1 2604.5, 1600.5, 120.0, 139.0
1 1905.5, 1615.5, 127.0, 126.0
1 837.5, 1616.5, 150.0, 80.0
1 3453.5, 1617.5, 80.0, 143.0
1 1329.5, 1621.5, 146.0, 134.0
1 2404.5, 1620.5, 91.0, 139.0
1 1478.5, 1625.5, 64.0, 170.0
1 219.5, 1626.5, 143.0, 89.0
1 213.5, 1673.5, 189.0, 86.0
1 1123.5, 1626.5, 90.0, 146.0
1 1162.5, 1755.5, 86.0, 180.0
1 1248.5, 1629.5, 97.0, 169.0
1 2235.67, 1624.6, 129.83, 149.46
1 1959.5, 1638.5, 124.0, 118.0
1 2950.5, 1639.5, 118.0, 112.0
1 3147.5, 1639.5, 68.0, 170.0
1 3079.5, 1651.5, 80.0, 138.0
1 2105.5, 1646.5, 96.0, 146.64
1 1367.5, 1658.5, 107.0, 164.0
1 1386.5, 1802.5, 153.0, 89.0
1 1413.5, 1873.5, 103.0, 179.0
1 846.5, 1665.5, 86.0, 145.0
1 2575.0, 1665.5, 123.5, 127.99
1 570.5, 1674.5, 86.0, 84.0
1 118.5, 1676.5, 95.0, 151.0
1 869.0, 1679.5, 107.5, 165.0
1 1722.5, 1683.5, 80.0, 135.0
1 431.5, 1684.5, 155.0, 63.0
1 1582.5, 1684.5, 88.0, 157.0
1 3310.5, 1685.5, 83.0, 161.0
1 3282.5, 1834.5, 121.0, 125.0
1 3258.5, 1950.5, 77.0, 113.0
1 1056.5, 1687.5, 114.0, 92.0
1 730.5, 1690.5, 129.0, 176.0
1 952.5, 1695.5, 83.0, 125.0
1 1210.5, 1699.5, 90.0, 134.0
1 1219.5, 1831.5, 74.0, 160.0
1 2342.5, 1701.5, 94.0, 146.0
1 2734.5, 1700.5, 176.5, 115.0
1 1.0, 1705.5, 85.5, 70.0
1 3172.5, 1706.5, 137.0, 118.0
1 2113.5, 1715.5, 122.0, 132.0
1 582.5, 1716.5, 95.0, 152.0
1 1643.42, 1716.5, 89.08, 162.75
1 0.5, 1721.5, 140.0, 90.0
1 -0.5, 1804.0, 49.0, 57.5
1 373.5, 1722.5, 116.0, 114.0
1 2412.5, 1727.5, 90.0, 102.0
1 2604.0, 1734.5, 144.5, 107.97
1 1033.5, 1736.5, 136.0, 101.0
1 1919.5, 1741.5, 142.0, 143.0
1 1845.5, 1746.5, 121.0, 163.0
1 1830.5, 1894.5, 92.0, 135.0
1 2998.5, 1743.5, 82.0, 125.0
1 637.5, 1746.5, 96.0, 167.0
1 2498.5, 1747.5, 91.0, 157.0
1 265.5, 1752.5, 97.0, 158.0
1 453.5, 1753.5, 95.0, 153.0
1 136.5, 1754.5, 123.0, 177.0
1 1536.5, 1754.11, 92.42, 151.96
1 528.5, 1760.5, 52.0, 118.0
1 3987.5, 1757.5, 89.0, 173.0
1 2769.5, 1759.5, 214.0, 119.0
1 3468.5, 1764.5, 169.0, 97.0
1 2247.75, 1766.5, 85.83, 148.0
1 358.5, 1777.5, 92.0, 142.0
1 923.5, 1778.5, 136.0, 133.75
1 961.58, 1810.5, 128.92, 133.0
1 4984.25, 1781.5, 152.25, 154.72
1 5114.56, 1793.5, 119.94, 157.35
1 3145.5, 1794.5, 173.0, 89.0
1 2327.12, 1804.5, 103.38, 163.0
1 1774.5, 1807.5, 48.0, 42.0
1 1634.58, 1821.5, 177.92, 123.16
1 3406.5, 1806.5, 108.0, 188.0
1 2106.5, 1812.5, 142.0, 129.0
1 3062.5, 1810.5, 86.0, 147.0
1 2028.5, 1816.5, 128.0, 85.0
1 2973.5, 1820.5, 90.0, 110.0
1 3628.5, 1824.5, 89.0, 157.0
1 1889.25, 1828.5, 158.25, 182.68
1 1898.25, 1918.5, 158.25, 118.62
1 1889.33, 1979.5, 130.17, 142.95
1 2559.5, 1829.5, 185.0, 101.0
1 991.0, 1834.5, 143.5, 139.82
1 1073.5, 1841.5, 91.0, 129.0
1 3683.5, 1840.5, 107.0, 165.0
1 331.5, 1843.5, 60.0, 83.0
1 301.5, 1892.5, 149.0, 105.0
1 2708.5, 1845.5, 100.0, 156.0
1 2745.5, 1893.5, 88.0, 129.0
1 524.5, 1849.5, 89.0, 127.0
1 2818.5, 1850.5, 93.0, 139.0
1 3793.5, 1851.5, 80.0, 177.0
1 3863.5, 1857.5, 102.0, 182.0
1 4053.5, 1857.5, 165.0, 126.0
1 4087.5, 1946.5, 128.0, 132.0
1 4372.5, 1858.5, 73.0, 140.0
1 2398.5, 1861.5, 115.0, 141.0
1 2297.5, 1979.5, 200.5, 80.0
1 2118.5, 1865.5, 167.5, 131.99
1 2223.5, 1898.5, 152.0, 128.0
1 2209.5, 1917.5, 62.0, 88.0
1 2592.5, 1870.5, 136.0, 131.0
1 4685.5, 1872.5, 100.0, 181.0
1 4611.5, 1920.5, 104.0, 113.0
1 1531.5, 1875.5, 79.0, 130.0
1 708.5, 1876.5, 109.58, 157.0
1 768.83, 1886.5, 69.67, 129.82
1 36.5, 1879.5, 107.0, 114.0
1 0.5, 1918.0, 87.0, 69.5
1 1716.5, 1878.5, 100.0, 178.05
1 2935.5, 1879.5, 102.0, 78.0
1 3509.5, 1882.5, 88.0, 187.0
1 4428.5, 1884.5, 95.0, 167.0
1 585.5, 1897.5, 90.0, 154.0
1 4217.5, 1904.5, 139.0, 248.0
1 2504.5, 1913.5, 114.0, 116.0
1 120.5, 1919.5, 163.0, 135.0
1 1135.5, 1923.5, 82.0, 125.0
1 3959.5, 1927.5, 88.0, 174.0
1 5097.5, 1927.5, 105.0, 153.44
1 2014.5, 1928.5, 100.17, 186.9
1 3363.5, 1931.5, 92.0, 164.0
1 3760.5, 1931.5, 81.0, 124.0
1 1594.5, 1937.53, 129.08, 172.97
1 2909.0, 1949.5, 144.5, 71.0
1 2870.5, 1994.5, 85.0, 156.0
1 3012.5, 1957.5, 100.0, 179.0
1 2686.5, 1966.5, 58.0, 120.0
1 4500.5, 1966.5, 123.0, 152.0
1 908.5, 1972.5, 116.0, 154.0
1 1714.33, 1973.5, 125.17, 170.0
1 3050.5, 1972.5, 137.0, 151.0
1 3860.5, 1977.5, 119.0, 163.0
1 3711.5, 1979.5, 112.0, 189.0
1 1032.5, 1981.5, 101.0, 133.0
1 4365.5, 1985.5, 116.0, 135.0
1 4378.5, 2102.5, 98.0, 145.0
1 587.5, 1987.5, 122.0, 165.0
1 2716.5, 1986.5, 135.0, 164.73
1 218.5, 1988.5, 156.0, 101.0
1 2789.5, 1990.5, 97.0, 143.0
1 107.5, 1993.5, 146.0, 116.0
1 1326.5, 1992.5, 102.0, 126.0
1 5380.5, 2013.5, 90.0, 190.0
1 1147.5, 1995.5, 113.0, 159.0
1 2928.5, 1997.5, 92.0, 197.0
1 2516.5, 2001.5, 82.0, 147.67
1 2615.56, 2002.5, 82.94, 188.95
1 2579.5, 2032.5, 76.0, 188.19
1 3285.5, 2012.5, 111.0, 156.0
1 5051.17, 2018.83, 176.79, 141.67
1 429.5, 2018.5, 165.0, 64.0
1 3172.5, 2022.5, 92.0, 89.0
1 4769.5, 2025.5, 86.0, 144.0
1 2041.5, 2026.5, 124.0, 127.0
1 2214.5, 2027.5, 131.0, 66.0
1 4838.5, 2027.5, 94.0, 157.0
1 3605.5, 2028.5, 88.0, 148.0
1 5216.5, 2028.5, 133.0, 149.0
1 3444.5, 2030.5, 92.0, 129.0
1 4289.5, 2030.5, 87.0, 171.0
1 4180.5, 2125.5, 149.0, 115.0
1 3538.5, 2034.5, 81.0, 173.0
1 3815.5, 2039.5, 75.0, 183.0
1 4716.5, 2046.5, 90.0, 180.0
1 1434.5, 2052.5, 134.0, 153.0
1 1290.5, 2052.5, 85.0, 155.0
1 3655.5, 2054.5, 120.0, 116.0
1 248.0, 2059.5, 114.5, 203.71
1 2404.5, 2060.5, 170.87, 171.19
1 603.5, 2052.63, 159.0, 151.87
1 2335.5, 2060.5, 92.0, 171.42
1 381.5, 2063.5, 110.0, 159.0
1 823.5, 2068.5, 90.0, 175.58
1 1067.5, 2068.5, 80.0, 171.0
1 1012.5, 2113.5, 72.0, 151.57
1 144.5, 2074.5, 103.0, 172.0
1 4522.5, 2088.5, 109.0, 181.0
1 0.5, 2092.5, 74.0, 106.0
1 2269.5, 2094.96, 83.0, 182.46
1 2775.5, 2096.5, 100.0, 145.0
1 31.5, 2101.5, 93.0, 204.0
1 74.5, 2170.78, 98.0, 158.72
1 3389.5, 2103.5, 128.0, 189.0
1 3505.5, 2165.5, 95.0, 166.0
1 3887.5, 2104.5, 173.0, 135.0
1 3839.5, 2186.5, 97.0, 164.0
1 285.5, 2107.5, 118.0, 189.87
1 1234.5, 2110.5, 94.0, 164.0
1 1097.5, 2120.5, 136.0, 141.0
1 1782.5, 2126.5, 206.0, 112.0
1 2994.5, 2129.5, 159.0, 102.0
1 758.5, 2132.5, 74.5, 136.0
1 1372.5, 2134.5, 88.0, 173.0
1 426.5, 2137.5, 169.0, 161.9
1 911.5, 2137.5, 99.0, 188.68
1 2654.5, 2137.5, 134.0, 77.0
1 4612.5, 2139.5, 150.0, 125.0
1 5069.25, 2144.5, 121.5, 100.76
1 5428.5, 2196.05, 43.0, 109.45
1 5233.17, 2170.79, 217.91, 217.54
1 1677.5, 2147.5, 132.0, 143.0
1 3326.5, 2149.5, 85.0, 174.0
1 639.5, 2153.5, 120.0, 191.0
1 4971.5, 2331.07, 101.0, 211.43
1 1806.5, 2169.5, 171.0, 107.0
1 1819.5, 2226.5, 116.5, 172.0
1 2018.0, 2151.99, 78.75, 222.21
1 2048.0, 2182.5, 94.5, 216.72
1 4790.5, 2163.5, 122.0, 192.0
1 2807.75, 2167.5, 95.75, 160.18
1 609.5, 2169.5, 92.0, 149.0
1 3599.5, 2174.5, 97.0, 178.0
1 1448.5, 2185.5, 77.0, 140.0
1 3132.5, 2186.5, 134.0, 65.0
1 970.5, 2189.5, 87.0, 120.0
1 2134.5, 2189.5, 92.0, 129.0
1 4124.5, 2196.5, 125.0, 199.0
1 4194.5, 2198.5, 156.0, 130.0
1 3938.5, 2202.5, 79.0, 158.0
1 4070.5, 2202.5, 79.0, 155.0
1 0.5, 2207.5, 32.0, 125.0
1 2888.75, 2210.5, 123.75, 216.15
1 4015.5, 2222.5, 61.0, 173.0
1 3008.5, 2229.5, 143.0, 52.0
1 2290.5, 2230.5, 152.0, 84.0
1 4388.5, 2230.5, 107.0, 159.0
1 2209.5, 2241.5, 69.0, 97.9
1 3396.5, 2243.5, 72.0, 132.0
1 4687.5, 2243.5, 168.0, 116.0
1 4517.5, 2246.5, 172.0, 168.0
1 2361.5, 2226.47, 197.83, 118.39
1 3271.5, 2250.5, 82.0, 303.0
1 1233.5, 2258.5, 117.0, 174.0
1 3156.5, 2259.5, 127.0, 142.0
1 4598.5, 2259.5, 131.0, 134.0
1 262.5, 2269.5, 113.5, 124.35
1 213.5, 2294.5, 139.0, 87.0
1 200.5, 2337.5, 126.0, 100.0
1 1194.5, 2268.5, 83.0, 133.0
1 3752.5, 2276.5, 81.0, 190.0
1 5142.5, 2281.5, 169.0, 91.0
1 5050.5, 2314.5, 133.0, 143.0
1 0.5, 2287.5, 74.0, 167.0
1 643.5, 2286.5, 139.0, 154.35
1 1294.5, 2289.5, 86.0, 204.0
1 3028.5, 2288.5, 77.0, 182.0
1 3009.5, 2468.5, 168.0, 81.0
1 1117.5, 2290.5, 87.0, 132.0
1 3103.5, 2292.5, 89.0, 190.0
1 129.5, 2294.5, 86.0, 182.0
1 695.5, 2300.5, 143.0, 134.0
1 3896.5, 2303.5, 84.0, 163.0
1 3823.5, 2304.5, 124.0, 397.0
1 776.0, 2305.53, 136.5, 143.97
1 3644.5, 2312.5, 117.0, 162.0
1 73.5, 2318.5, 63.0, 128.0
1 4286.5, 2320.5, 89.0, 137.0
1 4241.5, 2325.5, 80.0, 146.0
1 3527.5, 2329.5, 99.0, 181.0
1 3598.5, 2459.5, 86.0, 200.0
1 3462.5, 2331.5, 72.0, 167.0
1 1372.5, 2333.5, 110.0, 192.0
1 4777.42, 2324.57, 192.0, 233.93
1 2443.0, 2338.5, 194.5, 106.28
1 1459.5, 2338.5, 76.0, 154.0
1 4520.5, 2338.5, 115.0, 201.0
1 5192.92, 2341.5, 182.25, 124.27
1 5209.75, 2381.21, 199.75, 155.54
1 3382.5, 2346.5, 110.0, 209.0
1 3342.5, 2354.5, 57.0, 138.0
1 1508.5, 2361.5, 130.0, 149.0
1 3942.5, 2363.5, 89.0, 199.0
1 3989.5, 2405.5, 97.0, 172.0
1 5421.5, 2379.5, 50.0, 96.0
1 2081.88, 2390.72, 115.62, 155.78
1 4291.5, 2390.5, 144.0, 162.0
1 4074.5, 2398.5, 96.0, 189.0
1 5035.75, 2399.5, 151.75, 168.25
1 4915.5, 2402.5, 82.0, 167.0
1 1803.5, 2400.7, 172.0, 101.8
1 501.5, 2404.37, 151.0, 100.13
1 1551.5, 2419.5, 132.0, 124.0
1 4432.5, 2444.5, 105.0, 178.0
1 3220.5, 2445.5, 79.0, 167.0
1 3160.5, 2473.5, 90.0, 200.0
1 3677.5, 2450.5, 114.0, 164.0
1 4640.5, 2454.5, 81.0, 200.0
1 4710.5, 2460.5, 66.0, 170.0
1 4801.5, 2502.5, 111.0, 171.0
1 4909.5, 2548.5, 117.0, 205.0
1 4857.5, 2646.5, 133.0, 198.0
1 4524.5, 2509.5, 77.0, 183.0
1 4554.5, 2650.5, 85.0, 200.0
1 5027.5, 2545.5, 120.0, 169.0
1 4220.5, 2549.5, 111.0, 183.0
1 3423.5, 2553.5, 83.0, 150.0
1 3364.5, 2555.5, 100.0, 171.0
1 3267.5, 2557.5, 92.0, 144.0
1 3217.5, 2641.0, 72.0, 51.5
1 3153.33, 2678.5, 131.17, 151.0
1 3784.5, 2565.5, 105.0, 165.0
1 4597.5, 2565.5, 107.0, 194.0
1 4329.5, 2572.5, 161.0, 69.0
1 4778.5, 2572.5, 79.0, 172.0
1 4415.5, 2638.5, 84.0, 173.0
1 4492.5, 2650.5, 69.0, 155.0
1 4332.5, 2659.5, 89.0, 183.0
1 4982.5, 2708.5, 93.0, 166.0
1 5104.5, 2719.91, 141.0, 276.74
1 4613.5, 2728.5, 92.0, 161.18
1 820.5, 2772.5, 113.17, 102.62
1 3481.33, 2887.5, 132.0, 113.28
1 2925.5, 2948.5, 116.0, 118.27
1 4478.92, 3047.59, 153.0, 83.91
1 4157.5, 3119.5, 94.0, 152.58
1 1281.5, 1818.51, 107.5, 169.21
1 1340.94, 1850.66, 121.5, 79.48
1 2142.5, 2047.47, 112.5, 202.45
1 2210.75, 2110.95, 80.75, 184.21
1 2842.33, 3198.55, 227.0, 114.97
1 2539.33, 3384.5, 181.0, 177.95
1 4692.92, 2641.65, 101.75, 190.45
1 4685.92, 2745.37, 186.5, 140.46
1 5351.75, 2460.81, 119.25, 188.95
1 5378.17, 2634.18, 92.66, 263.18
1 4983.24, 2111.16, 120.51, 211.69
1 5311.5, 2143.56, 139.33, 158.29
1 5056.48, 2184.89, 194.5, 141.97
1 4653.33, 1620.5, 179.84, 95.97
1 4698.95, 1561.26, 117.75, 91.11
1 4796.42, 1837.75, 173.96, 134.12
1 4889.0, 1858.6, 106.25, 119.21
1 1910.11, 2157.15, 111.88, 216.6
1 1914.75, 2212.24, 117.13, 166.43
1 2982.7, 2221.6, 154.0, 99.06
1 4887.1, 2150.35, 95.0, 187.11
1 4963.35, 2224.68, 59.35, 145.04
1 5431.5, 1991.55, 40.0, 94.56
1 5451.35, 3227.75, 20.12, 44.77
