1 1.1971666666666667, 0.084375, 0.025, 0.01625
1 1.2171666666666667, 0.090625, 0.047, 0.0225
1 1.0341666666666667, 0.102375, 0.04133333333333333, 0.019
1 1.2625, 0.102875, 0.030333333333333334, 0.0325
1 1.3131666666666666, 0.1093125, 0.018, 0.0180625
1 1.0641666666666667, 0.111875, 0.029666666666666668, 0.02625
1 1.1355, 0.119125, 0.041, 0.04375
1 1.1998333333333333, 0.119125, 0.038, 0.0195
1 1.1011666666666666, 0.121375, 0.025333333333333333, 0.02175
1 1.1861666666666666, 0.122375, 0.04533333333333334, 0.04
1 1.1258333333333332, 0.124625, 0.024333333333333332, 0.02375
1 0.8701666666666666, 0.128875, 0.054, 0.0155
1 1.2885, 0.132375, 0.021, 0.01675
1 0.9961666666666666, 0.137875, 0.025, 0.031
1 1.2591666666666668, 0.137875, 0.033666666666666664, 0.024
1 1.0311666666666666, 0.143375, 0.037, 0.0415
1 0.6691666666666667, 0.146125, 0.043, 0.0195
1 0.8998333333333334, 0.153375, 0.027, 0.041
1 1.1195, 0.158125, 0.028333333333333332, 0.03975
1 0.7575, 0.158875, 0.030333333333333334, 0.03725
1 1.1611666666666667, 0.159875, 0.03133333333333333, 0.04225
1 1.3068333333333333, 0.163875, 0.026, 0.02825
1 1.2798333333333334, 0.165625, 0.036, 0.04575
1 0.6018333333333333, 0.167375, 0.025, 0.0185625
1 0.7371666666666666, 0.169875, 0.029333333333333333, 0.02825
1 0.6118, 0.16653, 0.03303333333333333, 0.026095
1 1.0215, 0.171125, 0.03, 0.04425
1 0.5795, 0.172875, 0.018333333333333333, 0.0235
1 1.1838333333333333, 0.173375, 0.037, 0.0425
1 1.0561666666666667, 0.174375, 0.028333333333333332, 0.0495
1 1.2498333333333334, 0.175125, 0.042666666666666665, 0.0325
1 0.9045, 0.174875, 0.042666666666666665, 0.03575
1 0.6418333333333334, 0.177375, 0.025333333333333333, 0.03925
1 1.2178333333333333, 0.180125, 0.035666666666666666, 0.0455
1 0.8765, 0.194125, 0.029333333333333333, 0.036
1 1.0978333333333334, 0.194625, 0.04733333333333333, 0.04
1 1.0371666666666666, 0.195125, 0.024, 0.033
1 0.7355, 0.197375, 0.03333333333333333, 0.04625
1 0.8431666666666666, 0.207625, 0.03833333333333333, 0.0194375
1 1.2471666666666668, 0.208375, 0.026, 0.04475
1 0.9026666666666666, 0.208875, 0.06483333333333334, 0.02075
1 1.0075, 0.212375, 0.037, 0.04975
1 0.9811666666666666, 0.214625, 0.03133333333333333, 0.05
1 0.7128333333333333, 0.214875, 0.02666666666666667, 0.034
1 1.1821666666666666, 0.214875, 0.07133333333333333, 0.03575
1 0.6381666666666667, 0.217625, 0.028, 0.0355
1 0.8928333333333334, 0.217875, 0.036, 0.043
1 0.5988333333333333, 0.219875, 0.041, 0.03175
1 0.9178333333333333, 0.220875, 0.05151333333333333, 0.02125
1 0.5828333333333333, 0.221125, 0.035666666666666666, 0.0305
1 1.1261666666666668, 0.222375, 0.046, 0.05125
1 0.6875, 0.223375, 0.030666666666666665, 0.03325
1 0.8678333333333333, 0.230625, 0.039, 0.04725
1 1.1898333333333333, 0.232625, 0.058333333333333334, 0.0275
1 0.8011666666666667, 0.233375, 0.042333333333333334, 0.0425
1 1.0921666666666667, 0.234125, 0.033, 0.04625
1 0.9625, 0.240625, 0.044, 0.04675
1 0.9101666666666667, 0.241625, 0.05466666666666667, 0.026
1 1.1198333333333332, 0.243625, 0.042333333333333334, 0.0515
1 0.7121666666666666, 0.244875, 0.042, 0.03825
1 0.5191666666666667, 0.245625, 0.048666666666666664, 0.03425
1 0.6108333333333333, 0.252125, 0.050333333333333334, 0.02775
1 0.7005, 0.255125, 0.024333333333333332, 0.03875
1 0.5991666666666666, 0.265625, 0.049666666666666665, 0.04725
1 0.9458433333333334, 0.2541875, 0.04765666666666667, 0.0586875
1 0.5541666666666667, 0.270625, 0.03133333333333333, 0.0485
1 1.0608333333333333, 0.271375, 0.03208333333333333, 0.0450625
1 1.0841666666666667, 0.273375, 0.04133333333333333, 0.05525
1 1.2281666666666666, 0.273375, 0.04533333333333334, 0.05825
1 0.8831666666666667, 0.275375, 0.03233333333333333, 0.0355
1 1.1148333333333333, 0.275875, 0.034, 0.04375
1 1.2031666666666667, 0.278375, 0.041, 0.052
1 0.6528333333333334, 0.278875, 0.051666666666666666, 0.023
1 0.5051666666666667, 0.293875, 0.04933333333333333, 0.03
1 0.5861666666666666, 0.295625, 0.05266666666666667, 0.03325
1 1.1108333333333333, 0.313125, 0.04533333333333334, 0.04475
1 0.5535, 0.315375, 0.074, 0.022
1 1.0355, 0.315375, 0.05466666666666667, 0.0445
1 0.49483333333333335, 0.321375, 0.059666666666666666, 0.02225
1 1.1795, 0.322375, 0.074, 0.033
1 0.7578333333333334, 0.322625, 0.057, 0.042
1 0.9118333333333334, 0.323125, 0.033666666666666664, 0.04425
1 0.6635, 0.323875, 0.03233333333333333, 0.033
1 0.6135, 0.353125, 0.038, 0.04375
1 1.1665, 0.354375, 0.05, 0.03775
1 0.8478333333333333, 0.356625, 0.06666666666666667, 0.03
1 1.2651666666666668, 0.357375, 0.068, 0.02675
1 0.5355, 0.357625, 0.05633333333333333, 0.0395
1 0.7251666666666666, 0.360625, 0.03833333333333333, 0.05625
1 0.7595, 0.35825, 0.02919666666666667, 0.025
1 1.1878333333333333, 0.363125, 0.05566666666666667, 0.04225
1 1.1115, 0.366625, 0.048666666666666664, 0.06
1 0.8239299999999999, 0.3676875, 0.07751, 0.0304375
1 0.6455, 0.368625, 0.033, 0.0315
1 1.2586666666666666, 0.375625, 0.05483333333333333, 0.0285
1 1.0395, 0.377125, 0.06433333333333334, 0.039
1 0.6761666666666667, 0.379625, 0.05633333333333333, 0.04425
1 0.9885, 0.382375, 0.06666666666666667, 0.0325
1 0.7548333333333334, 0.383625, 0.037333333333333336, 0.04875
1 1.3001666666666667, 0.384375, 0.0325, 0.029875
1 0.8298333333333333, 0.387375, 0.039, 0.02975
1 0.8571666666666666, 0.390875, 0.04733333333333333, 0.048
1 0.9091666666666667, 0.394625, 0.04133333333333333, 0.06675
1 0.8011666666666667, 0.395625, 0.059, 0.038
1 1.2598333333333334, 0.3999375, 0.050833333333333335, 0.0486875
1 1.1001666666666667, 0.396125, 0.06266666666666666, 0.047
1 1.2865, 0.398875, 0.04133333333333333, 0.06025
1 0.8845, 0.402125, 0.041, 0.0525
1 0.9718333333333333, 0.402625, 0.029666666666666668, 0.039
1 0.6738333333333333, 0.404625, 0.043, 0.02075
1 0.5395, 0.406625, 0.034666666666666665, 0.0445
1 0.6105, 0.407125, 0.062, 0.03075
1 1.017, 0.411375, 0.08483333333333333, 0.0285
1 1.2391666666666667, 0.417625, 0.037333333333333336, 0.04825
1 0.8105, 0.420375, 0.05333333333333334, 0.0365
1 0.6640866666666667, 0.424625, 0.07608000000000001, 0.029875
1 0.5505, 0.427375, 0.06133333333333333, 0.04525
1 0.8615, 0.433625, 0.052333333333333336, 0.04325
1 1.0895, 0.435875, 0.044333333333333336, 0.04425
1 0.7858333333333334, 0.444875, 0.10666666666666667, 0.037
1 0.9451666666666667, 0.453875, 0.058, 0.03575
1 1.1288333333333334, 0.462875, 0.08066666666666666, 0.02825
1 0.7608333333333334, 0.463875, 0.051, 0.02
1 0.7031666666666667, 0.464375, 0.05366666666666667, 0.02275
1 0.8751666666666666, 0.467375, 0.07066666666666667, 0.04825
1 1.0581666666666667, 0.468875, 0.043666666666666666, 0.0655
1 1.2008333333333334, 0.471375, 0.05533333333333333, 0.0255
1 1.1018333333333334, 0.479625, 0.08066666666666666, 0.0325
1 0.8431666666666666, 0.482125, 0.051333333333333335, 0.03925
1 0.9708333333333333, 0.488875, 0.07166666666666667, 0.05025
1 1.1865, 0.489375, 0.04666666666666667, 0.063
1 0.5781666666666667, 0.494625, 0.06966666666666667, 0.0295
1 0.6891666666666667, 0.498125, 0.066, 0.02225
1 1.2481666666666666, 0.508875, 0.058333333333333334, 0.042
1 0.6745, 0.512125, 0.061, 0.038
1 0.5825, 0.512875, 0.068, 0.0225
1 0.8361666666666666, 0.514375, 0.059666666666666666, 0.03175
1 0.8945, 0.515625, 0.058, 0.056
1 1.0801666666666667, 0.521625, 0.057, 0.03825
1 0.9278333333333333, 0.526875, 0.052333333333333336, 0.04725
1 0.8768333333333334, 0.5315, 0.04466666666666667, 0.048125
1 1.0315, 0.531875, 0.104, 0.04225
1 0.9755, 0.544125, 0.07066666666666667, 0.0325
1 1.2721666666666667, 0.546875, 0.048666666666666664, 0.0586875
1 1.1655, 0.553375, 0.04533333333333334, 0.053875
1 0.6295, 0.554625, 0.03966666666666667, 0.033
1 1.0548333333333333, 0.562375, 0.06266666666666666, 0.0625
1 0.9628333333333333, 0.567875, 0.086, 0.04625
1 1.0298333333333334, 0.570125, 0.051333333333333335, 0.0455
1 0.5905, 0.578625, 0.063, 0.02975
1 0.6598333333333334, 0.583875, 0.046, 0.0535
1 0.7371666666666666, 0.603875, 0.035333333333333335, 0.0465
1 1.0638333333333334, 0.610375, 0.084, 0.0445
1 0.8798333333333334, 0.612125, 0.033, 0.052094999999999995
1 0.9102066666666666, 0.614625, 0.03646, 0.054
1 0.7008333333333333, 0.618125, 0.029, 0.02825
1 0.9941666666666666, 0.627375, 0.043, 0.05525
1 0.7845, 0.645125, 0.034333333333333334, 0.05975
1 0.8448333333333333, 0.655625, 0.06133333333333333, 0.05075
1 0.8135, 0.649875, 0.029863333333333335, 0.062
1 1.1446666666666667, 0.091125, 0.025833333333333333, 0.01875
1 0.9758500000000001, 0.09925, 0.052590000000000005, 0.036375
1 0.9585133333333333, 0.103625, 0.044153333333333336, 0.0255
1 0.7851666666666667, 0.102375, 0.051, 0.03225
1 1.1101666666666667, 0.106125, 0.03133333333333333, 0.0165
1 0.9438333333333333, 0.109375, 0.03933333333333333, 0.01575
1 0.9431666666666667, 0.119375, 0.025333333333333333, 0.02575
1 0.9661666666666666, 0.125625, 0.031, 0.04075
1 0.8145, 0.119375, 0.03, 0.0335
1 0.8441666666666666, 0.119375, 0.03233333333333333, 0.03075
1 0.6658333333333334, 0.120625, 0.028666666666666667, 0.023
1 0.7441666666666666, 0.120625, 0.03266666666666666, 0.039
1 0.6778333333333333, 0.122125, 0.04, 0.02475
1 0.7275, 0.127375, 0.021666666666666667, 0.02425
1 0.30716666666666664, 0.129375, 0.05, 0.03725
1 0.7078333333333333, 0.129875, 0.02033333333333333, 0.0215
1 0.10583333333333333, 0.135375, 0.050666666666666665, 0.03475
1 0.7961666666666667, 0.135625, 0.03833333333333333, 0.0335
1 0.6028766666666667, 0.139125, 0.032003333333333335, 0.025875
1 -0.00016666666666666666, 0.144375, 0.010666666666666666, 0.038
1 1.1221666666666668, 0.144875, 0.025666666666666667, 0.02125
1 0.7671666666666667, 0.145375, 0.030333333333333334, 0.03525
1 0.7925, 0.147875, 0.025666666666666667, 0.03875
1 0.8038333333333333, 0.163875, 0.039, 0.0305
1 0.6365, 0.148125, 0.024333333333333332, 0.022
1 1.2248333333333334, 0.158875, 0.03666666666666667, 0.02875
1 0.7018333333333333, 0.167625, 0.025, 0.01825
1 0.7181666666666666, 0.175875, 0.022333333333333334, 0.033
1 0.18418666666666664, 0.1907825, 0.042, 0.04375
1 0.2818333333333333, 0.170125, 0.03266666666666666, 0.0385
1 0.4035, 0.183125, 0.031, 0.0415
1 0.3581666666666667, 0.273625, 0.078, 0.02825
1 0.5198333333333334, 0.183875, 0.035333333333333335, 0.0455
1 0.37816666666666665, 0.184625, 0.024333333333333332, 0.03875
1 0.7831666666666667, 0.187625, 0.02666666666666667, 0.0345
1 0.8031666666666667, 0.196875, 0.04, 0.0235
1 0.3525, 0.188375, 0.033666666666666664, 0.039
1 0.08316666666666667, 0.189375, 0.04633333333333333, 0.04125
1 0.12016666666666667, 0.189125, 0.03666666666666667, 0.04175
1 0.4565, 0.189625, 0.025, 0.02825
1 0.0475, 0.191875, 0.030666666666666665, 0.04175
1 0.3011666666666667, 0.193375, 0.04033333333333333, 0.0465
1 0.3348333333333333, 0.196375, 0.03833333333333333, 0.03925
1 0.013833333333333333, 0.194125, 0.034, 0.04
1 0.4671666666666667, 0.195375, 0.034333333333333334, 0.04275
1 0.16616666666666666, 0.195625, 0.028666666666666667, 0.03875
1 0.13683333333333333, 0.196875, 0.036333333333333336, 0.04275
1 0.7595, 0.196875, 0.026, 0.0335
1 0.4995, 0.203375, 0.022, 0.028
1 0.5351666666666667, 0.221125, 0.033666666666666664, 0.02575
1 0.48583333333333334, 0.228625, 0.049666666666666665, 0.03275
1 0.4605, 0.238875, 0.028666666666666667, 0.03475
1 0.43583333333333335, 0.260625, 0.07466666666666667, 0.03475
1 0.5691666666666667, 0.235875, 0.021666666666666667, 0.028
1 0.5828333333333333, 0.243625, 0.028666666666666667, 0.03775
1 0.2545, 0.284125, 0.06166666666666667, 0.04575
1 0.4791666666666667, 0.335875, 0.06241666666666667, 0.04625
1 0.4021666666666667, 0.345625, 0.057666666666666665, 0.02875
1 1.0061666666666667, 0.361625, 0.07666666666666666, 0.0275
1 0.9975, 0.403875, 0.030333333333333334, 0.019
1 0.4465, 0.428125, 0.034666666666666665, 0.051
1 0.37783333333333335, 0.436125, 0.048666666666666664, 0.05375
1 1.2471666666666668, 0.472375, 0.045, 0.0485
1 1.2761666666666667, 0.478875, 0.057, 0.03475
1 0.4475, 0.489875, 0.04066666666666666, 0.049
1 0.46116666666666667, 0.584125, 0.099, 0.04925
1 0.6901666666666667, 0.643125, 0.061, 0.03425
1 1.0698333333333334, 0.652625, 0.083, 0.03375
1 0.8345, 0.710875, 0.07366666666666667, 0.02925
1 0.13984333333333332, 0.1394375, 0.03708666666666667, 0.042375
1 0.16563, 0.13275, 0.037303333333333334, 0.039125
1 0.2481, 0.196875, 0.045669999999999995, 0.0400625
1 0.24684999999999999, 0.168625, 0.03433666666666667, 0.035
1 0.21552, 0.185625, 0.039336666666666666, 0.0373125
1 0.34359999999999996, 0.25475, 0.046340000000000006, 0.034375
1 0.4076033333333333, 0.2445, 0.03759, 0.0318125
1 0.40138333333333337, 0.2245, 0.059173333333333335, 0.0245
1 0.4270566666666667, 0.186875, 0.03750333333333333, 0.04275
1 0.40593666666666667, 0.21303, 0.04824333333333333, 0.0245325
1 0.32036000000000003, 0.285125, 0.03667, 0.048
1 0.48568, 0.2654375, 0.04512000000000001, 0.0553125
1 0.5222566666666667, 0.263375, 0.03409666666666667, 0.04425
1 0.5550066666666666, 0.1741875, 0.032086666666666666, 0.05375
1 0.5960933333333334, 0.17825, 0.031003333333333334, 0.0310625
1 0.5838366666666667, 0.2089375, 0.051129999999999995, 0.0162825
1 0.62484, 0.19178, 0.02579333333333333, 0.0338925
1 0.5768766666666667, 0.183155, 0.03204666666666667, 0.0419075
1 0.6051666666666666, 0.433875, 0.03333333333333333, 0.0265
1 0.49368999999999996, 0.449, 0.06251, 0.044375
1 0.5791766666666667, 0.4715, 0.05926, 0.025375
1 0.58502, 0.63425, 0.08517666666666666, 0.0665
1 0.9497033333333333, 0.632, 0.05582, 0.069875
1 0.9421299999999999, 0.6085, 0.060923333333333336, 0.04703
1 0.9017600000000001, 0.654125, 0.05325666666666667, 0.051875
1 1.2026666666666668, 0.63375, 0.07283333333333333, 0.033625
1 1.2840833333333332, 0.62325, 0.049666666666666665, 0.04875
1 1.2675, 0.603875, 0.06516666666666666, 0.048625
1 1.2053333333333334, 0.5835, 0.08183333333333333, 0.04975
1 1.10645, 0.5712225, 0.06483333333333334, 0.066
1 1.1635, 0.574375, 0.04016666666666667, 0.063875
1 1.0863333333333334, 0.4911875, 0.08033333333333334, 0.0459375
1 0.9863333333333333, 0.470875, 0.06733333333333333, 0.038125
1 0.9903333333333333, 0.44075, 0.0585, 0.04625
1 1.034, 0.461125, 0.03933333333333333, 0.07075
1 1.007, 0.428125, 0.08283333333333333, 0.040625
1 1.0664166666666666, 0.420875, 0.06241666666666667, 0.0326875
1 1.2026666666666668, 0.568125, 0.07, 0.04825
1 1.223, 0.535625, 0.06633333333333333, 0.04525
1 1.2138333333333333, 0.48575, 0.04, 0.054125
1 1.1611, 0.49733249999999996, 0.0465, 0.0644375
1 1.1305833333333333, 0.52225, 0.04025, 0.08225
1 0.9005, 0.056875, 0.036083333333333335, 0.03425
1 0.1475, 0.017125, 0.036166666666666666, 0.018125
1 0.588, 0.046375, 0.034833333333333334, 0.02275
1 1.259, 0.064125, 0.03383333333333333, 0.0291875
1 0.84375, 0.14625, 0.04008333333333333, 0.0255625
1 0.8675833333333334, 0.1405, 0.049666666666666665, 0.015625
1 0.88275, 0.15925, 0.02075, 0.0361875
1 0.8359166666666666, 0.1725, 0.0375, 0.0378125
1 0.8554166666666667, 0.16025, 0.032, 0.0426875
1 0.6166666666666667, 0.59525, 0.0555, 0.055125
1 0.8673533333333333, 0.664235, 0.06158333333333333, 0.0507825
1 0.9436666666666667, 0.50475, 0.0865, 0.04525
1 0.9094166666666667, 0.498, 0.06066666666666667, 0.040625
1 0.96496, 0.5942200000000001, 0.08037333333333334, 0.043655
1 0.5134166666666666, 0.34225, 0.06633333333333333, 0.03
1 0.5711666666666667, 0.3995, 0.03716666666666667, 0.035125
1 0.5215, 0.387875, 0.056666666666666664, 0.04975
1 0.5898, 0.3725, 0.03775, 0.054932499999999995
1 0.5725, 0.343125, 0.042833333333333334, 0.057095
1 0.5416666666666666, 0.3300625, 0.051833333333333335, 0.029
1 0.5730833333333333, 0.3328125, 0.04221, 0.0186875
1 1.282, 0.522875, 0.051166666666666666, 0.047875
1 1.2865, 0.4525, 0.041166666666666664, 0.02575
1 1.3080833333333333, 0.442, 0.025166666666666667, 0.0508125
1 1.2915, 0.08375, 0.03816666666666667, 0.020875
1 1.1816666666666666, 0.073125, 0.025, 0.018625
1 1.2295833333333333, 0.087, 0.041, 0.0169375
1 1.25325, 0.084125, 0.03383333333333333, 0.0220625
1 1.30675, 0.1023125, 0.025416666666666667, 0.009875
1 1.2826666666666666, 0.100375, 0.04641666666666667, 0.037625
1 1.31335, 0.1904375, 0.02042, 0.0136875
1 0.711, 0.1575, 0.04616666666666667, 0.0165
1 0.6869166666666666, 0.149125, 0.0585, 0.022625
1 0.683, 0.261125, 0.023416666666666665, 0.030625
1 0.7368333333333333, 0.24, 0.034333333333333334, 0.039125
1 0.7938333333333333, 0.2175, 0.05316666666666667, 0.0191875
1 0.8211266666666667, 0.22, 0.054373333333333336, 0.022655
1 1.0304166666666668, 0.22, 0.03691666666666667, 0.051125
1 1.0101666666666667, 0.254125, 0.059333333333333335, 0.057875
1 0.9998333333333334, 0.27175, 0.049666666666666665, 0.058125
1 1.0761666666666667, 0.1885, 0.045, 0.04225
1 1.0771666666666666, 0.146625, 0.0455, 0.04725
1 1.1458333333333333, 0.209125, 0.0435, 0.0515
1 1.1431666666666667, 0.1655, 0.03216666666666667, 0.04325
1 1.1463333333333334, 0.111375, 0.039, 0.03275
1 1.1608333333333334, 0.101125, 0.046, 0.02075
1 1.2275, 0.123625, 0.031, 0.036
1 1.2396666666666667, 0.112125, 0.03883333333333333, 0.034875
1 1.297, 0.21625, 0.036333333333333336, 0.040375
1 1.2581900000000001, 0.15, 0.0605, 0.02725
1 1.3071000000000002, 0.1358125, 0.025836666666666668, 0.0313125
1 1.1726866666666667, 0.136375, 0.04817333333333334, 0.040125
1 1.1837566666666666, 0.096625, 0.05075666666666667, 0.0219375
1 1.2667, 0.295125, 0.033170000000000005, 0.03575
1 1.3006066666666667, 0.26975, 0.03250666666666666, 0.0381875
1 1.1485366666666668, 0.26598, 0.04232333333333333, 0.059625
1 1.0517033333333334, 0.3245, 0.05850666666666667, 0.049625
1 1.18072, 0.285375, 0.03734, 0.057375
1 1.1472166666666668, 0.31775, 0.033503333333333336, 0.052375
1 1.25236, 0.2733125, 0.05254, 0.0316875
1 0.6568566666666666, 0.2425, 0.042673333333333334, 0.045375
1 0.7620366666666667, 0.2415, 0.042006666666666664, 0.05075
1 0.7922066666666666, 0.246625, 0.04134, 0.04575
1 0.83888, 0.243, 0.028836666666666667, 0.044875
1 0.85088, 0.24175, 0.03784, 0.045625
1 0.8978866666666666, 0.288375, 0.03984, 0.03225
1 0.9008866666666666, 0.3135, 0.06351, 0.02775
1 0.9378466666666666, 0.293875, 0.03700333333333333, 0.0445625
1 1.0018633333333333, 0.3074375, 0.03600333333333333, 0.0534375
1 0.67592, 0.194125, 0.05010333333333333, 0.046625
1 0.6600033333333333, 0.1980625, 0.039086666666666665, 0.0456875
1 0.6558433333333333, 0.16875, 0.030170000000000002, 0.0341875
1 0.67134, 0.165125, 0.03358666666666667, 0.0350625
1 1.0596766666666668, 0.12, 0.04317, 0.041625
1 1.1096966666666668, 0.091125, 0.028003333333333335, 0.019625
1 1.0785233333333333, 0.0875, 0.03767333333333333, 0.028
1 1.0488433333333333, 0.08925, 0.03483666666666667, 0.0225
1 1.0147166666666667, 0.0854875, 0.03691333333333333, 0.04225
1 0.6355266666666667, 0.27975, 0.031336666666666665, 0.03125
1 0.61102, 0.330125, 0.04617333333333334, 0.040375
1 0.63519, 0.311, 0.028339999999999997, 0.039625
1 0.6926966666666667, 0.348, 0.03333666666666667, 0.039375
1 0.6978633333333334, 0.4395, 0.06967666666666666, 0.02925
1 0.7615433333333333, 0.485625, 0.08165666666666667, 0.040375
1 0.6216933333333333, 0.506375, 0.06334000000000001, 0.0425
1 0.5678533333333333, 0.533, 0.07651, 0.0289375
1 0.58326, 0.5535625, 0.06475666666666667, 0.025625
1 0.7257100000000001, 0.397625, 0.03783666666666667, 0.043
1 0.64254, 0.442875, 0.06401, 0.032
1 0.62837, 0.47375, 0.06817666666666666, 0.028
1 0.7042166666666667, 0.4765, 0.06367333333333333, 0.02475
1 0.6897133333333333, 0.543375, 0.08267666666666666, 0.039125
1 0.6523733333333332, 0.539875, 0.06367666666666667, 0.034625
1 0.6955300000000001, 0.59925, 0.05884, 0.02675
1 0.6534633333333334, 0.57175, 0.08173666666666667, 0.037375
1 0.77937, 0.607625, 0.08351, 0.042625
1 0.6666966666666666, 0.354375, 0.033569999999999996, 0.04025
1 0.6168433333333333, 0.3944375, 0.05342333333333334, 0.0235625
1 0.7292733333333334, 0.3171875, 0.025586666666666667, 0.0308125
1 0.7160966666666666, 0.3491875, 0.042339999999999996, 0.0179375
1 1.2645300000000002, 0.2055, 0.04160666666666667, 0.046905
1 1.2926833333333334, 0.2041875, 0.040503333333333336, 0.0168125
1 1.26643, 0.252, 0.06492666666666666, 0.020375
1 1.2510966666666667, 0.2626875, 0.06695666666666666, 0.0265925
1 1.1737566666666666, 0.253875, 0.08218, 0.0298125
1 1.1239266666666667, 0.43525, 0.08526, 0.0325
1 1.15707, 0.41646, 0.06831333333333334, 0.0556025
1 1.1912533333333335, 0.4284375, 0.05321333333333333, 0.044407499999999996
1 1.14184, 0.381875, 0.07692666666666667, 0.0438125
1 1.077, 0.347875, 0.040170000000000004, 0.052625
1 1.1107466666666665, 0.3476875, 0.06459666666666666, 0.0453125
1 1.2090866666666666, 0.3395, 0.05075666666666667, 0.0289375
1 1.25336, 0.329, 0.08034333333333334, 0.021125
1 1.2926966666666666, 0.305125, 0.04000666666666666, 0.023375
1 1.2918466666666666, 0.309375, 0.04167333333333333, 0.0279375
1 1.2096900000000002, 0.382, 0.04800666666666667, 0.073875
1 1.2440266666666666, 0.359625, 0.022503333333333334, 0.045375
1 1.2576933333333333, 0.34925, 0.07534333333333333, 0.01825
1 1.2390866666666667, 0.44975, 0.05375666666666667, 0.0313125
1 0.94369, 0.406875, 0.033003333333333336, 0.05325
1 0.92302, 0.36825, 0.051340000000000004, 0.046125
1 0.9593566666666667, 0.35875, 0.056176666666666666, 0.04425
1 0.9441866666666666, 0.339875, 0.05817666666666667, 0.033
1 0.8298766666666667, 0.3, 0.06784333333333334, 0.040375
1 0.86452, 0.28175, 0.04033, 0.05
1 0.91218, 0.266125, 0.05235666666666666, 0.0419375
1 1.0534666666666668, 0.2246875, 0.03941666666666667, 0.0523125
1 1.0298466666666666, 0.1129375, 0.03650333333333333, 0.037
1 0.9955100000000001, 0.1459375, 0.04034, 0.040375
1 0.93784, 0.1760625, 0.04242, 0.0430625
1 0.9240233333333334, 0.148125, 0.023003333333333334, 0.0275
1 0.9310033333333334, 0.13878000000000001, 0.044096666666666666, 0.0419075
1 0.98893, 0.1729375, 0.03417333333333333, 0.04775
1 0.9715133333333333, 0.1635625, 0.026336666666666668, 0.043125
1 0.9689533333333333, 0.194625, 0.025253333333333336, 0.044875
1 0.9685933333333334, 0.2955625, 0.047336666666666666, 0.0633125
1 0.7543566666666667, 0.54925, 0.05750666666666667, 0.04475
1 0.7144233333333333, 0.563005, 0.042256666666666665, 0.0440325
1 0.7357633333333333, 0.517875, 0.05294, 0.02825
1 0.72959, 0.5335625, 0.07611333333333334, 0.023875
1 0.8462033333333334, 0.5665, 0.05617333333333334, 0.03575
1 0.6403366666666667, 0.420625, 0.06225666666666667, 0.026125
1 0.806, 0.28325, 0.06103666666666667, 0.02125
1 0.8016733333333333, 0.29847, 0.06992666666666666, 0.042655
1 0.7702633333333333, 0.291125, 0.03884, 0.04536
1 0.8185133333333333, 0.463, 0.04750666666666667, 0.03025
1 0.8070100000000001, 0.47125, 0.04108666666666667, 0.0356875
1 0.9160966666666667, 0.56275, 0.050423333333333334, 0.029
1 0.8572566666666667, 0.539875, 0.07611000000000001, 0.063625
1 0.8980100000000001, 0.5906875, 0.07142666666666667, 0.02775
1 0.7510300000000001, 0.640125, 0.04052666666666667, 0.061625
1 0.7658633333333333, 0.6033125, 0.035, 0.063125
1 0.84043, 0.6182150000000001, 0.04441333333333334, 0.06622249999999999
1 0.82236, 0.601875, 0.07433000000000001, 0.0285
1 0.7547566666666666, 0.5694375, 0.061426666666666664, 0.0355
1 0.7508533333333333, 0.500655, 0.06167333333333334, 0.027344999999999998
1 0.7837633333333334, 0.512525, 0.05164, 0.026875
1 0.7498299999999999, 0.4204325, 0.060116666666666665, 0.0500625
1 0.8161833333333334, 0.5336875, 0.04700666666666667, 0.03775
1 0.7926433333333333, 0.58324, 0.07080666666666666, 0.033604999999999996
1 0.8040933333333334, 0.538, 0.04425333333333333, 0.0581875
1 0.64742, 0.4781875, 0.06226, 0.0369375
1 0.5928366666666667, 0.4486875, 0.07226, 0.03175
1 0.75868, 0.272, 0.03875666666666667, 0.0514375
1 0.7356766666666668, 0.3073125, 0.03708666666666667, 0.048375
1 0.84318, 0.3388125, 0.06834, 0.0204375
1 0.7018500000000001, 0.279875, 0.06334333333333333, 0.0345
1 0.7248433333333334, 0.29425, 0.03442, 0.0334375
1 0.67692, 0.302375, 0.061176666666666664, 0.0483125
1 0.6535033333333333, 0.3036875, 0.04425666666666667, 0.0283125
1 0.8045300000000001, 0.32875, 0.04284, 0.056375
1 0.7741933333333333, 0.35375, 0.041839999999999995, 0.069625
