1 4157.5, 1748.5, 45.0, 32.0
1 4200.5, 1751.5, 23.0, 25.0
1 4218.5, 1768.5, 47.0, 25.0
1 4197.5, 1776.5, 25.0, 22.0
1 4101.5, 1752.5, 43.0, 35.0
1 4354.5, 1756.5, 46.0, 41.0
1 4364.5, 1770.5, 54.0, 37.0
1 3971.5, 1761.5, 53.0, 44.0
1 4012.5, 1769.5, 55.0, 44.0
1 4050.5, 1763.5, 39.0, 42.0
1 3850.5, 1767.5, 50.0, 49.0
1 4146.5, 1766.5, 33.0, 53.0
1 3890.5, 1775.5, 41.0, 51.0
1 3829.5, 1776.5, 50.0, 45.0
1 4168.5, 1780.5, 31.0, 49.0
1 3964.5, 1783.5, 37.0, 50.0
1 4090.5, 1788.5, 55.0, 25.0
1 4252.5, 1790.5, 58.0, 34.0
1 4238.5, 1817.5, 37.0, 38.0
1 3930.5, 1794.5, 43.0, 45.0
1 4203.5, 1795.5, 56.0, 26.0
1 4319.5, 1795.5, 47.0, 36.0
1 3827.5, 1804.5, 43.0, 49.0
1 4270.5, 1806.5, 53.0, 33.0
1 4363.5, 1807.5, 37.0, 36.0
1 4485.5, 1807.5, 34.0, 42.0
1 4477.5, 1841.5, 52.0, 33.0
1 3270.5, 1808.5, 46.0, 54.0
1 4064.5, 1808.5, 55.0, 45.0
1 4007.5, 1810.5, 49.0, 54.0
1 4519.5, 1811.5, 44.0, 56.0
1 3777.5, 1813.5, 62.0, 32.0
1 4101.5, 1814.5, 66.0, 30.0
1 3351.5, 1816.5, 40.0, 34.0
1 3322.5, 1818.5, 30.0, 54.0
1 4200.5, 1820.5, 51.0, 52.0
1 4326.5, 1822.5, 32.0, 46.0
1 4047.5, 1826.5, 61.0, 39.0
1 4439.5, 1825.5, 45.0, 48.0
1 3920.5, 1829.5, 52.0, 35.0
1 3286.5, 1831.5, 35.0, 51.0
1 4150.5, 1833.5, 48.0, 32.0
1 4304.5, 1832.5, 28.0, 43.0
1 4388.5, 1833.5, 58.0, 27.0
1 3891.5, 1836.5, 38.0, 36.0
1 4279.5, 1834.5, 25.0, 48.0
1 3975.5, 1836.5, 40.0, 43.0
1 3802.5, 1847.5, 69.0, 28.0
1 3873.5, 1848.5, 53.0, 37.0
1 4362.5, 1846.5, 65.0, 26.0
1 3327.5, 1852.5, 53.0, 39.0
1 3932.5, 1855.5, 51.0, 39.0
1 4115.5, 1857.5, 83.0, 35.0
1 4240.5, 1857.5, 38.0, 42.0
1 4033.5, 1863.5, 70.0, 35.0
1 4024.5, 1890.5, 82.0, 41.0
1 2024.5, 1865.5, 36.0, 36.0
1 3787.5, 1869.5, 45.0, 48.0
1 3986.5, 1869.5, 42.0, 32.0
1 3951.5, 1893.5, 51.0, 35.0
1 4364.5, 1869.5, 75.0, 26.0
1 4357.5, 1877.5, 50.0, 50.0
1 4399.5, 1893.5, 46.0, 26.0
1 3853.5, 1875.5, 70.0, 30.0
1 4326.5, 1875.5, 49.0, 48.0
1 2158.5, 1876.5, 49.0, 38.0
1 4103.5, 1876.5, 42.0, 59.0
1 4293.5, 1879.5, 40.0, 39.0
1 2197.5, 1884.5, 56.0, 33.0
1 2093.5, 1886.5, 37.0, 55.0
1 2069.5, 1892.5, 28.5, 38.0
1 2057.5, 1916.5, 34.0, 54.0
1 1980.5, 1888.5, 36.0, 53.0
1 2008.5, 1889.5, 32.0, 52.0
1 4168.5, 1888.5, 67.0, 37.0
1 2117.5, 1893.5, 38.0, 50.0
1 4447.5, 1894.5, 58.0, 26.0
1 1912.5, 1897.5, 52.0, 29.0
1 2005.5, 1899.5, 61.0, 68.0
1 3010.5, 1898.5, 37.0, 56.0
1 4288.5, 1901.5, 51.0, 43.0
1 3995.5, 1902.5, 27.0, 40.0
1 3974.5, 1919.5, 35.0, 35.0
1 4219.5, 1902.5, 48.25, 30.0
1 2172.5, 1909.5, 41.0, 43.0
1 2173.5, 1941.5, 41.0, 36.0
1 2977.5, 1910.5, 33.0, 39.0
1 4470.5, 1910.5, 56.0, 42.0
1 1961.5, 1913.5, 34.0, 54.0
1 3887.5, 1914.5, 76.0, 40.0
1 2118.5, 1917.5, 50.0, 49.0
1 4189.5, 1918.5, 31.0, 40.0
1 4156.5, 1931.5, 54.0, 60.0
1 4503.5, 1921.5, 54.0, 40.0
1 4426.5, 1923.5, 41.0, 44.0
1 4344.5, 1925.5, 76.0, 35.0
1 1904.5, 1930.5, 57.0, 32.0
1 1886.5, 1942.5, 28.0, 50.0
1 4210.5, 1931.5, 44.0, 50.0
1 1399.5, 1933.5, 59.0, 49.0
1 1864.5, 1934.5, 22.0, 48.0
1 1837.5, 1941.5, 36.0, 53.0
1 4528.5, 1935.5, 74.0, 35.0
1 1255.5, 1940.5, 38.0, 27.0
1 1296.5, 1939.5, 32.0, 26.0
1 1456.5, 1942.5, 55.0, 41.0
1 4011.5, 1944.5, 66.0, 49.0
1 4125.5, 1951.5, 47.0, 33.0
1 4085.5, 1954.5, 36.0, 55.0
1 4300.5, 1954.5, 73.0, 31.0
1 4456.5, 1954.5, 52.0, 18.0
1 4524.5, 1984.5, 70.0, 27.0
1 3973.5, 1965.5, 57.0, 28.0
1 1243.5, 1966.5, 71.0, 39.0
1 1316.5, 1966.5, 65.0, 24.0
1 4114.5, 1971.5, 28.0, 48.0
1 4362.5, 1970.5, 41.0, 56.0
1 4389.5, 1972.5, 47.0, 34.0
1 4428.5, 1970.5, 54.0, 53.0
1 4470.5, 1970.5, 67.0, 26.0
1 4216.5, 1982.5, 69.0, 26.0
1 1274.5, 1984.5, 73.0, 25.0
1 1405.5, 1982.5, 74.0, 29.0
1 4291.5, 1983.5, 61.0, 33.0
1 2061.5, 1987.5, 32.0, 59.0
1 4032.5, 1986.5, 60.0, 64.0
1 4139.5, 1986.5, 34.0, 59.0
1 1011.5, 1995.5, 46.0, 48.0
1 977.5, 2002.5, 40.0, 54.0
1 2653.5, 1995.5, 47.0, 51.0
1 4188.5, 1995.5, 49.0, 47.0
1 4500.5, 1996.5, 59.0, 48.0
1 4482.5, 2001.5, 38.0, 62.0
1 4520.5, 2028.5, 59.0, 50.0
1 4075.5, 1997.5, 50.0, 45.0
1 4323.5, 1996.5, 45.0, 54.0
1 4169.5, 2005.5, 57.0, 54.0
1 4550.5, 2007.5, 55.0, 60.0
1 4417.5, 2008.5, 69.0, 42.0
1 4591.5, 2009.5, 39.0, 58.0
1 778.5, 2018.5, 43.0, 59.0
1 1872.5, 2023.5, 37.0, 57.0
1 2493.5, 2030.5, 36.0, 52.0
1 4256.5, 2033.5, 55.0, 57.0
1 2614.5, 2035.5, 37.0, 56.0
1 2923.5, 2034.5, 30.0, 49.0
1 2103.5, 2036.5, 29.0, 49.0
1 2081.5, 2058.5, 47.0, 53.0
1 1923.5, 2041.5, 30.0, 55.0
1 2594.5, 2041.5, 24.0, 46.0
1 460.5, 2042.5, 88.0, 57.0
1 2879.5, 2043.5, 25.0, 52.0
1 1895.5, 2044.5, 36.0, 62.0
1 2193.5, 2045.5, 40.0, 52.0
1 2381.5, 2045.5, 39.0, 57.0
1 1806.5, 2046.5, 28.0, 56.0
1 1825.5, 2046.5, 44.0, 63.0
1 2047.5, 2048.5, 39.0, 52.0
1 2759.5, 2047.5, 41.0, 61.0
1 4131.5, 2051.5, 34.0, 40.0
1 1652.5, 2053.5, 45.0, 63.0
1 4437.5, 2053.5, 81.0, 33.0
1 2231.5, 2054.5, 42.0, 63.0
1 2906.5, 2055.5, 26.0, 51.0
1 1778.5, 2057.5, 34.0, 51.0
1 2130.5, 2057.5, 38.0, 56.0
1 1464.5, 2059.5, 40.0, 66.0
1 4313.5, 2058.5, 41.0, 51.0
1 1431.5, 2061.5, 40.0, 73.0
1 1408.5, 2105.5, 40.0, 57.0
1 1691.5, 2060.5, 37.0, 51.0
1 1664.5, 2100.5, 37.0, 64.0
1 2557.5, 2060.5, 36.0, 52.0
1 2009.5, 2064.5, 35.0, 64.0
1 1302.5, 2067.5, 50.0, 59.0
1 2699.5, 2067.5, 43.0, 42.0
1 490.5, 2070.5, 77.0, 54.0
1 1592.5, 2071.5, 66.0, 27.0
1 2305.5, 2071.5, 54.0, 51.0
1 2170.5, 2072.5, 30.0, 52.0
1 2441.5, 2116.5, 24.0, 45.0
1 1736.5, 2074.5, 42.0, 62.0
1 1946.5, 2074.5, 33.0, 57.0
1 1980.5, 2074.5, 31.0, 63.0
1 2651.5, 2074.5, 35.0, 59.0
1 4536.5, 2074.5, 84.0, 31.0
1 3142.5, 2079.5, 68.0, 38.0
1 3805.5, 2081.5, 63.0, 59.0
1 2029.5, 2082.5, 41.0, 63.0
1 1854.5, 2084.5, 49.0, 54.0
1 2419.5, 2085.5, 35.0, 60.0
1 416.5, 2087.5, 41.0, 37.0
1 459.5, 2087.5, 28.0, 44.0
1 1367.5, 2089.5, 62.0, 65.0
1 2385.5, 2089.5, 34.0, 62.0
1 1318.5, 2090.5, 44.0, 53.0
1 1354.5, 2090.5, 40.0, 51.0
1 1495.5, 2091.5, 38.0, 60.0
1 2828.5, 2095.5, 43.0, 51.0
1 3325.5, 2095.5, 28.0, 58.0
1 3334.5, 2124.5, 48.0, 50.0
1 4619.5, 2097.5, 42.0, 52.0
1 2612.5, 2098.5, 33.0, 52.0
1 3293.5, 2099.5, 36.0, 52.0
1 4443.5, 2099.5, 43.0, 48.0
1 2218.5, 2101.5, 39.0, 30.0
1 984.5, 2103.5, 44.0, 56.0
1 1574.5, 2103.5, 45.0, 65.0
1 1910.5, 2105.5, 34.0, 52.0
1 2556.5, 2105.5, 51.0, 35.0
1 2785.5, 2104.5, 43.0, 57.0
1 2954.5, 2104.5, 33.0, 43.0
1 4484.5, 2104.5, 75.0, 41.0
1 2124.5, 2106.5, 37.0, 61.0
1 876.5, 2110.5, 44.0, 48.0
1 1550.5, 2109.5, 27.0, 48.0
1 1526.5, 2117.5, 42.0, 52.0
1 2670.5, 2109.5, 60.0, 43.0
1 3003.5, 2111.5, 32.0, 45.0
1 3241.5, 2110.5, 62.0, 57.0
1 3718.5, 2110.5, 26.0, 49.0
1 1114.5, 2112.5, 45.0, 59.0
1 1719.5, 2112.5, 39.0, 55.0
1 2924.5, 2112.5, 32.0, 47.0
1 1017.5, 2117.5, 56.0, 60.0
1 1791.5, 2115.5, 40.0, 43.0
1 2197.5, 2115.5, 43.0, 63.0
1 2241.0, 2124.5, 29.5, 44.0
1 2188.5, 2140.5, 41.0, 61.0
1 2272.5, 2114.5, 31.0, 64.0
1 2300.5, 2133.5, 45.0, 54.0
1 2895.5, 2115.5, 36.0, 38.0
1 3686.5, 2114.5, 41.0, 59.0
1 953.5, 2117.5, 34.0, 48.0
1 2349.5, 2117.5, 33.0, 58.0
1 3606.5, 2116.5, 35.0, 65.0
1 3643.5, 2120.5, 58.0, 55.0
1 1280.5, 2124.5, 31.0, 48.0
1 1688.5, 2125.5, 32.0, 35.0
1 2089.5, 2124.5, 32.0, 49.0
1 2152.5, 2126.5, 37.0, 65.0
1 3134.5, 2126.5, 34.0, 63.0
1 3556.5, 2126.5, 47.0, 59.0
1 2972.5, 2128.5, 42.0, 55.0
1 4028.5, 2128.5, 38.0, 58.0
1 3029.5, 2130.5, 46.0, 67.0
1 3485.5, 2130.5, 48.0, 57.0
1 1936.5, 2133.5, 41.0, 49.0
1 1965.5, 2134.5, 45.0, 41.0
1 3070.5, 2133.5, 55.0, 50.0
1 832.5, 2134.5, 34.0, 62.0
1 798.5, 2165.5, 41.0, 58.0
1 1171.5, 2134.5, 28.0, 58.0
1 1765.5, 2134.5, 31.0, 53.0
1 3801.5, 2135.5, 60.0, 56.0
1 523.5, 2137.5, 34.0, 57.0
1 555.5, 2137.5, 35.0, 61.0
1 3891.5, 2137.5, 33.0, 56.0
1 590.5, 2139.5, 46.0, 66.0
1 1432.5, 2138.5, 37.0, 54.0
1 1631.5, 2138.5, 36.0, 54.0
1 3423.5, 2138.5, 32.0, 56.0
1 1852.5, 2141.5, 54.0, 27.0
1 1033.5, 2144.5, 60.0, 60.0
1 3860.5, 2144.5, 41.0, 53.0
1 1137.5, 2145.5, 46.0, 59.0
1 2855.5, 2144.5, 28.0, 56.0
1 3096.5, 2145.5, 41.0, 57.0
1 1336.5, 2146.5, 34.0, 57.0
1 2016.5, 2147.5, 64.0, 28.0
1 2412.5, 2147.5, 45.0, 52.0
1 2723.5, 2147.5, 30.0, 29.0
1 918.5, 2149.5, 33.0, 51.0
1 1240.5, 2148.5, 37.0, 56.0
1 1782.5, 2148.5, 36.0, 62.0
1 2519.5, 2148.5, 31.0, 57.0
1 2665.5, 2149.5, 58.0, 28.0
1 2874.5, 2148.5, 33.0, 68.0
1 2938.5, 2152.5, 60.0, 35.0
1 3186.5, 2151.5, 37.0, 62.0
1 3362.5, 2150.5, 60.0, 39.0
1 3251.5, 2153.5, 37.0, 51.0
1 3644.0, 2152.5, 44.5, 46.0
1 704.5, 2155.5, 50.0, 50.0
1 856.5, 2154.5, 26.0, 38.0
1 1470.0, 2155.5, 48.5, 21.0
1 1458.5, 2167.5, 44.0, 60.0
1 1565.5, 2155.5, 49.0, 62.0
1 1582.5, 2154.5, 56.0, 94.0
1 2804.5, 2154.5, 52.0, 69.0
1 2908.5, 2155.5, 26.0, 48.0
1 3716.5, 2154.5, 60.0, 48.0
1 1644.5, 2157.5, 87.0, 91.0
1 1677.5, 2187.5, 21.0, 57.0
1 883.5, 2158.5, 30.0, 45.0
1 3018.5, 2159.5, 43.0, 50.0
1 3969.5, 2158.5, 36.0, 67.0
1 1391.5, 2160.5, 40.0, 62.0
1 1742.5, 2160.5, 35.0, 58.0
1 1812.5, 2161.5, 29.0, 68.0
1 1887.5, 2163.5, 31.0, 66.0
1 1920.5, 2163.5, 42.0, 47.0
1 2092.5, 2162.5, 50.0, 64.0
1 2734.5, 2163.5, 41.0, 61.0
1 3910.5, 2164.5, 57.0, 48.0
1 3903.5, 2199.5, 72.0, 36.0
1 3444.5, 2164.5, 37.0, 55.0
1 5006.5, 2164.5, 66.0, 53.0
1 630.5, 2166.5, 40.0, 48.0
1 1302.5, 2166.5, 41.0, 52.0
1 1525.5, 2167.5, 38.0, 59.0
1 1842.5, 2167.5, 19.0, 42.0
1 1863.5, 2168.5, 21.0, 47.0
1 2019.5, 2166.5, 69.0, 27.0
1 3795.5, 2166.5, 53.0, 40.0
1 479.5, 2168.5, 36.0, 48.0
1 2235.5, 2168.5, 37.0, 62.0
1 2336.5, 2169.5, 75.0, 48.0
1 2634.5, 2168.5, 56.0, 38.0
1 1048.5, 2173.5, 49.0, 54.0
1 3226.5, 2172.5, 34.0, 57.0
1 406.5, 2175.5, 50.0, 49.0
1 360.5, 2223.5, 68.0, 55.0
1 374.5, 2261.5, 31.0, 51.0
1 1102.5, 2175.5, 37.0, 58.0
1 2536.5, 2175.5, 42.0, 56.0
1 2602.5, 2175.5, 34.0, 64.0
1 3556.5, 2175.5, 52.0, 44.0
1 3543.5, 2179.5, 52.0, 49.0
1 749.5, 2178.5, 58.67, 43.0
1 2940.5, 2176.5, 66.0, 36.0
1 3675.5, 2177.5, 38.0, 38.0
1 1716.5, 2178.5, 48.0, 58.0
1 1991.5, 2178.5, 28.0, 63.0
1 2773.5, 2178.5, 32.0, 62.0
1 3318.5, 2178.5, 38.0, 64.0
1 1964.5, 2181.5, 30.0, 56.0
1 2687.5, 2180.5, 33.0, 59.0
1 3166.5, 2181.5, 43.0, 57.0
1 3605.5, 2181.5, 45.0, 55.0
1 2122.5, 2182.5, 36.0, 48.0
1 2720.5, 2183.5, 18.0, 40.0
1 3008.5, 2183.5, 31.0, 66.0
1 1366.5, 2185.5, 42.0, 58.0
1 3354.5, 2184.5, 66.0, 52.0
1 3729.5, 2185.5, 58.0, 30.0
1 3756.5, 2190.5, 58.0, 38.0
1 1698.5, 2187.5, 30.0, 56.0
1 2406.5, 2186.5, 37.0, 57.0
1 2436.5, 2197.5, 61.0, 41.0
1 4044.5, 2187.5, 73.0, 40.0
1 361.5, 2190.5, 50.0, 56.0
1 334.5, 2224.5, 28.0, 34.0
1 982.5, 2190.5, 55.0, 21.0
1 1133.5, 2188.5, 25.0, 27.0
1 2638.5, 2188.5, 46.0, 54.0
1 2634.5, 2214.5, 31.0, 28.0
1 2905.5, 2189.5, 48.0, 53.0
1 3507.5, 2188.5, 30.0, 56.0
1 426.5, 2191.5, 47.0, 53.0
1 844.0, 2191.5, 41.5, 47.0
1 814.5, 2196.5, 49.5, 49.0
1 728.5, 2195.5, 37.0, 59.0
1 690.5, 2215.5, 40.0, 62.0
1 1411.5, 2194.5, 47.0, 64.0
1 2021.5, 2195.5, 67.0, 32.0
1 517.5, 2196.5, 39.0, 63.0
1 896.5, 2197.5, 75.0, 46.0
1 2268.5, 2197.5, 43.0, 67.0
1 4720.5, 2198.5, 59.0, 54.0
1 597.5, 2199.5, 53.0, 41.0
1 1272.5, 2199.5, 51.0, 56.0
1 3108.5, 2198.5, 70.0, 40.0
1 4289.5, 2199.5, 48.0, 54.0
1 4778.5, 2198.5, 45.0, 53.0
1 2931.5, 2201.5, 41.0, 56.0
1 1067.5, 2203.5, 34.0, 54.0
1 1479.5, 2202.5, 41.0, 61.0
1 2358.5, 2203.5, 45.0, 50.0
1 3243.5, 2202.5, 59.0, 53.0
1 3539.5, 2205.5, 45.0, 57.0
1 4017.5, 2207.5, 49.0, 64.0
1 3063.5, 2206.5, 46.0, 65.0
1 3098.5, 2221.0, 47.0, 30.5
1 3398.5, 2207.5, 52.0, 30.0
1 3362.5, 2215.5, 47.0, 59.0
1 3368.5, 2247.5, 47.0, 42.0
1 3864.5, 2207.5, 35.0, 55.0
1 464.5, 2209.5, 55.0, 60.0
1 434.5, 2230.5, 54.5, 60.0
1 996.5, 2208.5, 63.0, 39.0
1 1309.5, 2208.5, 51.0, 64.0
1 1779.5, 2209.5, 32.0, 49.0
1 3439.5, 2208.5, 59.0, 44.0
1 1097.5, 2213.5, 70.0, 46.0
1 1063.5, 2256.5, 45.0, 60.0
1 1832.5, 2212.5, 42.0, 34.0
1 1788.5, 2244.0, 77.0, 39.5
1 3040.5, 2213.5, 38.0, 59.0
1 3816.5, 2212.5, 44.0, 43.0
1 768.5, 2215.5, 45.0, 36.0
1 874.5, 2215.5, 32.0, 60.0
1 2954.5, 2215.5, 37.0, 49.0
1 2981.5, 2216.5, 32.0, 51.0
1 3644.5, 2214.5, 73.0, 31.0
1 3667.5, 2229.5, 50.0, 50.0
1 4122.5, 2214.5, 34.0, 60.0
1 215.5, 2218.5, 51.0, 39.0
1 2139.5, 2217.5, 70.0, 45.0
1 2306.5, 2217.5, 36.0, 58.0
1 3974.5, 2217.5, 42.0, 54.0
1 135.5, 2218.5, 43.0, 43.0
1 2728.5, 2218.5, 32.0, 50.0
1 976.5, 2221.5, 30.0, 60.0
1 3716.5, 2220.5, 39.0, 58.0
1 3737.5, 2244.5, 29.0, 42.0
1 4152.5, 2220.5, 37.0, 63.0
1 4637.5, 2221.5, 49.0, 45.0
1 4670.5, 2222.5, 46.0, 51.0
1 570.5, 2222.5, 51.0, 39.0
1 546.5, 2227.5, 36.0, 62.0
1 946.5, 2224.5, 30.0, 53.0
1 1511.5, 2225.5, 57.0, 49.0
1 2503.5, 2225.5, 53.0, 46.0
1 3585.5, 2224.5, 34.0, 51.0
1 4192.5, 2226.5, 45.0, 62.0
1 3759.5, 2226.5, 36.0, 49.0
1 4317.5, 2226.5, 64.0, 41.0
1 4327.5, 2259.5, 58.0, 56.0
1 209.5, 2272.5, 44.0, 58.0
1 3452.5, 2229.5, 57.0, 48.0
1 4448.5, 2229.5, 28.0, 47.0
1 1452.5, 2230.5, 36.0, 59.0
1 3136.5, 2231.5, 40.0, 68.0
1 4244.5, 2231.5, 41.0, 72.0
1 608.5, 2233.5, 56.0, 53.0
1 611.5, 2257.5, 46.0, 52.0
1 2114.5, 2232.5, 56.0, 49.0
1 3272.5, 2232.5, 34.0, 54.0
1 1638.5, 2235.5, 42.0, 47.0
1 2761.5, 2235.5, 35.0, 60.0
1 3180.5, 2234.5, 41.0, 49.0
1 3926.5, 2235.5, 33.0, 49.0
1 4586.5, 2235.5, 43.0, 65.0
1 921.5, 2237.5, 31.0, 67.0
1 2626.5, 2236.5, 72.0, 40.0
1 3330.5, 2237.5, 29.0, 53.0
1 4069.5, 2237.5, 38.0, 63.0
1 4476.5, 2238.5, 41.0, 64.0
1 178.5, 2238.5, 69.0, 34.0
1 175.5, 2256.5, 43.0, 31.0
1 811.5, 2238.5, 58.0, 59.0
1 1010.5, 2239.5, 40.0, 43.0
1 2226.5, 2238.5, 40.0, 77.0
1 3292.5, 2239.5, 35.0, 68.0
1 2328.5, 2240.5, 28.0, 51.0
1 2450.5, 2240.5, 76.0, 29.0
1 3503.5, 2241.5, 59.0, 47.0
1 3494.5, 2249.5, 23.0, 30.0
1 1272.5, 2243.5, 37.0, 69.0
1 2188.5, 2243.5, 39.0, 59.0
1 646.5, 2244.5, 40.0, 60.0
1 713.5, 2244.5, 38.0, 61.0
1 3620.5, 2244.5, 57.0, 29.0
1 3790.5, 2245.5, 48.0, 30.0
1 319.5, 2246.5, 37.0, 32.0
1 858.5, 2246.5, 32.0, 46.0
1 1338.5, 2246.5, 65.0, 25.0
1 2557.5, 2246.5, 59.0, 50.0
1 3014.5, 2247.5, 35.0, 49.0
1 3413.5, 2246.5, 38.0, 77.0
1 3437.5, 2291.5, 43.0, 49.0
1 4386.5, 2246.5, 57.0, 47.0
1 5107.5, 2247.5, 75.0, 56.0
1 4554.5, 2249.5, 42.0, 54.0
1 765.5, 2251.5, 31.0, 54.0
1 785.5, 2250.5, 43.0, 55.0
1 1726.5, 2253.5, 56.0, 37.0
1 4008.5, 2252.5, 37.0, 63.0
1 140.5, 2255.5, 41.0, 40.0
1 1210.5, 2255.5, 49.0, 67.0
1 2348.5, 2255.5, 46.0, 71.0
1 3226.5, 2254.5, 45.0, 70.0
1 4768.5, 2256.5, 39.0, 45.0
1 440.5, 2257.5, 52.0, 55.0
1 1021.5, 2257.5, 49.0, 65.0
1 1106.5, 2257.5, 56.0, 62.0
1 1573.5, 2257.5, 57.0, 31.0
1 4287.5, 2257.5, 37.0, 66.0
1 1522.5, 2260.5, 53.0, 28.0
1 2038.5, 2259.5, 57.0, 48.0
1 3819.5, 2260.5, 44.0, 24.0
1 3799.5, 2273.5, 33.0, 66.0
1 4188.5, 2260.5, 31.0, 39.0
1 1868.5, 2263.5, 39.0, 63.0
1 406.5, 2265.5, 33.0, 59.0
1 538.5, 2288.5, 38.0, 68.0
1 582.5, 2265.5, 34.0, 56.0
1 85.5, 2266.5, 47.0, 45.0
1 3861.5, 2266.5, 33.0, 60.0
1 2257.5, 2269.5, 38.0, 61.0
1 2924.5, 2269.5, 40.0, 57.0
1 1447.5, 2271.5, 53.0, 63.0
1 2613.5, 2272.5, 52.0, 48.0
1 2973.5, 2270.5, 41.0, 54.0
1 3549.5, 2270.5, 78.0, 34.0
1 4509.5, 2271.5, 52.0, 58.0
1 2293.5, 2273.5, 29.0, 55.0
1 2778.5, 2273.5, 42.0, 66.0
1 3709.5, 2272.5, 26.0, 36.0
1 3879.5, 2272.5, 49.0, 57.0
1 4168.5, 2273.5, 44.0, 72.0
1 332.5, 2279.5, 51.0, 40.0
1 313.5, 2285.5, 30.0, 48.0
1 3099.5, 2274.5, 54.0, 52.0
1 3374.5, 2275.5, 36.0, 50.0
1 5015.5, 2274.5, 46.0, 65.0
1 722.5, 2277.5, 44.0, 71.0
1 2557.5, 2277.5, 54.0, 43.0
1 3032.5, 2276.5, 38.0, 62.0
1 4232.5, 2277.5, 58.0, 64.0
1 4387.5, 2277.5, 35.0, 63.0
1 1808.5, 2278.5, 37.0, 47.0
1 1955.5, 2279.5, 33.0, 70.0
1 3732.5, 2278.5, 42.0, 58.0
1 4905.5, 2280.5, 42.0, 31.0
1 4880.5, 2292.5, 37.0, 46.0
1 2378.5, 2280.5, 54.0, 46.0
1 3684.5, 2281.5, 40.0, 67.0
1 3670.5, 2294.5, 33.0, 64.0
1 3771.5, 2281.5, 27.0, 35.0
1 3764.5, 2313.5, 34.0, 64.0
1 3831.5, 2281.5, 31.0, 69.0
1 3922.5, 2281.5, 37.0, 40.0
1 4456.5, 2280.5, 40.0, 60.0
1 129.5, 2282.5, 31.0, 38.0
1 219.5, 2284.5, 54.0, 67.0
1 129.5, 2306.5, 38.0, 49.0
1 163.5, 2311.5, 58.0, 46.0
1 1714.5, 2283.5, 27.0, 63.0
1 3642.5, 2282.5, 38.0, 45.0
1 1505.5, 2284.5, 58.0, 32.0
1 1757.5, 2285.5, 60.0, 45.0
1 2702.5, 2285.5, 69.0, 25.0
1 185.5, 2286.5, 26.0, 37.0
1 1921.5, 2286.5, 31.0, 69.0
1 1982.5, 2286.5, 47.0, 71.0
1 2127.5, 2287.5, 38.0, 47.0
1 2066.5, 2290.5, 52.0, 39.0
1 4760.5, 2288.5, 60.0, 56.0
1 1573.5, 2292.5, 55.0, 40.0
1 2478.5, 2291.5, 30.0, 57.0
1 3504.5, 2290.5, 61.0, 26.0
1 3984.5, 2290.5, 40.0, 56.0
1 95.5, 2292.5, 37.0, 69.0
1 66.5, 2312.5, 27.5, 46.0
1 1319.5, 2292.5, 82.0, 31.0
1 5165.5, 2292.5, 58.0, 47.0
1 5193.5, 2309.5, 48.0, 40.0
1 1651.5, 2294.5, 37.0, 52.0
1 1613.5, 2302.5, 39.5, 64.0
1 4052.5, 2296.5, 40.0, 45.0
1 4126.5, 2294.5, 33.0, 54.0
1 4625.5, 2294.5, 38.0, 53.0
1 4656.5, 2294.5, 43.0, 57.0
1 4680.5, 2342.5, 58.0, 81.0
1 4726.5, 2411.5, 40.0, 77.0
1 3480.5, 2297.5, 37.0, 65.0
1 3513.5, 2318.5, 34.0, 63.0
1 3939.5, 2297.5, 53.0, 42.0
1 4092.5, 2297.5, 36.0, 61.0
1 4423.5, 2296.5, 35.0, 64.0
1 4375.5, 2329.5, 70.0, 44.0
1 4830.5, 2296.5, 52.0, 58.0
1 2637.5, 2299.5, 34.0, 72.0
1 3096.5, 2298.5, 41.0, 61.0
1 3157.5, 2298.5, 58.0, 58.0
1 4214.5, 2299.5, 35.0, 68.0
1 1485.5, 2301.5, 70.0, 35.0
1 1488.5, 2319.5, 48.0, 69.0
1 1453.5, 2336.5, 49.0, 49.0
1 2182.5, 2300.5, 38.0, 39.0
1 3604.5, 2301.5, 60.0, 63.0
1 4588.5, 2304.5, 46.0, 54.0
1 4567.5, 2338.5, 59.0, 47.0
1 1846.5, 2306.5, 73.0, 59.0
1 2793.5, 2306.5, 51.0, 55.0
1 2974.5, 2304.5, 56.0, 74.0
1 3566.5, 2305.5, 42.0, 65.0
1 4147.5, 2304.5, 39.0, 43.0
1 4984.5, 2305.5, 39.0, 70.0
1 4949.5, 2319.5, 41.0, 66.0
1 4921.5, 2320.5, 33.0, 56.0
1 2398.5, 2306.5, 36.0, 36.0
1 2695.5, 2306.5, 42.0, 61.0
1 1205.5, 2308.5, 58.0, 61.0
1 2890.5, 2308.5, 36.0, 67.0
1 681.5, 2311.5, 38.0, 51.0
1 2014.5, 2311.5, 47.0, 50.0
1 2321.5, 2310.5, 40.0, 59.0
1 2578.5, 2311.5, 46.0, 66.0
1 829.5, 2312.5, 49.0, 60.0
1 796.5, 2317.5, 54.0, 54.0
1 816.5, 2363.5, 26.0, 51.0
1 5267.5, 2361.5, 59.0, 58.0
1 5297.5, 2395.5, 43.0, 58.0
1 344.5, 2314.5, 63.0, 32.0
1 2111.5, 2314.5, 68.0, 82.0
1 2118.5, 2365.5, 60.0, 45.0
1 2505.5, 2317.5, 34.0, 43.0
1 2488.5, 2358.5, 37.0, 57.0
1 2425.5, 2319.5, 40.0, 69.0
1 3535.5, 2319.5, 42.0, 66.0
1 4478.5, 2319.5, 46.0, 46.0
1 4526.5, 2319.5, 43.0, 65.0
1 2082.5, 2321.5, 41.0, 36.0
1 2536.5, 2320.5, 32.0, 75.0
1 2655.5, 2320.5, 39.0, 66.0
1 3072.5, 2321.5, 49.0, 64.0
1 4027.5, 2322.5, 63.0, 67.0
1 2211.5, 2322.5, 40.0, 63.0
1 1294.5, 2325.5, 55.0, 26.0
1 1766.5, 2325.5, 32.0, 51.0
1 2048.5, 2324.5, 33.0, 44.0
1 2182.5, 2326.5, 36.0, 75.0
1 3860.5, 2327.5, 64.0, 43.0
1 3868.5, 2368.5, 53.0, 27.0
1 3321.5, 2329.5, 80.0, 44.0
1 5015.5, 2328.5, 46.0, 60.0
1 5000.5, 2386.5, 51.0, 51.0
1 2257.5, 2330.5, 56.0, 47.0
1 2717.5, 2333.5, 63.0, 59.0
1 2861.5, 2333.5, 37.0, 52.0
1 3022.5, 2332.5, 49.0, 50.0
1 3142.5, 2332.5, 35.0, 68.0
1 4880.5, 2332.5, 71.0, 73.0
1 4857.0, 2344.5, 73.5, 66.0
1 4840.5, 2362.5, 17.0, 21.0
1 4858.5, 2365.5, 64.0, 64.0
1 1539.5, 2334.5, 62.0, 29.0
1 2938.5, 2335.5, 35.0, 66.0
1 3707.5, 2337.5, 55.0, 28.0
1 4006.5, 2337.5, 38.0, 69.0
1 4727.5, 2336.5, 37.0, 68.0
1 3282.5, 2338.5, 42.0, 56.0
1 3938.5, 2338.5, 44.0, 29.0
1 2828.5, 2340.5, 34.0, 69.0
1 4760.5, 2342.5, 45.0, 38.0
1 1318.5, 2343.5, 49.0, 76.0
1 2376.5, 2343.5, 67.0, 50.0
1 3434.5, 2343.5, 28.0, 81.0
1 3785.5, 2345.5, 39.0, 60.0
1 622.5, 2346.5, 47.0, 55.0
1 1620.5, 2348.5, 57.0, 71.0
1 1591.5, 2368.5, 33.0, 65.0
1 2567.5, 2346.5, 35.0, 62.0
1 3391.5, 2346.5, 34.0, 70.0
1 3394.5, 2366.5, 44.0, 63.0
1 4084.5, 2347.5, 41.0, 54.0
1 844.5, 2349.5, 53.0, 58.0
1 943.5, 2348.5, 40.0, 51.0
1 2464.5, 2349.5, 28.0, 51.0
1 2803.5, 2349.5, 29.0, 57.0
1 3345.5, 2348.5, 57.0, 39.0
1 4647.5, 2348.5, 49.0, 67.0
1 1926.5, 2351.5, 36.0, 67.0
1 3974.5, 2351.5, 33.0, 62.0
1 4126.5, 2351.5, 42.0, 68.0
1 1200.5, 2353.5, 55.0, 73.0
1 2047.5, 2354.5, 73.0, 58.0
1 3180.5, 2354.5, 29.0, 53.0
1 3463.5, 2354.5, 28.0, 71.0
1 4233.5, 2354.5, 42.0, 59.0
1 4767.5, 2354.5, 69.0, 47.0
1 1158.5, 2356.5, 38.0, 63.0
1 2967.5, 2357.5, 36.0, 45.0
1 3484.5, 2357.5, 43.0, 49.0
1 5122.5, 2373.5, 42.0, 58.0
1 686.5, 2359.5, 37.0, 59.0
1 2334.5, 2359.5, 49.0, 75.0
1 4341.5, 2358.5, 78.0, 68.0
1 4412.5, 2405.5, 49.0, 52.0
1 4436.5, 2431.5, 44.0, 54.0
1 1958.5, 2360.5, 54.0, 40.0
1 3823.5, 2360.5, 42.0, 69.0
1 4386.5, 2361.5, 62.0, 43.0
1 914.5, 2362.5, 38.0, 45.0
1 3921.5, 2365.5, 49.0, 20.0
1 886.5, 2367.5, 36.0, 59.0
1 2506.5, 2366.5, 34.0, 53.0
1 2228.5, 2369.5, 39.0, 32.0
1 4470.5, 2369.5, 59.0, 64.0
1 1667.5, 2372.5, 56.0, 53.0
1 1620.5, 2395.5, 49.5, 44.0
1 1795.5, 2370.5, 69.0, 61.0
1 2035.5, 2370.5, 33.0, 30.0
1 5206.5, 2370.5, 43.0, 73.0
1 722.5, 2372.5, 41.0, 57.0
1 3351.5, 2372.5, 41.0, 65.0
1 3560.5, 2372.5, 57.75, 33.0
1 974.5, 2374.5, 43.0, 49.0
1 914.5, 2403.5, 60.0, 65.0
1 1512.5, 2375.5, 52.0, 42.0
1 1715.5, 2375.5, 43.0, 25.0
1 1695.5, 2385.5, 75.0, 52.0
1 4043.5, 2375.5, 30.0, 45.0
1 1384.5, 2378.5, 47.0, 74.0
1 1850.5, 2376.5, 45.0, 51.0
1 2284.5, 2376.5, 48.0, 47.0
1 3604.5, 2378.5, 66.0, 31.0
1 1040.5, 2379.5, 35.0, 47.0
1 3524.5, 2379.5, 29.0, 33.0
1 766.5, 2380.5, 42.0, 57.0
1 4529.5, 2381.5, 67.0, 58.0
1 5160.5, 2382.5, 41.0, 22.0
1 1242.5, 2383.5, 54.0, 60.0
1 3096.5, 2383.5, 41.0, 68.0
1 3937.5, 2384.5, 46.0, 62.0
1 4325.5, 2383.5, 35.0, 52.0
1 2125.5, 2387.5, 62.0, 54.0
1 2648.5, 2387.5, 50.0, 37.0
1 2630.5, 2393.5, 49.5, 31.0
1 3075.5, 2387.5, 29.0, 52.0
1 1007.5, 2388.5, 38.0, 69.0
1 1064.5, 2390.5, 70.0, 52.0
1 1107.5, 2392.0, 48.0, 77.5
1 1079.5, 2421.5, 34.0, 55.0
1 4797.5, 2388.5, 66.0, 37.0
1 4756.5, 2401.5, 51.0, 49.0
1 608.5, 2391.5, 38.0, 55.0
1 646.5, 2391.5, 37.0, 64.0
1 868.5, 2390.5, 27.0, 48.0
1 2830.5, 2392.5, 52.0, 59.0
1 4361.5, 2393.5, 37.0, 59.0
1 4952.5, 2392.5, 59.0, 36.0
1 2224.5, 2394.5, 72.0, 42.0
1 3916.5, 2395.5, 41.0, 73.0
1 4201.5, 2394.5, 34.0, 70.0
1 472.5, 2396.5, 38.0, 71.0
1 446.5, 2424.5, 37.0, 49.0
1 2538.5, 2396.5, 37.0, 63.0
1 2598.5, 2396.5, 42.0, 72.0
1 3034.5, 2398.5, 45.0, 52.0
1 3883.5, 2398.5, 41.0, 71.0
1 417.5, 2399.5, 50.0, 69.0
1 2858.5, 2400.5, 55.0, 53.0
1 3125.5, 2399.5, 35.0, 76.0
1 4267.5, 2401.5, 28.0, 60.0
1 783.5, 2403.5, 35.0, 68.0
1 906.5, 2403.5, 34.0, 58.0
1 2896.5, 2403.5, 49.0, 56.0
1 548.5, 2407.5, 49.0, 70.0
1 673.5, 2407.5, 42.0, 67.0
1 2573.5, 2407.5, 30.0, 50.0
1 4103.5, 2407.5, 47.0, 72.0
1 4237.5, 2407.5, 27.0, 63.0
1 506.5, 2412.5, 54.0, 31.0
1 838.5, 2410.5, 32.0, 19.0
1 817.5, 2419.5, 33.0, 67.0
1 843.5, 2431.5, 31.0, 50.0
1 868.5, 2435.5, 35.0, 41.0
1 3164.5, 2411.5, 35.0, 77.0
1 4077.5, 2411.5, 31.0, 62.0
1 4156.5, 2410.5, 44.0, 53.0
1 4817.5, 2411.5, 63.0, 46.0
1 382.5, 2413.5, 40.0, 65.0
1 3202.5, 2413.5, 27.0, 62.0
1 3632.5, 2412.5, 80.0, 39.0
1 43.5, 2414.5, 43.0, 68.0
1 4531.5, 2414.5, 47.0, 67.0
1 2283.5, 2416.5, 38.0, 67.0
1 2633.5, 2417.5, 59.0, 35.0
1 4039.5, 2416.5, 51.0, 67.0
1 4030.5, 2422.5, 23.0, 51.0
1 4675.5, 2416.5, 43.0, 67.0
1 4619.5, 2444.5, 65.0, 31.0
1 953.5, 2419.5, 28.0, 41.0
1 566.5, 2421.5, 48.0, 72.0
1 577.5, 2455.5, 47.0, 68.0
1 957.5, 2421.5, 51.0, 56.0
1 4287.5, 2420.5, 36.0, 77.0
1 4307.5, 2439.5, 40.0, 66.0
1 5074.5, 2420.5, 57.0, 46.0
1 5137.5, 2420.5, 80.0, 31.0
1 314.5, 2423.5, 47.0, 65.0
1 3227.5, 2422.5, 48.0, 59.0
1 4835.5, 2425.5, 69.0, 61.0
1 732.5, 2428.5, 39.0, 71.0
1 1536.5, 2428.5, 55.0, 37.0
1 3478.5, 2430.5, 47.0, 56.0
1 4773.5, 2434.5, 40.0, 57.0
1 5033.5, 2436.5, 59.0, 71.0
1 275.5, 2438.5, 43.0, 74.0
1 4702.5, 2439.5, 33.0, 60.0
1 5244.5, 2438.5, 49.0, 63.0
1 5319.5, 2440.5, 44.0, 53.0
1 5276.5, 2441.5, 51.0, 71.0
1 3353.5, 2440.5, 75.0, 43.0
1 2773.5, 2442.5, 66.0, 39.0
1 4344.5, 2442.5, 45.0, 64.0
1 5004.5, 2442.5, 46.0, 64.0
1 5040.5, 2501.5, 39.0, 71.0
1 1593.5, 2444.5, 33.0, 50.0
1 3248.5, 2445.5, 51.0, 51.0
1 622.5, 2447.5, 54.0, 38.0
1 689.5, 2447.5, 50.0, 71.0
1 767.5, 2446.5, 35.0, 38.0
1 4579.5, 2447.5, 48.0, 80.0
1 4957.5, 2446.5, 46.0, 59.0
1 4886.5, 2449.5, 60.0, 70.0
1 5123.5, 2448.5, 45.0, 35.0
1 5166.5, 2450.5, 47.0, 57.0
1 4496.5, 2453.5, 47.0, 67.0
1 5213.5, 2452.5, 41.0, 63.0
1 4173.5, 2455.5, 54.0, 65.0
1 66.5, 2456.5, 78.0, 32.0
1 3961.5, 2464.5, 38.0, 77.0
1 3993.5, 2464.5, 75.0, 44.0
1 4140.5, 2464.5, 45.0, 71.0
1 3886.5, 2469.5, 70.0, 33.0
1 5093.5, 2469.5, 47.0, 85.0
1 4657.5, 2474.5, 43.0, 54.0
1 5403.5, 2474.5, 54.0, 72.0
1 328.5, 2476.5, 35.0, 55.0
1 5449.5, 2477.5, 21.0, 54.0
1 4543.5, 2479.5, 29.0, 64.0
1 4560.5, 2533.5, 33.0, 75.0
1 4628.5, 2478.5, 29.0, 55.0
1 748.5, 2481.5, 72.0, 37.0
1 4241.5, 2481.5, 59.0, 72.0
1 4066.5, 2487.5, 39.0, 62.0
1 4410.5, 2494.5, 52.0, 70.0
1 4706.5, 2493.5, 45.0, 72.0
1 4969.5, 2492.5, 68.0, 79.0
1 4760.5, 2495.5, 43.0, 59.0
1 5244.5, 2497.5, 38.0, 61.0
1 4573.5, 2498.5, 47.0, 122.0
1 4459.5, 2502.5, 63.0, 23.0
1 4226.5, 2505.5, 48.0, 59.0
1 5138.5, 2510.5, 44.0, 48.0
1 3999.5, 2513.5, 62.0, 38.0
1 4653.5, 2520.5, 35.0, 45.0
1 5208.5, 2526.5, 52.0, 66.0
1 4500.5, 2528.5, 32.0, 66.0
1 4685.5, 2529.5, 58.0, 80.0
1 4465.5, 2531.5, 35.0, 76.0
1 4534.5, 2534.5, 26.0, 57.0
1 4908.5, 2536.5, 50.0, 84.0
1 1761.5, 2548.5, 36.0, 41.0
1 4740.5, 2552.5, 39.0, 64.0
1 4795.5, 2561.5, 56.0, 84.0
1 2958.5, 2570.5, 42.0, 40.0
1 1682.5, 2573.5, 33.0, 61.0
1 1370.5, 2576.5, 50.0, 49.0
1 2583.5, 2591.5, 40.0, 51.0
1 4106.5, 2597.5, 52.0, 30.0
1 1218.5, 2610.5, 43.0, 40.0
1 4967.5, 2614.5, 56.0, 79.0
1 2526.5, 2620.5, 36.0, 33.0
1 552.5, 2622.5, 36.0, 26.0
1 3789.5, 2635.5, 50.0, 40.0
1 506.5, 2651.5, 43.0, 47.0
1 334.5, 2660.5, 45.0, 51.0
1 3889.5, 2673.5, 41.0, 63.0
1 69.5, 2707.5, 66.0, 36.0
1 4512.5, 2711.5, 46.0, 26.0
1 4947.5, 2736.5, 82.0, 30.0
1 5191.5, 2785.5, 70.0, 42.0
1 256.25, 2239.75, 28.75, 42.25
1 284.75, 2227.5, 34.25, 46.25
1 256.0, 2282.5, 36.25, 64.0
1 289.75, 2274.25, 27.75, 69.25
1 492.0, 2289.37, 55.71, 38.5
1 472.25, 2261.5, 64.75, 68.75
1 280.0, 2490.75, 53.0, 69.75
1 258.25, 2506.25, 30.0, 47.0
1 671.0, 2172.0, 34.5, 47.0
1 647.75, 2214.0, 47.5, 26.75
1 1169.0, 2204.25, 73.5, 18.75
1 1169.75, 2225.0, 62.25, 26.25
1 1167.0, 2255.5, 30.25, 55.5
1 1189.75, 2251.75, 37.0, 67.75
1 1198.75, 2141.25, 26.75, 58.5
1 1217.75, 2145.5, 34.25, 56.25
1 1260.0, 2348.75, 50.0, 40.5
1 1293.5, 2344.25, 33.5, 43.5
1 1223.25, 2201.25, 45.25, 54.5
1 1268.0, 2169.0, 27.25, 61.0
1 1437.5, 2377.5, 53.25, 41.25
1 1429.25, 2395.5, 40.25, 44.25
1 2354.25, 2399.5, 85.75, 48.75
1 2403.0, 2417.25, 51.5, 38.75
1 2520.25, 2056.5, 33.5, 67.75
1 2530.0, 2108.75, 29.5, 54.75
1 2467.25, 2072.0, 41.25, 60.5
1 2458.75, 2094.75, 29.75, 58.0
1 2301.5, 2123.25, 28.25, 37.13
1 2329.75, 2082.75, 49.63, 46.63
1 2459.88, 2158.12, 57.0, 36.26
1 2456.88, 2145.38, 57.74, 34.12
1 2564.25, 2124.38, 49.5, 32.74
1 2563.38, 2143.62, 78.5, 33.0
1 2809.25, 2232.25, 54.25, 58.0
1 2840.0, 2233.75, 38.5, 48.25
1 2837.0, 2125.25, 60.5, 29.5
1 4000.0, 2388.25, 34.0, 66.25
1 3982.75, 2416.25, 31.75, 46.0
1 4266.25, 2327.5, 57.5, 60.25
1 4285.25, 2374.75, 34.75, 43.0
1 4607.25, 2379.25, 60.0, 40.0
1 4568.5, 2388.75, 52.75, 46.5
1 4262.5, 1906.75, 39.25, 52.5
1 4275.0, 1942.75, 70.5, 26.75
1 4558.25, 1959.5, 79.5, 29.0
1 4543.75, 1971.62, 89.13, 35.76
1 4390.75, 2054.75, 32.25, 62.25
1 4400.75, 2101.5, 57.5, 32.75
1 4536.75, 2104.75, 72.0, 42.5
1 4581.75, 2110.0, 48.25, 34.25
1 4558.5, 2142.5, 79.5, 26.25
1 4620.0, 2534.25, 38.0, 67.25
1 4622.75, 2565.75, 72.25, 54.75
1 4922.25, 2422.75, 65.25, 27.75
1 4925.5, 2437.5, 30.5, 64.5
1 5310.5, 2487.25, 65.25, 57.5
1 5374.25, 2485.75, 34.75, 60.5
1 5348.5, 2520.25, 32.0, 36.25
1 5225.75, 2310.25, 51.75, 53.25
1 5252.25, 2338.5, 40.5, 56.25
1 5055.25, 2374.0, 34.75, 63.5
1 5084.0, 2354.0, 39.25, 70.5
1 5025.38, 2823.5, 104.87, 35.5
