1 0.518375, 0.4098333333333333, 0.02033333333333333, 0.016
1 0.487125, 0.41283333333333333, 0.02266666666666667, 0.01375
1 0.480125, 0.42716666666666664, 0.024666666666666667, 0.012
1 0.501625, 0.4325, 0.021333333333333333, 0.012
1 0.412375, 0.43283333333333335, 0.017333333333333333, 0.02725
1 0.453625, 0.43316666666666664, 0.014, 0.0235
1 0.439125, 0.43416666666666665, 0.02033333333333333, 0.0165
1 0.535625, 0.43383333333333335, 0.023333333333333334, 0.0135
1 0.388625, 0.43683333333333335, 0.027, 0.0115
1 0.592875, 0.43716666666666665, 0.017, 0.024
1 0.518125, 0.4385, 0.022, 0.01175
1 0.498625, 0.45916666666666667, 0.016666666666666666, 0.02075
1 0.547875, 0.4385, 0.025, 0.015
1 0.530625, 0.4395, 0.023666666666666666, 0.015
1 0.567125, 0.44083333333333335, 0.02266666666666667, 0.0135
1 0.48952999999999997, 0.44216666666666665, 0.022333333333333334, 0.011845000000000001
1 0.455375, 0.44383333333333336, 0.018, 0.02475
1 0.427125, 0.44716666666666666, 0.016, 0.027
1 0.581875, 0.44683333333333336, 0.020666666666666667, 0.01075
1 0.580375, 0.4618333333333333, 0.027, 0.01525
1 0.3649375, 0.4469166666666667, 0.03475, 0.0186875
1 0.557125, 0.4495, 0.03166666666666667, 0.013
1 0.498625, 0.4508333333333333, 0.017666666666666667, 0.018
1 0.594375, 0.4518333333333333, 0.010333333333333333, 0.0265
1 0.593375, 0.46016666666666667, 0.023333333333333334, 0.021
1 0.380125, 0.4525, 0.023, 0.01675
1 0.418625, 0.45470666666666665, 0.02112666666666667, 0.01225
1 0.513125, 0.45816666666666667, 0.018666666666666668, 0.0235
1 0.653375, 0.4588333333333333, 0.028, 0.01225
1 0.605125, 0.4605, 0.016, 0.02475
1 0.675875, 0.46016666666666667, 0.025333333333333333, 0.01475
1 0.388625, 0.4618333333333333, 0.031, 0.0185
1 0.448375, 0.4628333333333333, 0.02977, 0.01375
1 0.548875, 0.4638333333333333, 0.017666666666666667, 0.00775
1 0.625875, 0.4638333333333333, 0.032, 0.0145
1 0.515875, 0.4645, 0.019, 0.02525
1 0.531375, 0.4645, 0.022, 0.01775
1 0.569375, 0.46416666666666667, 0.03, 0.01675
1 0.562125, 0.4708333333333333, 0.027, 0.0145
1 0.639625, 0.4651666666666667, 0.029666666666666668, 0.01275
1 0.475875, 0.4671666666666667, 0.010333333333333333, 0.0215
1 0.659, 0.4685, 0.028333333333333332, 0.016375
1 0.417625, 0.4691666666666667, 0.01633333333333333, 0.024
1 0.593375, 0.4715, 0.017833333333333333, 0.022719999999999997
1 0.47128, 0.4718333333333333, 0.013666666666666667, 0.021875
1 0.4829375, 0.4751666666666667, 0.019666666666666666, 0.0289375
1 0.367125, 0.4755, 0.031, 0.0205
1 0.500375, 0.4791666666666667, 0.017, 0.01525
1 0.411625, 0.4795, 0.022, 0.02825
1 0.536375, 0.47983333333333333, 0.012333333333333333, 0.0245
1 0.512875, 0.4815, 0.032, 0.01775
1 0.504375, 0.4851666666666667, 0.03266666666666666, 0.01575
1 0.428625, 0.4825, 0.02, 0.02325
1 0.672125, 0.4821666666666667, 0.017666666666666667, 0.0285
1 0.433, 0.4871666666666667, 0.029666666666666668, 0.024125
1 0.518375, 0.4875, 0.027666666666666666, 0.019
1 0.584375, 0.4885, 0.026, 0.01575
1 0.601125, 0.48883333333333334, 0.013666666666666667, 0.029
1 0.5716875, 0.49016666666666664, 0.01633333333333333, 0.0204375
1 0.541125, 0.49016666666666664, 0.022, 0.016
1 0.556125, 0.4905, 0.028666666666666667, 0.01225
1 0.496375, 0.5178333333333334, 0.026, 0.02525
1 0.535875, 0.49383333333333335, 0.028666666666666667, 0.0175
1 0.589875, 0.49416666666666664, 0.027333333333333334, 0.01825
1 0.567125, 0.49783333333333335, 0.022583333333333334, 0.020875
1 0.605875, 0.5018333333333334, 0.01633333333333333, 0.02675
1 0.395875, 0.5031666666666667, 0.03266666666666666, 0.012
1 0.386625, 0.5198333333333334, 0.025, 0.01675
1 0.406375, 0.5031666666666667, 0.03133333333333333, 0.0165
1 0.521625, 0.5115, 0.010666666666666666, 0.02225
1 0.551625, 0.5151666666666667, 0.022333333333333334, 0.02925
1 0.633875, 0.5168333333333334, 0.018333333333333333, 0.03425
1 0.421875, 0.5195, 0.018333333333333333, 0.02775
1 0.426625, 0.5275, 0.03766666666666667, 0.01725
1 0.361125, 0.5201666666666667, 0.03333333333333333, 0.0155
1 0.447625, 0.5208333333333334, 0.023666666666666666, 0.0293125
1 0.521625, 0.5218333333333334, 0.015, 0.029
1 0.332375, 0.5228333333333334, 0.033666666666666664, 0.013
1 0.561625, 0.5245, 0.024333333333333332, 0.02175
1 0.405875, 0.5275, 0.034, 0.018
1 0.412375, 0.5351666666666667, 0.035, 0.0155
1 0.502875, 0.5331666666666667, 0.023333333333333334, 0.029
1 0.442875, 0.5358333333333334, 0.031, 0.02925
1 0.424125, 0.5421666666666667, 0.031, 0.01375
1 0.478375, 0.5441666666666667, 0.041, 0.01875
1 0.393125, 0.5468333333333333, 0.029666666666666668, 0.02275
1 0.455125, 0.5531666666666667, 0.037333333333333336, 0.015
1 0.467125, 0.5528333333333333, 0.04783333333333333, 0.0165
1 0.328125, 0.5585, 0.036333333333333336, 0.0235
1 0.389625, 0.5595, 0.028333333333333332, 0.031
1 0.505625, 0.5661666666666667, 0.032, 0.019
1 0.486875, 0.5678333333333333, 0.030666666666666665, 0.026
1 0.708625, 0.5691666666666667, 0.03766666666666667, 0.01875
1 0.5127200000000001, 0.5721666666666667, 0.030333333333333334, 0.015655
1 0.379625, 0.5781666666666667, 0.027, 0.02125
1 0.758125, 0.5808333333333333, 0.03333333333333333, 0.02025
1 0.7300475, 0.6022066666666667, 0.043666666666666666, 0.018125
1 0.595125, 0.5838333333333333, 0.029333333333333333, 0.0165
1 0.775625, 0.5841666666666666, 0.037, 0.02325
1 0.613625, 0.5851666666666666, 0.036, 0.0205
1 0.439375, 0.5858333333333333, 0.03833333333333333, 0.01625
1 0.634125, 0.5871666666666666, 0.03266666666666666, 0.012
1 0.520625, 0.5885, 0.03333333333333333, 0.0155
1 0.574375, 0.5901666666666666, 0.025666666666666667, 0.02075
1 0.606625, 0.5938333333333333, 0.026, 0.01225
1 0.317125, 0.5948333333333333, 0.025666666666666667, 0.02275
1 0.647125, 0.5948333333333333, 0.028333333333333332, 0.0115
1 0.422375, 0.5978333333333333, 0.035666666666666666, 0.018
1 0.755375, 0.5975, 0.03766666666666667, 0.01325
1 0.544375, 0.5985, 0.028333333333333332, 0.02575
1 0.548125, 0.6165, 0.04566666666666667, 0.01475
1 0.799875, 0.6005, 0.023, 0.0365
1 0.470625, 0.6018333333333333, 0.04933333333333333, 0.01675
1 0.687625, 0.6064166666666667, 0.033416666666666664, 0.013529999999999999
1 0.672125, 0.6345, 0.036, 0.02175
1 0.673125, 0.6038333333333333, 0.035333333333333335, 0.0135
1 0.531625, 0.6041666666666666, 0.03266666666666666, 0.01225
1 0.508125, 0.6051666666666666, 0.035666666666666666, 0.013
1 0.615625, 0.6071666666666666, 0.032, 0.02025
1 0.407875, 0.6091666666666666, 0.035666666666666666, 0.0175
1 0.453375, 0.6111666666666666, 0.037333333333333336, 0.01525
1 0.380125, 0.6115, 0.023666666666666666, 0.03075
1 0.587625, 0.6135, 0.03233333333333333, 0.02175
1 0.574625, 0.6161666666666666, 0.03666666666666667, 0.01875
1 0.431625, 0.6135, 0.03866666666666667, 0.01475
1 0.351875, 0.6148333333333333, 0.036, 0.019
1 0.563375, 0.6155, 0.042333333333333334, 0.0125
1 0.797625, 0.6165, 0.035333333333333335, 0.01525
1 0.488125, 0.6168333333333333, 0.04066666666666666, 0.01422
1 0.811625, 0.6175, 0.030416666666666668, 0.032905000000000004
1 0.736875, 0.6211666666666666, 0.036333333333333336, 0.0205
1 0.365875, 0.6215, 0.03866666666666667, 0.0185
1 0.653625, 0.6225, 0.04133333333333333, 0.01825
1 0.599875, 0.6231666666666666, 0.04033333333333333, 0.01425
1 0.622375, 0.6235, 0.03966666666666667, 0.0135
1 0.781125, 0.6238333333333334, 0.03933333333333333, 0.019
1 0.5011875, 0.6258333333333334, 0.04033333333333333, 0.013625
1 0.443125, 0.6281666666666667, 0.044333333333333336, 0.01425
1 0.329375, 0.6298333333333334, 0.042, 0.0225
1 0.689875, 0.6315, 0.035666666666666666, 0.02325
1 0.314875, 0.6325, 0.03866666666666667, 0.0165
1 0.420625, 0.6351666666666667, 0.036333333333333336, 0.02
1 0.607875, 0.6378333333333334, 0.039, 0.01975
1 0.709625, 0.6405, 0.021666666666666667, 0.02175
1 0.385125, 0.6441666666666667, 0.041666666666666664, 0.014
1 0.358375, 0.6451666666666667, 0.029, 0.0255
1 0.397375, 0.6478333333333334, 0.03933333333333333, 0.0255
1 0.565875, 0.6498333333333334, 0.021666666666666667, 0.03525
1 0.542625, 0.6518333333333334, 0.05466666666666667, 0.0178125
1 0.410875, 0.6525, 0.030666666666666665, 0.02975
1 0.639125, 0.6938333333333333, 0.042666666666666665, 0.015
1 0.578875, 0.6945, 0.03333333333333333, 0.011
1 0.61853, 0.6988333333333333, 0.03666666666666667, 0.023594999999999998
1 0.599875, 0.7001666666666667, 0.049666666666666665, 0.0195625
1 0.566875, 0.7021666666666667, 0.03966666666666667, 0.0175
1 0.385875, 0.7065, 0.04833333333333333, 0.01875
1 0.534375, 0.7065, 0.028, 0.03625
1 0.448625, 0.7305, 0.02666666666666667, 0.028875
1 0.4994375, 0.70925, 0.050583333333333334, 0.0234375
1 0.4946875, 0.7191666666666666, 0.051, 0.0164375
1 0.399625, 0.7135, 0.04566666666666667, 0.018
1 0.42925, 0.7141666666666666, 0.042416666666666665, 0.016375
1 0.590875, 0.7158333333333333, 0.04766666666666667, 0.018
1 0.283375, 0.7178333333333333, 0.053, 0.01875
1 0.313375, 0.7195, 0.03966666666666667, 0.0195
1 0.649375, 0.7208333333333333, 0.03833333333333333, 0.02675
1 0.411625, 0.7225, 0.060583333333333336, 0.0185
1 0.349375, 0.7231666666666666, 0.043333333333333335, 0.02575
1 0.616375, 0.7255, 0.05466666666666667, 0.0155
1 0.583375, 0.7288333333333333, 0.041, 0.0135
1 0.535875, 0.7295, 0.018333333333333333, 0.03525
1 0.375125, 0.7325, 0.031, 0.018
1 0.486375, 0.7325, 0.043333333333333335, 0.0165
1 0.628625, 0.7328333333333333, 0.043333333333333335, 0.027
1 0.7524375, 0.7341666666666666, 0.03141666666666667, 0.0235
1 0.68428, 0.73825, 0.04725, 0.028345
1 0.535125, 0.7421666666666666, 0.019, 0.03625
1 0.669125, 0.7795, 0.047, 0.01575
1 0.435125, 0.8325, 0.026, 0.01225
1 0.338125, 0.8395, 0.028666666666666667, 0.01925
1 0.542875, 0.8590833333333333, 0.031083333333333334, 0.0195
1 0.325, 0.9353333333333333, 0.06416666666666666, 0.019625
1 0.4599375, 0.83725, 0.028833333333333332, 0.021
1 0.66372, 0.6080399999999999, 0.039586666666666666, 0.016217500000000003
1 0.6590625, 0.5908733333333333, 0.03504333333333333, 0.023
1 0.426095, 0.51054, 0.017419999999999998, 0.03053
1 0.4453125, 0.4928733333333333, 0.032420000000000004, 0.014125
1 0.45753, 0.4925833333333333, 0.030333333333333334, 0.013532500000000001
1 0.461155, 0.48629333333333336, 0.03474666666666666, 0.015345000000000001
1 0.482875, 0.499, 0.03975, 0.016125
1 0.46775, 0.5169600000000001, 0.03629, 0.024655
1 0.47440499999999997, 0.4999166666666667, 0.02954333333333333, 0.014375
1 0.4914375, 0.4902066666666666, 0.03694, 0.0123125
1 0.462345, 0.4796266666666667, 0.021, 0.03
1 0.4341875, 0.45996000000000004, 0.02308, 0.0170325
1 0.46372, 0.45696000000000003, 0.020706666666666665, 0.031435
1 0.4575475, 0.4564166666666667, 0.02473, 0.0162975
1 0.4496875, 0.7025833333333333, 0.03358333333333333, 0.0305
1 0.4735625, 0.7126666666666667, 0.05591666666666667, 0.018375
1 0.587125, 0.6779166666666666, 0.027416666666666666, 0.0388125
1 0.7641875, 0.6109600000000001, 0.037206666666666666, 0.0285625
1 0.76575, 0.60575, 0.034916666666666665, 0.0220775
1 0.71, 0.60375, 0.040916666666666664, 0.0178125
1 0.7201075, 0.5970033333333333, 0.042916666666666665, 0.0146875
1 0.736845, 0.5819366666666667, 0.04158333333333333, 0.0190625
1 0.69697, 0.6026666666666667, 0.03158333333333333, 0.015155
1 0.696625, 0.58104, 0.026626666666666667, 0.016094999999999998
1 0.6831875, 0.5885833333333333, 0.03641666666666667, 0.016125
1 0.6341875, 0.6170833333333333, 0.041916666666666665, 0.012625
1 0.63947, 0.6120633333333334, 0.04277, 0.015905
1 0.5288125, 0.62775, 0.03641666666666667, 0.02175
1 0.51703, 0.6339600000000001, 0.029413333333333333, 0.02522
1 0.5175625, 0.6159166666666667, 0.0385, 0.0150625
1 0.4998025, 0.59827, 0.014706666666666666, 0.022
1 0.48965499999999995, 0.5975833333333334, 0.04375, 0.019282499999999998
1 0.4000625, 0.44646, 0.021746666666666664, 0.023375
1 0.4005625, 0.43033333333333335, 0.017833333333333333, 0.0179375
