1 0.4253472222222222, 0.1366502192982456, 0.014802631578947368, 0.020285087719298246
1 0.44435307017543857, 0.14021381578947367, 0.008771929824561403, 0.016264619883040937
1 0.4434393274853801, 0.1435032894736842, 0.013053728070175437, 0.017178362573099414
1 0.5063048245614035, 0.1377467105263158, 0.01617324561403509, 0.014437134502923976
1 0.5649671052631579, 0.13939144736842105, 0.019462719298245616, 0.010416666666666666
1 0.5830592105263158, 0.14432565789473684, 0.01343201754385965, 0.009685672514619883
1 0.5094115497076024, 0.14679276315789475, 0.015076754385964912, 0.019371345029239765
1 0.513249269005848, 0.1522752192982456, 0.013980263157894737, 0.01864035087719298
1 0.5965826023391813, 0.14679276315789475, 0.013980263157894737, 0.02046783625730994
1 0.4761513157894737, 0.14734100877192982, 0.01206140350877193, 0.00932017543859649
1 0.47304459064327486, 0.15775767543859648, 0.018092105263157895, 0.010964912280701754
1 0.42370248538011696, 0.15117872807017543, 0.008223684210526315, 0.019287280701754388
1 0.49936038011695905, 0.14898574561403508, 0.022203947368421052, 0.009502923976608187
1 0.6663925438596491, 0.14925986842105263, 0.015899122807017545, 0.011330409356725146
1 0.6095577485380117, 0.15063048245614036, 0.008223684210526315, 0.01918859649122807
1 0.6053545321637427, 0.1572094298245614, 0.009594298245614035, 0.013157894736842105
1 0.6071820175438597, 0.1621436403508772, 0.0200109649122807, 0.01114766081871345
1 0.5861659356725146, 0.16324013157894737, 0.019462719298245616, 0.020833333333333332
1 0.4841922514619883, 0.15117872807017543, 0.022478070175438597, 0.007858187134502924
1 0.4081688596491228, 0.15172697368421054, 0.015899122807017545, 0.010782163742690058
1 0.6903326023391813, 0.15200109649122806, 0.02138157894736842, 0.01023391812865497
1 0.6810124269005848, 0.16461074561403508, 0.01617324561403509, 0.01516812865497076
1 0.5593019005847953, 0.15282346491228072, 0.02412280701754386, 0.009868421052631578
1 0.5885416666666666, 0.15254934210526316, 0.021655701754385966, 0.010782163742690058
1 0.46573464912280704, 0.15309758771929824, 0.01781798245614035, 0.009685672514619883
1 0.38550804093567254, 0.15391995614035087, 0.010964912280701754, 0.01882309941520468
1 0.6415387426900585, 0.15364583333333334, 0.011239035087719298, 0.01425438596491228
1 0.5333516081871345, 0.15501644736842105, 0.017269736842105265, 0.011330409356725146
1 0.5207419590643275, 0.16625548245614036, 0.018914473684210526, 0.015899122807017545
1 0.5459612573099415, 0.15474232456140352, 0.018914473684210526, 0.013157894736842105
1 0.7095211988304093, 0.15501644736842105, 0.014528508771929825, 0.00932017543859649
1 0.7495431286549707, 0.1552905701754386, 0.012883771929824562, 0.018457602339181287
1 0.6777229532163743, 0.15556469298245615, 0.016721491228070175, 0.012609649122807017
1 0.5722770467836257, 0.15638706140350878, 0.021107456140350877, 0.010051169590643274
1 0.5817799707602339, 0.15638706140350878, 0.021107456140350877, 0.00804093567251462
1 0.7011147660818714, 0.15638706140350878, 0.017269736842105265, 0.00932017543859649
1 0.41895102339181284, 0.1572094298245614, 0.011513157894736841, 0.01608187134502924
1 0.4346673976608187, 0.17639802631578946, 0.014802631578947368, 0.02046783625730994
1 0.6549086257309942, 0.15871710526315788, 0.012198464912280702, 0.015504385964912281
1 0.5189144736842105, 0.15885416666666666, 0.014528508771929825, 0.013706140350877192
1 0.6247258771929824, 0.15995065789473684, 0.018092105263157895, 0.009137426900584795
1 0.6333150584795322, 0.15995065789473684, 0.012609649122807017, 0.007858187134502924
1 0.3771016081871345, 0.16132127192982457, 0.01644736842105263, 0.013888888888888888
1 0.7188413742690059, 0.16132127192982457, 0.013980263157894737, 0.012426900584795321
1 0.3908077485380117, 0.1621436403508772, 0.01699561403508772, 0.017909356725146198
1 0.4012244152046784, 0.16680372807017543, 0.01069078947368421, 0.023391812865497075
1 0.5053910818713451, 0.16351425438596492, 0.013157894736842105, 0.015899122807017545
1 0.5624086257309941, 0.16378837719298245, 0.021107456140350877, 0.01114766081871345
1 0.7778691520467836, 0.16378837719298245, 0.019736842105263157, 0.012244152046783625
1 0.6543311403508771, 0.16433662280701755, 0.01644736842105263, 0.017361111111111112
1 0.638249269005848, 0.16461074561403508, 0.014528508771929825, 0.0133406432748538
1 0.6702302631578947, 0.16488486842105263, 0.014528508771929825, 0.010051169590643274
1 0.7274305555555556, 0.16488486842105263, 0.01206140350877193, 0.009685672514619883
1 0.7329130116959064, 0.17064144736842105, 0.023300438596491228, 0.012792397660818713
1 0.5415752923976608, 0.16543311403508773, 0.01644736842105263, 0.017726608187134504
1 0.7696454678362573, 0.16543311403508773, 0.019462719298245616, 0.012975146198830409
1 0.8169773391812866, 0.16735197368421054, 0.017543859649122806, 0.011513157894736841
1 0.8231907894736842, 0.18105811403508773, 0.021107456140350877, 0.01516812865497076
1 0.6442799707602339, 0.16817434210526316, 0.017543859649122806, 0.012426900584795321
1 0.792671783625731, 0.16981907894736842, 0.01699561403508772, 0.008589181286549707
1 0.7862755847953217, 0.17557565789473684, 0.0200109649122807, 0.01114766081871345
1 0.8093019005847953, 0.17009320175438597, 0.015625, 0.010964912280701754
1 0.7033077485380117, 0.17064144736842105, 0.012883771929824562, 0.019005847953216373
1 0.6978252923976608, 0.17859100877192982, 0.021107456140350877, 0.012975146198830409
1 0.463358918128655, 0.17173793859649122, 0.019462719298245616, 0.010416666666666666
1 0.6572551169590644, 0.17256030701754385, 0.015350877192982455, 0.013157894736842105
1 0.49972770467836264, 0.1728344298245614, 0.011787280701754386, 0.020423976608187136
1 0.5256761695906432, 0.17310855263157895, 0.017543859649122806, 0.015899122807017545
1 0.6265533625730995, 0.17338267543859648, 0.015350877192982455, 0.010964912280701754
1 0.7974232456140351, 0.17338267543859648, 0.01864035087719298, 0.013157894736842105
1 0.5401133040935673, 0.17420504385964913, 0.02412280701754386, 0.010051169590643274
1 0.4010233918128655, 0.1748218201754386, 0.006784539473684211, 0.020760233918128652
1 0.4704861111111111, 0.17530153508771928, 0.018092105263157895, 0.01206140350877193
1 0.5879934210526315, 0.18516995614035087, 0.020833333333333332, 0.010964912280701754
1 0.5773940058479532, 0.18544407894736842, 0.01699561403508772, 0.01023391812865497
1 0.7239583333333334, 0.17612390350877194, 0.01918859649122807, 0.015533625730994151
1 0.7188413742690059, 0.17913925438596492, 0.015350877192982455, 0.01206140350877193
1 0.6866776315789473, 0.17639802631578946, 0.013157894736842105, 0.012609649122807017
1 0.6930738304093568, 0.18791118421052633, 0.019462719298245616, 0.015899122807017545
1 0.3776498538011696, 0.17804276315789475, 0.014528508771929825, 0.014985380116959063
1 0.4288304093567251, 0.17879660087719298, 0.01596765350877193, 0.020091374269005847
1 0.43740862573099415, 0.19010416666666666, 0.022203947368421052, 0.013706140350877192
1 0.4844005847953216, 0.17828399122807018, 0.012094298245614034, 0.023188961988304092
1 0.4777960526315789, 0.18516995614035087, 0.022478070175438597, 0.015533625730994151
1 0.7098866959064327, 0.17804276315789475, 0.019462719298245616, 0.009502923976608187
1 0.7442434210526315, 0.17804276315789475, 0.01864035087719298, 0.013636695906432749
1 0.3809393274853801, 0.18708881578947367, 0.011513157894736841, 0.022277046783625732
1 0.4213267543859649, 0.17941337719298245, 0.017269736842105265, 0.011878654970760233
1 0.30199195906432746, 0.17996162280701755, 0.01781798245614035, 0.019554093567251463
1 0.34292763157894735, 0.18023574561403508, 0.023026315789473683, 0.0133406432748538
1 0.6349597953216374, 0.18050986842105263, 0.019462719298245616, 0.009502923976608187
1 0.6440972222222222, 0.18023574561403508, 0.01644736842105263, 0.017178362573099414
1 0.671875, 0.17996162280701755, 0.017269736842105265, 0.019736842105263157
1 0.5499817251461988, 0.18050986842105263, 0.013157894736842105, 0.021564327485380116
1 0.8091191520467836, 0.18242872807017543, 0.02055921052631579, 0.018457602339181287
1 0.3312317251461988, 0.18325109649122806, 0.021107456140350877, 0.011695906432748537
1 0.3500548245614035, 0.18297697368421054, 0.02055921052631579, 0.015350877192982455
1 0.45074926900584794, 0.18297697368421054, 0.020833333333333332, 0.012792397660818713
1 0.6060855263157895, 0.18297697368421054, 0.017269736842105265, 0.012244152046783625
1 0.4706688596491228, 0.18407346491228072, 0.01864035087719298, 0.01516812865497076
1 0.503015350877193, 0.18379934210526316, 0.014802631578947368, 0.027960526315789474
1 0.4184027777777778, 0.18516995614035087, 0.02412280701754386, 0.010416666666666666
1 0.7754934210526315, 0.18571820175438597, 0.01617324561403509, 0.02046783625730994
1 0.5317068713450293, 0.18599232456140352, 0.022478070175438597, 0.01644736842105263
1 0.5987755847953217, 0.18708881578947367, 0.02138157894736842, 0.0133406432748538
1 0.3686951754385965, 0.18791118421052633, 0.01781798245614035, 0.011695906432748537
1 0.6228983918128655, 0.18763706140350878, 0.01918859649122807, 0.011330409356725146
1 0.6674890350877193, 0.18873355263157895, 0.023026315789473683, 0.01516812865497076
1 0.66109283625731, 0.19120065789473684, 0.021929824561403508, 0.01644736842105263
1 0.7965095029239766, 0.18900767543859648, 0.021107456140350877, 0.012792397660818713
1 0.6754385964912281, 0.18983004385964913, 0.016721491228070175, 0.01160453216374269
1 0.49680190058479534, 0.18983004385964913, 0.013706140350877192, 0.02448830409356725
1 0.4845577485380117, 0.19065241228070176, 0.019736842105263157, 0.01864035087719298
1 0.4575109649122807, 0.19120065789473684, 0.021655701754385966, 0.012244152046783625
1 0.8359831871345029, 0.19120065789473684, 0.017269736842105265, 0.013888888888888888
1 0.8489583333333334, 0.19120065789473684, 0.01699561403508772, 0.019371345029239765
1 0.5565606725146199, 0.1914747807017544, 0.021655701754385966, 0.018183479532163743
1 0.5689875730994152, 0.19257127192982457, 0.022203947368421052, 0.011695906432748537
1 0.6536001461988304, 0.1914747807017544, 0.023848684210526317, 0.017726608187134504
1 0.6464729532163743, 0.1953125, 0.024671052631578948, 0.023026315789473683
1 0.8093019005847953, 0.19284539473684212, 0.016721491228070175, 0.015350877192982455
1 0.3624817251461988, 0.19366776315789475, 0.014528508771929825, 0.007492690058479532
1 0.6877741228070176, 0.19394188596491227, 0.01781798245614035, 0.01699561403508772
1 0.7111659356725146, 0.19421600877192982, 0.013706140350877192, 0.028691520467836257
1 0.3271198830409357, 0.19476425438596492, 0.028782894736842105, 0.01617324561403509
1 0.5951206140350878, 0.19476425438596492, 0.02631578947368421, 0.013157894736842105
1 0.6007858187134503, 0.21614583333333334, 0.027138157894736843, 0.0133406432748538
1 0.3103983918128655, 0.19558662280701755, 0.01699561403508772, 0.016355994152046784
1 0.4284539473684211, 0.19558662280701755, 0.02138157894736842, 0.01516812865497076
1 0.6095577485380117, 0.19640899122807018, 0.019462719298245616, 0.012975146198830409
1 0.518000730994152, 0.19668311403508773, 0.020833333333333332, 0.018092105263157895
1 0.7820723684210527, 0.19750548245614036, 0.023026315789473683, 0.017726608187134504
1 0.5291483918128655, 0.1991502192982456, 0.014528508771929825, 0.0133406432748538
1 0.636421783625731, 0.19887609649122806, 0.023848684210526317, 0.012426900584795321
1 0.7407711988304093, 0.19887609649122806, 0.01699561403508772, 0.022112573099415205
1 0.3683296783625731, 0.19969846491228072, 0.0200109649122807, 0.02010233918128655
1 0.40390533625730995, 0.20009046052631577, 0.010416666666666666, 0.014619883040935672
1 0.4037828947368421, 0.20134320175438597, 0.03042763157894737, 0.017178362573099414
1 0.5476059941520468, 0.2002467105263158, 0.023574561403508772, 0.013157894736842105
1 0.7226790935672515, 0.2002467105263158, 0.01343201754385965, 0.01425438596491228
1 0.7341922514619883, 0.20353618421052633, 0.015899122807017545, 0.019736842105263157
1 0.7488121345029239, 0.21559758771929824, 0.01206140350877193, 0.024305555555555556
1 0.7630665204678363, 0.22436951754385964, 0.023574561403508772, 0.010782163742690058
1 0.7577668128654971, 0.20052083333333334, 0.00932017543859649, 0.01864035087719298
1 0.825749269005848, 0.2021655701754386, 0.020285087719298246, 0.020833333333333332
1 0.34457236842105265, 0.20271381578947367, 0.013706140350877192, 0.023940058479532164
1 0.4656432748538012, 0.20243969298245615, 0.017269736842105265, 0.014894005847953216
1 0.48656798245614036, 0.20271381578947367, 0.02055921052631579, 0.019736842105263157
1 0.5031980994152047, 0.20243969298245615, 0.021107456140350877, 0.013157894736842105
1 0.5806834795321637, 0.20243969298245615, 0.027960526315789474, 0.01516812865497076
1 0.5929276315789473, 0.21943530701754385, 0.02850877192982456, 0.010782163742690058
1 0.3838633040935672, 0.20353618421052633, 0.02275219298245614, 0.014071637426900584
1 0.6311220760233918, 0.20381030701754385, 0.0268640350877193, 0.012975146198830409
1 0.6228983918128655, 0.20737390350877194, 0.02631578947368421, 0.012883771929824562
1 0.30308845029239767, 0.20435855263157895, 0.022478070175438597, 0.011695906432748537
1 0.4430738304093567, 0.20463267543859648, 0.01836622807017544, 0.014437134502923976
1 0.5165387426900585, 0.20545504385964913, 0.01617324561403509, 0.015716374269005847
1 0.7747624269005848, 0.20518092105263158, 0.020833333333333332, 0.018457602339181287
1 0.7062317251461988, 0.20764802631578946, 0.01864035087719298, 0.01644736842105263
1 0.794499269005848, 0.20737390350877194, 0.021655701754385966, 0.018457602339181287
1 0.45805921052631576, 0.20847039473684212, 0.013706140350877192, 0.012792397660818713
1 0.6857638888888888, 0.20847039473684212, 0.01617324561403509, 0.023940058479532164
1 0.7171966374269005, 0.20874451754385964, 0.02275219298245614, 0.009502923976608187
1 0.8063779239766082, 0.20847039473684212, 0.019462719298245616, 0.02138157894736842
1 0.4141995614035088, 0.2090186403508772, 0.023300438596491228, 0.01864035087719298
1 0.5582054093567251, 0.20929276315789475, 0.013980263157894737, 0.02266081871345029
1 0.6488486842105263, 0.20929276315789475, 0.01699561403508772, 0.019919590643274854
1 0.5391995614035088, 0.20984100877192982, 0.023026315789473683, 0.008954678362573099
1 0.5245796783625731, 0.21450109649122806, 0.01644736842105263, 0.01644736842105263
1 0.7634320175438597, 0.20956688596491227, 0.01617324561403509, 0.01882309941520468
1 0.39336622807017546, 0.21038925438596492, 0.01836622807017544, 0.015533625730994151
1 0.7265168128654971, 0.21011513157894737, 0.026041666666666668, 0.010782163742690058
1 0.37582236842105265, 0.21367872807017543, 0.01617324561403509, 0.009502923976608187
1 0.6696820175438597, 0.21532346491228072, 0.023300438596491228, 0.015899122807017545
1 0.6126644736842105, 0.21559758771929824, 0.02412280701754386, 0.01206140350877193
1 0.4438048245614035, 0.21641995614035087, 0.015350877192982455, 0.01425438596491228
1 0.44161184210526316, 0.22683662280701755, 0.018092105263157895, 0.008954678362573099
1 0.6828399122807017, 0.21669407894736842, 0.025219298245614034, 0.014985380116959063
1 0.7369334795321637, 0.21696820175438597, 0.020833333333333332, 0.011695906432748537
1 0.35352704678362573, 0.21724232456140352, 0.019736842105263157, 0.01206140350877193
1 0.42023026315789475, 0.21724232456140352, 0.024945175438596492, 0.014071637426900584
1 0.6941703216374269, 0.21751644736842105, 0.024671052631578948, 0.015533625730994151
1 0.43046418128654973, 0.21806469298245615, 0.026041666666666668, 0.011878654970760233
1 0.4882127192982456, 0.21861293859649122, 0.01918859649122807, 0.013157894736842105
1 0.45933845029239767, 0.22025767543859648, 0.01425438596491228, 0.02722953216374269
1 0.5136147660818714, 0.21998355263157895, 0.021929824561403508, 0.014985380116959063
1 0.638797514619883, 0.21998355263157895, 0.02138157894736842, 0.018092105263157895
1 0.5490679824561403, 0.22053179824561403, 0.014528508771929825, 0.030153508771929825
1 0.8241045321637427, 0.22080592105263158, 0.023848684210526317, 0.015899122807017545
1 0.8129568713450293, 0.22190241228070176, 0.018914473684210526, 0.014437134502923976
1 0.49570540935672514, 0.2227247807017544, 0.017543859649122806, 0.01827485380116959
1 0.7415021929824561, 0.22409539473684212, 0.01918859649122807, 0.015716374269005847
1 0.4449013157894737, 0.22436951754385964, 0.02823464912280702, 0.019736842105263157
1 0.7826206140350878, 0.2246436403508772, 0.016721491228070175, 0.013706140350877192
1 0.7067799707602339, 0.22491776315789475, 0.01836622807017544, 0.019371345029239765
1 0.7531980994152047, 0.22601425438596492, 0.024396929824561403, 0.01114766081871345
1 0.5737390350877193, 0.22683662280701755, 0.029331140350877194, 0.013157894736842105
1 0.6479349415204678, 0.22683662280701755, 0.020833333333333332, 0.02320906432748538
1 0.38806652046783624, 0.22711074561403508, 0.015899122807017545, 0.010416666666666666
1 0.36522295321637427, 0.22875548245614036, 0.01836622807017544, 0.02320906432748538
1 0.7711074561403509, 0.23012609649122806, 0.022203947368421052, 0.009137426900584795
1 0.8043676900584795, 0.2304002192982456, 0.02055921052631579, 0.01206140350877193
1 0.8124086257309941, 0.2402686403508772, 0.013980263157894737, 0.026133040935672515
1 0.8056469298245614, 0.24931469298245615, 0.02631578947368421, 0.02631578947368421
1 0.5627741228070176, 0.23259320175438597, 0.027412280701754384, 0.0133406432748538
1 0.7738486842105263, 0.23396381578947367, 0.0268640350877193, 0.01608187134502924
1 0.7939510233918129, 0.23423793859649122, 0.027138157894736843, 0.011330409356725146
1 0.48273026315789475, 0.23670504385964913, 0.02823464912280702, 0.016812865497076022
1 0.6166849415204678, 0.23643092105263158, 0.015076754385964912, 0.023026315789473683
1 0.5868969298245614, 0.23697916666666666, 0.02768640350877193, 0.009685672514619883
1 0.6788194444444444, 0.2372532894736842, 0.02987938596491228, 0.014619883040935672
1 0.6914290935672515, 0.24300986842105263, 0.025219298245614034, 0.009868421052631578
1 0.7215826023391813, 0.2372532894736842, 0.02275219298245614, 0.01114766081871345
1 0.7075109649122807, 0.23862390350877194, 0.02631578947368421, 0.01644736842105263
1 0.731999269005848, 0.23889802631578946, 0.024945175438596492, 0.0222953216374269
1 0.4010416666666667, 0.23972039473684212, 0.025219298245614034, 0.012244152046783625
1 0.5008223684210527, 0.24054276315789475, 0.023026315789473683, 0.01699561403508772
1 0.5152595029239766, 0.2402686403508772, 0.025219298245614034, 0.012244152046783625
1 0.5180921052631579, 0.26247258771929827, 0.018914473684210526, 0.020376461988304093
1 0.7488121345029239, 0.24081688596491227, 0.022478070175438597, 0.013888888888888888
1 0.6013340643274854, 0.24163925438596492, 0.029605263157894735, 0.011330409356725146
1 0.4613486842105263, 0.24191337719298245, 0.015350877192982455, 0.024853801169590642
1 0.634046052631579, 0.24300986842105263, 0.02850877192982456, 0.013706140350877192
1 0.6627375730994152, 0.24300986842105263, 0.02768640350877193, 0.014071637426900584
1 0.6128472222222222, 0.24383223684210525, 0.023026315789473683, 0.010599415204678362
1 0.7866410818713451, 0.24383223684210525, 0.02768640350877193, 0.017361111111111112
1 0.5529057017543859, 0.24575109649122806, 0.020285087719298246, 0.018092105263157895
1 0.8138706140350878, 0.24629934210526316, 0.020833333333333332, 0.0268640350877193
1 0.453125, 0.2471217105263158, 0.022478070175438597, 0.011513157894736841
1 0.28536184210526316, 0.24739583333333334, 0.02905701754385965, 0.014071637426900584
1 0.6969115497076024, 0.24794407894736842, 0.024945175438596492, 0.0133406432748538
1 0.3149671052631579, 0.24876644736842105, 0.02631578947368421, 0.015350877192982455
1 0.3418311403508772, 0.24931469298245615, 0.023300438596491228, 0.010416666666666666
1 0.23346125730994152, 0.2504111842105263, 0.020833333333333332, 0.015899122807017545
1 0.36778143274853803, 0.2504111842105263, 0.024945175438596492, 0.018092105263157895
1 0.33013523391812866, 0.2506853070175439, 0.01781798245614035, 0.011513157894736841
1 0.3034539473684211, 0.2520559210526316, 0.02631578947368421, 0.014619883040935672
1 0.6729714912280702, 0.25233004385964913, 0.023026315789473683, 0.012792397660818713
1 0.7108004385964912, 0.2553453947368421, 0.020285087719298246, 0.008589181286549707
1 0.757218567251462, 0.2553453947368421, 0.023848684210526317, 0.012975146198830409
1 0.45933845029239767, 0.2558936403508772, 0.021655701754385966, 0.010416666666666666
1 0.26800073099415206, 0.25699013157894735, 0.02823464912280702, 0.011513157894736841
1 0.46920687134502925, 0.25808662280701755, 0.02412280701754386, 0.020285087719298246
1 0.5629568713450293, 0.2669956140350877, 0.03549890350877193, 0.016264619883040937
1 0.2923062865497076, 0.26000548245614036, 0.02275219298245614, 0.012426900584795321
1 0.5466922514619883, 0.26055372807017546, 0.027138157894736843, 0.014985380116959063
1 0.7162828947368421, 0.26000548245614036, 0.017543859649122806, 0.01827485380116959
1 0.41017909356725146, 0.26055372807017546, 0.01864035087719298, 0.0133406432748538
1 0.27768640350877194, 0.2616502192982456, 0.01699561403508772, 0.007492690058479532
1 0.6249086257309941, 0.26247258771929827, 0.026041666666666668, 0.014619883040935672
1 0.7669042397660819, 0.26247258771929827, 0.023574561403508772, 0.015716374269005847
1 0.3248355263157895, 0.26274671052631576, 0.029331140350877194, 0.012426900584795321
1 0.2380299707602339, 0.26384320175438597, 0.026589912280701754, 0.020833333333333332
1 0.49296418128654973, 0.2635690789473684, 0.023574561403508772, 0.015350877192982455
1 0.5019188596491229, 0.2797423245614035, 0.03179824561403509, 0.014619883040935672
1 0.5039290935672515, 0.30386513157894735, 0.0200109649122807, 0.012975146198830409
1 0.734375, 0.26329495614035087, 0.030975877192982455, 0.01663011695906433
1 0.5311586257309941, 0.26384320175438597, 0.022478070175438597, 0.01663011695906433
1 0.5066703216374269, 0.2652138157894737, 0.024945175438596492, 0.009685672514619883
1 0.20367324561403508, 0.26740679824561403, 0.023026315789473683, 0.015350877192982455
1 0.5991410818713451, 0.2671326754385965, 0.02905701754385965, 0.01918859649122807
1 0.6168676900584795, 0.27754934210526316, 0.021655701754385966, 0.0133406432748538
1 0.41310307017543857, 0.26795504385964913, 0.021107456140350877, 0.015350877192982455
1 0.2563048245614035, 0.26850328947368424, 0.03755482456140351, 0.014071637426900584
1 0.33653143274853803, 0.26932565789473684, 0.026589912280701754, 0.010416666666666666
1 0.43740862573099415, 0.2701480263157895, 0.021929824561403508, 0.011330409356725146
1 0.4454495614035088, 0.27042214912280704, 0.017269736842105265, 0.024853801169590642
1 0.4492872807017544, 0.2811129385964912, 0.009868421052631578, 0.014437134502923976
1 0.4631761695906433, 0.2865953947368421, 0.02631578947368421, 0.010599415204678362
1 0.6473866959064327, 0.27042214912280704, 0.027412280701754384, 0.015899122807017545
1 0.3897112573099415, 0.2709703947368421, 0.03070175438596491, 0.012426900584795321
1 0.21774488304093567, 0.2715186403508772, 0.024945175438596492, 0.01827485380116959
1 0.638249269005848, 0.2715186403508772, 0.02905701754385965, 0.019919590643274854
1 0.6673062865497076, 0.2720668859649123, 0.025767543859649123, 0.022478070175438597
1 0.34694809941520466, 0.2728892543859649, 0.027412280701754384, 0.014619883040935672
1 0.6892361111111112, 0.27261513157894735, 0.023848684210526317, 0.01644736842105263
1 0.31240862573099415, 0.27508223684210525, 0.027960526315789474, 0.013888888888888888
1 0.42059576023391815, 0.2748081140350877, 0.031524122807017545, 0.015716374269005847
1 0.36504020467836257, 0.27617872807017546, 0.03289473684210526, 0.019005847953216373
1 0.3663194444444444, 0.28686951754385964, 0.02905701754385965, 0.021198830409356724
1 0.7060489766081871, 0.2778234649122807, 0.011239035087719298, 0.028326023391812866
1 0.2897478070175439, 0.27837171052631576, 0.03234649122807018, 0.018092105263157895
1 0.40195540935672514, 0.27837171052631576, 0.03234649122807018, 0.015350877192982455
1 0.2749451754385965, 0.27891995614035087, 0.025767543859649123, 0.015716374269005847
1 0.4706688596491228, 0.2791940789473684, 0.03289473684210526, 0.012975146198830409
1 0.5518092105263158, 0.2800164473684211, 0.03179824561403509, 0.014437134502923976
1 0.7457054093567251, 0.2797423245614035, 0.026589912280701754, 0.011513157894736841
1 0.48199926900584794, 0.28029057017543857, 0.021655701754385966, 0.013157894736842105
1 0.5881761695906432, 0.2805646929824561, 0.02823464912280702, 0.0133406432748538
1 0.43064692982456143, 0.2811129385964912, 0.018092105263157895, 0.01023391812865497
1 0.7597770467836257, 0.28412828947368424, 0.023026315789473683, 0.017726608187134504
1 0.20778508771929824, 0.28495065789473684, 0.01425438596491228, 0.015990497076023392
1 0.5242141812865497, 0.28495065789473684, 0.021929824561403508, 0.014437134502923976
1 0.5996893274853801, 0.28686951754385964, 0.026041666666666668, 0.013157894736842105
1 0.19599780701754385, 0.2876918859649123, 0.01781798245614035, 0.01425438596491228
1 0.5735562865497076, 0.28878837719298245, 0.01918859649122807, 0.014619883040935672
1 0.453125, 0.28933662280701755, 0.02275219298245614, 0.01114766081871345
1 0.6267361111111112, 0.2890625, 0.025767543859649123, 0.013706140350877192
1 0.18338815789473684, 0.29015899122807015, 0.015350877192982455, 0.011878654970760233
1 0.7078764619883041, 0.2904331140350877, 0.03289473684210526, 0.013523391812865496
1 0.7250548245614035, 0.2923519736842105, 0.022203947368421052, 0.01918859649122807
1 0.4264437134502924, 0.29262609649122806, 0.022478070175438597, 0.02631578947368421
1 0.32556652046783624, 0.29317434210526316, 0.01069078947368421, 0.021929824561403508
1 0.6751644736842105, 0.2948190789473684, 0.03125, 0.012609649122807017
1 0.2976059941520468, 0.2953673245614035, 0.025219298245614034, 0.015350877192982455
1 0.6408077485380117, 0.2953673245614035, 0.029331140350877194, 0.012792397660818713
1 0.5435855263157895, 0.2961896929824561, 0.01617324561403509, 0.015350877192982455
1 0.48181652046783624, 0.2961896929824561, 0.01918859649122807, 0.011421783625730994
1 0.4935124269005848, 0.2964638157894737, 0.029331140350877194, 0.010051169590643274
1 0.653234649122807, 0.2981085526315789, 0.026589912280701754, 0.01699561403508772
1 0.3202668128654971, 0.2994791666666667, 0.01644736842105263, 0.02540204678362573
1 0.3144188596491228, 0.3079769736842105, 0.02987938596491228, 0.014619883040935672
1 0.32209429824561403, 0.3131853070175439, 0.018092105263157895, 0.028326023391812866
1 0.317891081871345, 0.3411458333333333, 0.025767543859649123, 0.013157894736842105
1 0.6007858187134503, 0.29920504385964913, 0.01781798245614035, 0.023757309941520467
1 0.5984100877192983, 0.3118146929824561, 0.015350877192982455, 0.025584795321637425
1 0.696546052631579, 0.2989309210526316, 0.024945175438596492, 0.010782163742690058
1 0.6866776315789473, 0.29920504385964913, 0.025767543859649123, 0.015899122807017545
1 0.4317434210526316, 0.3008497807017544, 0.020285087719298246, 0.023026315789473683
1 0.5585709064327485, 0.3013980263157895, 0.021655701754385966, 0.01864035087719298
1 0.24186769005847952, 0.30304276315789475, 0.013980263157894737, 0.023848684210526317
1 0.18813961988304093, 0.30496162280701755, 0.012609649122807017, 0.019371345029239765
1 0.1808296783625731, 0.31757127192982454, 0.010964912280701754, 0.025767543859649123
1 0.1892361111111111, 0.3216831140350877, 0.017543859649122806, 0.019828216374269007
1 0.16511330409356725, 0.3274396929824561, 0.014528508771929825, 0.0268640350877193
1 0.27055921052631576, 0.30496162280701755, 0.007675438596491228, 0.021747076023391813
1 0.4140168128654971, 0.3052357456140351, 0.014802631578947368, 0.01608187134502924
1 0.7500913742690059, 0.30550986842105265, 0.03234649122807018, 0.012244152046783625
1 0.16127558479532164, 0.3066063596491228, 0.030153508771929825, 0.014985380116959063
1 0.14884868421052633, 0.30783991228070173, 0.015213815789473685, 0.017178362573099414
1 0.14994517543859648, 0.31537828947368424, 0.03042763157894737, 0.012883771929824562
1 0.3043676900584795, 0.30688048245614036, 0.01918859649122807, 0.013157894736842105
1 0.5684393274853801, 0.3066063596491228, 0.019736842105263157, 0.024853801169590642
1 0.5653326023391813, 0.34141995614035087, 0.03289473684210526, 0.010782163742690058
1 0.7800621345029239, 0.3066063596491228, 0.02823464912280702, 0.013157894736842105
1 0.5268786549707603, 0.3065378289473684, 0.02309484649122807, 0.01889985380116959
1 0.5190972222222222, 0.3129111842105263, 0.021107456140350877, 0.023391812865497075
1 0.5443165204678363, 0.30742872807017546, 0.029331140350877194, 0.013706140350877192
1 0.1758954678362573, 0.3098958333333333, 0.015076754385964912, 0.01918859649122807
1 0.34804459064327486, 0.30962171052631576, 0.01918859649122807, 0.015350877192982455
1 0.7665387426900585, 0.30962171052631576, 0.029605263157894735, 0.016264619883040937
1 0.38952850877192985, 0.31071820175438597, 0.013706140350877192, 0.022112573099415205
1 0.2296235380116959, 0.3109923245614035, 0.022203947368421052, 0.015716374269005847
1 0.4394188596491228, 0.3126370614035088, 0.020285087719298246, 0.015350877192982455
1 0.4432565789473684, 0.3208607456140351, 0.015350877192982455, 0.025767543859649123
1 0.448921783625731, 0.3126370614035088, 0.013157894736842105, 0.01864035087719298
1 0.4659173976608187, 0.3129111842105263, 0.007949561403508772, 0.009868421052631578
1 0.469937865497076, 0.3131853070175439, 0.015350877192982455, 0.02046783625730994
1 0.2612390350877193, 0.3131853070175439, 0.012883771929824562, 0.01663011695906433
1 0.27129020467836257, 0.3131853070175439, 0.010416666666666666, 0.027960526315789474
1 0.736202485380117, 0.3137335526315789, 0.014802631578947368, 0.011513157894736841
1 0.6197916666666666, 0.3151041666666667, 0.015625, 0.025219298245614034
1 0.6599963450292398, 0.31483004385964913, 0.027206688596491228, 0.015350877192982455
1 0.6698647660818714, 0.3433388157894737, 0.01699561403508772, 0.019371345029239765
1 0.6744334795321637, 0.35759320175438597, 0.03399122807017544, 0.018092105263157895
1 0.6903326023391813, 0.36554276315789475, 0.016721491228070175, 0.013797514619883041
1 0.7195723684210527, 0.31620065789473684, 0.019736842105263157, 0.014071637426900584
1 0.7078764619883041, 0.3227796052631579, 0.01918859649122807, 0.01206140350877193
1 0.7062317251461988, 0.3315515350877193, 0.01644736842105263, 0.023391812865497075
1 0.5803179824561403, 0.31757127192982454, 0.015076754385964912, 0.023574561403508772
1 0.24004020467836257, 0.31811951754385964, 0.01781798245614035, 0.021929824561403508
1 0.2571747076023392, 0.32195723684210525, 0.010794956140350878, 0.013019005847953215
1 0.2690972222222222, 0.32195723684210525, 0.01781798245614035, 0.013523391812865496
1 0.26343201754385964, 0.3392269736842105, 0.025219298245614034, 0.010051169590643274
1 0.39318347953216376, 0.31949013157894735, 0.02055921052631579, 0.009868421052631578
1 0.3834978070175439, 0.3203125, 0.016721491228070175, 0.01114766081871345
1 0.40926535087719296, 0.32003837719298245, 0.010416666666666666, 0.015899122807017545
1 0.41109283625730997, 0.32332785087719296, 0.015350877192982455, 0.019554093567251463
1 0.7438779239766082, 0.32003837719298245, 0.023574561403508772, 0.011878654970760233
1 0.43028143274853803, 0.32113486842105265, 0.025767543859649123, 0.011513157894736841
1 0.4770650584795322, 0.3208607456140351, 0.020833333333333332, 0.015533625730994151
1 0.4754203216374269, 0.3345668859649123, 0.01617324561403509, 0.014437134502923976
1 0.6894188596491229, 0.32195723684210525, 0.018092105263157895, 0.01023391812865497
1 0.6044407894736842, 0.32442434210526316, 0.01206140350877193, 0.010599415204678362
1 0.7628837719298246, 0.32305372807017546, 0.024396929824561403, 0.015716374269005847
1 0.27823464912280704, 0.32305372807017546, 0.017269736842105265, 0.02010233918128655
1 0.29577850877192985, 0.32579495614035087, 0.016721491228070175, 0.01882309941520468
1 0.3527960526315789, 0.33100328947368424, 0.02823464912280702, 0.013523391812865496
1 0.36540570175438597, 0.3378563596491228, 0.017269736842105265, 0.01608187134502924
1 0.1366045321637427, 0.3236019736842105, 0.02823464912280702, 0.013157894736842105
1 0.11138523391812866, 0.3315515350877193, 0.019736842105263157, 0.027777777777777776
1 0.36504020467836257, 0.32442434210526316, 0.015625, 0.013157894736842105
1 0.4978983918128655, 0.32442434210526316, 0.012335526315789474, 0.03125
1 0.4964948830409357, 0.33319627192982454, 0.012609649122807017, 0.025526315789473685
1 0.6744334795321637, 0.32442434210526316, 0.017269736842105265, 0.014985380116959063
1 0.7299890350877193, 0.3255208333333333, 0.0200109649122807, 0.013523391812865496
1 0.7305372807017544, 0.3449835526315789, 0.01343201754385965, 0.019005847953216373
1 0.7283442982456141, 0.3482730263157895, 0.021107456140350877, 0.02285087719298246
1 0.7371162280701754, 0.35841557017543857, 0.02768640350877193, 0.017178362573099414
1 0.3995796783625731, 0.32524671052631576, 0.0200109649122807, 0.010599415204678362
1 0.6261878654970761, 0.32524671052631576, 0.01343201754385965, 0.026498538011695907
1 0.647203947368421, 0.3260690789473684, 0.022478070175438597, 0.012609649122807017
1 0.6318530701754386, 0.3340186403508772, 0.022478070175438597, 0.015807748538011698
1 0.6949013157894737, 0.32524671052631576, 0.021655701754385966, 0.013706140350877192
1 0.33452119883040937, 0.328125, 0.030838815789473683, 0.012975146198830409
1 0.34384137426900585, 0.3272697368421053, 0.032516447368421054, 0.01289108187134503
1 0.4891264619883041, 0.32634320175438597, 0.02412280701754386, 0.009685672514619883
1 0.5918311403508771, 0.3307291666666667, 0.027412280701754384, 0.011330409356725146
1 0.6121162280701754, 0.3266173245614035, 0.02412280701754386, 0.013157894736842105
1 0.6186951754385965, 0.33895285087719296, 0.021655701754385966, 0.013888888888888888
1 0.20988669590643275, 0.32716557017543857, 0.012883771929824562, 0.027960526315789474
1 0.2303545321637427, 0.3345668859649123, 0.02412280701754386, 0.018914473684210526
1 0.24205043859649122, 0.3345668859649123, 0.020833333333333332, 0.011513157894736841
1 0.20513523391812866, 0.33566337719298245, 0.015899122807017545, 0.030153508771929825
1 0.3586440058479532, 0.3277138157894737, 0.017269736842105265, 0.013888888888888888
1 0.5803179824561403, 0.32908442982456143, 0.023848684210526317, 0.012975146198830409
1 0.45824195906432746, 0.33045504385964913, 0.018092105263157895, 0.02010233918128655
1 0.46445540935672514, 0.34087171052631576, 0.027412280701754384, 0.01023391812865497
1 0.4425255847953216, 0.34854714912280704, 0.03508771929824561, 0.020650584795321638
1 0.44453581871345027, 0.33100328947368424, 0.01644736842105263, 0.022112573099415205
1 0.43832236842105265, 0.33867872807017546, 0.016721491228070175, 0.015899122807017545
1 0.2519188596491228, 0.3315515350877193, 0.03673245614035088, 0.01425438596491228
1 0.28134137426900585, 0.33182565789473684, 0.028782894736842105, 0.014619883040935672
1 0.7780519005847953, 0.3326480263157895, 0.016721491228070175, 0.025767543859649123
1 0.27183845029239767, 0.33566337719298245, 0.025219298245614034, 0.010416666666666666
1 0.602796052631579, 0.3359375, 0.019736842105263157, 0.013706140350877192
1 0.6055372807017544, 0.3548519736842105, 0.021655701754385966, 0.019919590643274854
1 0.680281432748538, 0.3359375, 0.02138157894736842, 0.024305555555555556
1 0.7042214912280702, 0.34608004385964913, 0.024396929824561403, 0.020285087719298246
1 0.6894188596491229, 0.35128837719298245, 0.01864035087719298, 0.01516812865497076
1 0.7045869883040936, 0.3666392543859649, 0.01425438596491228, 0.020650584795321638
1 0.40634137426900585, 0.33675986842105265, 0.01617324561403509, 0.027960526315789474
1 0.5203764619883041, 0.33703399122807015, 0.018914473684210526, 0.008771929824561403
1 0.3012609649122807, 0.33813048245614036, 0.006304824561403508, 0.013706140350877192
1 0.3105811403508772, 0.3416940789473684, 0.024396929824561403, 0.01114766081871345
1 0.16913377192982457, 0.3384046052631579, 0.015625, 0.03399122807017544
1 0.553453947368421, 0.34059758771929827, 0.02138157894736842, 0.013888888888888888
1 0.5532711988304093, 0.34745065789473684, 0.02549342105263158, 0.0133406432748538
1 0.3862390350877193, 0.34059758771929827, 0.015899122807017545, 0.011513157894736841
1 0.37947733918128657, 0.35265899122807015, 0.023574561403508772, 0.018457602339181287
1 0.4978983918128655, 0.34087171052631576, 0.01918859649122807, 0.020285087719298246
1 0.4848885233918129, 0.34375, 0.01870888157894737, 0.016083698830409356
1 0.3981176900584795, 0.3411458333333333, 0.018092105263157895, 0.008406432748538011
1 0.7460709064327485, 0.3422423245614035, 0.024671052631578948, 0.017909356725146198
1 0.7495431286549707, 0.36222039473684214, 0.02799342105263158, 0.015533625730994151
1 0.2868238304093567, 0.3438870614035088, 0.021655701754385966, 0.014071637426900584
1 0.7869480994152047, 0.34340734649122806, 0.009868421052631578, 0.017909356725146198
1 0.7840826023391813, 0.3463541666666667, 0.019462719298245616, 0.0222953216374269
1 0.24022295321637427, 0.3438870614035088, 0.038651315789473686, 0.013888888888888888
1 0.5412097953216374, 0.3441611842105263, 0.03179824561403509, 0.013706140350877192
1 0.29943347953216376, 0.3444353070175439, 0.03234649122807018, 0.02010233918128655
1 0.4258954678362573, 0.34608004385964913, 0.02823464912280702, 0.014437134502923976
1 0.5008223684210527, 0.34608004385964913, 0.02275219298245614, 0.02266081871345029
1 0.6455592105263158, 0.3463541666666667, 0.021929824561403508, 0.014985380116959063
1 0.6494883040935673, 0.3638980263157895, 0.03070175438596491, 0.0201937134502924
1 0.7645285087719298, 0.34745065789473684, 0.02850877192982456, 0.011330409356725146
1 0.4361293859649123, 0.3477247807017544, 0.020833333333333332, 0.012426900584795321
1 0.7144554093567251, 0.35128837719298245, 0.015625, 0.015716374269005847
1 0.4737755847953216, 0.3482730263157895, 0.022203947368421052, 0.025950292397660817
1 0.6353252923976608, 0.3482730263157895, 0.017543859649122806, 0.014985380116959063
1 0.7747624269005848, 0.3490953947368421, 0.027412280701754384, 0.010416666666666666
1 0.4125548245614035, 0.34936951754385964, 0.030153508771929825, 0.013523391812865496
1 0.45842470760233917, 0.35183662280701755, 0.02055921052631579, 0.007675438596491228
1 0.8178910818713451, 0.35375548245614036, 0.022478070175438597, 0.01918859649122807
1 0.6247258771929824, 0.3554002192982456, 0.02850877192982456, 0.0133406432748538
1 0.06240862573099415, 0.3559484649122807, 0.04331140350877193, 0.020886330409356727
1 0.3973866959064328, 0.3559484649122807, 0.033168859649122806, 0.01425438596491228
1 0.7853618421052632, 0.3567708333333333, 0.022478070175438597, 0.017178362573099414
1 0.5145285087719298, 0.35704495614035087, 0.02275219298245614, 0.025584795321637425
1 0.6015168128654971, 0.3578673245614035, 0.030153508771929825, 0.015899122807017545
1 0.5764802631578947, 0.35841557017543857, 0.02412280701754386, 0.021929824561403508
1 0.8356176900584795, 0.3595120614035088, 0.022478070175438597, 0.012426900584795321
1 0.3354349415204678, 0.36033442982456143, 0.01836622807017544, 0.031980994152046784
1 0.18393640350877194, 0.3619791666666667, 0.03234649122807018, 0.01827485380116959
1 0.7250548245614035, 0.3614309210526316, 0.007949561403508772, 0.0133406432748538
1 0.2747624269005848, 0.3633497807017544, 0.02987938596491228, 0.01827485380116959
1 0.380391081871345, 0.36307565789473684, 0.03234649122807018, 0.017543859649122806
1 0.21043494152046785, 0.36499451754385964, 0.01918859649122807, 0.02850877192982456
1 0.28810307017543857, 0.3647203947368421, 0.021655701754385966, 0.024671052631578948
1 0.6369700292397661, 0.3658168859649123, 0.02275219298245614, 0.020285087719298246
1 0.7997989766081871, 0.36691337719298245, 0.031524122807017545, 0.024671052631578948
1 0.718110380116959, 0.36800986842105265, 0.023300438596491228, 0.02046783625730994
1 0.3146016081871345, 0.36883223684210525, 0.0200109649122807, 0.013157894736842105
1 0.49588815789473684, 0.37075109649122806, 0.015625, 0.027777777777777776
1 0.7595942982456141, 0.3723958333333333, 0.027412280701754384, 0.011513157894736841
1 0.7703764619883041, 0.37266995614035087, 0.029605263157894735, 0.011878654970760233
1 0.7268823099415205, 0.3745888157894737, 0.023026315789473683, 0.018457602339181287
1 0.7817068713450293, 0.3745888157894737, 0.022203947368421052, 0.030519005847953216
1 0.6967288011695907, 0.3756853070175439, 0.0200109649122807, 0.02412280701754386
1 0.8367141812865497, 0.37678179824561403, 0.022478070175438597, 0.021564327485380116
1 0.25392909356725146, 0.3770559210526316, 0.016721491228070175, 0.021747076023391813
1 0.34036915204678364, 0.3770559210526316, 0.01644736842105263, 0.030884502923976608
1 0.45476973684210525, 0.37678179824561403, 0.02768640350877193, 0.011695906432748537
1 0.32611476608187134, 0.3814418859649123, 0.025767543859649123, 0.010964912280701754
1 0.6232638888888888, 0.38116776315789475, 0.042214912280701754, 0.016264619883040937
1 0.6380665204678363, 0.3828125, 0.03262061403508772, 0.013523391812865496
1 0.7826206140350878, 0.3828125, 0.026041666666666668, 0.0268640350877193
1 0.3860562865497076, 0.38390899122807015, 0.01781798245614035, 0.023026315789473683
1 0.4438048245614035, 0.3847313596491228, 0.023848684210526317, 0.01644736842105263
1 0.4088998538011696, 0.38500548245614036, 0.03536184210526316, 0.019005847953216373
1 0.5741045321637427, 0.3852796052631579, 0.0268640350877193, 0.015533625730994151
1 0.3008954678362573, 0.3866502192982456, 0.02987938596491228, 0.01699561403508772
1 0.31313961988304095, 0.3885690789473684, 0.035910087719298246, 0.017726608187134504
1 0.5965826023391813, 0.38637609649122806, 0.027960526315789474, 0.011878654970760233
1 0.19581505847953215, 0.38774671052631576, 0.02768640350877193, 0.01882309941520468
1 0.5121527777777778, 0.3880208333333333, 0.018092105263157895, 0.028326023391812866
1 0.2619700292397661, 0.3902138157894737, 0.03755482456140351, 0.01516812865497076
1 0.059484649122807015, 0.3904879385964912, 0.03262061403508772, 0.021198830409356724
1 0.3515168128654971, 0.39158442982456143, 0.02850877192982456, 0.017543859649122806
1 0.18466739766081872, 0.3918585526315789, 0.03399122807017544, 0.015350877192982455
1 0.03828581871345029, 0.39295504385964913, 0.02631578947368421, 0.02320906432748538
1 0.2725694444444444, 0.3932291666666667, 0.023026315789473683, 0.02101608187134503
1 0.5523574561403509, 0.39350328947368424, 0.02850877192982456, 0.014619883040935672
1 0.21518640350877194, 0.3940515350877193, 0.03536184210526316, 0.01608187134502924
1 0.22706505847953215, 0.39432565789473684, 0.03536184210526316, 0.015350877192982455
1 0.292671783625731, 0.39432565789473684, 0.029605263157894735, 0.01882309941520468
1 0.640625, 0.39432565789473684, 0.03618421052631579, 0.017178362573099414
1 0.3325109649122807, 0.39569627192982454, 0.03262061403508772, 0.025584795321637425
1 0.607547514619883, 0.3965186403508772, 0.021655701754385966, 0.01663011695906433
1 0.673702485380117, 0.39734100877192985, 0.03289473684210526, 0.0222953216374269
1 0.48181652046783624, 0.3984375, 0.023026315789473683, 0.02631578947368421
1 0.6901498538011696, 0.39925986842105265, 0.027138157894736843, 0.014802631578947368
1 0.600968567251462, 0.40117872807017546, 0.020833333333333332, 0.012609649122807017
1 0.2828033625730994, 0.40200109649122806, 0.024671052631578948, 0.014071637426900584
1 0.659265350877193, 0.4022752192982456, 0.04194078947368421, 0.015899122807017545
1 0.5203764619883041, 0.4047423245614035, 0.01781798245614035, 0.024305555555555556
1 0.5218384502923976, 0.41132127192982454, 0.023300438596491228, 0.014802631578947368
1 0.49917763157894735, 0.4055646929824561, 0.03453947368421053, 0.023940058479532164
1 0.46573464912280704, 0.4063870614035088, 0.04194078947368421, 0.017361111111111112
1 0.5815972222222222, 0.4069353070175439, 0.027138157894736843, 0.01206140350877193
1 0.5359100877192983, 0.40940241228070173, 0.025767543859649123, 0.023391812865497075
1 0.6473866959064327, 0.4126918859649123, 0.03453947368421053, 0.015350877192982455
1 0.7648940058479532, 0.41296600877192985, 0.035910087719298246, 0.021929824561403508
1 0.7087902046783626, 0.41433662280701755, 0.027960526315789474, 0.014437134502923976
1 0.2033077485380117, 0.41625548245614036, 0.03700657894736842, 0.020833333333333332
1 0.8350694444444444, 0.4184484649122807, 0.03344298245614035, 0.014437134502923976
1 0.671875, 0.42365679824561403, 0.01836622807017544, 0.023574561403508772
1 0.45513523391812866, 0.42941337719298245, 0.03673245614035088, 0.010416666666666666
1 0.5856176900584795, 0.44366776315789475, 0.031524122807017545, 0.023940058479532164
1 0.41328581871345027, 0.4765625, 0.021929824561403508, 0.012426900584795321
1 0.39281798245614036, 0.49383223684210525, 0.01644736842105263, 0.012792397660818713
1 0.6228983918128655, 0.4987664473684211, 0.025767543859649123, 0.023391812865497075
1 0.39629020467836257, 0.5006853070175439, 0.023848684210526317, 0.014071637426900584
1 0.2826206140350877, 0.5064418859649122, 0.023848684210526317, 0.027412280701754384
1 0.8270285087719298, 0.5176809210526315, 0.01699561403508772, 0.022478070175438597
1 0.3639437134502924, 0.5248081140350878, 0.01836622807017544, 0.014802631578947368
1 0.8902595029239766, 0.532483552631579, 0.013706140350877192, 0.021747076023391813
1 0.680281432748538, 0.5404331140350878, 0.02055921052631579, 0.028326023391812866
1 0.7557565789473685, 0.5629111842105263, 0.020285087719298246, 0.026133040935672515
1 0.701297514619883, 0.5716831140350878, 0.013706140350877192, 0.0266812865497076
1 0.9662828947368421, 0.5823739035087719, 0.021655701754385966, 0.023574561403508772
1 0.405062134502924, 0.7449287280701754, 0.043859649122807015, 0.017726608187134504
1 0.8432730263157895, 0.743421052631579, 0.04577850877192982, 0.036555190058479535
1 0.08278508771929824, 0.5296737938596491, 0.03241502192982456, 0.02417214912280702
1 0.15301352339181287, 0.5088404605263158, 0.019462719298245616, 0.027461622807017545
1 0.1551626461988304, 0.3919270833333333, 0.02871436403508772, 0.025175438596491226
1 0.13971125730994152, 0.4010416666666667, 0.028612938596491225, 0.024767909356725147
1 0.2051937134502924, 0.31565241228070173, 0.024739583333333332, 0.014245248538011696
1 0.2186641081871345, 0.31530975877192985, 0.01596765350877193, 0.016518640350877193
1 0.20136147660818712, 0.2984100877192982, 0.013240131578947368, 0.03257858187134503
1 0.2070358187134503, 0.3101014254385965, 0.0069901315789473685, 0.022503654970760234
1 0.20733187134502923, 0.3028728070175439, 0.011271929824561404, 0.028055555555555556
1 0.26069444444444445, 0.33179276315789474, 0.011853070175438596, 0.00932017543859649
1 0.3163468567251462, 0.3355263157894737, 0.02042214912280702, 0.018596491228070177
1 0.319515716374269, 0.32959978070175444, 0.010893640350877193, 0.020904605263157894
1 0.32673062865497077, 0.32596491228070174, 0.006907894736842105, 0.02479349415204678
1 0.3646308479532164, 0.3405290570175439, 0.0254577850877193, 0.02647843567251462
1 0.37632858187134505, 0.32346491228070173, 0.019736842105263157, 0.016973684210526314
1 0.3967105263157895, 0.1904468201754386, 0.02460252192982456, 0.013799342105263158
1 0.3872240497076023, 0.1875, 0.017406798245614034, 0.021476608187134504
1 0.4616940789473684, 0.32582785087719296, 0.00774671052631579, 0.020767543859649122
1 0.5292945906432749, 0.3307976973684211, 0.02665844298245614, 0.017225877192982457
1 0.5325091374269005, 0.3373081140350877, 0.031968201754385965, 0.017637061403508774
1 0.5775383771929824, 0.3535498903508772, 0.0239172149122807, 0.02485745614035088
1 0.6655738304093567, 0.33867872807017546, 0.011787280701754386, 0.01800438596491228
1 0.6625822368421053, 0.35128837719298245, 0.026247258771929825, 0.019738669590643274
1 0.6588358918128655, 0.3430646929824561, 0.03337445175438596, 0.012819809941520469
1 0.652986111111111, 0.3392598684210526, 0.007883771929824562, 0.010783991228070175
1 0.7230098684210526, 0.42166940789473684, 0.026247258771929825, 0.023759137426900584
1 0.716748903508772, 0.42084703947368424, 0.025561951754385966, 0.017545687134502923
1 0.40616228070175436, 0.18489583333333334, 0.020148026315789474, 0.013137792397660818
1 0.39051352339181283, 0.17893366228070176, 0.008944627192982457, 0.03050073099415205
1 0.7552302631578948, 0.18386787280701755, 0.013706140350877192, 0.023258406432748537
1 0.7499177631578948, 0.19390899122807018, 0.008426535087719298, 0.028033625730994154
1 0.5701772660818714, 0.32421875, 0.013363486842105263, 0.026273757309941522
1 0.5740606725146199, 0.2578810307017544, 0.03364857456140351, 0.019923245614035086
1 0.5891392543859649, 0.17420504385964913, 0.013774671052631578, 0.0186421783625731
1 0.5731451023391813, 0.1767406798245614, 0.01781798245614035, 0.018506944444444444
1 0.6142214912280701, 0.17297149122807018, 0.023231907894736843, 0.014027777777777778
1 0.6186549707602339, 0.15714089912280702, 0.006784539473684211, 0.012381213450292397
1 0.614312865497076, 0.16382127192982457, 0.01850328947368421, 0.01037280701754386
1 0.48255482456140353, 0.17125822368421054, 0.012266995614035088, 0.017911184210526315
1 0.4912828947368421, 0.1543311403508772, 0.01864035087719298, 0.00945906432748538
1 0.431610014619883, 0.14706688596491227, 0.008977521929824562, 0.015809576023391815
1 0.4344188596491228, 0.15313048245614036, 0.009218750000000001, 0.02487755847953216
1 0.45857090643274856, 0.14370888157894737, 0.014391447368421052, 0.013845029239766082
1 0.45733187134502923, 0.15453673245614036, 0.012266995614035088, 0.012085160818713449
1 0.4475584795321637, 0.17036732456140352, 0.014185855263157895, 0.02115497076023392
1 0.44883406432748535, 0.16255482456140352, 0.009353070175438596, 0.017796052631578945
1 0.43048793859649126, 0.16793311403508773, 0.01069078947368421, 0.02668494152046784
1 0.4266959064327486, 0.15988212719298245, 0.018571820175438597, 0.02264985380116959
1 0.7993494152046784, 0.2759046052631579, 0.014665570175438597, 0.030020102339181287
1 0.7996692251461989, 0.26535087719298245, 0.013020833333333334, 0.024353070175438595
1 0.4199744152046783, 0.8759594298245614, 0.033854166666666664, 0.024035087719298246
1 0.6509612573099415, 0.26459703947368424, 0.030153508771929825, 0.022892909356725145
1 0.6508168859649123, 0.24458607456140352, 0.022168311403508775, 0.013823099415204678
1 0.5725511695906432, 0.3373766447368421, 0.01665296052631579, 0.014391447368421052
1 0.5535453216374269, 0.3240816885964912, 0.019325657894736843, 0.0201937134502924
1 0.7347404970760234, 0.16378837719298245, 0.020148026315789474, 0.02503654970760234
1 0.738921783625731, 0.16344572368421054, 0.014459978070175438, 0.021290204678362575
1 0.8076114766081871, 0.35656524122807015, 0.03179824561403509, 0.02860014619883041
1 0.8048464912280702, 0.35995614035087714, 0.029967105263157892, 0.024100877192982456
