1 2009.5, 453.5, 68.0, 114.0
1 1830.5, 472.5, 72.0, 120.0
1 1800.5, 553.5, 60.0, 118.0
1 1402.5, 557.5, 70.0, 84.0
1 1907.5, 579.5, 71.0, 110.0
1 1588.5, 581.5, 90.0, 96.0
1 1533.5, 654.5, 147.0, 66.0
1 1657.5, 585.5, 127.0, 58.0
1 1461.5, 586.5, 135.0, 79.0
1 1328.5, 600.5, 50.0, 132.0
1 2085.5, 601.5, 60.0, 104.0
1 1985.5, 610.5, 69.0, 117.0
1 1895.5, 711.5, 102.0, 82.0
1 2052.5, 612.5, 72.0, 118.0
1 2137.5, 619.5, 79.0, 123.0
1 1846.5, 620.5, 65.0, 123.0
1 2224.5, 627.5, 71.0, 113.0
1 1678.5, 631.5, 121.0, 82.0
1 1413.5, 637.5, 77.0, 105.0
1 1373.5, 640.5, 59.0, 84.0
1 1226.5, 643.5, 80.0, 138.0
1 2303.5, 656.5, 57.0, 106.0
1 1298.5, 658.5, 67.0, 130.0
1 1891.5, 670.5, 93.0, 90.0
1 2178.5, 674.5, 65.0, 144.0
1 1490.5, 678.5, 60.0, 105.0
1 2364.5, 687.5, 134.0, 54.0
1 2359.5, 729.5, 104.5, 114.0
1 1696.5, 695.5, 65.0, 108.0
1 1744.5, 700.5, 126.0, 66.0
1 1558.5, 709.5, 90.0, 114.0
1 1552.5, 817.5, 108.0, 81.0
1 1357.5, 712.5, 79.0, 140.0
1 1962.5, 712.5, 133.0, 84.0
1 1639.5, 716.5, 73.0, 137.0
1 2413.5, 729.5, 130.0, 71.0
1 2649.5, 730.5, 68.0, 131.0
1 2136.5, 735.5, 40.0, 86.0
1 2051.5, 737.5, 89.0, 108.0
1 2295.5, 734.5, 71.0, 125.0
1 2761.5, 736.5, 77.0, 117.0
1 2247.5, 739.5, 71.0, 138.0
1 2200.5, 767.5, 73.0, 128.0
1 2248.5, 859.5, 98.0, 74.0
1 1967.5, 743.5, 136.0, 86.0
1 1893.5, 808.5, 81.0, 74.0
1 2512.5, 746.5, 70.0, 146.0
1 2581.5, 747.5, 65.0, 139.0
1 1772.5, 750.5, 126.0, 48.0
1 1489.5, 752.5, 117.0, 73.0
1 1738.0, 767.5, 114.5, 66.0
1 2671.5, 775.5, 88.0, 123.0
1 2355.5, 779.5, 113.0, 86.0
1 2388.5, 857.5, 140.0, 62.0
1 1819.5, 787.5, 143.0, 83.0
1 1464.5, 797.5, 140.0, 93.0
1 1716.5, 809.5, 134.0, 82.0
1 1287.5, 815.5, 78.0, 147.0
1 1957.5, 814.5, 92.0, 141.0
1 1916.5, 834.5, 82.0, 138.0
1 2075.5, 814.5, 119.0, 55.0
1 1575.5, 837.5, 114.0, 99.0
1 2731.5, 838.5, 141.0, 73.0
1 1714.5, 844.5, 69.0, 133.0
1 1690.5, 872.5, 51.0, 121.0
1 1979.5, 846.5, 102.0, 117.0
1 2301.5, 856.5, 82.0, 117.0
1 2220.5, 885.5, 98.5, 109.0
1 1636.5, 860.5, 68.0, 140.0
1 1859.5, 860.5, 56.0, 147.0
1 2094.5, 860.5, 80.0, 94.0
1 2168.5, 860.5, 58.0, 127.0
1 2067.5, 874.5, 85.0, 126.0
1 1998.5, 993.5, 143.0, 61.0
1 2325.5, 887.5, 95.0, 110.0
1 1817.5, 890.5, 74.25, 157.0
1 1773.5, 891.5, 58.0, 128.0
1 1877.5, 975.5, 124.0, 104.0
1 1400.5, 897.5, 52.0, 132.0
1 1448.5, 901.5, 78.0, 147.0
1 2404.5, 919.5, 131.0, 65.0
1 1546.5, 938.5, 125.0, 72.0
1 1992.5, 949.5, 119.0, 50.0
1 1353.5, 966.5, 86.0, 99.0
1 1520.5, 967.5, 136.0, 82.0
1 2157.0, 970.5, 130.5, 87.0
1 2187.5, 1009.5, 105.0, 96.0
1 1094.5, 975.5, 71.0, 142.0
1 2534.5, 978.5, 166.0, 80.0
1 1644.5, 981.5, 140.0, 109.0
1 1746.5, 1003.5, 111.0, 109.0
1 1451.5, 1005.5, 83.0, 134.0
1 1544.5, 1015.5, 88.0, 144.0
1 1480.5, 1037.5, 76.0, 134.0
1 1910.5, 1040.5, 136.0, 90.0
1 1630.5, 1049.5, 130.0, 131.0
1 1539.5, 1070.5, 67.0, 120.0
1 1782.5, 1080.5, 93.0, 135.0
1 1390.5, 1084.5, 116.0, 123.0
1 1731.5, 1101.5, 95.0, 176.0
1 1685.5, 1114.5, 68.0, 151.0
1 1101.5, 1127.5, 99.0, 141.0
1 1380.5, 1135.5, 150.0, 111.0
1 1846.5, 1148.5, 94.0, 133.0
1 2848.5, 1193.5, 84.0, 148.0
1 1338.5, 1210.5, 103.0, 102.0
1 1617.5, 1241.5, 79.0, 141.0
1 2793.5, 1242.5, 60.0, 102.0
1 3064.5, 1242.5, 83.0, 131.0
1 2400.5, 1250.5, 105.0, 130.0
1 2327.5, 1251.5, 81.0, 113.0
1 2964.5, 1252.5, 79.0, 144.0
1 2908.5, 1333.5, 93.0, 154.0
1 2930.5, 1396.5, 102.0, 127.0
1 2261.5, 1254.5, 74.0, 124.0
1 2502.5, 1258.5, 53.0, 131.0
1 3143.5, 1259.5, 87.0, 145.0
1 1991.5, 1263.5, 83.0, 114.0
1 1056.5, 1266.5, 112.0, 96.0
1 2720.5, 1270.5, 70.0, 137.0
1 2677.5, 1326.5, 50.0, 140.0
1 2622.5, 1459.5, 70.0, 136.0
1 2559.5, 1286.5, 52.0, 116.0
1 2577.5, 1396.5, 58.0, 137.0
1 1851.5, 1289.5, 79.0, 134.0
1 2362.5, 1288.5, 61.0, 103.0
1 1547.5, 1290.5, 79.0, 127.0
1 1482.5, 1327.5, 77.0, 126.0
1 2095.5, 1291.5, 111.0, 107.0
1 1896.5, 1294.5, 60.0, 46.0
1 2885.5, 1302.5, 65.0, 149.0
1 1764.5, 1306.5, 65.0, 164.0
1 3036.5, 1307.5, 59.0, 136.0
1 2030.5, 1311.5, 72.0, 130.0
1 1974.5, 1370.5, 68.0, 119.0
1 1933.5, 1316.5, 59.0, 134.0
1 1355.5, 1321.5, 109.0, 104.0
1 3239.5, 1320.5, 153.0, 85.0
1 2778.5, 1333.5, 61.0, 112.0
1 2729.5, 1338.5, 65.5, 116.0
1 2838.5, 1332.5, 52.0, 147.0
1 2391.5, 1338.5, 113.0, 83.0
1 1687.5, 1338.5, 69.0, 134.0
1 1232.5, 1345.5, 80.0, 128.0
1 1590.5, 1346.5, 70.0, 141.0
1 2174.5, 1358.5, 62.0, 156.0
1 1835.5, 1360.5, 63.0, 144.0
1 2225.5, 1364.5, 83.0, 135.0
1 2285.5, 1368.5, 74.0, 107.0
1 2116.5, 1368.5, 63.0, 153.0
1 1295.5, 1371.5, 89.0, 139.0
1 3213.5, 1379.5, 54.0, 129.0
1 3276.5, 1386.5, 126.0, 102.0
1 1142.5, 1397.5, 87.0, 150.0
1 1899.5, 1397.5, 60.0, 139.0
1 1644.5, 1398.5, 67.0, 164.0
1 2438.5, 1399.5, 54.0, 131.0
1 2021.5, 1402.5, 95.0, 140.0
1 2373.5, 1405.5, 62.0, 132.0
1 1077.5, 1406.5, 66.0, 137.0
1 3125.5, 1410.5, 91.0, 135.0
1 2733.5, 1418.5, 88.0, 137.0
1 1541.5, 1424.5, 92.0, 127.0
1 1970.5, 1444.5, 116.0, 83.0
1 1390.5, 1444.5, 63.5, 154.0
1 2811.5, 1453.5, 96.0, 83.0
1 1263.5, 1460.5, 123.0, 95.0
1 2675.5, 1459.5, 86.0, 117.0
1 1440.5, 1464.5, 119.0, 139.0
1 2184.5, 1479.5, 156.0, 81.0
1 1500.5, 1486.5, 141.0, 104.0
1 2081.5, 1492.5, 75.0, 155.0
1 2282.5, 1599.5, 148.0, 72.0
1 2230.5, 1633.5, 47.0, 110.0
1 2486.5, 1638.5, 63.0, 143.0
1 2399.5, 1656.5, 82.0, 104.0
1 2177.5, 1660.5, 72.0, 126.0
1 2316.5, 1662.5, 76.0, 145.0
1 1411.5, 1664.5, 78.0, 152.0
1 2044.5, 1671.5, 147.0, 95.0
1 1682.5, 1674.5, 126.0, 89.0
1 1680.5, 1748.5, 119.5, 82.0
1 1476.5, 1686.5, 70.0, 146.0
1 1917.5, 1687.5, 73.0, 150.0
1 1880.5, 1722.5, 61.0, 150.0
1 1602.5, 1689.5, 61.0, 131.0
1 985.5, 1692.5, 75.0, 178.0
1 1110.5, 1703.5, 82.0, 125.0
1 2278.5, 1707.5, 67.0, 147.0
1 1784.5, 1710.5, 75.0, 159.0
1 1258.5, 1716.5, 115.0, 138.0
1 1527.5, 1716.5, 74.0, 158.0
1 2373.5, 1721.5, 66.0, 186.0
1 2532.5, 1728.5, 86.0, 116.0
1 1355.5, 1732.5, 84.0, 110.0
1 2946.5, 1736.5, 72.0, 118.0
1 2045.5, 1746.5, 146.0, 54.0
1 2240.5, 1746.5, 51.0, 128.0
1 1838.5, 1753.5, 68.0, 136.0
1 2432.5, 1763.5, 100.0, 137.0
1 2688.5, 1783.5, 72.0, 143.0
1 2600.5, 1799.5, 94.0, 122.0
1 2039.5, 1788.5, 153.0, 57.0
1 1620.5, 2053.5, 76.0, 46.0
1 2232.5, 2053.5, 66.0, 98.0
1 1733.5, 2055.5, 64.0, 54.0
1 1269.5, 2152.5, 97.0, 55.0
1 1956.5, 2397.5, 50.0, 73.0
1 3063.0, 1395.5, 131.75, 91.25
1 3068.0, 1338.25, 111.5, 127.5
1 2610.5, 1272.25, 105.5, 139.75
1 2622.75, 1348.25, 64.75, 150.0
1 2491.0, 1383.0, 57.25, 142.25
1 2511.12, 1354.5, 69.63, 151.25
1 1914.5, 1175.0, 90.5, 127.5
1 1956.38, 1243.12, 66.5, 80.38
1 2364.75, 619.25, 128.25, 83.5
