1 0.5024671052631579, 0.028919956140350877, 0.02138157894736842, 0.016264619883040937
1 0.5662463450292398, 0.029742324561403508, 0.026041666666666668, 0.011330409356725146
1 0.42370248538011696, 0.030290570175438597, 0.014632675438596492, 0.013157894736842105
1 0.43462171052631576, 0.03358004385964912, 0.013157894736842105, 0.019782529239766082
1 0.5856176900584795, 0.037143640350877194, 0.01836622807017544, 0.010782163742690058
1 0.4522112573099415, 0.03961074561403509, 0.01836622807017544, 0.014071637426900584
1 0.4352156432748538, 0.04149671052631579, 0.01456140350877193, 0.01827485380116959
1 0.5998720760233918, 0.040981359649122806, 0.017269736842105265, 0.024671052631578948
1 0.6108369883040936, 0.04536732456140351, 0.012609649122807017, 0.02412280701754386
1 0.5063048245614035, 0.042077850877192985, 0.018914473684210526, 0.020650584795321638
1 0.469937865497076, 0.04262609649122807, 0.019736842105263157, 0.009685672514619883
1 0.6751644736842105, 0.04290021929824561, 0.02275219298245614, 0.011878654970760233
1 0.6788194444444444, 0.06373355263157894, 0.021107456140350877, 0.010599415204678362
1 0.4947916666666667, 0.04454495614035088, 0.03042763157894737, 0.011330409356725146
1 0.5021929824561403, 0.06483004385964912, 0.020285087719298246, 0.01745248538011696
1 0.4141995614035088, 0.04618969298245614, 0.012883771929824562, 0.019667397660818715
1 0.7003837719298246, 0.04618969298245614, 0.018399122807017543, 0.011695906432748537
1 0.7104349415204678, 0.05194627192982456, 0.023848684210526317, 0.01114766081871345
1 0.6901498538011696, 0.05838815789473684, 0.028097587719298246, 0.01898391812865497
1 0.5911001461988304, 0.04838267543859649, 0.030153508771929825, 0.014071637426900584
1 0.47907529239766083, 0.04893092105263158, 0.029331140350877194, 0.008954678362573099
1 0.5099597953216374, 0.04920504385964912, 0.01864035087719298, 0.020650584795321638
1 0.5598501461988304, 0.04893092105263158, 0.031524122807017545, 0.010416666666666666
1 0.5457785087719298, 0.052220394736842105, 0.02549342105263158, 0.01425438596491228
1 0.6473866959064327, 0.04893092105263158, 0.01836622807017544, 0.01644736842105263
1 0.3972039473684211, 0.049479166666666664, 0.022478070175438597, 0.012244152046783625
1 0.686860380116959, 0.0503015350877193, 0.025663377192982458, 0.013843201754385965
1 0.7625182748538012, 0.0503015350877193, 0.016721491228070175, 0.02138157894736842
1 0.4602521929824561, 0.05084978070175439, 0.023574561403508772, 0.009502923976608187
1 0.7213998538011696, 0.05112390350877193, 0.019462719298245616, 0.008954678362573099
1 0.5315241228070176, 0.05112390350877193, 0.023574561403508772, 0.013157894736842105
1 0.5190972222222222, 0.06757127192982457, 0.026041666666666668, 0.01699561403508772
1 0.51859466374269, 0.07524671052631579, 0.02549342105263158, 0.022797880116959063
1 0.373812134502924, 0.052220394736842105, 0.015899122807017545, 0.019736842105263157
1 0.4486257309941521, 0.05019736842105263, 0.018264802631578946, 0.017404970760233916
1 0.5839729532163743, 0.05304276315789474, 0.027960526315789474, 0.008954678362573099
1 0.6230811403508771, 0.05331688596491228, 0.024396929824561403, 0.014437134502923976
1 0.6195175438596491, 0.0722313596491228, 0.015145285087719298, 0.007218567251461988
1 0.6192434210526315, 0.07798793859649122, 0.02905701754385965, 0.012244152046783625
1 0.5735562865497076, 0.053865131578947366, 0.02905701754385965, 0.011513157894736841
1 0.6620065789473685, 0.055509868421052634, 0.016721491228070175, 0.017178362573099414
1 0.6084612573099415, 0.056606359649122806, 0.012609649122807017, 0.01516812865497076
1 0.5887244152046783, 0.06400767543859649, 0.024945175438596492, 0.023026315789473683
1 0.40963084795321636, 0.057154605263157895, 0.014802631578947368, 0.01987390350877193
1 0.4175109649122807, 0.05739583333333333, 0.028404605263157898, 0.02544956140350877
1 0.4396235380116959, 0.08330043859649122, 0.009764254385964911, 0.010394736842105264
1 0.4673793859649123, 0.05742872807017544, 0.024671052631578948, 0.01206140350877193
1 0.5158077485380117, 0.057154605263157895, 0.02138157894736842, 0.015716374269005847
1 0.6393457602339181, 0.05797697368421053, 0.018092105263157895, 0.008406432748538011
1 0.7307200292397661, 0.05852521929824561, 0.02055921052631579, 0.013888888888888888
1 0.6300255847953217, 0.05879934210526316, 0.023300438596491228, 0.010416666666666666
1 0.7531980994152047, 0.06126644736842105, 0.017269736842105265, 0.021929824561403508
1 0.7517361111111112, 0.06428179824561403, 0.026041666666666668, 0.021747076023391813
1 0.7932200292397661, 0.0615405701754386, 0.026041666666666668, 0.013706140350877192
1 0.611202485380117, 0.06263706140350878, 0.027138157894736843, 0.011513157894736841
1 0.6442799707602339, 0.06291118421052631, 0.021655701754385966, 0.01608187134502924
1 0.6618238304093568, 0.06318530701754387, 0.02275219298245614, 0.018457602339181287
1 0.7849963450292398, 0.0634594298245614, 0.02816611842105263, 0.013523391812865496
1 0.36467470760233917, 0.06428179824561403, 0.021929824561403508, 0.01516812865497076
1 0.5633223684210527, 0.06428179824561403, 0.02850877192982456, 0.012426900584795321
1 0.7404057017543859, 0.06455592105263158, 0.015350877192982455, 0.010782163742690058
1 0.7453399122807017, 0.07250548245614036, 0.02987938596491228, 0.013523391812865496
1 0.5413925438596491, 0.06510416666666667, 0.0239172149122807, 0.019599780701754384
1 0.5501644736842105, 0.08703399122807018, 0.01644736842105263, 0.02266081871345029
1 0.37966008771929827, 0.06565241228070176, 0.02227247807017544, 0.018457602339181287
1 0.8352521929824561, 0.06620065789473684, 0.02115953947368421, 0.012244152046783625
1 0.6508589181286549, 0.06894188596491228, 0.024671052631578948, 0.013523391812865496
1 0.8089364035087719, 0.06894188596491228, 0.022683662280701754, 0.009937865497076023
1 0.8018092105263158, 0.07798793859649122, 0.02802905701754386, 0.014276315789473686
1 0.8266630116959064, 0.06998629385964912, 0.022256030701754387, 0.012426900584795321
1 0.3913559941520468, 0.07086074561403509, 0.012883771929824562, 0.02448830409356725
1 0.7126279239766082, 0.07195723684210527, 0.01699561403508772, 0.022112573099415205
1 0.8138706140350878, 0.07442434210526316, 0.02549342105263158, 0.014437134502923976
1 0.6647478070175439, 0.07524671052631579, 0.026589912280701754, 0.013888888888888888
1 0.457328216374269, 0.07661732456140351, 0.025219298245614034, 0.011513157894736841
1 0.6314875730994152, 0.07634320175438597, 0.021655701754385966, 0.01206140350877193
1 0.7372989766081871, 0.0771655701754386, 0.027960526315789474, 0.014437134502923976
1 0.49680190058479534, 0.07524671052631579, 0.01816063596491228, 0.022934941520467836
1 0.5395650584795322, 0.07572642543859649, 0.03851425438596491, 0.011284722222222222
1 0.5903691520467836, 0.07935855263157894, 0.016721491228070175, 0.02138157894736842
1 0.5750182748538012, 0.08209978070175439, 0.02055921052631579, 0.01882309941520468
1 0.6949013157894737, 0.07963267543859649, 0.01918859649122807, 0.014619883040935672
1 0.46555190058479534, 0.08100328947368421, 0.025219298245614034, 0.012609649122807017
1 0.755186403508772, 0.08127741228070176, 0.02580043859649123, 0.01642361111111111
1 0.3825840643274854, 0.08209978070175439, 0.008908991228070175, 0.03289473684210526
1 0.40286915204678364, 0.09114583333333333, 0.010964912280701754, 0.009868421052631578
1 0.35754751461988304, 0.09690241228070176, 0.027138157894736843, 0.012975146198830409
1 0.3697916666666667, 0.09553179824561403, 0.018914473684210526, 0.025447733918128657
1 0.3769188596491228, 0.0986156798245614, 0.02240953947368421, 0.02526498538011696
1 0.7080592105263158, 0.08209978070175439, 0.02823464912280702, 0.012792397660818713
1 0.7200749269005848, 0.08254385964912281, 0.025049342105263158, 0.016949926900584795
1 0.7298976608187134, 0.08514802631578948, 0.020767543859649126, 0.012701023391812866
1 0.4264437134502924, 0.08456688596491228, 0.017543859649122806, 0.021747076023391813
1 0.4803545321637427, 0.08538925438596491, 0.01617324561403509, 0.024853801169590642
1 0.640625, 0.08538925438596491, 0.026589912280701754, 0.010416666666666666
1 0.680281432748538, 0.08538925438596491, 0.022478070175438597, 0.02101608187134503
1 0.839203216374269, 0.08429276315789473, 0.03059758771929825, 0.017909356725146198
1 0.41968201754385964, 0.08566337719298246, 0.018914473684210526, 0.02284356725146199
1 0.6508589181286549, 0.0859375, 0.02138157894736842, 0.018092105263157895
1 0.3666849415204678, 0.08621162280701754, 0.020285087719298246, 0.015350877192982455
1 0.8273720760233918, 0.08730811403508772, 0.027138157894736843, 0.018114035087719298
1 0.4123720760233918, 0.0878563596491228, 0.022478070175438597, 0.0133406432748538
1 0.32976973684210525, 0.08922697368421052, 0.03125, 0.013523391812865496
1 0.6095577485380117, 0.08922697368421052, 0.026041666666666668, 0.01425438596491228
1 0.28536184210526316, 0.09087171052631579, 0.02412280701754386, 0.021747076023391813
1 0.4436220760233918, 0.08879934210526316, 0.030581140350877195, 0.015076754385964912
1 0.7901133040935673, 0.09141995614035088, 0.022478070175438597, 0.021747076023391813
1 0.3186220760233918, 0.09361293859649122, 0.027138157894736843, 0.013523391812865496
1 0.33689692982456143, 0.09333881578947369, 0.02768640350877193, 0.016812865497076022
1 0.4645924707602339, 0.09388706140350878, 0.027480811403508772, 0.01722404970760234
1 0.49990862573099415, 0.09333881578947369, 0.01781798245614035, 0.029970760233918127
1 0.530610380116959, 0.09416118421052631, 0.030975877192982455, 0.017726608187134504
1 0.6815606725146199, 0.09635416666666667, 0.025049342105263158, 0.01539656432748538
1 0.6020650584795322, 0.09498355263157894, 0.02987938596491228, 0.014985380116959063
1 0.5903691520467836, 0.09553179824561403, 0.025767543859649123, 0.011513157894736841
1 0.6753691520467836, 0.09728070175438597, 0.028404605263157898, 0.015511695906432747
1 0.811860380116959, 0.08950109649122807, 0.03399122807017544, 0.018114035087719298
1 0.47322733918128657, 0.0971765350877193, 0.0268640350877193, 0.017178362573099414
1 0.5792214912280702, 0.09662828947368421, 0.021655701754385966, 0.011878654970760233
1 0.6278326023391813, 0.0971765350877193, 0.02412280701754386, 0.012244152046783625
1 0.7033077485380117, 0.09827302631578948, 0.025219298245614034, 0.01425438596491228
1 0.8532986111111112, 0.09854714912280702, 0.02528782894736842, 0.016127558479532164
1 0.867781432748538, 0.09882127192982457, 0.02138157894736842, 0.02010233918128655
1 0.4805372807017544, 0.10046600877192982, 0.027138157894736843, 0.020285087719298246
1 0.825453216374269, 0.10043311403508771, 0.023711622807017545, 0.01650950292397661
1 0.5569261695906432, 0.10128837719298246, 0.029605263157894735, 0.01882309941520468
1 0.6603618421052632, 0.10101425438596491, 0.029331140350877194, 0.01882309941520468
1 0.4299159356725146, 0.10265899122807018, 0.029331140350877194, 0.014802631578947368
1 0.4227887426900585, 0.10923793859649122, 0.027412280701754384, 0.01699561403508772
1 0.4527595029239766, 0.10265899122807018, 0.0268640350877193, 0.012244152046783625
1 0.4936951754385965, 0.10211074561403509, 0.01644736842105263, 0.025767543859649123
1 0.5702668128654971, 0.10211074561403509, 0.02987938596491228, 0.012426900584795321
1 0.6693165204678363, 0.10265899122807018, 0.0268640350877193, 0.01644736842105263
1 0.6967288011695907, 0.10265899122807018, 0.02823464912280702, 0.020833333333333332
1 0.721765350877193, 0.10430372807017543, 0.017543859649122806, 0.030062134502923978
1 0.38770102339181284, 0.10540021929824561, 0.03042763157894737, 0.013523391812865496
1 0.373812134502924, 0.12075109649122807, 0.02905701754385965, 0.015076754385964912
1 0.6528691520467836, 0.10622258771929824, 0.029846491228070173, 0.02798245614035088
1 0.6550621345029239, 0.12513706140350878, 0.022203947368421052, 0.02101608187134503
1 0.3502375730994152, 0.10677083333333333, 0.019462719298245616, 0.008223684210526315
1 0.7965095029239766, 0.10731907894736842, 0.02987938596491228, 0.021427266081871343
1 0.5978618421052632, 0.10786732456140351, 0.030153508771929825, 0.015350877192982455
1 0.6026133040935673, 0.13610197368421054, 0.035910087719298246, 0.01644736842105263
1 0.5161732456140351, 0.10868969298245613, 0.02823464912280702, 0.019554093567251463
1 0.6139437134502924, 0.10814144736842106, 0.025767543859649123, 0.0133406432748538
1 0.6440972222222222, 0.11047149122807018, 0.03292763157894737, 0.013980263157894737
1 0.5275036549707602, 0.11197916666666667, 0.01918859649122807, 0.01516812865497076
1 0.7310855263157895, 0.11197916666666667, 0.01781798245614035, 0.021198830409356724
1 0.5476059941520468, 0.11334978070175439, 0.03042763157894737, 0.014802631578947368
1 0.31332236842105265, 0.11389802631578948, 0.02549342105263158, 0.01644736842105263
1 0.8423793859649122, 0.11362390350877193, 0.026759868421052633, 0.02261513157894737
1 0.35699926900584794, 0.11581688596491228, 0.02549342105263158, 0.021747076023391813
1 0.29504751461988304, 0.11581688596491228, 0.018092105263157895, 0.017543859649122806
1 0.28810307017543857, 0.12335526315789473, 0.027549342105263157, 0.014619883040935672
1 0.40305190058479534, 0.11636513157894737, 0.027138157894736843, 0.019554093567251463
1 0.39592470760233917, 0.11636513157894737, 0.015625, 0.018092105263157895
1 0.3825840643274854, 0.13144188596491227, 0.020833333333333332, 0.021107456140350877
1 0.43686038011695905, 0.11691337719298246, 0.027138157894736843, 0.01608187134502924
1 0.500639619883041, 0.11746162280701754, 0.0268640350877193, 0.014071637426900584
1 0.5826937134502924, 0.11746162280701754, 0.033168859649122806, 0.015350877192982455
1 0.788468567251462, 0.11828399122807018, 0.029331140350877194, 0.019371345029239765
1 0.48273026315789475, 0.1191063596491228, 0.02549342105263158, 0.021747076023391813
1 0.637404970760234, 0.11883223684210527, 0.03399122807017544, 0.012540204678362574
1 0.6278326023391813, 0.1244188596491228, 0.031968201754385965, 0.014665570175438597
1 0.6166849415204678, 0.13308662280701755, 0.03234649122807018, 0.01585343567251462
1 0.4597039473684211, 0.1191063596491228, 0.022478070175438597, 0.017361111111111112
1 0.7455226608187134, 0.1196546052631579, 0.019084429824561405, 0.023278508771929825
1 0.8087536549707602, 0.11992872807017543, 0.02850877192982456, 0.019554093567251463
1 0.5147112573099415, 0.12075109649122807, 0.021107456140350877, 0.017909356725146198
1 0.3315972222222222, 0.1215734649122807, 0.015899122807017545, 0.025219298245614034
1 0.7243238304093568, 0.12321820175438597, 0.015625, 0.012152777777777778
1 0.821546052631579, 0.12294407894736842, 0.02412280701754386, 0.02284356725146199
1 0.6949013157894737, 0.12431469298245613, 0.0200109649122807, 0.02722953216374269
1 0.7762244152046783, 0.12431469298245613, 0.0200109649122807, 0.019919590643274854
1 0.7372989766081871, 0.12390350877192982, 0.03686951754385965, 0.01206140350877193
1 0.5368238304093568, 0.12650767543859648, 0.03125, 0.011330409356725146
1 0.5229349415204678, 0.13390899122807018, 0.019462719298245616, 0.017726608187134504
1 0.4525767543859649, 0.1278782894736842, 0.01617324561403509, 0.013888888888888888
1 0.5589364035087719, 0.12870065789473684, 0.013980263157894737, 0.023940058479532164
1 0.40542763157894735, 0.13034539473684212, 0.02905701754385965, 0.02101608187134503
1 0.6769919590643275, 0.13116776315789475, 0.03125, 0.01663011695906433
1 0.7204861111111112, 0.13308662280701755, 0.019736842105263157, 0.017339181286549706
1 0.36522295321637427, 0.13363486842105263, 0.021655701754385966, 0.011695906432748537
1 0.6912463450292398, 0.13390899122807018, 0.03399122807017544, 0.016264619883040937
1 0.4385051169590643, 0.13500548245614036, 0.020285087719298246, 0.014437134502923976
1 0.7611019736842105, 0.12955592105263158, 0.016962719298245613, 0.027092470760233918
1 0.749360380116959, 0.13527960526315788, 0.02549342105263158, 0.014415204678362572
1 0.7027595029239766, 0.1366502192982456, 0.030153508771929825, 0.016264619883040937
1 0.42388523391812866, 0.13719846491228072, 0.034265350877192985, 0.0133406432748538
1 0.3420138888888889, 0.13802083333333334, 0.025219298245614034, 0.011513157894736841
1 0.41310307017543857, 0.1377467105263158, 0.02987938596491228, 0.014985380116959063
1 0.4847404970760234, 0.13884320175438597, 0.02549342105263158, 0.014802631578947368
1 0.6437317251461988, 0.13949561403508773, 0.026485745614035088, 0.019554093567251463
1 0.8401864035087719, 0.13884320175438597, 0.030975877192982455, 0.015899122807017545
1 0.8273940058479532, 0.14021381578947367, 0.02631578947368421, 0.015533625730994151
1 0.549250730994152, 0.14131030701754385, 0.01699561403508772, 0.03179824561403509
1 0.4529422514619883, 0.14240679824561403, 0.01644736842105263, 0.03033625730994152
1 0.5116045321637427, 0.14213267543859648, 0.027138157894736843, 0.016264619883040937
1 0.5949378654970761, 0.14240679824561403, 0.033168859649122806, 0.012609649122807017
1 0.7159173976608187, 0.14268092105263158, 0.026041666666666668, 0.019919590643274854
1 0.49296418128654973, 0.14487390350877194, 0.020833333333333332, 0.019371345029239765
1 0.7762244152046783, 0.14487390350877194, 0.029605263157894735, 0.010782163742690058
1 0.7659904970760234, 0.14514802631578946, 0.03179824561403509, 0.013706140350877192
1 0.7959612573099415, 0.14597039473684212, 0.0200109649122807, 0.014071637426900584
1 0.4390533625730994, 0.14734100877192982, 0.03453947368421053, 0.020833333333333332
1 0.753015350877193, 0.14706688596491227, 0.02138157894736842, 0.017361111111111112
1 0.7838998538011696, 0.14706688596491227, 0.032072368421052634, 0.009868421052631578
1 0.5753837719298246, 0.1484375, 0.0381030701754386, 0.014437134502923976
1 0.6534173976608187, 0.1484375, 0.025219298245614034, 0.024853801169590642
1 0.4355811403508772, 0.1503563596491228, 0.021655701754385966, 0.009502923976608187
1 0.8266630116959064, 0.16543311403508773, 0.01644736842105263, 0.02722953216374269
1 0.37984283625730997, 0.1522752192982456, 0.01781798245614035, 0.010416666666666666
1 0.3553545321637427, 0.15474232456140352, 0.021107456140350877, 0.024671052631578948
1 0.5638706140350878, 0.15556469298245615, 0.03481359649122807, 0.013888888888888888
1 0.7844480994152047, 0.15638706140350878, 0.033717105263157895, 0.019005847953216373
1 0.8071089181286549, 0.15666118421052633, 0.033168859649122806, 0.011330409356725146
1 0.6199744152046783, 0.16049890350877194, 0.01864035087719298, 0.02540204678362573
1 0.5892726608187134, 0.16104714912280702, 0.03508771929824561, 0.010416666666666666
1 0.6857638888888888, 0.16159539473684212, 0.035910087719298246, 0.01608187134502924
1 0.7310855263157895, 0.16145833333333334, 0.030016447368421052, 0.011513157894736841
1 0.47889254385964913, 0.16269188596491227, 0.033717105263157895, 0.01827485380116959
1 0.7161001461988304, 0.16296600877192982, 0.03453947368421053, 0.017361111111111112
1 0.742781432748538, 0.16324013157894737, 0.031524122807017545, 0.021929824561403508
1 0.4980811403508772, 0.16570723684210525, 0.03262061403508772, 0.019325657894736843
1 0.5139802631578947, 0.16625548245614036, 0.03728070175438596, 0.013157894736842105
1 0.759046052631579, 0.16652960526315788, 0.03042763157894737, 0.013523391812865496
1 0.602796052631579, 0.16735197368421054, 0.03782894736842105, 0.0133406432748538
1 0.638797514619883, 0.16844846491228072, 0.03618421052631579, 0.01425438596491228
1 0.6676260964912281, 0.16844846491228072, 0.03536184210526316, 0.016493055555555556
1 0.6992872807017544, 0.16872258771929824, 0.03179824561403509, 0.010964912280701754
1 0.799250730994152, 0.1689967105263158, 0.03508771929824561, 0.017361111111111112
1 0.3937317251461988, 0.17036732456140352, 0.027412280701754384, 0.012975146198830409
1 0.4567799707602339, 0.17009320175438597, 0.017269736842105265, 0.02631578947368421
1 0.6561586257309941, 0.17064144736842105, 0.02905701754385965, 0.017132675438596492
1 0.6565241228070176, 0.19805372807017543, 0.03536184210526316, 0.02448830409356725
1 0.5529057017543859, 0.17310855263157895, 0.024945175438596492, 0.019554093567251463
1 0.6154057017543859, 0.17310855263157895, 0.03125, 0.013157894736842105
1 0.8261147660818714, 0.17365679824561403, 0.023848684210526317, 0.02887426900584795
1 0.7045869883040936, 0.17530153508771928, 0.03125, 0.014802631578947368
1 0.4483735380116959, 0.1758497807017544, 0.0268640350877193, 0.012244152046783625
1 0.27183845029239767, 0.17831688596491227, 0.03536184210526316, 0.014437134502923976
1 0.30327119883040937, 0.17941337719298245, 0.03262061403508772, 0.015899122807017545
1 0.33050073099415206, 0.17941337719298245, 0.029331140350877194, 0.011878654970760233
1 0.3584612573099415, 0.18050986842105263, 0.030975877192982455, 0.01918859649122807
1 0.6793676900584795, 0.18133223684210525, 0.028782894736842105, 0.013706140350877192
1 0.3182565789473684, 0.1816063596491228, 0.021929824561403508, 0.012792397660818713
1 0.2168311403508772, 0.18270285087719298, 0.025767543859649123, 0.017909356725146198
1 0.29047880116959063, 0.18270285087719298, 0.033168859649122806, 0.014985380116959063
1 0.767452485380117, 0.18379934210526316, 0.02905701754385965, 0.01425438596491228
1 0.7192068713450293, 0.18544407894736842, 0.024671052631578948, 0.008954678362573099
1 0.45531798245614036, 0.18599232456140352, 0.02905701754385965, 0.011330409356725146
1 0.5457785087719298, 0.1884594298245614, 0.03755482456140351, 0.015533625730994151
1 0.5773940058479532, 0.18928179824561403, 0.03919956140350877, 0.015533625730994151
1 0.4662828947368421, 0.18983004385964913, 0.02631578947368421, 0.020924707602339183
1 0.25374634502923976, 0.1903782894736842, 0.03453947368421053, 0.01206140350877193
1 0.2795138888888889, 0.19092653508771928, 0.03125, 0.012792397660818713
1 0.7241410818713451, 0.19120065789473684, 0.021655701754385966, 0.02046783625730994
1 0.4037828947368421, 0.19284539473684212, 0.024396929824561403, 0.013706140350877192
1 0.5037463450292398, 0.1933936403508772, 0.03042763157894737, 0.012426900584795321
1 0.7767726608187134, 0.19366776315789475, 0.02987938596491228, 0.017543859649122806
1 0.6291118421052632, 0.19449013157894737, 0.03262061403508772, 0.015350877192982455
1 0.7442434210526315, 0.19476425438596492, 0.03481359649122807, 0.01699561403508772
1 0.4845577485380117, 0.19476425438596492, 0.02631578947368421, 0.012426900584795321
1 0.26416301169590645, 0.19613486842105263, 0.022203947368421052, 0.00804093567251462
1 0.5150767543859649, 0.19613486842105263, 0.03070175438596491, 0.02266081871345029
1 0.5289656432748538, 0.19668311403508773, 0.02823464912280702, 0.017909356725146198
1 0.3138706140350877, 0.19695723684210525, 0.03700657894736842, 0.0133406432748538
1 0.8140533625730995, 0.19777960526315788, 0.014528508771929825, 0.023026315789473683
1 0.8111293859649122, 0.21066337719298245, 0.017269736842105265, 0.03252923976608187
1 0.22304459064327486, 0.19969846491228072, 0.032072368421052634, 0.02101608187134503
1 0.5636878654970761, 0.1991502192982456, 0.044407894736842105, 0.016812865497076022
1 0.6018823099415205, 0.19997258771929824, 0.03618421052631579, 0.019554093567251463
1 0.4078033625730994, 0.2021655701754386, 0.02549342105263158, 0.014985380116959063
1 0.394828216374269, 0.2158717105263158, 0.042867324561403505, 0.020855263157894738
1 0.32593201754385964, 0.20435855263157895, 0.033717105263157895, 0.011878654970760233
1 0.4322916666666667, 0.20476973684210525, 0.0278234649122807, 0.013157894736842105
1 0.44024122807017546, 0.20490679824561403, 0.021929824561403508, 0.027138157894736843
1 0.44453581871345027, 0.21833881578947367, 0.012883771929824562, 0.01608187134502924
1 0.6525036549707602, 0.2040844298245614, 0.033717105263157895, 0.016264619883040937
1 0.18722587719298245, 0.20463267543859648, 0.03070175438596491, 0.016608187134502923
1 0.6426352339181286, 0.20490679824561403, 0.0356359649122807, 0.020650584795321638
1 0.6729714912280702, 0.20627741228070176, 0.036047149122807015, 0.023757309941520467
1 0.6961805555555556, 0.20792214912280702, 0.03145559210526316, 0.018914473684210526
1 0.2429641812865497, 0.2070997807017544, 0.04413377192982456, 0.014437134502923976
1 0.38221856725146197, 0.20682565789473684, 0.03673245614035088, 0.013157894736842105
1 0.20257675438596492, 0.20956688596491227, 0.030153508771929825, 0.019371345029239765
1 0.3372624269005848, 0.20956688596491227, 0.03399122807017544, 0.015899122807017545
1 0.4149305555555556, 0.21038925438596492, 0.03919956140350877, 0.01644736842105263
1 0.30180921052631576, 0.21258223684210525, 0.03453947368421053, 0.01425438596491228
1 0.6208881578947368, 0.21258223684210525, 0.027138157894736843, 0.013523391812865496
1 0.71390716374269, 0.21313048245614036, 0.013157894736842105, 0.029788011695906433
1 0.48273026315789475, 0.21340460526315788, 0.0268640350877193, 0.015487938596491228
1 0.35718201754385964, 0.21450109649122806, 0.038651315789473686, 0.019005847953216373
1 0.5901864035087719, 0.21641995614035087, 0.03508771929824561, 0.014071637426900584
1 0.7541118421052632, 0.21614583333333334, 0.03344298245614035, 0.012244152046783625
1 0.5523574561403509, 0.21724232456140352, 0.038651315789473686, 0.014802631578947368
1 0.2621527777777778, 0.21806469298245615, 0.034265350877192985, 0.01699561403508772
1 0.27823464912280704, 0.21806469298245615, 0.0400219298245614, 0.018092105263157895
1 0.4253472222222222, 0.21806469298245615, 0.023026315789473683, 0.010416666666666666
1 0.7681834795321637, 0.22053179824561403, 0.02823464912280702, 0.019919590643274854
1 0.4996801900584795, 0.2216282894736842, 0.03125, 0.014848318713450293
1 0.4918676900584795, 0.2290625, 0.04547149122807018, 0.011878654970760233
1 0.5231176900584795, 0.22382127192982457, 0.026041666666666668, 0.01585343567251462
1 0.4598866959064328, 0.22436951754385964, 0.03344298245614035, 0.011513157894736841
1 0.6022478070175439, 0.22436951754385964, 0.032072368421052634, 0.014071637426900584
1 0.5752010233918129, 0.22574013157894737, 0.024945175438596492, 0.015350877192982455
1 0.1804641812865497, 0.22902960526315788, 0.025767543859649123, 0.015716374269005847
1 0.36193347953216376, 0.22711074561403508, 0.03344298245614035, 0.017909356725146198
1 0.6303910818713451, 0.22738486842105263, 0.033717105263157895, 0.014985380116959063
1 0.7144554093567251, 0.22957785087719298, 0.04029605263157895, 0.01516812865497076
1 0.4485562865497076, 0.22985197368421054, 0.02850877192982456, 0.012609649122807017
1 0.42023026315789475, 0.23286732456140352, 0.029331140350877194, 0.02887426900584795
1 0.7354714912280702, 0.23286732456140352, 0.025219298245614034, 0.01827485380116959
1 0.1671235380116959, 0.23423793859649122, 0.018914473684210526, 0.012609649122807017
1 0.6441885964912281, 0.23413377192982457, 0.03971491228070175, 0.014163011695906433
1 0.480171783625731, 0.23468201754385964, 0.035466008771929826, 0.013157894736842105
1 0.3153326023391813, 0.2353344298245614, 0.012883771929824562, 0.023757309941520467
1 0.5435855263157895, 0.23643092105263158, 0.021107456140350877, 0.01644736842105263
1 0.6810124269005848, 0.23697916666666666, 0.03618421052631579, 0.013157894736842105
1 0.286641081871345, 0.23780153508771928, 0.03262061403508772, 0.01608187134502924
1 0.6578033625730995, 0.2383497807017544, 0.03262061403508772, 0.018092105263157895
1 0.7025767543859649, 0.2383497807017544, 0.031524122807017545, 0.011878654970760233
1 0.69234283625731, 0.24273574561403508, 0.02987938596491228, 0.01206140350877193
1 0.6008771929824561, 0.23999451754385964, 0.023300438596491228, 0.027138157894736843
1 0.6000548245614035, 0.2524671052631579, 0.02288925438596491, 0.0268640350877193
1 0.6068165204678363, 0.2720668859649123, 0.01644736842105263, 0.01114766081871345
1 0.559484649122807, 0.2421875, 0.02823464912280702, 0.019371345029239765
1 0.18649488304093567, 0.24300986842105263, 0.01781798245614035, 0.033717105263157895
1 0.3111293859649123, 0.24355811403508773, 0.021655701754385966, 0.02722953216374269
1 0.4262609649122807, 0.24383223684210525, 0.025767543859649123, 0.024671052631578948
1 0.503015350877193, 0.24739583333333334, 0.025219298245614034, 0.013523391812865496
1 0.7890168128654971, 0.24876644736842105, 0.03536184210526316, 0.01425438596491228
1 0.7577668128654971, 0.2490405701754386, 0.03755482456140351, 0.013157894736842105
1 0.22889254385964913, 0.24986293859649122, 0.01699561403508772, 0.029605263157894735
1 0.4085343567251462, 0.24958881578947367, 0.01864035087719298, 0.01699561403508772
1 0.5181834795321637, 0.2544544956140351, 0.02939967105263158, 0.02885233918128655
1 0.5446820175438597, 0.2504111842105263, 0.035910087719298246, 0.014071637426900584
1 0.5671144005847953, 0.2506853070175439, 0.024533991228070175, 0.0280062134502924
1 0.5815972222222222, 0.26329495614035087, 0.02055921052631579, 0.02540204678362573
1 0.18727156432748537, 0.2512335526315789, 0.014871162280701754, 0.03540752923976608
1 0.2583150584795322, 0.25233004385964913, 0.010142543859649123, 0.025584795321637425
1 0.7749451754385965, 0.25287828947368424, 0.0356359649122807, 0.01644736842105263
1 0.14647295321637427, 0.2582236842105263, 0.03495065789473684, 0.01425438596491228
1 0.13495979532163743, 0.2682291666666667, 0.037760416666666664, 0.01665204678362573
1 0.30528143274853803, 0.25507127192982454, 0.036458333333333336, 0.015533625730994151
1 0.4624451754385965, 0.2549177631578948, 0.01468201754385965, 0.01724780701754386
1 0.3393859649122807, 0.25616776315789475, 0.023574561403508772, 0.01669956140350877
1 0.3836805555555556, 0.25671600877192985, 0.01699561403508772, 0.023757309941520467
1 0.4450840643274854, 0.25753837719298245, 0.01836622807017544, 0.02046783625730994
1 0.7435124269005848, 0.25753837719298245, 0.027412280701754384, 0.012244152046783625
1 0.7511878654970761, 0.2657620614035088, 0.029331140350877194, 0.011513157894736841
1 0.7365679824561403, 0.2715186403508772, 0.025219298245614034, 0.014071637426900584
1 0.7283442982456141, 0.2930043859649123, 0.01881030701754386, 0.029970760233918127
1 0.4353983918128655, 0.25808662280701755, 0.027138157894736843, 0.01608187134502924
1 0.438687865497076, 0.26877741228070173, 0.0200109649122807, 0.027046783625730993
1 0.4618512426900585, 0.2570230263157895, 0.023541666666666666, 0.02480811403508772
1 0.6210709064327485, 0.26000548245614036, 0.019736842105263157, 0.029078947368421055
1 0.6649305555555556, 0.2597313596491228, 0.03594298245614035, 0.01644736842105263
1 0.6713267543859649, 0.28988486842105265, 0.01069078947368421, 0.014437134502923976
1 0.7271107456140351, 0.2611019736842105, 0.027412280701754384, 0.01423062865497076
1 0.2544992690058479, 0.2714501096491228, 0.026110197368421052, 0.02197733918128655
1 0.25493421052631576, 0.2865268640350877, 0.0239172149122807, 0.019532163742690057
1 0.26341008771929825, 0.29493969298245615, 0.03112938596491228, 0.014459064327485381
1 0.25338084795321636, 0.30066063596491227, 0.03726425438596491, 0.014756944444444444
1 0.3135051169590643, 0.2618558114035088, 0.023300438596491228, 0.03079312865497076
1 0.3275767543859649, 0.2808388157894737, 0.03755482456140351, 0.014071637426900584
1 0.7707419590643275, 0.2643914473684211, 0.03618421052631579, 0.010782163742690058
1 0.20440423976608188, 0.2668585526315789, 0.017543859649122806, 0.019371345029239765
1 0.19289108187134502, 0.2688459429824561, 0.027069627192982455, 0.012701023391812866
1 0.3871527777777778, 0.2682291666666667, 0.026589912280701754, 0.010599415204678362
1 0.4041483918128655, 0.2682291666666667, 0.01425438596491228, 0.01699561403508772
1 0.6945358187134503, 0.2682291666666667, 0.023848684210526317, 0.012244152046783625
1 0.3769188596491228, 0.26932565789473684, 0.021655701754385966, 0.01206140350877193
1 0.4255299707602339, 0.2695997807017544, 0.03262061403508772, 0.012792397660818713
1 0.16607273391812866, 0.2701480263157895, 0.014048793859649123, 0.02389437134502924
1 0.15104166666666666, 0.27953673245614036, 0.020764802631578948, 0.028943713450292397
1 0.6786366959064327, 0.27124451754385964, 0.02275219298245614, 0.01663011695906433
1 0.5541849415204678, 0.27011513157894734, 0.0250109649122807, 0.019736842105263157
1 0.5737390350877193, 0.28824013157894735, 0.02326754385964912, 0.016516812865497076
1 0.6291118421052632, 0.27234100877192985, 0.017543859649122806, 0.028965643274853802
1 0.3694261695906433, 0.27316337719298245, 0.025219298245614034, 0.017543859649122806
1 0.359375, 0.2981085526315789, 0.029331140350877194, 0.02540204678362573
1 0.49661915204678364, 0.27316337719298245, 0.014802631578947368, 0.029239766081871343
1 0.7003837719298246, 0.2728892543859649, 0.029605263157894735, 0.017361111111111112
1 0.6952668128654971, 0.3046875, 0.024671052631578948, 0.014437134502923976
1 0.7108004385964912, 0.3277138157894737, 0.015145285087719298, 0.02046783625730994
1 0.48711622807017546, 0.2739857456140351, 0.033717105263157895, 0.010416666666666666
1 0.6510416666666666, 0.2728207236842105, 0.029947916666666668, 0.014824561403508773
1 0.3584612573099415, 0.27425986842105265, 0.020833333333333332, 0.013888888888888888
1 0.3944627192982456, 0.27453399122807015, 0.026589912280701754, 0.01114766081871345
1 0.5910087719298246, 0.2811129385964912, 0.03481359649122807, 0.014528508771929825
1 0.40634137426900585, 0.27508223684210525, 0.01864035087719298, 0.02046783625730994
1 0.6148574561403509, 0.2753563596491228, 0.03042763157894737, 0.014071637426900584
1 0.12161915204678363, 0.27754934210526316, 0.036458333333333336, 0.014848318713450293
1 0.0956688596491228, 0.29015899122807015, 0.022478070175438597, 0.029970760233918127
1 0.35096856725146197, 0.27837171052631576, 0.024396929824561403, 0.015533625730994151
1 0.5819627192982456, 0.27891995614035087, 0.03087171052631579, 0.013523391812865496
1 0.5326206140350878, 0.2890625, 0.040537280701754386, 0.018457602339181287
1 0.7848135964912281, 0.2813870614035088, 0.02138157894736842, 0.027960526315789474
1 0.1980080409356725, 0.2819353070175439, 0.01493969298245614, 0.027092470760233918
1 0.4403326023391813, 0.3011074561403509, 0.047335526315789474, 0.01621893274853801
1 0.3112664473684211, 0.2833059210526316, 0.012129934210526315, 0.021884137426900586
1 0.519828216374269, 0.2889583333333333, 0.026145833333333333, 0.012198464912280702
1 0.6347770467836257, 0.28440241228070173, 0.02987938596491228, 0.016904239766081873
1 0.47322733918128657, 0.28741776315789475, 0.021107456140350877, 0.01516812865497076
1 0.605171783625731, 0.2876918859649123, 0.02412280701754386, 0.014802631578947368
1 0.6846217105263158, 0.2876918859649123, 0.025767543859649123, 0.02563048245614035
1 0.23171418128654972, 0.28830866228070173, 0.03531798245614035, 0.013373538011695907
1 0.30765716374269003, 0.29015899122807015, 0.024396929824561403, 0.019919590643274854
1 0.6208881578947368, 0.29015899122807015, 0.02823464912280702, 0.015899122807017545
1 0.40158991228070173, 0.29125548245614036, 0.018914473684210526, 0.029239766081871343
1 0.19362207602339182, 0.29317434210526316, 0.018092105263157895, 0.031615497076023395
1 0.29312865497076024, 0.2929331140350877, 0.010041118421052632, 0.015442251461988304
1 0.37912280701754386, 0.29399671052631576, 0.027634320175438598, 0.014060672514619883
1 0.48309576023391815, 0.30002741228070173, 0.022203947368421052, 0.017726608187134504
1 0.5662463450292398, 0.2953673245614035, 0.04046600877192982, 0.011900584795321639
1 0.7535635964912281, 0.29591557017543857, 0.0268640350877193, 0.017361111111111112
1 0.7557565789473685, 0.31866776315789475, 0.034265350877192985, 0.016264619883040937
1 0.39281798245614036, 0.2961896929824561, 0.02412280701754386, 0.00932017543859649
1 0.46189692982456143, 0.29608552631578944, 0.035466008771929826, 0.012335526315789474
1 0.5415752923976608, 0.29783442982456143, 0.03974780701754386, 0.014071637426900584
1 0.15634137426900585, 0.29783442982456143, 0.017269736842105265, 0.03453947368421053
1 0.3096673976608187, 0.29783442982456143, 0.03179824561403509, 0.014802631578947368
1 0.6629203216374269, 0.2983826754385965, 0.0365625, 0.01206140350877193
1 0.6775402046783626, 0.3008497807017544, 0.01918859649122807, 0.019919590643274854
1 0.6676023391812865, 0.3087828947368421, 0.029040570175438596, 0.021816520467836255
1 0.6775402046783626, 0.31866776315789475, 0.03453947368421053, 0.021929824561403508
1 0.2791483918128655, 0.29920504385964913, 0.027960526315789474, 0.013523391812865496
1 0.4220577485380117, 0.3008497807017544, 0.035910087719298246, 0.015716374269005847
1 0.7709247076023392, 0.3008497807017544, 0.03508771929824561, 0.01206140350877193
1 0.29118786549707604, 0.3011074561403509, 0.04086074561403509, 0.022134502923976607
1 0.49990862573099415, 0.30112390350877194, 0.027960526315789474, 0.023574561403508772
1 0.3014437134502924, 0.30194627192982454, 0.026041666666666668, 0.0133406432748538
1 0.649031432748538, 0.3022203947368421, 0.023848684210526317, 0.015350877192982455
1 0.23857821637426901, 0.30218750000000005, 0.03868421052631579, 0.017383040935672514
1 0.6393457602339181, 0.30304276315789475, 0.022478070175438597, 0.015533625730994151
1 0.7824378654970761, 0.3033168859649123, 0.03234649122807018, 0.010051169590643274
1 0.4322916666666667, 0.30441337719298245, 0.025937500000000002, 0.013843201754385965
1 0.4088998538011696, 0.30578399122807015, 0.03755482456140351, 0.013706140350877192
1 0.47194809941520466, 0.30633223684210525, 0.025219298245614034, 0.0266812865497076
1 0.7349232456140351, 0.3061266447368421, 0.015008223684210526, 0.02526498538011696
1 0.8253837719298246, 0.3071546052631579, 0.02823464912280702, 0.020650584795321638
1 0.37545687134502925, 0.3104440789473684, 0.02987938596491228, 0.01918859649122807
1 0.5751206140350877, 0.31016995614035087, 0.027138157894736843, 0.029502923976608187
1 0.6276498538011696, 0.3109923245614035, 0.040877192982456144, 0.014459064327485381
1 0.7930372807017544, 0.3104440789473684, 0.033064692982456144, 0.018114035087719298
1 0.6080957602339181, 0.3120888157894737, 0.024396929824561403, 0.02010233918128655
1 0.8440241228070176, 0.31345942982456143, 0.03070175438596491, 0.012975146198830409
1 0.6035270467836257, 0.31428179824561403, 0.03673245614035088, 0.01644736842105263
1 0.39354897660818716, 0.31565241228070173, 0.04228344298245614, 0.014619883040935672
1 0.5141630116959064, 0.3159265350877193, 0.026041666666666668, 0.0268640350877193
1 0.5779422514619883, 0.3170230263157895, 0.02823464912280702, 0.023026315789473683
1 0.7422331871345029, 0.3164747807017544, 0.03351151315789474, 0.019919590643274854
1 0.32958698830409355, 0.32195723684210525, 0.020833333333333332, 0.03307748538011696
1 0.6941483918128655, 0.319797149122807, 0.022993421052631576, 0.017496345029239767
1 0.8085252192982456, 0.3236019736842105, 0.038651315789473686, 0.022797880116959063
1 0.3763706140350877, 0.3246984649122807, 0.03782894736842105, 0.017726608187134504
1 0.6400767543859649, 0.32524671052631576, 0.02837171052631579, 0.020868055555555556
1 0.6464272660818714, 0.3248355263157895, 0.03330592105263158, 0.0278234649122807
1 0.04961622807017544, 0.3260690789473684, 0.04797149122807018, 0.027732090643274854
1 0.17443347953216373, 0.32579495614035087, 0.038651315789473686, 0.01827485380116959
1 0.26745248538011696, 0.32634320175438597, 0.03536184210526316, 0.019371345029239765
1 0.28042763157894735, 0.3277138157894737, 0.02549342105263158, 0.025950292397660817
1 0.7228618421052632, 0.3279879385964912, 0.026041666666666668, 0.0222953216374269
1 0.20093201754385964, 0.3293585526315789, 0.021655701754385966, 0.02942251461988304
1 0.7652595029239766, 0.3315515350877193, 0.03344298245614035, 0.012609649122807017
1 0.77640716374269, 0.3315515350877193, 0.03618421052631579, 0.01206140350877193
1 0.494608918128655, 0.3320997807017544, 0.01836622807017544, 0.02942251461988304
1 0.30875365497076024, 0.33237390350877194, 0.024671052631578948, 0.0133406432748538
1 0.7888340643274854, 0.33511513157894735, 0.02515076754385965, 0.03278143274853801
1 0.24533991228070176, 0.3359375, 0.023026315789473683, 0.02320906432748538
1 0.8454861111111112, 0.3359375, 0.02905701754385965, 0.023940058479532164
1 0.7321820175438597, 0.3364857456140351, 0.026041666666666668, 0.01827485380116959
1 0.4523940058479532, 0.34059758771929827, 0.032072368421052634, 0.012609649122807017
1 0.3350694444444444, 0.3422423245614035, 0.018914473684210526, 0.031615497076023395
1 0.6237426900584795, 0.34262061403508776, 0.051326754385964915, 0.019371345029239765
1 0.6393676900584795, 0.34470942982456143, 0.04581140350877193, 0.015398391812865498
1 0.7891995614035088, 0.3452576754385965, 0.030153508771929825, 0.0266812865497076
1 0.3202668128654971, 0.3471765350877193, 0.03203947368421053, 0.012244152046783625
1 0.44234283625730997, 0.3482730263157895, 0.029605263157894735, 0.016355994152046784
1 0.5722770467836257, 0.3482730263157895, 0.03128289473684211, 0.017406798245614034
1 0.40561038011695905, 0.3477247807017544, 0.0439281798245614, 0.021884137426900586
1 0.38203581871345027, 0.34991776315789475, 0.0200109649122807, 0.024716739766081873
1 0.5978618421052632, 0.35265899122807015, 0.02850877192982456, 0.015237573099415204
1 0.6007401315789473, 0.37109375, 0.030290570175438597, 0.012724780701754385
1 0.29504751461988304, 0.3529331140350877, 0.03536184210526316, 0.01827485380116959
1 0.3072916666666667, 0.3559484649122807, 0.044270833333333336, 0.019005847953216373
1 0.5117872807017544, 0.3529331140350877, 0.021929824561403508, 0.027046783625730993
1 0.18759137426900585, 0.3578673245614035, 0.032072368421052634, 0.02010233918128655
1 0.6431834795321637, 0.35353344298245615, 0.04819353070175439, 0.01857090643274854
1 0.34676535087719296, 0.3595120614035088, 0.03262061403508772, 0.01864035087719298
1 0.5529057017543859, 0.3592379385964912, 0.03262061403508772, 0.01516812865497076
1 0.26672149122807015, 0.3614309210526316, 0.027138157894736843, 0.02101608187134503
1 0.049433479532163746, 0.3619791666666667, 0.0381030701754386, 0.021747076023391813
1 0.609375, 0.3618092105263158, 0.0215515350877193, 0.01663011695906433
1 0.1771747076023392, 0.36252741228070173, 0.03892543859649123, 0.015533625730994151
1 0.6769919590643275, 0.36252741228070173, 0.039473684210526314, 0.0222953216374269
1 0.2557565789473684, 0.36307565789473684, 0.04454495614035088, 0.015899122807017545
1 0.2868238304093567, 0.36307565789473684, 0.034265350877192985, 0.020650584795321638
1 0.21902412280701755, 0.36499451754385964, 0.03974780701754386, 0.017361111111111112
1 0.6952668128654971, 0.3647203947368421, 0.033168859649122806, 0.014802631578947368
1 0.2076937134502924, 0.36554276315789475, 0.03919956140350877, 0.017726608187134504
1 0.48060672514619884, 0.3671875, 0.025219298245614034, 0.02825657894736842
1 0.6621893274853801, 0.3691063596491228, 0.04851973684210526, 0.01608187134502924
1 0.5832419590643275, 0.3696546052631579, 0.035910087719298246, 0.014780701754385964
1 0.27750365497076024, 0.3723958333333333, 0.02823464912280702, 0.014619883040935672
1 0.49858369883040937, 0.3729440789473684, 0.04139254385964912, 0.025243055555555553
1 0.5214729532163743, 0.37404057017543857, 0.0200109649122807, 0.023574561403508772
1 0.5220211988304093, 0.3823848684210526, 0.025098684210526315, 0.015350877192982455
1 0.46463815789473684, 0.3756853070175439, 0.04742324561403509, 0.018092105263157895
1 0.5362755847953217, 0.37787828947368424, 0.030153508771929825, 0.02448830409356725
1 0.6494426169590644, 0.38061951754385964, 0.040501644736842105, 0.016858552631578948
1 0.7689144736842105, 0.38116776315789475, 0.03974780701754386, 0.023026315789473683
1 0.7122624269005848, 0.38308662280701755, 0.030975877192982455, 0.015350877192982455
1 0.8403691520467836, 0.3852796052631579, 0.039473684210526314, 0.014437134502923976
1 0.7195723684210527, 0.3899396929824561, 0.02987938596491228, 0.017635233918128657
1 0.7266995614035088, 0.3907620614035088, 0.03070175438596491, 0.02412280701754386
1 0.19672880116959066, 0.3910361842105263, 0.04194078947368421, 0.024671052631578948
1 0.0335343567251462, 0.39240679824561403, 0.021107456140350877, 0.021518640350877194
1 0.6749817251461988, 0.3951480263157895, 0.019462719298245616, 0.023391812865497075
1 0.4527595029239766, 0.40405701754385964, 0.04180372807017544, 0.01206140350877193
1 0.5845668859649122, 0.4173519736842105, 0.03837719298245614, 0.026544225146198832
1 0.39263523391812866, 0.48067434210526316, 0.023626644736842103, 0.015533625730994151
1 0.6144919590643275, 0.4856085526315789, 0.02138157894736842, 0.025219298245614034
1 0.07191154970760234, 0.4897203947368421, 0.0278234649122807, 0.021929824561403508
1 0.8292214912280702, 0.4921875, 0.03837719298245614, 0.012244152046783625
1 0.39592470760233917, 0.4922916666666667, 0.025937500000000002, 0.013410087719298245
1 0.27750365497076024, 0.5001370614035088, 0.021107456140350877, 0.031432748538011694
1 0.8870614035087719, 0.5196683114035088, 0.022478070175438597, 0.02480811403508772
1 0.3616136695906433, 0.5227521929824561, 0.032689144736842105, 0.018229166666666668
1 0.6835709064327485, 0.5226836622807017, 0.04132401315789474, 0.015716374269005847
1 0.6362390350877193, 0.5261787280701754, 0.02275219298245614, 0.019736842105263157
1 0.9434393274853801, 0.5631853070175439, 0.03344298245614035, 0.019554093567251463
1 0.8138706140350878, 0.6373355263157895, 0.03138706140350877, 0.04006761695906433
1 0.42196637426900585, 0.8211348684210527, 0.03159265350877193, 0.039245248538011694
1 0.19538011695906432, 0.2603125, 0.011650219298245614, 0.023278508771929825
1 0.21843201754385966, 0.2595888157894737, 0.03686951754385965, 0.015259502923976608
1 0.22827485380116957, 0.26836622807017546, 0.026145833333333333, 0.023940058479532164
1 0.21913742690058477, 0.28200383771929827, 0.037143640350877194, 0.022227704678362572
1 0.24319261695906433, 0.2865953947368421, 0.021861293859649123, 0.012209429824561404
1 0.24448647660818712, 0.2700520833333333, 0.02953673245614035, 0.0194718567251462
1 0.376187865497076, 0.9222176535087719, 0.027069627192982455, 0.033945540935672515
1 0.40752923976608185, 0.7330043859649122, 0.03131853070175439, 0.04226059941520468
1 0.837843567251462, 0.7357428728070174, 0.05228892543859649, 0.01864035087719298
1 0.7854075292397661, 0.6196546052631579, 0.017269736842105265, 0.03755482456140351
1 0.4015442251461988, 0.45202850877192985, 0.023506030701754384, 0.02366593567251462
1 0.13168311403508773, 0.37277138157894735, 0.03296326754385965, 0.023824926900584797
1 0.1447825292397661, 0.3617735745614035, 0.03399122807017544, 0.02720577485380117
1 0.7681834795321637, 0.0912828947368421, 0.01411732456140351, 0.02444261695906433
1 0.7614912280701754, 0.10176809210526316, 0.01425438596491228, 0.0312719298245614
1 0.7685032894736842, 0.11045504385964912, 0.014956140350877193, 0.02261513157894737
1 0.7522843567251462, 0.11307565789473684, 0.021688596491228073, 0.0247843567251462
1 0.4436330409356725, 0.07007127192982457, 0.021929824561403508, 0.020434941520467834
1 0.32821637426900585, 0.3645148026315789, 0.03967927631578947, 0.0268640350877193
1 0.1326059941520468, 0.2551754385964912, 0.021792763157894735, 0.02910453216374269
1 0.17384502923976608, 0.2699780701754386, 0.027639802631578947, 0.027525584795321637
1 0.16031615497076024, 0.2558607456140351, 0.022442434210526316, 0.022227704678362572
1 0.29486476608187134, 0.2545230263157895, 0.023300438596491228, 0.0133406432748538
1 0.38080226608187134, 0.08771929824561403, 0.015213815789473685, 0.025721856725146198
1 0.39955774853801174, 0.10625548245614035, 0.0150109649122807, 0.009046052631578948
1 0.40316520467836253, 0.1001233552631579, 0.018193530701754387, 0.0197843567251462
1 0.4203216374269006, 0.07147752192982457, 0.01459703947368421, 0.03022295321637427
1 0.44106359649122806, 0.0640405701754386, 0.013914473684210525, 0.019989035087719296
1 0.42521016081871343, 0.053248355263157895, 0.011614583333333333, 0.028349780701754385
1 0.4228801169590643, 0.04481907894736842, 0.013327850877192982, 0.019097222222222224
1 0.4692982456140351, 0.21611293859649122, 0.03769188596491228, 0.01409356725146199
1 0.815171783625731, 0.31133497807017546, 0.03919956140350877, 0.02908077485380117
1 0.8130646929824562, 0.31705592105263153, 0.033708881578947365, 0.0222953216374269
1 0.7923976608187134, 0.30184210526315786, 0.0252905701754386, 0.0225
1 0.7899086257309942, 0.29451206140350883, 0.014835526315789473, 0.024349415204678364
1 0.7009320175438597, 0.3380263157894737, 0.021348684210526315, 0.025219298245614034
1 0.7137701023391813, 0.2696683114035088, 0.03008497807017544, 0.013660453216374269
1 0.7133369883040935, 0.2826891447368421, 0.02206688596491228, 0.024373172514619883
1 0.707922149122807, 0.3027001096491228, 0.027617872807017545, 0.02023940058479532
1 0.7197770467836258, 0.31020285087719296, 0.0150109649122807, 0.018161549707602337
1 0.7210562865497075, 0.3168338815789474, 0.014580592105263157, 0.028598318713450293
1 0.6576334064327486, 0.28731359649122806, 0.02194627192982456, 0.023300438596491228
1 0.5667726608187135, 0.2729577850877193, 0.015863486842105264, 0.029535818713450294
1 0.5520266812865497, 0.2901864035087719, 0.03508771929824561, 0.016949926900584795
1 0.5535964912280702, 0.30169956140350873, 0.03179824561403509, 0.014265350877192983
1 0.5292306286549707, 0.2806003289473684, 0.03587719298245614, 0.01864035087719298
1 0.5265442251461988, 0.2484594298245614, 0.02720394736842105, 0.017772295321637425
1 0.4927119883040936, 0.29457785087719296, 0.027447916666666666, 0.02672880116959064
1 0.4944042397660819, 0.28429824561403505, 0.01853892543859649, 0.03437865497076024
1 0.45597953216374265, 0.29937499999999995, 0.03594572368421053, 0.010508040935672515
1 0.47213084795321636, 0.2701809210526316, 0.0296765350877193, 0.020970394736842105
1 0.4532821637426901, 0.28046326754385964, 0.030531798245614035, 0.024157529239766082
1 0.4492763157894737, 0.30297423245614036, 0.008618421052631579, 0.007218567251461988
1 0.43475877192982454, 0.2909484649122807, 0.01993969298245614, 0.013980263157894737
1 0.4373739035087719, 0.2837171052631579, 0.02025219298245614, 0.026578947368421053
1 0.4556030701754386, 0.27425986842105265, 0.013536184210526317, 0.024364035087719296
1 0.35790204678362575, 0.29187225877192985, 0.024843749999999998, 0.019245248538011697
1 0.3404385964912281, 0.28549890350877194, 0.03450657894736842, 0.02147295321637427
1 0.3364857456140351, 0.27736019736842105, 0.04295230263157895, 0.014322002923976609
1 0.3185087719298246, 0.27419133771929827, 0.010827850877192983, 0.02763888888888889
1 0.2722953216374269, 0.2896792763157895, 0.03162554824561404, 0.016973684210526314
1 0.27575657894736844, 0.2774451754385965, 0.02073190789473684, 0.03121527777777778
1 0.2696546052631579, 0.27059484649122806, 0.029141995614035087, 0.018183479532163743
1 0.2449049707602339, 0.26922149122807015, 0.017579495614035087, 0.024420687134502923
1 0.17192068713450293, 0.2526041666666667, 0.018434758771929825, 0.023391812865497075
1 0.1894407894736842, 0.22615131578947367, 0.023848684210526317, 0.020948464912280702
1 0.2526498538011696, 0.26199287280701755, 0.01502467105263158, 0.037748538011695906
1 0.48725328947368424, 0.05249451754385965, 0.025424890350877194, 0.009868421052631578
1 0.47857273391812866, 0.07552083333333333, 0.017064144736842105, 0.019005847953216373
1 0.818485014619883, 0.17667214912280702, 0.03399122807017544, 0.027732090643274854
1 0.8181195175438597, 0.15152138157894737, 0.02802905701754386, 0.014437134502923976
