1 0.0, -9.137426900584795e-05, 0.04262609649122807, 0.027595029239766082
1 0.18188048245614036, -9.137426900584795e-05, 0.03919956140350877, 0.019005847953216373
1 0.21313048245614036, -9.137426900584795e-05, 0.06716008771929824, 0.012426900584795321
1 0.2660361842105263, 9.137426900584795e-05, 0.03262061403508772, 0.02448830409356725
1 0.16077302631578946, 0.006487573099415204, 0.03262061403508772, 0.03326023391812866
1 0.18928179824561403, 0.009228801169590644, 0.06359649122807018, 0.019371345029239765
1 0.15364583333333334, 0.029148391812865496, 0.0581140350877193, 0.031980994152046784
1 0.19257127192982457, 0.03700657894736842, 0.04413377192982456, 0.036366959064327485
1 0.17201206140350878, 0.0516264619883041, 0.028782894736842105, 0.028691520467836257
1 0.14131030701754385, 0.0779422514619883, 0.07483552631578948, 0.028143274853801168
1 0.19805372807017543, 0.08177997076023392, 0.057291666666666664, 0.01644736842105263
1 0.2961896929824561, 9.137426900584795e-05, 0.03344298245614035, 0.02503654970760234
1 0.31674890350877194, 9.137426900584795e-05, 0.055098684210526314, 0.019919590643274854
1 0.3326480263157895, 0.014528508771929825, 0.04550438596491228, 0.03892543859649123
1 0.31811951754385964, 0.021655701754385966, 0.02768640350877193, 0.035818713450292396
1 0.38692434210526316, 0.02987938596491228, 0.026041666666666668, 0.03764619883040936
1 0.37404057017543857, 0.032072368421052634, 0.01343201754385965, 0.017909356725146198
1 0.34141995614035087, -9.137426900584795e-05, 0.04577850877192982, 0.015716374269005847
1 0.4074835526315789, -9.137426900584795e-05, 0.02412280701754386, 0.017543859649122806
1 0.4214638157894737, 9.137426900584795e-05, 0.03700657894736842, 0.019919590643274854
1 0.45682565789473684, 9.137426900584795e-05, 0.03042763157894737, 0.010599415204678362
1 0.48725328947368424, 0.0, 0.06798245614035088, 0.009959795321637427
1 0.5812774122807017, 0.005208333333333333, 0.04111842105263158, 0.04203216374269006
1 0.5626370614035088, 9.137426900584795e-05, 0.04303728070175439, 0.014619883040935672
1 0.7309484649122807, -9.137426900584795e-05, 0.04523026315789474, 0.012244152046783625
1 0.6925712719298246, 0.007401315789473684, 0.03399122807017544, 0.030519005847953216
1 0.8754111842105263, -9.137426900584795e-05, 0.02850877192982456, 0.011695906432748537
1 0.8707510964912281, 9.137426900584795e-05, 0.05043859649122807, 0.024305555555555556
1 0.9224232456140351, 9.137426900584795e-05, 0.03632127192982456, 0.012609649122807017
1 0.9209155701754386, 0.012015716374269006, 0.05016447368421053, 0.03522478070175439
1 0.8956962719298246, 0.016264619883040937, 0.043859649122807015, 0.0381030701754386
1 0.917077850877193, 0.020924707602339183, 0.03919956140350877, 0.033808479532163746
1 0.8754111842105263, 0.022934941520467836, 0.06277412280701754, 0.043859649122807015
1 0.8540296052631579, 0.028965643274853802, 0.026589912280701754, 0.041849415204678365
1 0.8778782894736842, 0.047605994152046784, 0.05592105263157895, 0.030519005847953216
1 0.8452576754385965, 0.06533260233918128, 0.05180921052631579, 0.03490497076023392
1 0.9442160087719298, 0.011056286549707603, 0.04125548245614035, 0.03033625730994152
1 0.9872532894736842, -9.137426900584795e-05, 0.03303179824561404, 0.019005847953216373
1 1.0091831140350878, 9.137426900584795e-05, 0.0381030701754386, 0.031980994152046784
1 1.0459155701754386, -9.137426900584795e-05, 0.024533991228070175, 0.027412280701754384
1 1.0675712719298245, -9.137426900584795e-05, 0.02905701754385965, 0.025950292397660817
1 1.0879934210526316, -9.137426900584795e-05, 0.03193530701754386, 0.025219298245614034
1 1.1145833333333333, -9.137426900584795e-05, 0.02563048245614035, 0.02010233918128655
1 1.1295230263157894, -9.137426900584795e-05, 0.039473684210526314, 0.026133040935672515
1 1.1626918859649122, 0.007949561403508772, 0.06030701754385965, 0.01882309941520468
1 1.048108552631579, 0.023300438596491228, 0.0849780701754386, 0.0222953216374269
1 1.1413103070175439, 0.023300438596491228, 0.0805921052631579, 0.013888888888888888
1 1.1585115131578947, 0.03517909356725146, 0.05653782894736842, 0.015716374269005847
1 1.067297149122807, 0.03280336257309942, 0.05646929824561404, 0.022112573099415205
1 1.1210252192982457, 0.03609283625730994, 0.05701754385964912, 0.02942251461988304
1 1.0475603070175439, 0.04632675438596491, 0.02987938596491228, 0.03307748538011696
1 1.095531798245614, 0.046509502923976605, 0.06195175438596491, 0.021747076023391813
1 1.0625, 0.051763523391812866, 0.0434484649122807, 0.04079861111111111
1 1.2153234649122806, 0.0, 0.02261513157894737, 0.00758406432748538
1 1.2454769736842106, 9.137426900584795e-05, 0.042214912280701754, 0.02448830409356725
1 1.2745339912280702, -9.137426900584795e-05, 0.03919956140350877, 0.019371345029239765
1 1.3153782894736843, 0.0, 0.024396929824561403, 0.011239035087719298
1 1.3447094298245614, 0.0015533625730994151, 0.03453947368421053, 0.035818713450292396
1 1.3013980263157894, 0.0200109649122807, 0.038651315789473686, 0.030153508771929825
1 1.3392269736842106, 0.03718932748538012, 0.0634594298245614, 0.03499634502923977
1 0.06647478070175439, 9.137426900584795e-05, 0.03481359649122807, 0.03453947368421053
1 0.09443530701754387, 9.137426900584795e-05, 0.038788377192982455, 0.033625730994152045
1 0.1396655701754386, 0.01836622807017544, 0.023026315789473683, 0.02942251461988304
1 0.09498355263157894, 0.0335343567251462, 0.06195175438596491, 0.02266081871345029
1 0.37020285087719296, 0.00045687134502923974, 0.038651315789473686, 0.03782894736842105
1 0.3880208333333333, 0.014345760233918129, 0.03179824561403509, 0.02412280701754386
1 0.6048519736842105, 9.137426900584795e-05, 0.0268640350877193, 0.029788011695906433
1 0.6314418859649122, 9.137426900584795e-05, 0.0556469298245614, 0.019554093567251463
1 0.7907072368421053, 9.137426900584795e-05, 0.031112938596491228, 0.02631578947368421
1 0.8189418859649122, 9.137426900584795e-05, 0.030290570175438597, 0.011513157894736841
1 0.8441611842105263, 9.137426900584795e-05, 0.02631578947368421, 0.031432748538011694
1 0.11060855263157894, 0.0013706140350877192, 0.047149122807017545, 0.03435672514619883
1 0.760827850877193, 0.0028326023391812864, 0.03673245614035088, 0.0360014619883041
1 0.4179002192982456, 0.004111842105263158, 0.04550438596491228, 0.03527046783625731
1 0.4409265350877193, 0.009046052631578948, 0.05016447368421053, 0.03179824561403509
1 1.2161458333333333, 0.006304824561403508, 0.052083333333333336, 0.03033625730994152
1 0.45545504385964913, 0.011239035087719298, 0.05482456140350877, 0.03545321637426901
1 0.4858826754385965, 0.016721491228070175, 0.06798245614035088, 0.020285087719298246
1 0.8096217105263158, 0.011421783625730994, 0.03508771929824561, 0.031980994152046784
1 0.6445997807017544, 0.015807748538011698, 0.043859649122807015, 0.03892543859649123
1 0.6750274122807017, 0.016355994152046784, 0.031524122807017545, 0.039473684210526314
1 1.3682839912280702, 0.01800073099415205, 0.04358552631578947, 0.03179824561403509
1 1.405016447368421, 0.019279970760233918, 0.05290570175438596, 0.026133040935672515
1 0.9902686403508771, 0.021290204678362575, 0.03508771929824561, 0.03179824561403509
1 0.5437225877192983, 0.023848684210526317, 0.044956140350877194, 0.0360014619883041
1 1.2301260964912282, 0.027320906432748537, 0.04084429824561404, 0.03837719298245614
1 0.05057565789473684, 0.028965643274853802, 0.04194078947368421, 0.027960526315789474
1 0.00013706140350877192, 0.029331140350877194, 0.05482456140350877, 0.021198830409356724
1 1.020970394736842, 0.030062134502923978, 0.03289473684210526, 0.0360014619883041
1 0.6152686403508771, 0.030975877192982455, 0.041666666666666664, 0.03782894736842105
1 0.7224506578947368, 0.03188961988304093, 0.04194078947368421, 0.039108187134502925
1 0.5023300438596491, 0.03463084795321637, 0.03618421052631579, 0.03545321637426901
1 0.47683662280701755, 0.06716008771929824, 0.048793859649122806, 0.028143274853801168
1 0.8353892543859649, 0.03974780701754386, 0.02987938596491228, 0.044407894736842105
1 0.8118146929824561, 0.04632675438596491, 0.032072368421052634, 0.04057017543859649
1 0.7876918859649122, 0.05893640350877193, 0.03453947368421053, 0.03654970760233918
1 0.7624725877192983, 0.05985014619883041, 0.0268640350877193, 0.04239766081871345
1 0.4058388157894737, 0.036275584795321635, 0.03673245614035088, 0.03070175438596491
1 0.45874451754385964, 0.03718932748538012, 0.0556469298245614, 0.028326023391812866
1 0.7013432017543859, 0.03718932748538012, 0.03673245614035088, 0.0402046783625731
1 1.2090186403508771, 0.0379203216374269, 0.04632675438596491, 0.04111842105263158
1 0.5352247807017544, 0.038651315789473686, 0.04550438596491228, 0.028143274853801168
1 0.5873081140350878, 0.047240497076023395, 0.02905701754385965, 0.03764619883040936
1 0.5505756578947368, 0.059667397660818716, 0.047149122807017545, 0.020833333333333332
1 0.9762883771929824, 0.047605994152046784, 0.07209429824561403, 0.02722953216374269
1 1.2863212719298245, 0.04906798245614035, 0.060581140350877194, 0.030153508771929825
1 1.2561677631578947, 0.04998172514619883, 0.049342105263157895, 0.02722953216374269
1 0.31949013157894735, 0.04961622807017544, 0.04413377192982456, 0.03527046783625731
1 1.176672149122807, 0.049798976608187134, 0.04851973684210526, 0.02320906432748538
1 0.00013706140350877192, 0.05052997076023392, 0.01644736842105263, 0.023391812865497075
1 0.6429550438596491, 0.05217470760233918, 0.0556469298245614, 0.014802631578947368
1 0.25863486842105265, 0.05455043859649123, 0.06743421052631579, 0.03033625730994152
1 0.9392817982456141, 0.05546418128654971, 0.02987938596491228, 0.0402046783625731
1 0.11499451754385964, 0.05674342105263158, 0.031524122807017545, 0.031615497076023395
1 0.3403234649122807, 0.05710891812865497, 0.04084429824561404, 0.029788011695906433
1 0.28604714912280704, 0.060032894736842105, 0.042214912280701754, 0.035818713450292396
1 0.38116776315789475, 0.0602156432748538, 0.02768640350877193, 0.029239766081871343
1 0.9453125, 0.0960343567251462, 0.04084429824561404, 0.04696637426900585
1 0.9872066885964912, 0.11425621345029241, 0.04057017543859649, 0.038559941520467836
1 0.4532620614035088, 0.06186038011695907, 0.04194078947368421, 0.03326023391812866
1 0.9930098684210527, 0.06332236842105263, 0.03782894736842105, 0.038011695906432746
1 0.3910361842105263, 0.06405336257309942, 0.05866228070175439, 0.03527046783625731
1 1.1051260964912282, 0.06460160818713451, 0.03234649122807018, 0.03545321637426901
1 1.1374725877192982, 0.0644188596491228, 0.06661184210526316, 0.017543859649122806
1 0.6163651315789473, 0.06752558479532164, 0.08552631578947369, 0.02046783625730994
1 0.5224780701754386, 0.06642909356725146, 0.04070723684210526, 0.03508771929824561
1 0.5234375, 0.09731359649122807, 0.03769188596491228, 0.04623538011695907
1 0.7184758771929824, 0.0693530701754386, 0.04810855263157895, 0.047697368421052634
1 1.3301809210526316, 0.06990131578947369, 0.03728070175438596, 0.04093567251461988
1 0.3449835526315789, 0.07044956140350878, 0.04742324561403509, 0.04057017543859649
1 1.2123081140350878, 0.07081505847953216, 0.04194078947368421, 0.03527046783625731
1 1.1884594298245614, 0.08899853801169591, 0.05249451754385965, 0.04577850877192982
1 1.302220394736842, 0.07099780701754387, 0.033717105263157895, 0.03490497076023392
1 1.1689967105263157, 0.07739400584795321, 0.034265350877192985, 0.03782894736842105
1 0.6689967105263158, 0.07849049707602339, 0.05016447368421053, 0.031067251461988302
1 0.8688322368421053, 0.07849049707602339, 0.06332236842105263, 0.031980994152046784
1 1.1155427631578947, 0.07867324561403509, 0.04632675438596491, 0.03399122807017544
1 1.1445997807017543, 0.08068347953216375, 0.034265350877192985, 0.03764619883040936
1 0.32634320175438597, 0.08196271929824561, 0.030153508771929825, 0.02010233918128655
1 1.2753563596491229, 0.08616593567251463, 0.03481359649122807, 0.03508771929824561
1 1.2967379385964912, 0.10352704678362573, 0.06633771929824561, 0.02320906432748538
1 0.6380208333333334, 0.08634868421052631, 0.03453947368421053, 0.039108187134502925
1 1.1895559210526316, 0.08726242690058479, 0.02823464912280702, 0.03399122807017544
1 0.782483552631579, 0.0914656432748538, 0.06551535087719298, 0.019554093567251463
1 1.248218201754386, 0.0914656432748538, 0.027960526315789474, 0.051535087719298246
1 1.2287554824561404, 0.10846125730994152, 0.03974780701754386, 0.036366959064327485
1 0.4847861842105263, 0.09694809941520467, 0.05071271929824561, 0.038559941520467836
1 1.0533168859649122, 0.09749634502923976, 0.02768640350877193, 0.03874269005847953
1 0.23506030701754385, 0.09932383040935673, 0.03728070175438596, 0.04111842105263158
1 1.0801809210526316, 0.1004203216374269, 0.060581140350877194, 0.034722222222222224
1 0.7378015350877193, 0.10169956140350878, 0.05235745614035088, 0.05482456140350877
1 0.7186129385964912, 0.14756944444444445, 0.057839912280701754, 0.03919956140350877
1 0.7002467105263158, 0.16433662280701755, 0.037623355263157895, 0.05286001461988304
1 0.8978892543859649, 0.10462353801169591, 0.044407894736842105, 0.04788011695906433
1 0.8734923245614035, 0.11101973684210527, 0.03700657894736842, 0.03618421052631579
1 0.9255756578947368, 0.12070540935672515, 0.03344298245614035, 0.037463450292397664
1 0.8227796052631579, 0.1048062865497076, 0.04577850877192982, 0.041849415204678365
1 1.1276041666666667, 0.105171783625731, 0.03344298245614035, 0.038559941520467836
1 0.6407620614035088, 0.14153874269005848, 0.03536184210526316, 0.0533625730994152
1 0.6210252192982456, 0.10663377192982457, 0.05523574561403509, 0.033168859649122806
1 0.01137609649122807, 0.10846125730994152, 0.04194078947368421, 0.03983918128654971
1 0.07853618421052631, 0.10900950292397661, 0.030153508771929825, 0.0356359649122807
1 0.05112390350877193, 0.11047149122807018, 0.02850877192982456, 0.02887426900584795
1 0.03303179824561404, 0.12947733918128654, 0.03755482456140351, 0.047149122807017545
1 0.14980811403508773, 0.11065423976608187, 0.04331140350877193, 0.038559941520467836
1 -0.00013706140350877192, 0.11101973684210527, 0.022478070175438597, 0.04057017543859649
1 0.3592379385964912, 0.11229897660818713, 0.025767543859649123, 0.033808479532163746
1 1.2923519736842106, 0.11522295321637427, 0.06551535087719298, 0.030519005847953216
1 0.3723958333333333, 0.11723318713450293, 0.030975877192982455, 0.03527046783625731
1 1.2756304824561404, 0.12033991228070176, 0.05674342105263158, 0.03508771929824561
1 1.255345394736842, 0.14866593567251463, 0.0625, 0.01918859649122807
1 1.152549342105263, 0.1230811403508772, 0.03234649122807018, 0.035818713450292396
1 1.1684484649122806, 0.1543311403508772, 0.05537280701754386, 0.030153508771929825
1 0.44216008771929827, 0.12399488304093567, 0.03769188596491228, 0.033808479532163746
1 0.25095942982456143, 0.12509137426900585, 0.04523026315789474, 0.03399122807017544
1 0.2490405701754386, 0.1402595029239766, 0.055098684210526314, 0.028143274853801168
1 0.4009046052631579, 0.1271016081871345, 0.057839912280701754, 0.03271198830409357
1 0.7545230263157895, 0.12024853801169591, 0.047149122807017545, 0.054184941520467836
1 0.5887472587719298, 0.13294956140350878, 0.0517406798245614, 0.041301169590643276
1 0.8000274122807017, 0.1358735380116959, 0.04057017543859649, 0.04733187134502924
1 0.5571546052631579, 0.13642178362573099, 0.046875, 0.0360014619883041
1 0.5242598684210527, 0.16401681286549707, 0.04276315789473684, 0.03819444444444445
1 1.0736019736842106, 0.13843201754385964, 0.04906798245614035, 0.0489766081871345
1 0.03358004385964912, 0.17827119883040934, 0.06373355263157894, 0.015716374269005847
1 0.49684758771929827, 0.14135599415204678, 0.07264254385964912, 0.024853801169590642
1 0.8682839912280702, 0.14336622807017543, 0.052083333333333336, 0.044407894736842105
1 0.30962171052631576, 0.1442799707602339, 0.0400219298245614, 0.03728070175438596
1 0.3471765350877193, 0.16127558479532164, 0.04797149122807018, 0.017361111111111112
1 0.4603892543859649, 0.1440972222222222, 0.033168859649122806, 0.036915204678362575
1 0.19421600877192982, 0.1446454678362573, 0.03536184210526316, 0.051991959064327485
1 0.3411458333333333, 0.1451937134502924, 0.06825657894736842, 0.0268640350877193
1 0.08045504385964912, 0.14665570175438597, 0.048793859649122806, 0.04157529239766082
1 0.0012335526315789473, 0.14884868421052633, 0.03837719298245614, 0.04258040935672515
1 0.8320997807017544, 0.15049342105263158, 0.04906798245614035, 0.04349415204678363
1 0.8548519736842105, 0.1528691520467836, 0.04550438596491228, 0.04075292397660819
1 0.9617598684210527, 0.15250365497076024, 0.0400219298245614, 0.038011695906432746
1 0.13418311403508773, 0.15305190058479531, 0.055098684210526314, 0.04733187134502924
1 0.14185855263157895, 0.16968201754385964, 0.051535087719298246, 0.04075292397660819
1 0.9061129385964912, 0.1528691520467836, 0.05701754385964912, 0.036366959064327485
1 0.21450109649122806, 0.15506213450292397, 0.048793859649122806, 0.05007309941520468
1 0.2983826754385965, 0.1583516081871345, 0.02922697368421053, 0.03179824561403509
1 0.38390899122807015, 0.1680372807017544, 0.03234649122807018, 0.04513888888888889
1 0.23917214912280702, 0.1720577485380117, 0.05098684210526316, 0.04057017543859649
1 0.35512609649122806, 0.17443347953216373, 0.030975877192982455, 0.036915204678362575
1 0.2833059210526316, 0.17616959064327486, 0.07456140350877193, 0.04303728070175439
1 0.28741776315789475, 0.19380482456140352, 0.07319078947368421, 0.03271198830409357
1 1.0086348684210527, 0.1632858187134503, 0.07182017543859649, 0.016812865497076022
1 0.4220120614035088, 0.15908260233918128, 0.03755482456140351, 0.049707602339181284
1 0.3871984649122807, 0.20641447368421054, 0.057839912280701754, 0.03545321637426901
1 0.38061951754385964, 0.20751096491228072, 0.04742324561403509, 0.019919590643274854
1 0.3216831140350877, 0.22487207602339182, 0.07072368421052631, 0.025219298245614034
1 0.6092379385964912, 0.16365131578947367, 0.03508771929824561, 0.04678362573099415
1 1.2534265350877194, 0.16383406432748537, 0.07538377192982457, 0.02138157894736842
1 1.0966282894736843, 0.16931652046783627, 0.03453947368421053, 0.044407894736842105
1 0.4765625, 0.17004751461988304, 0.044407894736842105, 0.03490497076023392
1 0.44421600877192985, 0.1804641812865497, 0.03344298245614035, 0.036915204678362575
1 0.46258223684210525, 0.18686038011695907, 0.0381030701754386, 0.04696637426900585
1 0.49520285087719296, 0.1996527777777778, 0.030975877192982455, 0.0356359649122807
1 0.5006853070175439, 0.17077850877192982, 0.05043859649122807, 0.02850877192982456
1 1.1399396929824561, 0.17278874269005848, 0.05235745614035088, 0.03673245614035088
1 0.6643366228070176, 0.17297149122807018, 0.034882127192982455, 0.04367690058479532
1 0.5618146929824561, 0.18009868421052633, 0.030153508771929825, 0.031615497076023395
1 0.7893366228070176, 0.18210891812865498, 0.05893640350877193, 0.04057017543859649
1 0.9927357456140351, 0.18471308479532164, 0.05455043859649123, 0.05624086257309942
1 1.0433799342105263, 0.18667763157894737, 0.05434484649122807, 0.03252923976608187
1 0.8364857456140351, 0.18832236842105263, 0.028782894736842105, 0.04678362573099415
1 0.019325657894736843, 0.19014985380116958, 0.0649671052631579, 0.02722953216374269
1 0.8573190789473685, 0.19161184210526316, 0.0537280701754386, 0.04513888888888889
1 0.6185581140350878, 0.19325657894736842, 0.04961622807017544, 0.038559941520467836
1 0.9209155701754386, 0.1941703216374269, 0.034265350877192985, 0.04532163742690058
1 0.9077576754385965, 0.2347404970760234, 0.04742324561403509, 0.03527046783625731
1 0.9710800438596491, 0.1945358187134503, 0.03399122807017544, 0.04057017543859649
1 0.9486019736842105, 0.20056652046783627, 0.028782894736842105, 0.03837719298245614
1 0.9491502192982456, 0.23254751461988304, 0.0356359649122807, 0.03326023391812866
1 0.7197094298245614, 0.19563230994152048, 0.07839912280701754, 0.02631578947368421
1 0.7194353070175439, 0.21628289473684212, 0.07017543859649122, 0.021929824561403508
1 0.23862390350877194, 0.19983552631578946, 0.05043859649122807, 0.031615497076023395
1 0.19394188596491227, 0.20604897660818713, 0.05317982456140351, 0.02101608187134503
1 0.22902960526315788, 0.22359283625730994, 0.054276315789473686, 0.017178362573099414
1 -0.00013706140350877192, 0.20221125730994152, 0.013157894736842105, 0.019554093567251463
1 0.5851151315789473, 0.2027595029239766, 0.035910087719298246, 0.05701754385964912
1 -0.00013706140350877192, 0.2029422514619883, 0.04194078947368421, 0.04623538011695907
1 0.551672149122807, 0.20732821637426901, 0.03618421052631579, 0.03399122807017544
1 0.5217927631578947, 0.20933845029239767, 0.06112938596491228, 0.037463450292397664
1 0.8852796052631579, 0.203125, 0.04057017543859649, 0.03728070175438596
1 0.08621162280701754, 0.20403874269005848, 0.04029605263157895, 0.03252923976608187
1 0.657483552631579, 0.20732821637426901, 0.06195175438596491, 0.028691520467836257
1 0.6284265350877193, 0.21025219298245615, 0.04523026315789474, 0.0447733918128655
1 0.7586348684210527, 0.2206688596491228, 0.08360745614035088, 0.025950292397660817
1 0.6714638157894737, 0.2252375730994152, 0.06633771929824561, 0.02284356725146199
1 0.6059484649122807, 0.2320906432748538, 0.04057017543859649, 0.03389985380116959
1 0.7265625, 0.23254751461988304, 0.04029605263157895, 0.025584795321637425
1 0.7950932017543859, 0.2382127192982456, 0.06770833333333333, 0.025219298245614034
1 0.7490405701754386, 0.23857821637426901, 0.041666666666666664, 0.039108187134502925
1 0.8320997807017544, 0.24113669590643275, 0.04797149122807018, 0.047697368421052634
1 0.6673519736842105, 0.24515716374269006, 0.03234649122807018, 0.04678362573099415
1 0.7972861842105263, 0.2510051169590643, 0.04194078947368421, 0.05025584795321637
1 0.6462445175438597, 0.2550255847953216, 0.02768640350877193, 0.03289473684210526
1 0.7630208333333334, 0.2555738304093567, 0.04632675438596491, 0.041666666666666664
1 0.719983552631579, 0.2559393274853801, 0.041666666666666664, 0.03453947368421053
1 0.5969024122807017, 0.25995979532163743, 0.03344298245614035, 0.04148391812865497
1 0.6245888157894737, 0.261421783625731, 0.044407894736842105, 0.05263157894736842
1 0.5905975877192983, 0.2751279239766082, 0.03262061403508772, 0.03490497076023392
1 0.6662554824561403, 0.28517909356725146, 0.04961622807017544, 0.0360014619883041
1 0.7265625, 0.2877375730994152, 0.04851973684210526, 0.03618421052631579
1 0.7759046052631579, 0.29120979532163743, 0.030975877192982455, 0.04586988304093567
1 0.8049616228070176, 0.29468201754385964, 0.02850877192982456, 0.03819444444444445
1 1.1064967105263157, 0.21061769005847952, 0.04022752192982456, 0.05968932748538012
1 1.1890076754385965, 0.21116593567251463, 0.03344298245614035, 0.046052631578947366
1 0.015213815789473685, 0.21354166666666666, 0.07839912280701754, 0.029788011695906433
1 0.1972313596491228, 0.21573464912280702, 0.03344298245614035, 0.04075292397660819
1 0.17228618421052633, 0.22651681286549707, 0.03070175438596491, 0.02850877192982456
1 0.1415844298245614, 0.22706505847953215, 0.04632675438596491, 0.034722222222222224
1 0.12733004385964913, 0.2292580409356725, 0.02823464912280702, 0.027960526315789474
1 0.02617872807017544, 0.23126827485380116, 0.06825657894736842, 0.011878654970760233
1 0.0644873903508772, 0.23387244152046785, 0.04283168859649123, 0.054276315789473686
1 0.008634868421052632, 0.24223318713450293, 0.05016447368421053, 0.014802631578947368
1 0.07387609649122807, 0.24643640350877194, 0.04975328947368421, 0.04317434210526316
1 0.1640625, 0.2579495614035088, 0.03673245614035088, 0.03435672514619883
1 0.10916940789473684, 0.2543859649122807, 0.05571546052631579, 0.03718932748538012
1 0.1171875, 0.261421783625731, 0.06716008771929824, 0.041666666666666664
1 0.14514802631578946, 0.2870065789473684, 0.04906798245614035, 0.03252923976608187
1 0.1914747807017544, 0.2873720760233918, 0.04057017543859649, 0.052448830409356724
1 1.158031798245614, 0.2153691520467836, 0.041666666666666664, 0.049342105263157895
1 1.1256853070175439, 0.2484466374269006, 0.0556469298245614, 0.03764619883040936
1 1.1876370614035088, 0.2510051169590643, 0.078125, 0.023026315789473683
1 0.40912828947368424, 0.21737938596491227, 0.0556469298245614, 0.02266081871345029
1 1.0711348684210527, 0.22012061403508773, 0.03234649122807018, 0.03874269005847953
1 1.0497532894736843, 0.2383954678362573, 0.03892543859649123, 0.03508771929824561
1 1.016858552631579, 0.22487207602339182, 0.05235745614035088, 0.03490497076023392
1 0.9598410087719298, 0.24004020467836257, 0.05016447368421053, 0.0400219298245614
1 0.9982182017543859, 0.25447733918128657, 0.05317982456140351, 0.030153508771929825
1 0.9749177631578947, 0.2690972222222222, 0.036458333333333336, 0.04842836257309942
1 0.989172149122807, 0.31186038011695905, 0.04276315789473684, 0.02138157894736842
1 0.9590186403508771, 0.3233735380116959, 0.047697368421052634, 0.03307748538011696
1 1.0886787280701755, 0.23017178362573099, 0.035910087719298246, 0.04532163742690058
1 1.0135690789473684, 0.26836622807017546, 0.08854166666666667, 0.030519005847953216
1 1.0387883771929824, 0.2831688596491228, 0.06332236842105263, 0.019919590643274854
1 1.0527686403508771, 0.29979897660818716, 0.05674342105263158, 0.04751461988304093
1 1.0892269736842106, 0.2935855263157895, 0.046875, 0.05317982456140351
1 0.39624451754385964, 0.2307200292397661, 0.06633771929824561, 0.03618421052631579
1 0.3559484649122807, 0.23766447368421054, 0.057839912280701754, 0.037463450292397664
1 0.532483552631579, 0.24259868421052633, 0.05838815789473684, 0.04550438596491228
1 0.30688048245614036, 0.24479166666666666, 0.07264254385964912, 0.018457602339181287
1 0.5333059210526315, 0.2561220760233918, 0.06140350877192982, 0.044407894736842105
1 0.3907620614035088, 0.25977704678362573, 0.04961622807017544, 0.021747076023391813
1 0.2994791666666667, 0.25995979532163743, 0.0356359649122807, 0.017726608187134504
1 0.32113486842105265, 0.26306652046783624, 0.03399122807017544, 0.05939327485380117
1 0.5634594298245614, 0.2762244152046784, 0.036458333333333336, 0.03673245614035088
1 0.3913103070175439, 0.2796966374269006, 0.07264254385964912, 0.03508771929824561
1 0.49191337719298245, 0.29066154970760233, 0.05646929824561404, 0.03216374269005848
1 0.1059484649122807, 0.23254751461988304, 0.033717105263157895, 0.03673245614035088
1 0.03961074561403509, 0.2378472222222222, 0.047149122807017545, 0.04952485380116959
1 0.8729440789473685, 0.2380299707602339, 0.04331140350877193, 0.03618421052631579
1 0.00013706140350877192, 0.25027412280701755, 0.0400219298245614, 0.031980994152046784
1 0.9222861842105263, 0.25338084795321636, 0.04851973684210526, 0.03764619883040936
1 0.20106907894736842, 0.255391081871345, 0.023300438596491228, 0.031432748538011694
1 0.8924067982456141, 0.2581323099415205, 0.029331140350877194, 0.022112573099415205
1 0.4414747807017544, 0.26050804093567254, 0.07182017543859649, 0.039656432748538015
1 0.45682565789473684, 0.2692799707602339, 0.06304824561403509, 0.03819444444444445
1 0.41762609649122806, 0.27147295321637427, 0.03070175438596491, 0.024671052631578948
1 -0.00013706140350877192, 0.26324926900584794, 0.03070175438596491, 0.03837719298245614
1 0.2671326754385965, 0.2665387426900585, 0.032072368421052634, 0.04842836257309942
1 0.2981085526315789, 0.27147295321637427, 0.024396929824561403, 0.039656432748538015
1 1.1876370614035088, 0.27147295321637427, 0.05482456140350877, 0.019371345029239765
1 1.157140899122807, 0.2749451754385965, 0.03186677631578947, 0.05080409356725146
1 1.1986019736842106, 0.28079312865497075, 0.044407894736842105, 0.03399122807017544
1 1.1865405701754386, 0.29120979532163743, 0.0424890350877193, 0.044042397660818716
1 1.2246436403508771, 0.31186038011695905, 0.05400219298245614, 0.05062134502923977
1 1.1407620614035088, 0.31679459064327486, 0.034265350877192985, 0.05391081871345029
1 1.1133497807017543, 0.31971856725146197, 0.035910087719298246, 0.0447733918128655
1 1.1807839912280702, 0.3233735380116959, 0.06716008771929824, 0.03508771929824561
1 1.1676260964912282, 0.3235562865497076, 0.07702850877192982, 0.05555555555555555
1 0.8252467105263158, 0.2723866959064328, 0.057839912280701754, 0.03673245614035088
1 1.291529605263158, 0.2731176900584795, 0.05674342105263158, 0.05135233918128655
1 0.8578673245614035, 0.27421418128654973, 0.0356359649122807, 0.04568713450292398
1 0.8320997807017544, 0.30528143274853803, 0.05345394736842105, 0.04550438596491228
1 0.8929550438596491, 0.2795138888888889, 0.057839912280701754, 0.0266812865497076
1 0.9507949561403509, 0.282437865497076, 0.03399122807017544, 0.03490497076023392
1 0.5429002192982456, 0.2864583333333333, 0.041666666666666664, 0.05391081871345029
1 1.264391447368421, 0.28810307017543857, 0.05359100877192982, 0.0360014619883041
1 1.2457510964912282, 0.29413377192982454, 0.0649671052631579, 0.05025584795321637
1 1.2378015350877194, 0.29943347953216376, 0.05263157894736842, 0.046052631578947366
1 1.3066063596491229, 0.31222587719298245, 0.03344298245614035, 0.039108187134502925
1 0.8830866228070176, 0.29175804093567254, 0.04523026315789474, 0.03234649122807018
1 0.885827850877193, 0.30235745614035087, 0.057839912280701754, 0.04102704678362573
1 0.6495339912280702, 0.2923062865497076, 0.06112938596491228, 0.0400219298245614
1 0.038240131578947366, 0.2930372807017544, 0.08196271929824561, 0.0266812865497076
1 0.13390899122807018, 0.3045504385964912, 0.05701754385964912, 0.04075292397660819
1 -0.00013706140350877192, 0.3060124269005848, 0.021107456140350877, 0.03271198830409357
1 0.9412006578947368, 0.3069261695906433, 0.05575109649122807, 0.02425986842105263
1 1.0116502192982457, 0.3138706140350877, 0.06112938596491228, 0.031432748538011694
1 0.0478344298245614, 0.3184393274853801, 0.08168859649122807, 0.023940058479532164
1 0.33182565789473684, 0.3215460526315789, 0.03262061403508772, 0.04057017543859649
1 0.30934758771929827, 0.3286732456140351, 0.03728070175438596, 0.039473684210526314
1 0.8200383771929824, 0.3215460526315789, 0.03700657894736842, 0.036915204678362575
1 0.7983826754385965, 0.33415570175438597, 0.0268640350877193, 0.047149122807017545
1 0.5472861842105263, 0.32191154970760233, 0.0712719298245614, 0.03125
1 0.01137609649122807, 0.3244700292397661, 0.033168859649122806, 0.02905701754385965
1 0.20737390350877194, 0.3290387426900585, 0.04550438596491228, 0.05235745614035088
1 0.20970394736842105, 0.3404568713450292, 0.07226973684210526, 0.05400584795321637
1 1.0302905701754386, 0.32574926900584794, 0.044407894736842105, 0.03399122807017544
1 1.3216831140350878, 0.3272112573099415, 0.04742324561403509, 0.04093567251461988
1 0.16378837719298245, 0.3277595029239766, 0.05016447368421053, 0.027595029239766082
1 0.6306195175438597, 0.33433845029239767, 0.05016447368421053, 0.0402046783625731
1 0.7524671052631579, 0.3352521929824561, 0.05084978070175439, 0.05911915204678363
1 -0.00013706140350877192, 0.338358918128655, 0.023026315789473683, 0.048793859649122806
1 0.6909265350877193, 0.3385416666666667, 0.04111842105263158, 0.041666666666666664
1 0.4804002192982456, 0.33908991228070173, 0.07003837719298246, 0.028143274853801168
1 0.985608552631579, 0.34036915204678364, 0.053865131578947366, 0.049342105263157895
1 0.06811951754385964, 0.3411001461988304, 0.05016447368421053, 0.04075292397660819
1 0.0190515350877193, 0.35297880116959063, 0.06990131578947369, 0.0421235380116959
1 0.5812774122807017, 0.34713084795321636, 0.04481907894736842, 0.04093567251461988
1 0.11197916666666667, 0.3522478070175439, 0.04824561403508772, 0.04961622807017544
1 0.3978892543859649, 0.3555372807017544, 0.07044956140350878, 0.03216374269005848
1 0.8880208333333334, 0.35718201754385964, 0.046875, 0.0533625730994152
1 0.9263980263157895, 0.36229897660818716, 0.03782894736842105, 0.04568713450292398
1 0.8013980263157895, 0.3588267543859649, 0.047149122807017545, 0.04550438596491228
1 0.7128563596491229, 0.36175073099415206, 0.05098684210526316, 0.019736842105263157
1 0.6870888157894737, 0.3800255847953216, 0.06578947368421052, 0.030884502923976608
1 0.4387335526315789, 0.3659539473684211, 0.06304824561403509, 0.05281432748538012
1 0.4823190789473684, 0.37838084795321636, 0.05646929824561404, 0.027960526315789474
1 0.8460800438596491, 0.36558845029239767, 0.04708059210526316, 0.06743421052631579
1 0.655016447368421, 0.3674159356725146, 0.041666666666666664, 0.03764619883040936
1 0.4973958333333333, 0.3683296783625731, 0.06085526315789474, 0.023391812865497075
1 0.5322094298245614, 0.37161915204678364, 0.06387061403508772, 0.03728070175438596
1 1.1026589912280702, 0.3736293859649123, 0.05838815789473684, 0.05455043859649123
1 0.9683388157894737, 0.376187865497076, 0.026041666666666668, 0.04532163742690058
1 0.8142817982456141, 0.3829495614035088, 0.0381030701754386, 0.04842836257309942
1 1.2939967105263157, 0.3944627192982456, 0.034265350877192985, 0.05171783625730994
1 0.989172149122807, 0.3942799707602339, 0.04413377192982456, 0.03782894736842105
1 1.0050712719298245, 0.39555921052631576, 0.06469298245614036, 0.039108187134502925
1 0.8759594298245614, 0.4006761695906433, 0.061677631578947366, 0.023757309941520467
1 0.6459703947368421, 0.4224232456140351, 0.07072368421052631, 0.05281432748538012
1 0.21340460526315788, 0.46811038011695905, 0.04029605263157895, 0.02046783625730994
1 0.18818530701754385, 0.4880299707602339, 0.04331140350877193, 0.029605263157894735
1 0.1366502192982456, 0.5161732456140351, 0.04331140350877193, 0.016812865497076022
1 0.7868695175438597, 0.5463267543859649, 0.04057017543859649, 0.04203216374269006
1 1.241639254385965, 0.5536366959064327, 0.05249451754385965, 0.029970760233918127
1 0.8947368421052632, 0.4456323099415205, 0.07702850877192982, 0.049707602339181284
1 1.1347313596491229, 0.27732090643274854, 0.028919956140350877, 0.046600877192982455
1 1.0903234649122806, 0.2694627192982456, 0.044270833333333336, 0.03769188596491228
1 0.3510142543859649, 0.36641081871345027, 0.057702850877192985, 0.05921052631578947
1 0.2236842105263158, 0.2531067251461988, 0.057154605263157895, 0.031524122807017545
1 0.21696820175438597, 0.25621345029239767, 0.04961622807017544, 0.05025584795321637
1 0.23254934210526318, 0.23519736842105263, 0.057702850877192985, 0.02281798245614035
1 0.2728892543859649, 0.2257858187134503, 0.04276315789473684, 0.041529605263157895
1 0.31277412280701755, 0.21098318713450293, 0.046600877192982455, 0.041301169590643276
1 0.33100328947368424, 0.20993238304093567, 0.059895833333333336, 0.026955409356725146
1 0.38582785087719296, 0.09649122807017543, 0.06613212719298246, 0.024945175438596492
1 0.4317434210526316, 0.09274488304093567, 0.055098684210526314, 0.04294590643274854
1 0.7683333333333333, 0.1583516081871345, 0.04622258771929825, 0.0379203216374269
1 0.7264309210526316, 0.1748062865497076, 0.07071820175438596, 0.028645833333333332
1 0.6773574561403509, 0.10645102339181287, 0.04673793859649123, 0.03188961988304093
1 0.6759868421052632, 0.13025402046783627, 0.04358552631578947, 0.050027412280701754
1 1.3366228070175439, -0.0003654970760233918, 0.021107456140350877, 0.014985380116959063
1 1.306469298245614, 0.003198099415204678, 0.04865679824561404, 0.036275584795321635
1 1.2665844298245614, 0.012152777777777778, 0.04276315789473684, 0.0360014619883041
1 0.9682017543859649, 0.059484649122807015, 0.04262609649122807, 0.04623538011695907
1 0.9761513157894737, 0.10526315789473684, 0.033168859649122806, 0.040661549707602336
1 1.033031798245614, 0.07867324561403509, 0.044407894736842105, 0.03874269005847953
1 1.0140487938596492, 0.10083150584795321, 0.045435855263157895, 0.04673793859649123
1 1.0375548245614035, 0.1361933479532164, 0.05201480263157895, 0.026818347953216373
1 1.0208333333333333, 0.1261421783625731, 0.025767543859649123, 0.03782894736842105
1 1.0080866228070176, 0.30057565789473684, 0.06763980263157894, 0.01631030701754386
1 1.0034265350877194, 0.2909356725146199, 0.07798793859649122, 0.019142909356725146
1 0.9564144736842105, 0.00013706140350877192, 0.04632675438596491, 0.03632127192982456
1 0.7737116228070176, 0.026589912280701754, 0.03796600877192982, 0.03070175438596491
1 0.7267680921052632, 0.011924342105263159, 0.05064418859649123, 0.047286184210526314
1 0.7054550438596491, 0.0001827485380116959, 0.03570449561403509, 0.02042214912280702
1 0.7099780701754386, 0.29312865497076024, 0.04516173245614035, 0.04545869883040936
1 0.6975054824561403, 0.24433479532163743, 0.030153508771929825, 0.0512609649122807
1 0.6419956140350878, 0.23547149122807018, 0.07387609649122807, 0.020285087719298246
1 0.5705866228070176, 0.026041666666666668, 0.03919956140350877, 0.027046783625730993
1 0.5082236842105263, 0.005665204678362573, 0.07264254385964912, 0.021290204678362575
1 0.5522889254385965, -0.0001827485380116959, 0.02254660087719298, 0.007218567251461988
1 0.5127467105263158, 0.2499159356725146, 0.033717105263157895, 0.04046600877192982
1 0.45401589912280704, 0.24557565789473684, 0.08436129385964912, 0.029506578947368422
1 0.44435307017543857, 0.23237390350877193, 0.09388706140350878, 0.020453216374269004
1 0.42694627192982454, 0.2421893274853801, 0.03481359649122807, 0.039051535087719295
1 0.3477247807017544, 0.2796966374269006, 0.0278234649122807, 0.03425438596491228
1 0.35529605263157893, 0.2620705409356725, 0.040605811403508774, 0.0536202485380117
1 0.36492598684210525, -0.00010599415204678361, 0.03693804824561404, 0.0042945906432748536
1 0.26144462719298245, 0.03376827485380117, 0.056606359649122806, 0.036858552631578945
1 0.25870339912280704, 0.02197733918128655, 0.06023848684210526, 0.017538377192982457
1 0.22491776315789475, 0.01722404970760234, 0.04070723684210526, 0.042616959064327484
1 0.20278234649122806, 0.010829678362573099, 0.06853070175438597, 0.027401315789473683
1 0.20922423245614036, 0.05116228070175438, 0.061746162280701754, 0.0271765350877193
1 0.23965186403508773, 0.037872807017543864, 0.050507127192982455, 0.01963815789473684
1 0.05605811403508772, 0.1390643274853801, 0.03782894736842105, 0.04567434210526316
1 -6.853070175438596e-05, 0.28279422514619884, 0.007058662280701755, 0.01635233918128655
