1 0.07026681286549707, 0.0903234649122807, 0.03399122807017544, 0.02412280701754386
1 0.08433845029239766, 0.10183662280701754, 0.04029605263157895, 0.026133040935672515
1 0.4909539473684211, 0.10293311403508772, 0.046052631578947366, 0.018457602339181287
1 0.10754751461988304, 0.1084155701754386, 0.05098684210526316, 0.02046783625730994
1 0.11869517543859649, 0.10814144736842106, 0.05345394736842105, 0.021198830409356724
1 0.16127558479532164, 0.10896381578947369, 0.03700657894736842, 0.02942251461988304
1 0.09073464912280702, 0.11225328947368421, 0.04358552631578947, 0.023574561403508772
1 0.13642178362573099, 0.1147203947368421, 0.047697368421052634, 0.015716374269005847
1 0.1492141812865497, 0.11746162280701754, 0.06112938596491228, 0.01699561403508772
1 0.15944809941520469, 0.11938048245614036, 0.04358552631578947, 0.02046783625730994
1 0.4052448830409357, 0.12705592105263158, 0.036458333333333336, 0.01114766081871345
1 0.5083150584795322, 0.12705592105263158, 0.022478070175438597, 0.03874269005847953
1 0.4668311403508772, 0.12952302631578946, 0.049342105263157895, 0.014985380116959063
1 0.4491045321637427, 0.17393092105263158, 0.039473684210526314, 0.02887426900584795
1 0.46427266081871343, 0.1747532894736842, 0.03755482456140351, 0.02412280701754386
1 0.36449195906432746, 0.13144188596491227, 0.041666666666666664, 0.03234649122807018
1 0.4841922514619883, 0.13199013157894737, 0.025767543859649123, 0.022478070175438597
1 0.45129751461988304, 0.13253837719298245, 0.0537280701754386, 0.018092105263157895
1 0.5353618421052632, 0.13939144736842105, 0.035910087719298246, 0.033625730994152045
1 0.2433296783625731, 0.13651315789473684, 0.03056469298245614, 0.03709795321637427
1 0.12362938596491228, 0.14103618421052633, 0.05180921052631579, 0.02046783625730994
1 0.4076206140350877, 0.14213267543859648, 0.046600877192982455, 0.017178362573099414
1 0.41931652046783624, 0.14322916666666666, 0.06332236842105263, 0.019919590643274854
1 0.38934576023391815, 0.14514802631578946, 0.05537280701754386, 0.01918859649122807
1 0.3769188596491228, 0.1522752192982456, 0.041666666666666664, 0.02101608187134503
1 0.3599232456140351, 0.17338267543859648, 0.03289473684210526, 0.03216374269005848
1 0.4810855263157895, 0.14679276315789475, 0.04303728070175439, 0.02887426900584795
1 0.4984466374269006, 0.14706688596491227, 0.02631578947368421, 0.04093567251461988
1 0.5081323099415205, 0.16241776315789475, 0.05345394736842105, 0.02046783625730994
1 0.43320540935672514, 0.15200109649122806, 0.060032894736842105, 0.014619883040935672
1 0.4449013157894737, 0.15309758771929824, 0.0556469298245614, 0.012792397660818713
1 0.07684576023391813, 0.15611293859649122, 0.0268640350877193, 0.041301169590643276
1 0.5410270467836257, 0.15830592105263158, 0.027960526315789474, 0.03216374269005848
1 0.1859466374269006, 0.15995065789473684, 0.05194627192982456, 0.025219298245614034
1 0.20933845029239767, 0.16186951754385964, 0.043859649122807015, 0.020924707602339183
1 0.09164839181286549, 0.16241776315789475, 0.035910087719298246, 0.03527046783625731
1 0.3016264619883041, 0.16433662280701755, 0.05263157894736842, 0.028143274853801168
1 0.5231176900584795, 0.17365679824561403, 0.04523026315789474, 0.020650584795321638
1 0.4883954678362573, 0.17694627192982457, 0.05619517543859649, 0.021564327485380116
1 0.500639619883041, 0.20764802631578946, 0.04331140350877193, 0.034173976608187134
1 0.5167214912280702, 0.21888706140350878, 0.05016447368421053, 0.01699561403508772
1 0.22816154970760233, 0.17310855263157895, 0.04111842105263158, 0.027777777777777776
1 0.25922880116959063, 0.1728344298245614, 0.05228892543859649, 0.019462719298245616
1 0.5324378654970761, 0.17365679824561403, 0.0537280701754386, 0.022478070175438597
1 0.5297880116959064, 0.21669407894736842, 0.061677631578947366, 0.018914473684210526
1 0.40615862573099415, 0.17886513157894737, 0.054276315789473686, 0.015533625730994151
1 0.28463084795321636, 0.18434758771929824, 0.04577850877192982, 0.02700109649122807
1 0.5465095029239766, 0.18626644736842105, 0.024671052631578948, 0.03344298245614035
1 0.4796235380116959, 0.18955592105263158, 0.048793859649122806, 0.017178362573099414
1 0.33890716374269003, 0.1953125, 0.04276315789473684, 0.0356359649122807
1 0.4114583333333333, 0.20052083333333334, 0.057291666666666664, 0.025767543859649123
1 0.4576937134502924, 0.20572916666666666, 0.04632675438596491, 0.023391812865497075
1 0.42077850877192985, 0.21148574561403508, 0.04413377192982456, 0.0356359649122807
1 0.43813961988304095, 0.21203399122807018, 0.046052631578947366, 0.028326023391812866
1 0.5455957602339181, 0.21121162280701755, 0.03728070175438596, 0.028691520467836257
1 0.30665204678362573, 0.21230811403508773, 0.05400219298245614, 0.027549342105263157
1 0.3358004385964912, 0.21559758771929824, 0.05311129385964912, 0.02320906432748538
1 0.6481176900584795, 0.21594024122807018, 0.06928453947368421, 0.01699561403508772
1 0.6601790935672515, 0.22985197368421054, 0.041666666666666664, 0.01608187134502924
1 0.4491045321637427, 0.23560855263157895, 0.04139254385964912, 0.03545321637426901
1 0.47286184210526316, 0.2372532894736842, 0.0400219298245614, 0.02722953216374269
1 0.5644188596491229, 0.2383497807017544, 0.041049890350877194, 0.042214912280701754
1 0.5435855263157895, 0.2421875, 0.03344298245614035, 0.04111842105263158
1 0.49972587719298245, 0.24629934210526316, 0.04577850877192982, 0.025219298245614034
1 0.2738486842105263, 0.24739583333333334, 0.048793859649122806, 0.02046783625730994
1 0.4290021929824561, 0.25863486842105265, 0.041666666666666664, 0.03435672514619883
1 0.32574926900584794, 0.2701480263157895, 0.05235745614035088, 0.02046783625730994
1 0.344937865497076, 0.27069627192982454, 0.04824561403508772, 0.01644736842105263
1 0.19745979532163743, 0.2715186403508772, 0.026589912280701754, 0.01608187134502924
1 0.22615131578947367, 0.2720668859649123, 0.04111842105263158, 0.01699561403508772
1 0.1314875730994152, 0.2739857456140351, 0.04276315789473684, 0.02138157894736842
1 0.3688779239766082, 0.27563048245614036, 0.05235745614035088, 0.025219298245614034
1 0.3014437134502924, 0.27645285087719296, 0.03782894736842105, 0.01699561403508772
1 0.005939327485380117, 0.2778234649122807, 0.052700109649122806, 0.018457602339181287
1 0.2394919590643275, 0.2808388157894737, 0.05482456140350877, 0.018457602339181287
1 0.16255482456140352, 0.28440241228070173, 0.05482456140350877, 0.01882309941520468
1 0.15085891812865498, 0.3071546052631579, 0.0537280701754386, 0.019005847953216373
1 0.25392909356725146, 0.28495065789473684, 0.05016447368421053, 0.021929824561403508
1 -9.137426900584795e-05, 0.2865953947368421, 0.0400219298245614, 0.006944444444444444
1 0.4313779239766082, 0.28741776315789475, 0.05180921052631579, 0.0268640350877193
1 0.2727521929824561, 0.28824013157894735, 0.042214912280701754, 0.014071637426900584
1 0.1985562865497076, 0.29125548245614036, 0.05043859649122807, 0.020833333333333332
1 0.11321271929824561, 0.29262609649122806, 0.04797149122807018, 0.01918859649122807
1 0.3951937134502924, 0.29783442982456143, 0.04413377192982456, 0.0268640350877193
1 0.28517909356725146, 0.2983826754385965, 0.05646929824561404, 0.01918859649122807
1 0.2621527777777778, 0.3266173245614035, 0.04851973684210526, 0.025950292397660817
1 0.38185307017543857, 0.3003015350877193, 0.021107456140350877, 0.026133040935672515
1 0.48163377192982454, 0.3027686403508772, 0.057839912280701754, 0.02010233918128655
1 0.6978252923976608, 0.30550986842105265, 0.047149122807017545, 0.03326023391812866
1 0.7369334795321637, 0.3060581140350877, 0.060032894736842105, 0.02138157894736842
1 0.026955409356725146, 0.3073601973684211, 0.05132949561403509, 0.01663011695906433
1 0.42333698830409355, 0.30879934210526316, 0.04577850877192982, 0.013157894736842105
1 0.3213633040935672, 0.3098958333333333, 0.055098684210526314, 0.02010233918128655
1 0.04194078947368421, 0.31016995614035087, 0.05400219298245614, 0.01827485380116959
1 0.8453033625730995, 0.3118146929824561, 0.0537280701754386, 0.02101608187134503
1 0.1257766812865497, 0.3120888157894737, 0.05400219298245614, 0.021975511695906433
1 0.8008954678362573, 0.3126370614035088, 0.04468201754385965, 0.03033625730994152
1 0.18265716374269006, 0.3151041666666667, 0.05016447368421053, 0.01644736842105263
1 0.05985014619883041, 0.3159265350877193, 0.06661184210526316, 0.01864035087719298
1 0.06825657894736842, 0.32654879385964913, 0.06489857456140351, 0.028645833333333332
1 0.6318530701754386, 0.3164747807017544, 0.06085526315789474, 0.030153508771929825
1 0.3730811403508772, 0.31729714912280704, 0.04358552631578947, 0.025584795321637425
1 0.3502375730994152, 0.33566337719298245, 0.07044956140350878, 0.025219298245614034
1 0.011239035087719298, 0.3183936403508772, 0.052083333333333336, 0.01608187134502924
1 0.01653874269005848, 0.35272752192982454, 0.04899945175438596, 0.020650584795321638
1 0.5393823099415205, 0.3222313596491228, 0.055098684210526314, 0.01663011695906433
1 0.7519188596491229, 0.32195723684210525, 0.05235745614035088, 0.02887426900584795
1 0.46865862573099415, 0.32305372807017546, 0.046052631578947366, 0.013157894736842105
1 0.4978983918128655, 0.32387609649122806, 0.04906798245614035, 0.017909356725146198
1 0.33050073099415206, 0.32524671052631576, 0.061677631578947366, 0.02850877192982456
1 0.3047331871345029, 0.34059758771929827, 0.04851973684210526, 0.027960526315789474
1 0.22724780701754385, 0.32524671052631576, 0.05893640350877193, 0.019554093567251463
1 0.5821454678362573, 0.32579495614035087, 0.05071271929824561, 0.021747076023391813
1 0.40615862573099415, 0.32716557017543857, 0.06030701754385965, 0.020833333333333332
1 0.16566154970760233, 0.3288103070175439, 0.05180921052631579, 0.016812865497076022
1 0.24643640350877194, 0.32990679824561403, 0.03042763157894737, 0.03179824561403509
1 0.6616410818713451, 0.33045504385964913, 0.04084429824561404, 0.02320906432748538
1 9.137426900584795e-05, 0.3315515350877193, 0.0200109649122807, 0.006396198830409356
1 0.7215826023391813, 0.33182565789473684, 0.05975877192982456, 0.02320906432748538
1 0.6813779239766082, 0.33429276315789475, 0.05592105263157895, 0.021747076023391813
1 0.7020285087719298, 0.34059758771929827, 0.05975877192982456, 0.023391812865497075
1 0.4454495614035088, 0.33319627192982454, 0.06016995614035088, 0.023757309941520467
1 0.5218384502923976, 0.3340186403508772, 0.05838815789473684, 0.017909356725146198
1 0.498812134502924, 0.3416940789473684, 0.044407894736842105, 0.02540204678362573
1 0.48145102339181284, 0.36499451754385964, 0.049890350877192985, 0.017726608187134504
1 0.48693347953216376, 0.3751370614035088, 0.03892543859649123, 0.039108187134502925
1 0.5664290935672515, 0.33511513157894735, 0.05674342105263158, 0.01663011695906433
1 0.5518092105263158, 0.34991776315789475, 0.057291666666666664, 0.01882309941520468
1 0.10718201754385964, 0.33675986842105265, 0.05646929824561404, 0.020650584795321638
1 0.2833516081871345, 0.3373081140350877, 0.04139254385964912, 0.023391812865497075
1 0.19764254385964913, 0.33950109649122806, 0.0512609649122807, 0.03070175438596491
1 0.07401315789473684, 0.34018640350877194, 0.06016995614035088, 0.03344298245614035
1 0.6002832602339181, 0.3436129385964912, 0.055098684210526314, 0.02042214912280702
1 0.5718658625730995, 0.35704495614035087, 0.05962171052631579, 0.019965277777777776
1 0.605171783625731, 0.38555372807017546, 0.06469298245614036, 0.01918859649122807
1 0.5647843567251462, 0.41796875, 0.05228892543859649, 0.02905701754385965
1 0.6203399122807017, 0.3433388157894737, 0.06763980263157894, 0.015899122807017545
1 0.37436038011695905, 0.34662828947368424, 0.04961622807017544, 0.020650584795321638
1 0.39263523391812866, 0.34854714912280704, 0.060032894736842105, 0.017909356725146198
1 0.41054459064327486, 0.3495065789473684, 0.053865131578947366, 0.03435672514619883
1 0.04906798245614035, 0.35320723684210525, 0.05448190789473684, 0.01864035087719298
1 0.0826937134502924, 0.36739309210526316, 0.06695449561403509, 0.022821637426900583
1 0.028782894736842105, 0.38829495614035087, 0.046600877192982455, 0.029970760233918127
1 0.05930190058479532, 0.39220120614035087, 0.05228892543859649, 0.02850877192982456
1 0.024396929824561403, 0.4173519736842105, 0.036458333333333336, 0.03837719298245614
1 0.2749451754385965, 0.35457785087719296, 0.03892543859649123, 0.02320906432748538
1 0.13258406432748537, 0.35512609649122806, 0.05235745614035088, 0.019554093567251463
1 0.0044773391812865495, 0.3581414473684211, 0.05098684210526316, 0.013157894736842105
1 0.15944809941520469, 0.3677357456140351, 0.05975877192982456, 0.030153508771929825
1 0.1859466374269006, 0.3638980263157895, 0.0693530701754386, 0.03271198830409357
1 0.1768092105263158, 0.42502741228070173, 0.02768640350877193, 0.03782894736842105
1 0.4608004385964912, 0.3638980263157895, 0.06332236842105263, 0.02320906432748538
1 0.24625365497076024, 0.36444627192982454, 0.04577850877192982, 0.01882309941520468
1 0.7870065789473685, 0.36992872807017546, 0.055098684210526314, 0.023026315789473683
1 0.7246893274853801, 0.37129934210526316, 0.04057017543859649, 0.029788011695906433
1 0.14738669590643275, 0.37266995614035087, 0.04550438596491228, 0.017543859649122806
1 0.14245248538011696, 0.41132127192982454, 0.023300438596491228, 0.016264619883040937
1 0.1007858187134503, 0.3729440789473684, 0.03974780701754386, 0.028691520467836257
1 0.2838998538011696, 0.3751370614035088, 0.04057017543859649, 0.03234649122807018
1 0.30564692982456143, 0.38253837719298245, 0.04194078947368421, 0.021564327485380116
1 0.2833516081871345, 0.38637609649122806, 0.039473684210526314, 0.031432748538011694
1 0.2796966374269006, 0.4206414473684211, 0.03837719298245614, 0.03125
1 0.27055921052631576, 0.42283442982456143, 0.0381030701754386, 0.019005847953216373
1 0.2892909356725146, 0.4354440789473684, 0.057839912280701754, 0.02366593567251462
1 0.2731176900584795, 0.4529879385964912, 0.04680646929824561, 0.023346125730994153
1 0.2513706140350877, 0.45600328947368424, 0.03673245614035088, 0.03490497076023392
1 0.7619700292397661, 0.3751370614035088, 0.06606359649122807, 0.024671052631578948
1 0.7468019005847953, 0.38308662280701755, 0.06030701754385965, 0.023026315789473683
1 0.6593567251461988, 0.3789747807017544, 0.057291666666666664, 0.02421418128654971
1 0.6910635964912281, 0.3841831140350877, 0.048793859649122806, 0.02010233918128655
1 0.6707785087719298, 0.3921326754385965, 0.04742324561403509, 0.025950292397660817
1 0.6373355263157895, 0.4036458333333333, 0.02987938596491228, 0.034173976608187134
1 0.534265350877193, 0.37924890350877194, 0.06140350877192982, 0.021929824561403508
1 0.22395833333333334, 0.3814418859649123, 0.03837719298245614, 0.030884502923976608
1 0.1678545321637427, 0.38829495614035087, 0.04331140350877193, 0.022112573099415205
1 0.3624817251461988, 0.38966557017543857, 0.025767543859649123, 0.03728070175438596
1 0.8021747076023392, 0.3907620614035088, 0.05619517543859649, 0.02101608187134503
1 -9.137426900584795e-05, 0.3904879385964912, 0.0400219298245614, 0.008223684210526315
1 0.3103983918128655, 0.39158442982456143, 0.04358552631578947, 0.03326023391812866
1 0.515625, 0.3921326754385965, 0.04057017543859649, 0.02010233918128655
1 0.4039656432748538, 0.39432565789473684, 0.032072368421052634, 0.02850877192982456
1 0.01745248538011696, 0.40117872807017546, 0.04577850877192982, 0.01699561403508772
1 0.3140533625730994, 0.40337171052631576, 0.04851973684210526, 0.039108187134502925
1 0.2484466374269006, 0.4063870614035088, 0.04961622807017544, 0.020285087719298246
1 0.1225328947368421, 0.40803179824561403, 0.054276315789473686, 0.022112573099415205
1 0.12856359649122806, 0.43242872807017546, 0.03584155701754386, 0.031432748538011694
1 0.22615131578947367, 0.4077576754385965, 0.03042763157894737, 0.025219298245614034
1 0.7131761695906432, 0.4077576754385965, 0.05016447368421053, 0.03271198830409357
1 0.7108004385964912, 0.4206414473684211, 0.057839912280701754, 0.027046783625730993
1 0.36778143274853803, 0.4083059210526316, 0.027138157894736843, 0.016812865497076022
1 0.39263523391812866, 0.4496984649122807, 0.034265350877192985, 0.017726608187134504
1 0.3802083333333333, 0.4505208333333333, 0.05290570175438596, 0.023757309941520467
1 0.48601973684210525, 0.40803179824561403, 0.05921052631578947, 0.025767543859649123
1 0.09694809941520467, 0.40940241228070173, 0.0200109649122807, 0.03289473684210526
1 0.2590460526315789, 0.4096765350877193, 0.05071271929824561, 0.020285087719298246
1 0.3831323099415205, 0.41488486842105265, 0.04194078947368421, 0.0356359649122807
1 0.5022843567251462, 0.41433662280701755, 0.06140350877192982, 0.02284356725146199
1 0.4761513157894737, 0.41488486842105265, 0.05893640350877193, 0.014802631578947368
1 0.46500365497076024, 0.4302357456140351, 0.05482456140350877, 0.019919590643274854
1 0.33927266081871343, 0.41570723684210525, 0.03892543859649123, 0.030153508771929825
1 0.41968201754385964, 0.41899671052631576, 0.029605263157894735, 0.02768640350877193
1 0.43759137426900585, 0.42749451754385964, 0.03234649122807018, 0.03216374269005848
1 0.4226059941520468, 0.4466831140350877, 0.027138157894736843, 0.03179824561403509
1 0.8542580409356725, 0.42009320175438597, 0.03728070175438596, 0.0402046783625731
1 9.137426900584795e-05, 0.4225603070175439, 0.04797149122807018, 0.014802631578947368
1 9.137426900584795e-05, 0.4387335526315789, 0.07168311403508772, 0.025767543859649123
1 0.011878654970760233, 0.46258223684210525, 0.06962719298245613, 0.027869152046783627
1 0.0918311403508772, 0.42283442982456143, 0.02823464912280702, 0.03435672514619883
1 0.7855445906432749, 0.42283442982456143, 0.049342105263157895, 0.019005847953216373
1 0.8272112573099415, 0.42557565789473684, 0.05235745614035088, 0.02284356725146199
1 0.7033077485380117, 0.4263980263157895, 0.054276315789473686, 0.017543859649122806
1 0.690515350877193, 0.43462171052631576, 0.06030701754385965, 0.017726608187134504
1 0.7151864035087719, 0.4688870614035088, 0.052083333333333336, 0.01918859649122807
1 0.6978252923976608, 0.47484923245614036, 0.0463952850877193, 0.022706505847953216
1 0.6356907894736842, 0.42749451754385964, 0.03728070175438596, 0.03216374269005848
1 0.21756213450292397, 0.4296875, 0.05400219298245614, 0.02942251461988304
1 0.5238486842105263, 0.42941337719298245, 0.062225877192982455, 0.014802631578947368
1 0.14053362573099415, 0.43078399122807015, 0.03940515350877193, 0.03536184210526316
1 0.36120248538011696, 0.43188048245614036, 0.04632675438596491, 0.02138157894736842
1 0.34731359649122806, 0.43845942982456143, 0.052083333333333336, 0.021747076023391813
1 0.3699744152046784, 0.4543585526315789, 0.04523026315789474, 0.012426900584795321
1 0.313687865497076, 0.4329769736842105, 0.06030701754385965, 0.02631578947368421
1 0.6755299707602339, 0.4329769736842105, 0.02055921052631579, 0.018457602339181287
1 0.6548793859649122, 0.43983004385964913, 0.024671052631578948, 0.034722222222222224
1 0.6419042397660819, 0.4565515350877193, 0.04084429824561404, 0.03216374269005848
1 0.6581688596491229, 0.46313048245614036, 0.04523026315789474, 0.03271198830409357
1 0.0333516081871345, 0.43379934210526316, 0.054961622807017545, 0.02540204678362573
1 0.04541301169590643, 0.4354440789473684, 0.04303728070175439, 0.03289473684210526
1 0.09950657894736842, 0.4370888157894737, 0.04468201754385965, 0.02412280701754386
1 0.8029057017543859, 0.44065241228070173, 0.02987938596491228, 0.0268640350877193
1 0.30098684210526316, 0.44311951754385964, 0.05263157894736842, 0.016721491228070175
1 0.05491593567251462, 0.4453125, 0.039473684210526314, 0.0360014619883041
1 0.05381944444444445, 0.46710526315789475, 0.04536732456140351, 0.03216374269005848
1 0.04084429824561404, 0.4849917763157895, 0.04475054824561404, 0.025721856725146198
1 0.03536184210526316, 0.5179550438596491, 0.051535087719298246, 0.016264619883040937
1 0.5790387426900585, 0.4453125, 0.03399122807017544, 0.0400219298245614
1 0.5549159356725146, 0.46367872807017546, 0.049342105263157895, 0.027046783625730993
1 0.5755665204678363, 0.4672423245614035, 0.03125, 0.023940058479532164
1 0.5856176900584795, 0.48122258771929827, 0.03042763157894737, 0.03654970760233918
1 0.5625913742690059, 0.4954769736842105, 0.03755482456140351, 0.033625730994152045
1 0.18667763157894737, 0.44640899122807015, 0.03070175438596491, 0.03709795321637427
1 0.1890533625730994, 0.4699835526315789, 0.023848684210526317, 0.026133040935672515
1 0.7345577485380117, 0.4458607456140351, 0.06304824561403509, 0.02266081871345029
1 0.7568530701754386, 0.4609375, 0.07182017543859649, 0.0133406432748538
1 0.7393092105263158, 0.4688870614035088, 0.05235745614035088, 0.020285087719298246
1 0.7634320175438597, 0.47957785087719296, 0.06743421052631579, 0.023757309941520467
1 0.17333698830409358, 0.44832785087719296, 0.049890350877192985, 0.017726608187134504
1 0.5424890350877193, 0.44997258771929827, 0.06798245614035088, 0.019005847953216373
1 0.530610380116959, 0.47574013157894735, 0.054276315789473686, 0.019371345029239765
1 0.4145650584795322, 0.4505208333333333, 0.049890350877192985, 0.031615497076023395
1 0.40944809941520466, 0.45819627192982454, 0.05098684210526316, 0.026224415204678362
1 0.4171235380116959, 0.4995888157894737, 0.05482456140350877, 0.023940058479532164
1 0.2394919590643275, 0.4524396929824561, 0.04824561403508772, 0.019554093567251463
1 0.22669956140350878, 0.46121162280701755, 0.05838815789473684, 0.01644736842105263
1 0.7689144736842105, 0.45490679824561403, 0.03344298245614035, 0.017361111111111112
1 0.836531432748538, 0.45490679824561403, 0.06277412280701754, 0.022478070175438597
1 0.8294042397660819, 0.48533442982456143, 0.07044956140350878, 0.029605263157894735
1 0.8199013157894737, 0.5165844298245614, 0.04673793859649123, 0.0266812865497076
1 0.921875, 0.45600328947368424, 0.05838815789473684, 0.024671052631578948
1 0.31921600877192985, 0.45682565789473684, 0.038171600877192985, 0.027732090643274854
1 0.33342470760233917, 0.47354714912280704, 0.035910087719298246, 0.02722953216374269
1 0.8633954678362573, 0.4570997807017544, 0.04084429824561404, 0.030519005847953216
1 0.9425255847953217, 0.45874451754385964, 0.05180921052631579, 0.01882309941520468
1 0.9575109649122807, 0.47765899122807015, 0.05455043859649123, 0.02284356725146199
1 0.15889985380116958, 0.4609375, 0.047149122807017545, 0.02631578947368421
1 0.13404605263157895, 0.4661458333333333, 0.04742324561403509, 0.024762426900584795
1 0.7851790935672515, 0.46121162280701755, 0.02850877192982456, 0.02887426900584795
1 0.07556652046783625, 0.4585389254385965, 0.06572094298245613, 0.025219298245614034
1 0.4706688596491228, 0.46587171052631576, 0.04797149122807018, 0.029970760233918127
1 0.8136878654970761, 0.46641995614035087, 0.07017543859649122, 0.01827485380116959
1 0.4989948830409357, 0.46779057017543857, 0.05263157894736842, 0.027412280701754384
1 0.45020102339181284, 0.47053179824561403, 0.060032894736842105, 0.015533625730994151
1 0.6643823099415205, 0.47190241228070173, 0.05646929824561404, 0.028326023391812866
1 0.9019554093567251, 0.4721765350877193, 0.06030701754385965, 0.02503654970760234
1 0.9138340643274854, 0.4727247807017544, 0.05921052631578947, 0.0222953216374269
1 0.7976059941520468, 0.47574013157894735, 0.05674342105263158, 0.019005847953216373
1 0.8628472222222222, 0.47546600877192985, 0.04797149122807018, 0.03289473684210526
1 0.8535270467836257, 0.47765899122807015, 0.07072368421052631, 0.018092105263157895
1 0.6832054093567251, 0.4760142543859649, 0.05071271929824561, 0.017909356725146198
1 0.6758954678362573, 0.5138432017543859, 0.06551535087719298, 0.02138157894736842
1 0.893000730994152, 0.47683662280701755, 0.05592105263157895, 0.02046783625730994
1 0.2084247076023392, 0.4784813596491228, 0.047149122807017545, 0.021564327485380116
1 0.46500365497076024, 0.48204495614035087, 0.06716008771929824, 0.015899122807017545
1 0.2586805555555556, 0.4836896929824561, 0.043242872807017545, 0.02284356725146199
1 0.4916849415204678, 0.48999451754385964, 0.06551535087719298, 0.019554093567251463
1 0.15104166666666666, 0.4921875, 0.04331140350877193, 0.027777777777777776
1 0.33379020467836257, 0.49136513157894735, 0.059484649122807015, 0.033808479532163746
1 0.6371527777777778, 0.4916392543859649, 0.05180921052631579, 0.020833333333333332
1 0.19270833333333334, 0.49191337719298245, 0.047697368421052634, 0.033808479532163746
1 0.3175255847953216, 0.4935581140350877, 0.05646929824561404, 0.018457602339181287
1 0.24259868421052633, 0.49520285087719296, 0.049479166666666664, 0.03138706140350877
1 0.38185307017543857, 0.49684758771929827, 0.05098684210526316, 0.025950292397660817
1 0.37454312865497075, 0.5176809210526315, 0.03618421052631579, 0.01882309941520468
1 0.36065423976608185, 0.5212445175438597, 0.05975877192982456, 0.014437134502923976
1 0.37161915204678364, 0.5291940789473685, 0.05263157894736842, 0.027595029239766082
1 0.35334429824561403, 0.581140350877193, 0.05797697368421053, 0.01864035087719298
1 0.7775036549707602, 0.4973958333333333, 0.04797149122807018, 0.019554093567251463
1 0.28499634502923976, 0.5006853070175439, 0.05317982456140351, 0.01699561403508772
1 0.3379934210526316, 0.5475603070175439, 0.04632675438596491, 0.012426900584795321
1 0.32319078947368424, 0.5538651315789473, 0.06195175438596491, 0.015533625730994151
1 0.3321454678362573, 0.5837445175438597, 0.048793859649122806, 0.02448830409356725
1 0.17754020467836257, 0.5026041666666666, 0.046875, 0.041666666666666664
1 0.17096125730994152, 0.5256304824561403, 0.02549342105263158, 0.023391812865497075
1 0.2703764619883041, 0.5037006578947368, 0.048314144736842105, 0.017543859649122806
1 0.6493969298245614, 0.5037006578947368, 0.06277412280701754, 0.014985380116959063
1 0.6620979532163743, 0.5234375, 0.05866228070175439, 0.02275219298245614
1 0.4079861111111111, 0.5042489035087719, 0.06633771929824561, 0.020650584795321638
1 0.9403326023391813, 0.5042489035087719, 0.046052631578947366, 0.03527046783625731
1 0.30217470760233917, 0.5058936403508771, 0.06304824561403509, 0.02266081871345029
1 0.32245979532163743, 0.5075383771929824, 0.05345394736842105, 0.019371345029239765
1 0.1137609649122807, 0.5064418859649122, 0.05016447368421053, 0.023026315789473683
1 0.8694261695906432, 0.5061677631578947, 0.05482456140350877, 0.01608187134502924
1 0.5832419590643275, 0.5127467105263158, 0.034265350877192985, 0.038011695906432746
1 0.5776224415204678, 0.5302905701754386, 0.038651315789473686, 0.03961074561403509
1 0.5914656432748538, 0.5346765350877193, 0.04358552631578947, 0.030519005847953216
1 0.625639619883041, 0.536047149122807, 0.05317982456140351, 0.02284356725146199
1 0.6108369883040936, 0.5363212719298246, 0.07264254385964912, 0.020833333333333332
1 0.5761147660818714, 0.5634594298245614, 0.0644188596491228, 0.019919590643274854
1 0.4812682748538012, 0.5135690789473685, 0.06112938596491228, 0.020650584795321638
1 0.046509502923976605, 0.516858552631579, 0.05043859649122807, 0.017726608187134504
1 0.06679459064327485, 0.516858552631579, 0.03755482456140351, 0.02905701754385965
1 0.6925255847953217, 0.5193256578947368, 0.043859649122807015, 0.01882309941520468
1 9.137426900584795e-05, 0.5223410087719298, 0.04331140350877193, 0.026133040935672515
1 0.513797514619883, 0.5231633771929824, 0.04468201754385965, 0.02850877192982456
1 0.5125182748538012, 0.5524945175438597, 0.02987938596491228, 0.03033625730994152
1 0.15085891812865498, 0.5237116228070176, 0.03755482456140351, 0.023940058479532164
1 0.45111476608187134, 0.5259046052631579, 0.046600877192982455, 0.02850877192982456
1 0.22432383040935672, 0.5267269736842105, 0.02597313596491228, 0.039245248538011694
1 0.10206505847953216, 0.5286458333333334, 0.06304824561403509, 0.020285087719298246
1 0.013980263157894737, 0.5341282894736842, 0.04851973684210526, 0.021929824561403508
1 0.08525219298245613, 0.5363212719298246, 0.05921052631578947, 0.01864035087719298
1 0.05820540935672515, 0.5431743421052632, 0.07168311403508772, 0.015807748538011698
1 0.06469298245614036, 0.5801123903508771, 0.04913651315789474, 0.0200109649122807
1 0.07428728070175439, 0.5941611842105263, 0.041666666666666664, 0.021564327485380116
1 0.7059576023391813, 0.5374177631578947, 0.06729714912280702, 0.022934941520467836
1 0.28609283625730997, 0.5382401315789473, 0.06112938596491228, 0.024305555555555556
1 0.06990131578947369, 0.5385142543859649, 0.05180921052631579, 0.016264619883040937
1 0.5386513157894737, 0.542077850877193, 0.04797149122807018, 0.017543859649122806
1 0.7849963450292398, 0.5371436403508771, 0.05098684210526316, 0.03819444444444445
1 0.18174342105263158, 0.545641447368421, 0.02412280701754386, 0.033808479532163746
1 0.24753289473684212, 0.5453673245614035, 0.04906798245614035, 0.024305555555555556
1 0.14811769005847952, 0.5492050438596491, 0.057839912280701754, 0.02138157894736842
1 9.137426900584795e-05, 0.5508497807017544, 0.043859649122807015, 0.021747076023391813
1 0.1358735380116959, 0.5519462719298246, 0.03919956140350877, 0.019919590643274854
1 0.14190423976608188, 0.5807291666666666, 0.042214912280701754, 0.01663011695906433
1 0.031158625730994153, 0.5527686403508771, 0.04797149122807018, 0.017178362573099414
1 0.04632675438596491, 0.5675712719298246, 0.05455043859649123, 0.01608187134502924
1 0.02585891812865497, 0.5719572368421053, 0.057291666666666664, 0.02284356725146199
1 0.4971673976608187, 0.5533168859649122, 0.06030701754385965, 0.015350877192982455
1 0.6336805555555556, 0.5535910087719298, 0.04139254385964912, 0.020833333333333332
1 0.37582236842105265, 0.5546875, 0.04961622807017544, 0.02320906432748538
1 0.3937317251461988, 0.5864857456140351, 0.044407894736842105, 0.011330409356725146
1 0.3816703216374269, 0.5867598684210527, 0.04523026315789474, 0.013706140350877192
1 0.3515168128654971, 0.5552357456140351, 0.04084429824561404, 0.013706140350877192
1 0.10864400584795321, 0.5571546052631579, 0.05674342105263158, 0.023574561403508772
1 0.22688230994152048, 0.5582510964912281, 0.06112938596491228, 0.024945175438596492
1 0.5499817251461988, 0.5620888157894737, 0.057291666666666664, 0.0222953216374269
1 0.5434027777777778, 0.5670230263157895, 0.04632675438596491, 0.013706140350877192
1 0.5578399122807017, 0.5936129385964912, 0.03673245614035088, 0.023574561403508772
1 0.09438961988304094, 0.5631853070175439, 0.03974780701754386, 0.010599415204678362
1 0.16949926900584794, 0.5642817982456141, 0.05290570175438596, 0.017909356725146198
1 0.4812682748538012, 0.5656524122807017, 0.059484649122807015, 0.019371345029239765
1 0.45184576023391815, 0.5664747807017544, 0.05674342105263158, 0.016264619883040937
1 0.6419042397660819, 0.5667489035087719, 0.04331140350877193, 0.02101608187134503
1 0.19216008771929824, 0.5678453947368421, 0.04331140350877193, 0.01663011695906433
1 0.18503289473684212, 0.573327850877193, 0.046600877192982455, 0.013706140350877192
1 0.29157529239766083, 0.5683936403508771, 0.06332236842105263, 0.024853801169590642
1 0.39903143274853803, 0.5602384868421053, 0.02953673245614035, 0.04025036549707602
1 0.4313779239766082, 0.5694901315789473, 0.05235745614035088, 0.021929824561403508
1 0.46555190058479534, 0.5700383771929824, 0.05345394736842105, 0.015350877192982455
1 0.3114948830409357, 0.5708607456140351, 0.054276315789473686, 0.016812865497076022
1 0.6503106725146199, 0.5711348684210527, 0.04194078947368421, 0.027046783625730993
1 0.5037463450292398, 0.5722313596491229, 0.048793859649122806, 0.016812865497076022
1 0.5954861111111112, 0.5760690789473685, 0.05098684210526316, 0.011878654970760233
1 0.13020833333333334, 0.5788103070175439, 0.047149122807017545, 0.01425438596491228
1 0.5170869883040936, 0.5804550438596491, 0.04057017543859649, 0.023940058479532164
1 0.5190972222222222, 0.5944353070175439, 0.04276315789473684, 0.02503654970760234
1 0.01251827485380117, 0.5818256578947368, 0.03782894736842105, 0.015899122807017545
1 0.11207054093567251, 0.5837445175438597, 0.051535087719298246, 0.02288925438596491
1 0.6757127192982456, 0.5840186403508771, 0.04906798245614035, 0.02138157894736842
1 0.2583150584795322, 0.5851151315789473, 0.04057017543859649, 0.027595029239766082
1 0.3683296783625731, 0.5851151315789473, 0.05756578947368421, 0.019325657894736843
1 0.00045687134502923974, 0.5859375, 0.05235745614035088, 0.018092105263157895
1 0.6640168128654971, 0.588952850877193, 0.044407894736842105, 0.022478070175438597
1 0.4045138888888889, 0.5895010964912281, 0.046121162280701754, 0.01023391812865497
1 0.6006030701754386, 0.5900493421052632, 0.05016447368421053, 0.019919590643274854
1 0.24990862573099415, 0.5947094298245614, 0.029331140350877194, 0.02010233918128655
1 0.19636330409356725, 0.604577850877193, 0.06359649122807018, 0.021929824561403508
1 0.6344115497076024, 0.6064967105263158, 0.04523026315789474, 0.029970760233918127
1 0.5731907894736842, 0.623766447368421, 0.06578947368421052, 0.0333516081871345
1 0.45568347953216376, 0.6785910087719298, 0.034265350877192985, 0.03453947368421053
1 0.4209612573099415, 0.7405427631578947, 0.04139254385964912, 0.023026315789473683
1 0.45568347953216376, 0.7632949561403509, 0.031524122807017545, 0.019736842105263157
1 0.6029788011695907, 0.7808388157894737, 0.026589912280701754, 0.030153508771929825
1 0.4637244152046784, 0.8000274122807017, 0.018092105263157895, 0.012975146198830409
1 0.02805190058479532, 0.8685581140350878, 0.03179824561403509, 0.0133406432748538
1 0.09055555555555556, 0.46936951754385964, 0.061609100877192985, 0.02078764619883041
1 0.10635964912280702, 0.46535635964912275, 0.06575657894736842, 0.023346125730994153
1 0.11979166666666667, 0.46433114035087725, 0.024155701754385965, 0.03289473684210526
1 0.39108187134502925, 0.41015625, 0.031524122807017545, 0.03047331871345029
1 0.4508406432748538, 0.39226973684210525, 0.03515625, 0.013523391812865496
1 0.4288194444444444, 0.38884320175438597, 0.04985745614035088, 0.03177631578947368
1 0.4144279970760234, 0.5846354166666666, 0.028440241228070175, 0.02124451754385965
1 0.4125091374269006, 0.6021107456140351, 0.028645833333333332, 0.02320906432748538
1 0.3448921783625731, 0.541735197368421, 0.0385827850877193, 0.015625
1 0.345109649122807, 0.5000685307017544, 0.04194078947368421, 0.0371546052631579
1 0.6190990497076023, 0.44987664473684214, 0.051055372807017545, 0.02444078947368421
1 0.616593567251462, 0.46367872807017546, 0.06366502192982457, 0.020924707602339183
1 0.5433680555555556, 0.40563870614035086, 0.04865679824561404, 0.02823464912280702
1 0.5573373538011696, 0.40069901315789475, 0.06777686403508772, 0.020879020467836257
1 0.5778051900584795, 0.3755482456140351, 0.05722313596491228, 0.027138157894736843
1 0.5932931286549707, 0.40417763157894737, 0.05511513157894737, 0.025676169590643276
1 0.6124817251461988, 0.40645559210526316, 0.053933662280701754, 0.030975877192982455
