1 0.816375, 0.2835, 0.016666666666666666, 0.02075
1 0.7385, 0.29483333333333334, 0.04, 0.011625
1 0.477875, 0.32916666666666666, 0.011, 0.0105
1 0.345875, 0.39316666666666666, 0.03866666666666667, 0.0125
1 0.89175, 0.3938333333333333, 0.035666666666666666, 0.020375
1 0.577875, 0.4235, 0.025333333333333333, 0.01875
1 0.412375, 0.43083333333333335, 0.020666666666666667, 0.0185
1 0.288625, 0.43516666666666665, 0.03233333333333333, 0.0145
1 0.034625, 0.43583333333333335, 0.025, 0.022
1 0.570625, 0.43616666666666665, 0.03133333333333333, 0.02
1 0.055875, 0.43716666666666665, 0.034333333333333334, 0.01725
1 0.362625, 0.43716666666666665, 0.02266666666666667, 0.0295
1 0.425625, 0.43716666666666665, 0.038, 0.0155
1 0.784875, 0.43783333333333335, 0.041, 0.0145
1 0.448625, 0.4385, 0.029333333333333333, 0.01775
1 0.772125, 0.43983333333333335, 0.04066666666666666, 0.01425
1 0.599375, 0.4405, 0.03766666666666667, 0.0135
1 0.021625, 0.44083333333333335, 0.028666666666666667, 0.02225
1 0.093875, 0.44083333333333335, 0.019333333333333334, 0.03025
1 0.561625, 0.44083333333333335, 0.04033333333333333, 0.01925
1 0.000125, 0.44183333333333336, 0.016, 0.0055
1 0.298125, 0.44183333333333336, 0.036333333333333336, 0.0245
1 0.554125, 0.44183333333333336, 0.04, 0.01075
1 0.266375, 0.44383333333333336, 0.037333333333333336, 0.01875
1 0.615375, 0.44383333333333336, 0.024, 0.0125
1 0.626125, 0.44383333333333336, 0.029666666666666668, 0.01475
1 0.874875, 0.44383333333333336, 0.036333333333333336, 0.019
1 0.948125, 0.44383333333333336, 0.028, 0.02025
1 0.316875, 0.4455, 0.033, 0.0155
1 0.415125, 0.44616666666666666, 0.032, 0.01025
1 0.437875, 0.44716666666666666, 0.037333333333333336, 0.01275
1 0.459875, 0.44683333333333336, 0.042, 0.01225
1 0.388875, 0.4475, 0.035, 0.01675
1 0.591875, 0.4485, 0.035333333333333335, 0.0135
1 0.757875, 0.4488333333333333, 0.037, 0.01175
1 0.471375, 0.45016666666666666, 0.03666666666666667, 0.01475
1 0.742875, 0.45016666666666666, 0.03, 0.0175
1 0.232375, 0.4518333333333333, 0.04, 0.01425
1 0.157875, 0.4525, 0.03233333333333333, 0.02125
1 0.378875, 0.4525, 0.029666666666666668, 0.01725
1 0.129875, 0.4528333333333333, 0.04066666666666666, 0.01175
1 0.139625, 0.4528333333333333, 0.031, 0.0185
1 0.403125, 0.45316666666666666, 0.03766666666666667, 0.01275
1 0.734625, 0.45316666666666666, 0.036333333333333336, 0.01425
1 0.546625, 0.4535, 0.043666666666666666, 0.01225
1 0.487125, 0.4545, 0.03833333333333333, 0.016
1 0.790375, 0.45416666666666666, 0.034333333333333334, 0.0215
1 0.923375, 0.4548333333333333, 0.029666666666666668, 0.0195
1 0.658875, 0.45516666666666666, 0.04033333333333333, 0.012
1 0.200375, 0.4558333333333333, 0.030333333333333334, 0.01375
1 0.189375, 0.4638333333333333, 0.022333333333333334, 0.019
1 0.213375, 0.45616666666666666, 0.04066666666666666, 0.01225
1 0.283625, 0.4565, 0.042, 0.0145
1 0.369125, 0.45616666666666666, 0.038, 0.021
1 0.259875, 0.4568333333333333, 0.037333333333333336, 0.01925
1 0.535875, 0.4568333333333333, 0.033666666666666664, 0.013
1 0.163625, 0.4595, 0.043333333333333335, 0.02125
1 0.673875, 0.4595, 0.03666666666666667, 0.0165
1 0.007875, 0.4598333333333333, 0.027333333333333334, 0.0235
1 0.327875, 0.4598333333333333, 0.03966666666666667, 0.00975
1 0.643875, 0.4595, 0.036, 0.01625
1 0.035125, 0.4605, 0.04, 0.0175
1 0.142125, 0.4608333333333333, 0.037, 0.0175
1 0.353625, 0.4615, 0.037333333333333336, 0.01275
1 0.697375, 0.4628333333333333, 0.037, 0.01325
1 0.117875, 0.4638333333333333, 0.04133333333333333, 0.01425
1 0.710875, 0.4635, 0.042666666666666665, 0.011
1 0.221625, 0.4645, 0.042666666666666665, 0.0115
1 0.336375, 0.46416666666666667, 0.041, 0.01125
1 0.720625, 0.4645, 0.042, 0.0105
1 0.941625, 0.46416666666666667, 0.03766666666666667, 0.0145
1 0.236375, 0.4658333333333333, 0.03333333333333333, 0.021
1 0.910125, 0.4655, 0.036333333333333336, 0.02475
1 0.071125, 0.4665, 0.03833333333333333, 0.01325
1 0.103375, 0.4661666666666667, 0.042666666666666665, 0.0155
1 0.249625, 0.4665, 0.04066666666666666, 0.0175
1 0.305125, 0.4665, 0.026, 0.013
1 0.366625, 0.4665, 0.03766666666666667, 0.01425
1 0.347375, 0.4668333333333333, 0.03333333333333333, 0.00925
1 0.565375, 0.4668333333333333, 0.017666666666666667, 0.0075
1 0.446625, 0.4678333333333333, 0.037333333333333336, 0.01475
1 0.687625, 0.4678333333333333, 0.034, 0.017
1 0.015125, 0.4688333333333333, 0.025, 0.01975
1 0.058375, 0.4695, 0.035333333333333335, 0.0165
1 0.731375, 0.4695, 0.041, 0.01075
1 0.530125, 0.4705, 0.037333333333333336, 0.02
1 0.046625, 0.4731666666666667, 0.03866666666666667, 0.01575
1 0.580625, 0.47383333333333333, 0.04, 0.01475
1 0.930375, 0.4735, 0.041666666666666664, 0.01325
1 0.869375, 0.47583333333333333, 0.039, 0.012
1 0.083375, 0.4765, 0.03333333333333333, 0.01575
1 0.416625, 0.4761666666666667, 0.016666666666666666, 0.02825
1 0.881125, 0.4765, 0.03966666666666667, 0.013
1 0.306375, 0.47783333333333333, 0.030666666666666665, 0.02075
1 0.854625, 0.4775, 0.037, 0.01425
1 0.747875, 0.47983333333333333, 0.022333333333333334, 0.01875
1 0.822375, 0.4811666666666667, 0.021, 0.02975
1 0.898375, 0.4805, 0.03833333333333333, 0.01875
1 0.910875, 0.4811666666666667, 0.04033333333333333, 0.01825
1 0.551375, 0.48383333333333334, 0.031, 0.01975
1 0.891875, 0.4835, 0.042, 0.017
1 0.203875, 0.48583333333333334, 0.034, 0.015
1 0.352625, 0.48583333333333334, 0.025333333333333333, 0.0185
1 0.145625, 0.4865, 0.03, 0.01775
1 0.563125, 0.4871666666666667, 0.035, 0.017
1 0.238875, 0.4965, 0.03266666666666666, 0.01875
1 0.381625, 0.4975, 0.030666666666666665, 0.013
1 0.608375, 0.5025, 0.015, 0.02675
1 0.505375, 0.5135, 0.021333333333333333, 0.01425
1 0.342625, 0.5135, 0.026, 0.02025
1 0.363875, 0.5141666666666667, 0.023, 0.0205
1 0.705625, 0.5151666666666667, 0.023, 0.02525
1 0.545125, 0.5165, 0.03166666666666667, 0.01775
1 0.519625, 0.5181666666666667, 0.030666666666666665, 0.0105
1 0.499875, 0.5191666666666667, 0.03233333333333333, 0.01425
1 0.143875, 0.5198333333333334, 0.021, 0.023
1 0.315625, 0.5218333333333334, 0.042, 0.012
1 0.540625, 0.5255, 0.035333333333333335, 0.01425
1 0.714125, 0.5305, 0.023333333333333334, 0.03
1 0.712875, 0.5411666666666667, 0.046, 0.01425
1 0.172125, 0.5315, 0.035666666666666666, 0.01675
1 0.491375, 0.5361666666666667, 0.032, 0.01725
1 0.205125, 0.5371666666666667, 0.034333333333333334, 0.0175
1 0.450125, 0.5375, 0.04033333333333333, 0.0145
1 0.507125, 0.5395, 0.044, 0.01475
1 0.501625, 0.5758333333333333, 0.04066666666666666, 0.0115
1 0.326375, 0.5411666666666667, 0.026, 0.01
1 0.333375, 0.5408333333333334, 0.041666666666666664, 0.016
1 0.341375, 0.5411666666666667, 0.02, 0.0205
1 0.081875, 0.5418333333333333, 0.026333333333333334, 0.02625
1 0.177625, 0.5455, 0.042333333333333334, 0.018
1 0.188125, 0.5488333333333333, 0.03133333333333333, 0.01975
1 0.195375, 0.5658333333333333, 0.015333333333333332, 0.015
1 0.187625, 0.5785, 0.03766666666666667, 0.01525
1 0.388125, 0.5498333333333333, 0.026333333333333334, 0.01925
1 0.813125, 0.5495, 0.038, 0.0155
1 0.488875, 0.5508333333333333, 0.024666666666666667, 0.015
1 0.638375, 0.5505, 0.030666666666666665, 0.01575
1 0.090375, 0.5511666666666667, 0.025666666666666667, 0.02525
1 0.253125, 0.5511666666666667, 0.03666666666666667, 0.0185
1 0.459875, 0.5518333333333333, 0.038, 0.01475
1 0.628375, 0.5515, 0.03966666666666667, 0.01025
1 0.143375, 0.5531666666666667, 0.046, 0.01575
1 0.156625, 0.5531666666666667, 0.042333333333333334, 0.009
1 0.164875, 0.5531666666666667, 0.03666666666666667, 0.012
1 0.471875, 0.5535, 0.034666666666666665, 0.01575
1 0.437875, 0.5541666666666667, 0.039, 0.0145
1 0.773625, 0.5545, 0.03866666666666667, 0.0135
1 0.618125, 0.5551666666666667, 0.04066666666666666, 0.0105
1 0.827125, 0.5551666666666667, 0.03866666666666667, 0.011
1 0.726625, 0.5561666666666667, 0.03233333333333333, 0.01375
1 0.761375, 0.5558333333333333, 0.04, 0.0165
1 0.233375, 0.5571666666666667, 0.032, 0.0155
1 0.232125, 0.5788333333333333, 0.030333333333333334, 0.01575
1 0.642875, 0.5571666666666667, 0.03233333333333333, 0.0205
1 0.107875, 0.5575, 0.031, 0.0145
1 0.205125, 0.5578333333333333, 0.036333333333333336, 0.026
1 0.269375, 0.5585, 0.029333333333333333, 0.016
1 0.117375, 0.5605, 0.033, 0.016
1 0.347875, 0.5608333333333333, 0.017666666666666667, 0.01475
1 0.512375, 0.5611666666666667, 0.04033333333333333, 0.01575
1 0.787375, 0.5611666666666667, 0.03166666666666667, 0.016
1 0.665875, 0.5618333333333333, 0.036, 0.01225
1 0.741375, 0.5615, 0.025666666666666667, 0.0105
1 0.749875, 0.5665, 0.042, 0.011
1 0.603875, 0.5621666666666667, 0.03766666666666667, 0.01425
1 0.123125, 0.5631666666666667, 0.03833333333333333, 0.01775
1 0.479375, 0.5645, 0.036, 0.0145
1 0.685375, 0.5648333333333333, 0.03833333333333333, 0.0205
1 0.579125, 0.5658333333333333, 0.048, 0.012
1 0.589875, 0.5661666666666667, 0.03, 0.01525
1 0.551375, 0.5665, 0.033666666666666664, 0.016
1 0.703625, 0.5665, 0.042666666666666665, 0.01375
1 0.221625, 0.5668333333333333, 0.034333333333333334, 0.0125
1 0.305875, 0.5678333333333333, 0.036333333333333336, 0.01425
1 0.096375, 0.5691666666666667, 0.034666666666666665, 0.0105
1 0.351625, 0.5695, 0.037, 0.016
1 0.358125, 0.5818333333333333, 0.044333333333333336, 0.016
1 0.354375, 0.6168333333333333, 0.026333333333333334, 0.0225
1 0.246875, 0.5705, 0.041666666666666664, 0.0145
1 0.564125, 0.5701666666666667, 0.042, 0.014
1 0.296875, 0.5711666666666667, 0.036, 0.0135
1 0.376125, 0.5708333333333333, 0.03766666666666667, 0.013
1 0.386125, 0.5708333333333333, 0.03, 0.0135
1 0.369125, 0.5721666666666667, 0.051, 0.01475
1 0.539125, 0.5715, 0.04033333333333333, 0.014
1 0.137625, 0.5725, 0.035333333333333335, 0.01325
1 0.274375, 0.5725, 0.03, 0.022
1 0.403375, 0.5721666666666667, 0.03, 0.0175
1 0.395125, 0.5778333333333333, 0.03933333333333333, 0.013
1 0.806625, 0.5721666666666667, 0.03766666666666667, 0.02075
1 0.335125, 0.5741666666666667, 0.043333333333333335, 0.0125
1 0.441375, 0.5745, 0.036, 0.0175
1 0.759125, 0.5748333333333333, 0.039, 0.0165
1 0.425125, 0.5758333333333333, 0.036333333333333336, 0.01575
1 0.422125, 0.5955, 0.035, 0.01525
1 0.490875, 0.5768333333333333, 0.03833333333333333, 0.01175
1 0.786625, 0.5771666666666667, 0.03966666666666667, 0.01575
1 0.314375, 0.5788333333333333, 0.037333333333333336, 0.0205
1 0.676125, 0.5788333333333333, 0.04, 0.018
1 0.688375, 0.5895, 0.041666666666666664, 0.01275
1 0.105375, 0.5821666666666667, 0.028666666666666667, 0.024
1 0.801125, 0.5831666666666667, 0.021, 0.01825
1 0.292125, 0.5835, 0.04066666666666666, 0.01325
1 0.520375, 0.5851666666666666, 0.0465, 0.0095
1 0.345875, 0.5858333333333333, 0.03766666666666667, 0.01175
1 0.165375, 0.5875, 0.024333333333333332, 0.0165
1 0.178625, 0.5875, 0.027333333333333334, 0.01425
1 0.527875, 0.5875, 0.035166666666666666, 0.014
1 0.739375, 0.5878333333333333, 0.035, 0.01825
1 0.463125, 0.5885, 0.031, 0.015
1 0.727375, 0.5885, 0.042, 0.0135
1 0.201375, 0.5891666666666666, 0.033, 0.0165
1 0.714375, 0.5888333333333333, 0.036333333333333336, 0.013
1 0.264625, 0.5898333333333333, 0.04066666666666666, 0.01025
1 0.442625, 0.5895, 0.03, 0.02575
1 0.437375, 0.6128333333333333, 0.025, 0.02175
1 0.213125, 0.5901666666666666, 0.027666666666666666, 0.02575
1 0.284875, 0.5901666666666666, 0.043666666666666666, 0.01425
1 0.253625, 0.5931666666666666, 0.037333333333333336, 0.014
1 0.774625, 0.5938333333333333, 0.034666666666666665, 0.0135
1 0.552875, 0.5945, 0.03333333333333333, 0.01325
1 0.548625, 0.6278333333333334, 0.037, 0.01525
1 0.611125, 0.5941666666666666, 0.035666666666666666, 0.01425
1 0.315875, 0.5951666666666666, 0.03933333333333333, 0.01925
1 0.320875, 0.6158333333333333, 0.02666666666666667, 0.0205
1 0.413875, 0.5958333333333333, 0.035666666666666666, 0.01225
1 0.6345, 0.5958333333333333, 0.026, 0.009875
1 0.623375, 0.5965, 0.04066666666666666, 0.015
1 0.275125, 0.5985, 0.04066666666666666, 0.01125
1 0.477125, 0.5991666666666666, 0.036, 0.013
1 0.382375, 0.6025, 0.036, 0.0125
1 0.509625, 0.6035, 0.03766666666666667, 0.01725
1 0.240125, 0.6068333333333333, 0.031, 0.01575
1 0.298125, 0.6085, 0.038, 0.019
1 0.452125, 0.6111666666666666, 0.021333333333333333, 0.02425
1 0.538125, 0.6128333333333333, 0.034666666666666665, 0.013375
1 0.341375, 0.6175, 0.035666666666666666, 0.012
1 0.399875, 0.6215, 0.035, 0.0185
1 0.571625, 0.6241666666666666, 0.029, 0.0265
1 0.487125, 0.6315, 0.04133333333333333, 0.0155
1 0.124625, 0.6365, 0.034, 0.02475
1 0.463625, 0.6451666666666667, 0.026, 0.024
1 0.437875, 0.6465, 0.03833333333333333, 0.017
1 0.399625, 0.6481666666666667, 0.039, 0.02225
1 0.540125, 0.6555, 0.03333333333333333, 0.01425
1 0.343375, 0.6555, 0.024666666666666667, 0.02775
1 0.365625, 0.6621666666666667, 0.014333333333333333, 0.02625
1 0.568875, 0.6625, 0.044333333333333336, 0.02175
1 0.581875, 0.6675, 0.028333333333333332, 0.01425
1 0.510125, 0.6635, 0.03266666666666666, 0.01325
1 0.419625, 0.6645, 0.035333333333333335, 0.0205
1 0.465375, 0.6648333333333334, 0.031, 0.029
1 0.697625, 0.6641666666666667, 0.03966666666666667, 0.014
1 0.451125, 0.6665, 0.03766666666666667, 0.012
1 0.520125, 0.6665, 0.042333333333333334, 0.0145
1 0.436, 0.6718333333333333, 0.034, 0.018125
1 0.412625, 0.6738333333333333, 0.03933333333333333, 0.02025
1 0.404125, 0.6881666666666667, 0.043666666666666666, 0.014
1 0.357375, 0.6745, 0.021, 0.02925
1 0.759375, 0.6778333333333333, 0.022333333333333334, 0.03225
1 0.374375, 0.6825, 0.038, 0.025
1 0.678125, 0.6845, 0.033666666666666664, 0.0135
1 0.539375, 0.6848333333333333, 0.03866666666666667, 0.0115
1 0.345875, 0.6858333333333333, 0.04, 0.0105
1 0.355625, 0.6871666666666667, 0.034, 0.0135
1 0.358625, 0.7011666666666667, 0.022333333333333334, 0.0185
1 0.348625, 0.7198333333333333, 0.018, 0.02475
1 0.482125, 0.6878333333333333, 0.037, 0.01875
1 0.559625, 0.6875, 0.041, 0.01325
1 0.55172, 0.7308733333333333, 0.015960000000000002, 0.019405000000000002
1 0.5460625, 0.724, 0.036166666666666666, 0.0173125
1 0.556875, 0.7451666666666666, 0.036333333333333336, 0.0145
1 0.451625, 0.6885, 0.043333333333333335, 0.02025
1 0.321125, 0.6888333333333333, 0.03166666666666667, 0.02575
1 0.741625, 0.6911666666666667, 0.021666666666666667, 0.02825
1 0.390625, 0.6918333333333333, 0.04533333333333334, 0.0145
1 0.506125, 0.6918333333333333, 0.035666666666666666, 0.01225
1 0.767125, 0.6935, 0.030333333333333334, 0.02925
1 0.491375, 0.6955, 0.046, 0.01425
1 0.498625, 0.7251666666666666, 0.017, 0.01725
1 0.549875, 0.6958333333333333, 0.039, 0.01575
1 0.472875, 0.6961666666666667, 0.03933333333333333, 0.01325
1 0.600125, 0.6981666666666667, 0.04, 0.0155
1 0.588375, 0.7078333333333333, 0.041666666666666664, 0.01225
1 0.312875, 0.7005, 0.024333333333333332, 0.027
1 0.611125, 0.7005, 0.024, 0.02925
1 0.522375, 0.7025, 0.025, 0.01725
1 0.512875, 0.7158333333333333, 0.03933333333333333, 0.01525
1 0.431875, 0.7061666666666667, 0.024333333333333332, 0.02325
1 0.576125, 0.7091666666666666, 0.030666666666666665, 0.0165
1 0.636375, 0.7111666666666666, 0.036, 0.0115
1 0.741125, 0.7158333333333333, 0.020666666666666667, 0.029
1 0.740625, 0.7345, 0.039, 0.0205
1 0.737125, 0.7441666666666666, 0.04466666666666667, 0.01175
1 0.749125, 0.7658333333333334, 0.036333333333333336, 0.025
1 0.531625, 0.7205, 0.03, 0.01425
1 0.625125, 0.7205, 0.033, 0.01575
1 0.639625, 0.7458333333333333, 0.03866666666666667, 0.011
1 0.460125, 0.7225, 0.03966666666666667, 0.012
1 0.647375, 0.7231666666666666, 0.042666666666666665, 0.0145
1 0.329125, 0.7241666666666666, 0.023333333333333334, 0.03325
1 0.329125, 0.7368333333333333, 0.021, 0.029875
1 0.432875, 0.7245, 0.020666666666666667, 0.01825
1 0.427625, 0.7408333333333333, 0.03166666666666667, 0.02525
1 0.449125, 0.7248333333333333, 0.035, 0.0155
1 0.600125, 0.7251666666666666, 0.034, 0.024
1 0.479375, 0.7265, 0.042333333333333334, 0.013
1 0.757875, 0.7265, 0.036, 0.01825
1 0.469875, 0.7295, 0.04033333333333333, 0.01225
1 0.393625, 0.7308333333333333, 0.03866666666666667, 0.01425
1 0.404375, 0.7391666666666666, 0.037, 0.0185
1 0.524875, 0.7331666666666666, 0.031, 0.01025
1 0.603625, 0.7358333333333333, 0.035666666666666666, 0.0245
1 0.667875, 0.7365, 0.04033333333333333, 0.01125
1 0.659375, 0.7371666666666666, 0.04466666666666667, 0.00925
1 0.673625, 0.7391666666666666, 0.042, 0.0165
1 0.683625, 0.7471666666666666, 0.043, 0.016
1 0.706875, 0.7545, 0.046, 0.01075
1 0.695125, 0.7555, 0.050333333333333334, 0.01375
1 0.677875, 0.7758333333333334, 0.033666666666666664, 0.02275
1 0.762625, 0.7401666666666666, 0.035666666666666666, 0.02125
1 0.414625, 0.7405, 0.034333333333333334, 0.01875
1 0.575375, 0.7405, 0.038, 0.01325
1 0.721875, 0.7405, 0.042, 0.01625
1 0.714375, 0.7471666666666666, 0.04066666666666666, 0.01775
1 0.587625, 0.7485, 0.029, 0.01225
1 0.625125, 0.7488333333333334, 0.04133333333333333, 0.015
1 0.542875, 0.7498333333333334, 0.043333333333333335, 0.0155
1 0.359625, 0.7508333333333334, 0.017666666666666667, 0.02825
1 0.525875, 0.7511666666666666, 0.033666666666666664, 0.01625
1 0.508125, 0.7521666666666667, 0.035, 0.01775
1 0.562375, 0.7535, 0.041, 0.0145
1 0.606625, 0.7571666666666667, 0.035666666666666666, 0.018
1 0.390875, 0.7611666666666667, 0.017, 0.01
1 0.307875, 0.7645, 0.015, 0.00875
1 0.654625, 0.7635, 0.03666666666666667, 0.01075
1 0.362375, 0.7668333333333334, 0.018, 0.02825
1 0.527625, 0.7698333333333334, 0.029, 0.02225
1 0.639875, 0.7698333333333334, 0.047, 0.01475
1 0.618125, 0.7701666666666667, 0.03133333333333333, 0.01175
1 0.350625, 0.7711666666666667, 0.043333333333333335, 0.0185
1 0.401125, 0.7718333333333334, 0.012, 0.01475
1 0.391125, 0.7785, 0.038, 0.01625
1 0.715125, 0.7728333333333334, 0.041, 0.013
1 0.666875, 0.7785, 0.031, 0.01825
1 0.726375, 0.7838333333333334, 0.035, 0.0115
1 0.626375, 0.7875, 0.030333333333333334, 0.015
1 0.644125, 0.7951666666666667, 0.027333333333333334, 0.02775
1 0.645625, 0.8075, 0.026333333333333334, 0.03025
1 0.65375, 0.572, 0.041, 0.013375
1 0.66675, 0.5978333333333333, 0.036166666666666666, 0.016625
1 0.0785625, 0.4504166666666667, 0.026416666666666668, 0.0178125
1 0.087375, 0.4493333333333333, 0.035666666666666666, 0.023625
1 0.5968125, 0.7411666666666666, 0.030916666666666665, 0.0085
1 0.56625, 0.7018333333333333, 0.03929333333333333, 0.023530000000000002
1 0.3694375, 0.7351666666666666, 0.02666666666666667, 0.024625
1 0.365625, 0.7173333333333334, 0.035083333333333334, 0.0248125
1 0.4075625, 0.7178333333333333, 0.02225, 0.026875
1 0.417625, 0.7002933333333333, 0.0255, 0.028655
1 0.4966875, 0.7410833333333333, 0.04516666666666667, 0.01625
1 0.4878125, 0.73875, 0.04716666666666667, 0.0185
