1 0.5719115497076024, 0.15638706140350878, 0.032072368421052634, 0.023574561403508772
1 0.5872624269005848, 0.17118969298245615, 0.03481359649122807, 0.02138157894736842
1 0.6084612573099415, 0.17831688596491227, 0.04906798245614035, 0.0266812865497076
1 0.5938413742690059, 0.18188048245614036, 0.03673245614035088, 0.019736842105263157
1 0.6543311403508771, 0.18516995614035087, 0.03481359649122807, 0.027595029239766082
1 0.6345942982456141, 0.18763706140350878, 0.04139254385964912, 0.012244152046783625
1 0.6455592105263158, 0.19120065789473684, 0.05317982456140351, 0.014802631578947368
1 0.655610380116959, 0.19449013157894737, 0.03919956140350877, 0.016264619883040937
1 0.6234466374269005, 0.21066337719298245, 0.04468201754385965, 0.017178362573099414
1 0.5947551169590644, 0.22793311403508773, 0.030153508771929825, 0.03344298245614035
1 0.9545869883040936, 0.21724232456140352, 0.04194078947368421, 0.01827485380116959
1 0.9713998538011696, 0.24383223684210525, 0.020833333333333332, 0.02850877192982456
1 0.5817799707602339, 0.21888706140350878, 0.023026315789473683, 0.03654970760233918
1 0.730171783625731, 0.22574013157894737, 0.021107456140350877, 0.03490497076023392
1 0.8401864035087719, 0.23094846491228072, 0.03481359649122807, 0.02905701754385965
1 -9.137426900584795e-05, 0.23314144736842105, 0.023300438596491228, 0.006944444444444444
1 0.6795504385964912, 0.23560855263157895, 0.03974780701754386, 0.021198830409356724
1 0.7002010233918129, 0.23889802631578946, 0.0381030701754386, 0.018092105263157895
1 0.9333881578947368, 0.23889802631578946, 0.04523026315789474, 0.01663011695906433
1 0.9198647660818714, 0.24081688596491227, 0.04797149122807018, 0.017361111111111112
1 0.9205957602339181, 0.27946820175438597, 0.033717105263157895, 0.026133040935672515
1 0.9496527777777778, 0.24109100877192982, 0.0268640350877193, 0.023574561403508772
1 0.893000730994152, 0.24629934210526316, 0.05619517543859649, 0.015716374269005847
1 0.8526133040935673, 0.2506853070175439, 0.030975877192982455, 0.019005847953216373
1 0.836531432748538, 0.2657620614035088, 0.03125, 0.030153508771929825
1 0.7177448830409356, 0.2520559210526316, 0.03481359649122807, 0.020833333333333332
1 0.7849963450292398, 0.2539747807017544, 0.04084429824561404, 0.023940058479532164
1 0.7477156432748538, 0.25424890350877194, 0.04413377192982456, 0.017178362573099414
1 0.9046966374269005, 0.2553453947368421, 0.054276315789473686, 0.01425438596491228
1 0.9153874269005848, 0.2553453947368421, 0.052083333333333336, 0.01251827485380117
1 0.9480080409356725, 0.25616776315789475, 0.03919956140350877, 0.02722953216374269
1 0.9662828947368421, 0.2611019736842105, 0.02138157894736842, 0.03344298245614035
1 0.9748720760233918, 0.2759046052631579, 0.046600877192982455, 0.024853801169590642
1 0.9871162280701754, 0.2885142543859649, 0.03399122807017544, 0.01251827485380117
1 0.9679276315789473, 0.31729714912280704, 0.03618421052631579, 0.03179824561403509
1 0.982547514619883, 0.32716557017543857, 0.043859649122807015, 0.017178362573099414
1 0.9666483918128655, 0.34799890350877194, 0.04331140350877193, 0.02320906432748538
1 0.768000730994152, 0.2671326754385965, 0.03700657894736842, 0.01918859649122807
1 0.8794773391812866, 0.2786458333333333, 0.04632675438596491, 0.014985380116959063
1 0.934484649122807, 0.2805646929824561, 0.03262061403508772, 0.022112573099415205
1 0.8178910818713451, 0.2827576754385965, 0.04139254385964912, 0.030153508771929825
1 0.9569627192982456, 0.2857730263157895, 0.05016447368421053, 0.019005847953216373
1 0.9476425438596491, 0.29591557017543857, 0.04413377192982456, 0.014985380116959063
1 0.30820540935672514, 0.2953673245614035, 0.044407894736842105, 0.013888888888888888
1 0.20623172514619884, 0.29865679824561403, 0.04550438596491228, 0.021929824561403508
1 0.8820358187134503, 0.29920504385964913, 0.04797149122807018, 0.025767543859649123
1 0.7904788011695907, 0.30002741228070173, 0.03728070175438596, 0.021929824561403508
1 0.31971856725146197, 0.30057565789473684, 0.042214912280701754, 0.019005847953216373
1 0.32666301169590645, 0.3301809210526316, 0.0424890350877193, 0.018092105263157895
1 0.3151498538011696, 0.3600603070175439, 0.03618421052631579, 0.019371345029239765
1 0.8156980994152047, 0.30167214912280704, 0.043859649122807015, 0.01827485380116959
1 0.18777412280701755, 0.30359100877192985, 0.04961622807017544, 0.021747076023391813
1 0.39263523391812866, 0.30496162280701755, 0.04358552631578947, 0.016812865497076022
1 0.4085343567251462, 0.3098958333333333, 0.03125, 0.02266081871345029
1 0.9275402046783626, 0.30962171052631576, 0.04057017543859649, 0.02284356725146199
1 0.8942799707602339, 0.31016995614035087, 0.038651315789473686, 0.03216374269005848
1 0.9098135964912281, 0.3123629385964912, 0.039473684210526314, 0.025950292397660817
1 0.42735745614035087, 0.31071820175438597, 0.03070175438596491, 0.029513888888888888
1 0.07337353801169591, 0.31345942982456143, 0.044407894736842105, 0.02023940058479532
1 0.05834247076023392, 0.31483004385964913, 0.03577302631578947, 0.023620248538011698
1 0.05710891812865497, 0.3449835526315789, 0.038651315789473686, 0.01864035087719298
1 0.2581323099415205, 0.31483004385964913, 0.02987938596491228, 0.020650584795321638
1 0.46847587719298245, 0.3151041666666667, 0.048793859649122806, 0.021564327485380116
1 0.11979166666666667, 0.31414473684210525, 0.046463815789473686, 0.01827485380116959
1 0.10462353801169591, 0.3197642543859649, 0.04057017543859649, 0.020650584795321638
1 0.2153691520467836, 0.31674890350877194, 0.032072368421052634, 0.02540204678362573
1 0.21518640350877194, 0.34553179824561403, 0.02987938596491228, 0.017726608187134504
1 0.34055190058479534, 0.3170230263157895, 0.04358552631578947, 0.019736842105263157
1 0.13422880116959066, 0.31757127192982454, 0.0424890350877193, 0.019919590643274854
1 0.5190972222222222, 0.3178453947368421, 0.044407894736842105, 0.01425438596491228
1 0.24259868421052633, 0.31811951754385964, 0.03837719298245614, 0.018092105263157895
1 0.7583150584795322, 0.3189418859649123, 0.047697368421052634, 0.017361111111111112
1 0.0914656432748538, 0.3208607456140351, 0.04358552631578947, 0.018457602339181287
1 0.2784173976608187, 0.32195723684210525, 0.024396929824561403, 0.03070175438596491
1 0.5075840643274854, 0.32387609649122806, 0.03536184210526316, 0.011878654970760233
1 0.04468201754385965, 0.3246984649122807, 0.03399122807017544, 0.012244152046783625
1 0.15268640350877194, 0.3285361842105263, 0.04303728070175439, 0.014437134502923976
1 0.4220577485380117, 0.3288103070175439, 0.039473684210526314, 0.018457602339181287
1 0.6296600877192983, 0.3288103070175439, 0.03919956140350877, 0.019554093567251463
1 0.6852156432748538, 0.3288103070175439, 0.029331140350877194, 0.01663011695906433
1 0.0010051169590643274, 0.33237390350877194, 0.04084429824561404, 0.012244152046783625
1 0.019279970760233918, 0.33429276315789475, 0.04550438596491228, 0.014985380116959063
1 0.026909722222222224, 0.3359375, 0.044407894736842105, 0.020148026315789474
1 0.03974780701754386, 0.3548519736842105, 0.027960526315789474, 0.024305555555555556
1 0.02238669590643275, 0.37815241228070173, 0.01918859649122807, 0.020650584795321638
1 0.1631030701754386, 0.3353892543859649, 0.04550438596491228, 0.01644736842105263
1 0.16876827485380116, 0.36170504385964913, 0.030153508771929825, 0.01827485380116959
1 0.14354897660818713, 0.3734923245614035, 0.07456140350877193, 0.03234649122807018
1 0.4001279239766082, 0.3359375, 0.021107456140350877, 0.022112573099415205
1 0.17845394736842105, 0.3364857456140351, 0.03700657894736842, 0.020285087719298246
1 0.26434576023391815, 0.33621162280701755, 0.046052631578947366, 0.013888888888888888
1 0.2754934210526316, 0.34745065789473684, 0.02549342105263158, 0.028143274853801168
1 0.26361476608187134, 0.36828399122807015, 0.025219298245614034, 0.030884502923976608
1 0.25027412280701755, 0.3770559210526316, 0.04797149122807018, 0.01827485380116959
1 0.9204130116959064, 0.33758223684210525, 0.033168859649122806, 0.031615497076023395
1 0.47267909356725146, 0.3392269736842105, 0.05016447368421053, 0.02101608187134503
1 0.7142726608187134, 0.33895285087719296, 0.035910087719298246, 0.015899122807017545
1 0.2877375730994152, 0.3397752192982456, 0.018914473684210526, 0.03033625730994152
1 0.9419773391812866, 0.3397752192982456, 0.03399122807017544, 0.025219298245614034
1 0.3462171052631579, 0.34141995614035087, 0.04797149122807018, 0.014437134502923976
1 0.6583516081871345, 0.34196820175438597, 0.048793859649122806, 0.015899122807017545
1 0.6477521929824561, 0.3606085526315789, 0.05016447368421053, 0.017361111111111112
1 0.6154057017543859, 0.34279057017543857, 0.043859649122807015, 0.014802631578947368
1 0.13093932748538012, 0.3416940789473684, 0.046052631578947366, 0.0222953216374269
1 0.13971125730994152, 0.36992872807017546, 0.031524122807017545, 0.018092105263157895
1 0.23309576023391812, 0.34470942982456143, 0.03070175438596491, 0.01425438596491228
1 0.2477156432748538, 0.34553179824561403, 0.03892543859649123, 0.017726608187134504
1 0.07684576023391813, 0.3463541666666667, 0.04084429824561404, 0.01699561403508772
1 0.5382858187134503, 0.34690241228070173, 0.044956140350877194, 0.013888888888888888
1 0.42808845029239767, 0.3477247807017544, 0.04824561403508772, 0.019736842105263157
1 0.45440423976608185, 0.34799890350877194, 0.04632675438596491, 0.01516812865497076
1 0.8040021929824561, 0.34854714912280704, 0.04742324561403509, 0.019736842105263157
1 0.7268823099415205, 0.3490953947368421, 0.047697368421052634, 0.01608187134502924
1 0.19618055555555555, 0.3510142543859649, 0.04824561403508772, 0.014071637426900584
1 0.2071454678362573, 0.3592379385964912, 0.04331140350877193, 0.0133406432748538
1 0.21774488304093567, 0.37404057017543857, 0.04358552631578947, 0.021747076023391813
1 0.21829312865497075, 0.3978892543859649, 0.04468201754385965, 0.01644736842105263
1 0.9003106725146199, 0.35128837719298245, 0.03919956140350877, 0.029788011695906433
1 0.7840826023391813, 0.35183662280701755, 0.03289473684210526, 0.013706140350877192
1 0.3511513157894737, 0.3521107456140351, 0.04029605263157895, 0.019554093567251463
1 0.5519919590643275, 0.3521107456140351, 0.04632675438596491, 0.014437134502923976
1 0.8235562865497076, 0.35238486842105265, 0.04111842105263158, 0.014985380116959063
1 0.6896016081871345, 0.35320723684210525, 0.04413377192982456, 0.01827485380116959
1 0.48199926900584794, 0.3548519736842105, 0.044956140350877194, 0.019736842105263157
1 0.7405884502923976, 0.3548519736842105, 0.0424890350877193, 0.01918859649122807
1 0.105171783625731, 0.35512609649122806, 0.046875, 0.017909356725146198
1 0.11010599415204679, 0.3921326754385965, 0.0424890350877193, 0.0133406432748538
1 0.09932383040935673, 0.40858004385964913, 0.04577850877192982, 0.017178362573099414
1 0.09420687134502924, 0.42475328947368424, 0.041666666666666664, 0.014619883040935672
1 0.524031432748538, 0.3548519736842105, 0.04331140350877193, 0.013706140350877192
1 0.0044773391812865495, 0.35567434210526316, 0.03782894736842105, 0.015716374269005847
1 0.3913559941520468, 0.35567434210526316, 0.046875, 0.01516812865497076
1 0.11668494152046784, 0.35759320175438597, 0.03453947368421053, 0.020650584795321638
1 0.5667945906432749, 0.3578673245614035, 0.05756578947368421, 0.014802631578947368
1 0.7564875730994152, 0.3581414473684211, 0.03700657894736842, 0.013157894736842105
1 0.40561038011695905, 0.3595120614035088, 0.047149122807017545, 0.015533625730994151
1 0.36558845029239767, 0.3597861842105263, 0.05345394736842105, 0.013157894736842105
1 0.3590095029239766, 0.38007127192982454, 0.03919956140350877, 0.010782163742690058
1 0.3456688596491228, 0.4115953947368421, 0.033717105263157895, 0.025219298245614034
1 0.8438413742690059, 0.3606085526315789, 0.049342105263157895, 0.02448830409356725
1 0.4883954678362573, 0.3633497807017544, 0.03974780701754386, 0.029788011695906433
1 -9.137426900584795e-05, 0.3647203947368421, 0.0356359649122807, 0.004934210526315789
1 0.6252741228070176, 0.36499451754385964, 0.04742324561403509, 0.01864035087719298
1 0.3866045321637427, 0.36554276315789475, 0.046052631578947366, 0.014071637426900584
1 0.09420687134502924, 0.3677357456140351, 0.03974780701754386, 0.015716374269005847
1 0.07629751461988304, 0.38007127192982454, 0.03262061403508772, 0.02631578947368421
1 0.18210891812865498, 0.36828399122807015, 0.0424890350877193, 0.014619883040935672
1 0.3776498538011696, 0.36883223684210525, 0.03344298245614035, 0.009137426900584795
1 0.7685489766081871, 0.36992872807017546, 0.049342105263157895, 0.017543859649122806
1 0.7678179824561403, 0.4036458333333333, 0.03837719298245614, 0.02101608187134503
1 0.5784904970760234, 0.3715734649122807, 0.05180921052631579, 0.02010233918128655
1 0.6762609649122807, 0.37184758771929827, 0.04523026315789474, 0.014071637426900584
1 0.30893640350877194, 0.3729440789473684, 0.033717105263157895, 0.01644736842105263
1 0.33031798245614036, 0.3743146929824561, 0.027138157894736843, 0.01608187134502924
1 0.32976973684210525, 0.4036458333333333, 0.04111842105263158, 0.013523391812865496
1 0.3184393274853801, 0.4041940789473684, 0.03700657894736842, 0.012426900584795321
1 0.0006396198830409356, 0.37595942982456143, 0.035910087719298246, 0.02631578947368421
1 0.23017178362573099, 0.37678179824561403, 0.0268640350877193, 0.02412280701754386
1 0.234375, 0.40145285087719296, 0.04303728070175439, 0.015716374269005847
1 0.2796966374269006, 0.37924890350877194, 0.016721491228070175, 0.028691520467836257
1 0.4145650584795322, 0.3776041666666667, 0.04331140350877193, 0.014437134502923976
1 0.42315423976608185, 0.38966557017543857, 0.03289473684210526, 0.021564327485380116
1 0.4147478070175439, 0.41872258771929827, 0.019462719298245616, 0.031615497076023395
1 0.9023209064327485, 0.3776041666666667, 0.046600877192982455, 0.023026315789473683
1 0.023483187134502925, 0.37966008771929827, 0.028097587719298246, 0.03344298245614035
1 0.038651315789473686, 0.3833607456140351, 0.03536184210526316, 0.029239766081871343
1 0.014345760233918129, 0.39925986842105265, 0.0268640350877193, 0.027960526315789474
1 0.009228801169590644, 0.4096765350877193, 0.02631578947368421, 0.02887426900584795
1 0.609375, 0.38171600877192985, 0.04851973684210526, 0.01644736842105263
1 0.6609100877192983, 0.3828125, 0.04413377192982456, 0.015899122807017545
1 0.8566337719298246, 0.38363486842105265, 0.01918859649122807, 0.026133040935672515
1 0.8699744152046783, 0.38390899122807015, 0.03755482456140351, 0.023574561403508772
1 0.8008954678362573, 0.3847313596491228, 0.048793859649122806, 0.019005847953216373
1 0.78609283625731, 0.40912828947368424, 0.04413377192982456, 0.027412280701754384
1 0.05217470760233918, 0.3852796052631579, 0.02549342105263158, 0.0266812865497076
1 0.5815972222222222, 0.38500548245614036, 0.04742324561403509, 0.027960526315789474
1 0.5854349415204678, 0.41296600877192985, 0.05235745614035088, 0.02010233918128655
1 0.4452668128654971, 0.38555372807017546, 0.046600877192982455, 0.013888888888888888
1 0.45604897660818716, 0.38692434210526316, 0.0424890350877193, 0.02010233918128655
1 0.5291483918128655, 0.38555372807017546, 0.04276315789473684, 0.017361111111111112
1 0.7112573099415205, 0.38582785087719296, 0.05523574561403509, 0.02275219298245614
1 0.12801535087719298, 0.3866502192982456, 0.03618421052631579, 0.015350877192982455
1 0.11960891812865497, 0.38774671052631576, 0.04276315789473684, 0.01206140350877193
1 0.5176352339181286, 0.38747258771929827, 0.04057017543859649, 0.012244152046783625
1 0.30290570175438597, 0.38774671052631576, 0.0356359649122807, 0.011330409356725146
1 0.2875548245614035, 0.42365679824561403, 0.03974780701754386, 0.022478070175438597
1 0.16401681286549707, 0.3899396929824561, 0.05180921052631579, 0.02101608187134503
1 0.19179459064327486, 0.39871162280701755, 0.01781798245614035, 0.022478070175438597
1 0.17278874269005848, 0.41186951754385964, 0.020285087719298246, 0.031067251461988302
1 0.19983552631578946, 0.4173519736842105, 0.03837719298245614, 0.019919590643274854
1 0.17096125730994152, 0.4239309210526316, 0.02138157894736842, 0.03307748538011696
1 0.2065972222222222, 0.42420504385964913, 0.04906798245614035, 0.019736842105263157
1 0.55765716374269, 0.3902138157894737, 0.04797149122807018, 0.016264619883040937
1 0.5419407894736842, 0.4198190789473684, 0.038651315789473686, 0.025950292397660817
1 0.2513706140350877, 0.3913103070175439, 0.04632675438596491, 0.02722953216374269
1 0.3358004385964912, 0.3913103070175439, 0.020833333333333332, 0.0222953216374269
1 0.7473501461988304, 0.3918585526315789, 0.041666666666666664, 0.023574561403508772
1 0.2694627192982456, 0.39377741228070173, 0.033717105263157895, 0.03216374269005848
1 0.0779422514619883, 0.39432565789473684, 0.033717105263157895, 0.020833333333333332
1 0.734375, 0.3945997807017544, 0.021929824561403508, 0.027777777777777776
1 0.8944627192982456, 0.3951480263157895, 0.04331140350877193, 0.012792397660818713
1 0.37929459064327486, 0.3959703947368421, 0.0381030701754386, 0.01663011695906433
1 0.3699744152046784, 0.41186951754385964, 0.026589912280701754, 0.012792397660818713
1 0.6894188596491229, 0.39624451754385964, 0.046052631578947366, 0.02823464912280702
1 0.0647843567251462, 0.3978892543859649, 0.06578947368421052, 0.014437134502923976
1 0.07428728070175439, 0.40995065789473684, 0.05263157894736842, 0.01023391812865497
1 0.9491045321637427, 0.39816337719298245, 0.05263157894736842, 0.018092105263157895
1 0.8484100877192983, 0.39871162280701755, 0.03536184210526316, 0.025219298245614034
1 0.34292763157894735, 0.3998081140350877, 0.03837719298245614, 0.019736842105263157
1 0.813139619883041, 0.40063048245614036, 0.048793859649122806, 0.021747076023391813
1 0.6309393274853801, 0.4017269736842105, 0.04577850877192982, 0.01827485380116959
1 0.4891264619883041, 0.40200109649122806, 0.04194078947368421, 0.014619883040935672
1 0.2731176900584795, 0.4047423245614035, 0.03070175438596491, 0.028691520467836257
1 0.3107638888888889, 0.40529057017543857, 0.03837719298245614, 0.009502923976608187
1 0.3114948830409357, 0.44229714912280704, 0.023026315789473683, 0.02850877192982456
1 -9.137426900584795e-05, 0.4069353070175439, 0.021655701754385966, 0.008954678362573099
1 0.2888340643274854, 0.40803179824561403, 0.03508771929824561, 0.016812865497076022
1 0.46902412280701755, 0.40940241228070173, 0.05263157894736842, 0.014437134502923976
1 0.47925804093567254, 0.41570723684210525, 0.04742324561403509, 0.015533625730994151
1 0.5063048245614035, 0.4154331140350877, 0.04303728070175439, 0.014802631578947368
1 0.4933296783625731, 0.4222861842105263, 0.04906798245614035, 0.01864035087719298
1 0.03737207602339181, 0.41104714912280704, 0.029331140350877194, 0.02722953216374269
1 0.030975877192982455, 0.4354440789473684, 0.03481359649122807, 0.0133406432748538
1 0.03664108187134503, 0.4680646929824561, 0.0400219298245614, 0.019919590643274854
1 0.8328764619883041, 0.4107730263157895, 0.04413377192982456, 0.01827485380116959
1 0.8286732456140351, 0.42667214912280704, 0.04797149122807018, 0.02101608187134503
1 0.8672331871345029, 0.4277686403508772, 0.05345394736842105, 0.015899122807017545
1 0.8447551169590644, 0.4634046052631579, 0.02138157894736842, 0.03070175438596491
1 0.8791118421052632, 0.4107730263157895, 0.05400219298245614, 0.01882309941520468
1 0.6053545321637427, 0.41324013157894735, 0.0356359649122807, 0.02448830409356725
1 0.936860380116959, 0.41433662280701755, 0.041666666666666664, 0.012792397660818713
1 0.6848501461988304, 0.41625548245614036, 0.046875, 0.02448830409356725
1 0.6833881578947368, 0.4348958333333333, 0.0424890350877193, 0.015350877192982455
1 0.6590826023391813, 0.41707785087719296, 0.0512609649122807, 0.021564327485380116
1 0.1225328947368421, 0.4173519736842105, 0.04057017543859649, 0.02631578947368421
1 0.1314875730994152, 0.4296875, 0.04824561403508772, 0.019554093567251463
1 0.13971125730994152, 0.4358470394736842, 0.05688870614035088, 0.016264619883040937
1 0.7599597953216374, 0.41817434210526316, 0.03536184210526316, 0.022478070175438597
1 0.05235745614035088, 0.4184484649122807, 0.042214912280701754, 0.011695906432748537
1 0.05911915204678363, 0.42749451754385964, 0.04194078947368421, 0.013157894736842105
1 0.040113304093567254, 0.43516995614035087, 0.03536184210526316, 0.020650584795321638
1 0.9631761695906432, 0.4192708333333333, 0.0424890350877193, 0.01699561403508772
1 0.9646381578947368, 0.4359923245614035, 0.03700657894736842, 0.02412280701754386
1 0.9140168128654971, 0.4203673245614035, 0.055098684210526314, 0.023940058479532164
1 0.08214546783625731, 0.4217379385964912, 0.04194078947368421, 0.014802631578947368
1 0.7327302631578947, 0.4233826754385965, 0.04111842105263158, 0.018092105263157895
1 0.2760416666666667, 0.42420504385964913, 0.04413377192982456, 0.0133406432748538
1 0.8506030701754386, 0.42420504385964913, 0.04358552631578947, 0.017361111111111112
1 0.5662463450292398, 0.42612390350877194, 0.04742324561403509, 0.027777777777777776
1 0.5307931286549707, 0.4283168859649123, 0.039473684210526314, 0.013706140350877192
1 0.538468567251462, 0.4466831140350877, 0.0268640350877193, 0.03179824561403509
1 0.26306652046783624, 0.4272203947368421, 0.046600877192982455, 0.014437134502923976
1 0.004660087719298245, 0.4283168859649123, 0.021655701754385966, 0.02722953216374269
1 0.3831323099415205, 0.4302357456140351, 0.04961622807017544, 0.012609649122807017
1 0.39455409356725146, 0.4316063596491228, 0.03673245614035088, 0.011787280701754386
1 0.4376827485380117, 0.42885690789473685, 0.017949561403508774, 0.03234649122807018
1 0.9876644736842105, 0.4310581140350877, 0.05071271929824561, 0.012244152046783625
1 0.41346856725146197, 0.4316063596491228, 0.027546600877192982, 0.025539108187134504
1 0.43265716374269003, 0.44065241228070173, 0.03919956140350877, 0.01608187134502924
1 0.41694078947368424, 0.4466831140350877, 0.023026315789473683, 0.019371345029239765
1 0.36229897660818716, 0.43379934210526316, 0.046052631578947366, 0.01114766081871345
1 0.665296052631579, 0.4340734649122807, 0.038651315789473686, 0.019005847953216373
1 0.8849597953216374, 0.43379934210526316, 0.046600877192982455, 0.02850877192982456
1 0.903234649122807, 0.4708059210526316, 0.03728070175438596, 0.017178362573099414
1 0.9171235380116959, 0.49492872807017546, 0.031524122807017545, 0.019005847953216373
1 0.11083698830409357, 0.4348958333333333, 0.05016447368421053, 0.013888888888888888
1 0.3723501461988304, 0.4368146929824561, 0.046052631578947366, 0.010782163742690058
1 0.7146381578947368, 0.43571820175438597, 0.036458333333333336, 0.028326023391812866
1 0.28846856725146197, 0.4368146929824561, 0.036458333333333336, 0.023757309941520467
1 0.23017178362573099, 0.43928179824561403, 0.05400219298245614, 0.017543859649122806
1 0.21317616959064328, 0.47820723684210525, 0.04851973684210526, 0.031615497076023395
1 0.7683662280701754, 0.43983004385964913, 0.03262061403508772, 0.028326023391812866
1 0.7904788011695907, 0.44805372807017546, 0.035910087719298246, 0.017178362573099414
1 0.7687317251461988, 0.4505208333333333, 0.03179824561403509, 0.02850877192982456
1 0.16383406432748537, 0.4414747807017544, 0.04851973684210526, 0.01699561403508772
1 0.17808845029239767, 0.4420230263157895, 0.04468201754385965, 0.017361111111111112
1 0.24460891812865498, 0.44229714912280704, 0.04961622807017544, 0.018457602339181287
1 0.3511513157894737, 0.44366776315789475, 0.041666666666666664, 0.011878654970760233
1 0.15122441520467836, 0.44449013157894735, 0.0400219298245614, 0.013157894736842105
1 0.1897843567251462, 0.44421600877192985, 0.051535087719298246, 0.01663011695906433
1 0.4463633040935672, 0.44449013157894735, 0.05646929824561404, 0.016264619883040937
1 0.45824195906432746, 0.4535361842105263, 0.046875, 0.01206140350877193
1 0.006853070175438596, 0.44503837719298245, 0.04550438596491228, 0.022478070175438597
1 0.6031615497076024, 0.4447642543859649, 0.01864035087719298, 0.028691520467836257
1 0.5116045321637427, 0.4453125, 0.04851973684210526, 0.016264619883040937
1 0.4635416666666667, 0.4458607456140351, 0.034265350877192985, 0.015533625730994151
1 0.6267361111111112, 0.44832785087719296, 0.046875, 0.01663011695906433
1 0.018731725146198832, 0.44942434210526316, 0.043859649122807015, 0.019736842105263157
1 0.0008223684210526315, 0.4505208333333333, 0.046052631578947366, 0.015899122807017545
1 0.40688961988304095, 0.4505208333333333, 0.024945175438596492, 0.02046783625730994
1 0.4772478070175439, 0.4505208333333333, 0.05290570175438596, 0.013888888888888888
1 0.21390716374269006, 0.45216557017543857, 0.04961622807017544, 0.014071637426900584
1 0.9487390350877193, 0.4538103070175439, 0.044407894736842105, 0.015533625730994151
1 0.3376279239766082, 0.4546326754385965, 0.041666666666666664, 0.018092105263157895
1 0.4980811403508772, 0.45682565789473684, 0.044956140350877194, 0.01608187134502924
1 0.48601973684210525, 0.4702576754385965, 0.049890350877192985, 0.014985380116959063
1 0.49917763157894735, 0.49904057017543857, 0.04851973684210526, 0.013888888888888888
1 0.49058845029239767, 0.520422149122807, 0.05838815789473684, 0.013706140350877192
1 0.12399488304093567, 0.45682565789473684, 0.04276315789473684, 0.011513157894736841
1 0.7943165204678363, 0.4576480263157895, 0.03700657894736842, 0.02887426900584795
1 0.3050986842105263, 0.45819627192982454, 0.013706140350877192, 0.02887426900584795
1 0.5989583333333334, 0.45874451754385964, 0.023574561403508772, 0.031067251461988302
1 0.7171966374269005, 0.4584703947368421, 0.030975877192982455, 0.023574561403508772
1 0.7383954678362573, 0.4623081140350877, 0.04523026315789474, 0.015533625730994151
1 0.7129934210526315, 0.48067434210526316, 0.044407894736842105, 0.02412280701754386
1 0.7435124269005848, 0.5075383771929824, 0.033717105263157895, 0.03125
1 0.5190972222222222, 0.4603892543859649, 0.062225877192982455, 0.019554093567251463
1 0.5291483918128655, 0.48259320175438597, 0.06085526315789474, 0.023757309941520467
1 0.5483369883040936, 0.4609375, 0.04564144736842105, 0.02055921052631579
1 0.5587536549707602, 0.46395285087719296, 0.03782894736842105, 0.027046783625730993
1 0.4078033625730994, 0.46367872807017546, 0.04632675438596491, 0.01663011695906433
1 0.9602521929824561, 0.46559758771929827, 0.027960526315789474, 0.029970760233918127
1 0.7488121345029239, 0.46641995614035087, 0.043859649122807015, 0.015899122807017545
1 0.31167763157894735, 0.4683388157894737, 0.0424890350877193, 0.015350877192982455
1 0.32209429824561403, 0.4740953947368421, 0.044956140350877194, 0.01644736842105263
1 0.42370248538011696, 0.4686129385964912, 0.041666666666666664, 0.010782163742690058
1 0.8794773391812866, 0.4688870614035088, 0.03262061403508772, 0.025950292397660817
1 0.7977887426900585, 0.4694353070175439, 0.0400219298245614, 0.029605263157894735
1 0.2484466374269006, 0.4740953947368421, 0.03042763157894737, 0.028143274853801168
1 0.607547514619883, 0.47245065789473684, 0.03782894736842105, 0.019736842105263157
1 0.6325840643274854, 0.4721765350877193, 0.029331140350877194, 0.027046783625730993
1 0.6444627192982456, 0.4721765350877193, 0.029605263157894735, 0.03179824561403509
1 0.6316703216374269, 0.49821820175438597, 0.016721491228070175, 0.022478070175438597
1 0.6599963450292398, 0.4987664473684211, 0.04331140350877193, 0.02448830409356725
1 0.6369700292397661, 0.5026041666666666, 0.03974780701754386, 0.023574561403508772
1 0.6749817251461988, 0.47245065789473684, 0.02275219298245614, 0.03271198830409357
1 0.5684393274853801, 0.4746436403508772, 0.0356359649122807, 0.02942251461988304
1 0.10900950292397661, 0.4771107456140351, 0.03700657894736842, 0.01425438596491228
1 0.4668311403508772, 0.47738486842105265, 0.03042763157894737, 0.012244152046783625
1 0.43338815789473684, 0.47820723684210525, 0.03892543859649123, 0.01608187134502924
1 0.44197733918128657, 0.47875548245614036, 0.04523026315789474, 0.01864035087719298
1 0.8429276315789473, 0.4784813596491228, 0.024671052631578948, 0.01882309941520468
1 0.0693530701754386, 0.47875548245614036, 0.05290570175438596, 0.02046783625730994
1 0.07885599415204679, 0.5001370614035088, 0.038651315789473686, 0.014071637426900584
1 0.35370979532163743, 0.4790296052631579, 0.04523026315789474, 0.014071637426900584
1 0.3626644736842105, 0.48917214912280704, 0.05317982456140351, 0.013706140350877192
1 0.7705592105263158, 0.4790296052631579, 0.0356359649122807, 0.023574561403508772
1 0.7802448830409356, 0.4946546052631579, 0.04961622807017544, 0.01608187134502924
1 0.7623355263157895, 0.5064418859649122, 0.03618421052631579, 0.019919590643274854
1 0.9876644736842105, 0.47957785087719296, 0.043859649122807015, 0.012244152046783625
1 0.9737755847953217, 0.49684758771929827, 0.05838815789473684, 0.02412280701754386
1 0.9944261695906432, 0.5193256578947368, 0.0712719298245614, 0.005391081871345029
1 0.7599597953216374, 0.4798519736842105, 0.032072368421052634, 0.014802631578947368
1 0.2027595029239766, 0.4804002192982456, 0.03782894736842105, 0.014071637426900584
1 0.0603983918128655, 0.4817708333333333, 0.018914473684210526, 0.019462719298245616
1 0.8226425438596491, 0.48149671052631576, 0.03399122807017544, 0.02448830409356725
1 0.8418311403508771, 0.5001370614035088, 0.03919956140350877, 0.021564327485380116
1 0.8288559941520468, 0.5015076754385965, 0.0381030701754386, 0.017543859649122806
1 0.8973866959064327, 0.5039747807017544, 0.022478070175438597, 0.02046783625730994
1 0.8654057017543859, 0.5097313596491229, 0.033168859649122806, 0.023757309941520467
1 0.8599232456140351, 0.5113760964912281, 0.05235745614035088, 0.021747076023391813
1 0.8516995614035088, 0.5187088815789473, 0.04009046052631579, 0.010416666666666666
1 0.1627375730994152, 0.4883497807017544, 0.020285087719298246, 0.029605263157894735
1 0.39683845029239767, 0.4888980263157895, 0.03728070175438596, 0.018457602339181287
1 0.6720577485380117, 0.48862390350877194, 0.046052631578947366, 0.01663011695906433
1 0.5861659356725146, 0.48944627192982454, 0.05482456140350877, 0.018457602339181287
1 0.28463084795321636, 0.49054276315789475, 0.04276315789473684, 0.02046783625730994
1 0.2862755847953216, 0.5165844298245614, 0.04029605263157895, 0.020650584795321638
1 0.9538559941520468, 0.4908168859649123, 0.05537280701754386, 0.02138157894736842
1 0.9432565789473685, 0.49684758771929827, 0.05345394736842105, 0.01882309941520468
1 0.9441703216374269, 0.5461896929824561, 0.039473684210526314, 0.02448830409356725
1 0.9244334795321637, 0.5472861842105263, 0.051535087719298246, 0.01516812865497076
1 0.968110380116959, 0.5472861842105263, 0.048793859649122806, 0.02540204678362573
1 0.938139619883041, 0.5549616228070176, 0.060032894736842105, 0.013523391812865496
1 0.3875182748538012, 0.4921875, 0.046052631578947366, 0.015899122807017545
1 0.6852156432748538, 0.49191337719298245, 0.026041666666666668, 0.031980994152046784
1 0.6877741228070176, 0.5127467105263158, 0.01864035087719298, 0.02412280701754386
1 0.5699013157894737, 0.49520285087719296, 0.0356359649122807, 0.024853801169590642
1 0.5567434210526315, 0.5083607456140351, 0.03536184210526316, 0.01608187134502924
1 0.7983369883040936, 0.49575109649122806, 0.05043859649122807, 0.023574561403508772
1 0.6133954678362573, 0.49712171052631576, 0.05290570175438596, 0.01918859649122807
1 0.6018823099415205, 0.49766995614035087, 0.054276315789473686, 0.015350877192982455
1 0.3325109649122807, 0.4973958333333333, 0.03974780701754386, 0.02046783625730994
1 0.1857638888888889, 0.49904057017543857, 0.049342105263157895, 0.01663011695906433
1 0.24186769005847952, 0.4984923245614035, 0.0268640350877193, 0.033808479532163746
1 0.731999269005848, 0.5006853070175439, 0.04468201754385965, 0.018457602339181287
1 0.7215826023391813, 0.5083607456140351, 0.0512609649122807, 0.014985380116959063
1 0.026041666666666668, 0.501233552631579, 0.04331140350877193, 0.014071637426900584
1 0.049798976608187134, 0.501233552631579, 0.023574561403508772, 0.021747076023391813
1 0.03664108187134503, 0.5039747807017544, 0.04468201754385965, 0.0133406432748538
1 0.047057748538011694, 0.5130208333333334, 0.043859649122807015, 0.01663011695906433
1 0.41931652046783624, 0.5017817982456141, 0.033717105263157895, 0.02010233918128655
1 0.7895650584795322, 0.5023300438596491, 0.041666666666666664, 0.012975146198830409
1 0.08525219298245613, 0.5031524122807017, 0.04851973684210526, 0.01699561403508772
1 0.10590277777777778, 0.5045230263157895, 0.03892543859649123, 0.01663011695906433
1 0.09237938596491228, 0.5121984649122807, 0.0581140350877193, 0.019554093567251463
1 0.10882675438596491, 0.5346765350877193, 0.03289473684210526, 0.010964912280701754
1 0.47834429824561403, 0.5028782894736842, 0.04742324561403509, 0.01516812865497076
1 0.15122441520467836, 0.5037006578947368, 0.049342105263157895, 0.014619883040935672
1 0.261421783625731, 0.504797149122807, 0.03125, 0.018457602339181287
1 0.12198464912280702, 0.5058936403508771, 0.03782894736842105, 0.012244152046783625
1 0.46865862573099415, 0.5086348684210527, 0.047149122807017545, 0.018457602339181287
1 0.2340095029239766, 0.5091831140350878, 0.04331140350877193, 0.018092105263157895
1 0.0011878654970760233, 0.5102796052631579, 0.0268640350877193, 0.027777777777777776
1 9.137426900584795e-05, 0.5278234649122807, 0.04084429824561404, 0.013706140350877192
1 0.43375365497076024, 0.5121984649122807, 0.03700657894736842, 0.02046783625730994
1 0.4527595029239766, 0.5242598684210527, 0.028782894736842105, 0.009502923976608187
1 0.14007675438596492, 0.5124725877192983, 0.047697368421052634, 0.016812865497076022
1 0.34420687134502925, 0.5152138157894737, 0.046052631578947366, 0.015533625730994151
1 0.46153143274853803, 0.5160361842105263, 0.048793859649122806, 0.02320906432748538
1 0.8078399122807017, 0.5163103070175439, 0.031524122807017545, 0.021198830409356724
1 0.9361293859649122, 0.5179550438596491, 0.042214912280701754, 0.018457602339181287
1 0.19636330409356725, 0.5187774122807017, 0.03782894736842105, 0.01516812865497076
1 0.41547880116959063, 0.5187774122807017, 0.04057017543859649, 0.010782163742690058
1 0.7058662280701754, 0.5201480263157895, 0.039473684210526314, 0.01864035087719298
1 0.21902412280701755, 0.5215186403508771, 0.04824561403508772, 0.018457602339181287
1 0.0061220760233918125, 0.5231633771929824, 0.046875, 0.02010233918128655
1 0.5066703216374269, 0.5239857456140351, 0.049342105263157895, 0.014437134502923976
1 0.6539656432748538, 0.5261787280701754, 0.03837719298245614, 0.019919590643274854
1 0.32702850877192985, 0.5297423245614035, 0.05043859649122807, 0.015716374269005847
1 0.355171783625731, 0.5305646929824561, 0.04550438596491228, 0.012244152046783625
1 0.3409173976608187, 0.5582510964912281, 0.035910087719298246, 0.023940058479532164
1 0.9112755847953217, 0.5305646929824561, 0.04139254385964912, 0.01644736842105263
1 0.7500913742690059, 0.5308388157894737, 0.04276315789473684, 0.020285087719298246
1 0.736202485380117, 0.5393366228070176, 0.04084429824561404, 0.0266812865497076
1 0.13258406432748537, 0.5316611842105263, 0.030153508771929825, 0.01827485380116959
1 0.6914290935672515, 0.5313870614035088, 0.04303728070175439, 0.029970760233918127
1 0.4258954678362573, 0.5319353070175439, 0.04577850877192982, 0.019371345029239765
1 0.5516264619883041, 0.5333059210526315, 0.044956140350877194, 0.013523391812865496
1 0.6221673976608187, 0.5333059210526315, 0.044956140350877194, 0.01608187134502924
1 0.23199926900584794, 0.5341282894736842, 0.033168859649122806, 0.010782163742690058
1 0.5181834795321637, 0.5344024122807017, 0.036458333333333336, 0.023940058479532164
1 0.5624086257309941, 0.5341282894736842, 0.04468201754385965, 0.014071637426900584
1 0.31624634502923976, 0.5352247807017544, 0.048793859649122806, 0.015899122807017545
1 0.21043494152046785, 0.5363212719298246, 0.041666666666666664, 0.016812865497076022
1 0.5788559941520468, 0.5363212719298246, 0.03536184210526316, 0.025584795321637425
1 0.06112938596491228, 0.5382401315789473, 0.03618421052631579, 0.013706140350877192
1 0.6788194444444444, 0.5382401315789473, 0.04303728070175439, 0.03527046783625731
1 0.024396929824561403, 0.5390625, 0.024671052631578948, 0.016812865497076022
1 0.005391081871345029, 0.5538651315789473, 0.03700657894736842, 0.019736842105263157
1 0.8189875730994152, 0.5396107456140351, 0.02275219298245614, 0.03252923976608187
1 0.40305190058479534, 0.5407072368421053, 0.03070175438596491, 0.016264619883040937
1 0.3871527777777778, 0.5415296052631579, 0.05838815789473684, 0.016264619883040937
1 0.38879751461988304, 0.5727796052631579, 0.03536184210526316, 0.023391812865497075
1 0.12289839181286549, 0.5426260964912281, 0.03234649122807018, 0.019736842105263157
1 0.25009137426900585, 0.5434484649122807, 0.035910087719298246, 0.020833333333333332
1 0.2873720760233918, 0.5450932017543859, 0.04111842105263158, 0.019736842105263157
1 0.4456323099415205, 0.5464638157894737, 0.05139802631578947, 0.014619883040935672
1 0.5331688596491229, 0.5467379385964912, 0.04029605263157895, 0.019005847953216373
1 0.023300438596491228, 0.5467379385964912, 0.05043859649122807, 0.02046783625730994
1 0.37125365497076024, 0.5467379385964912, 0.035910087719298246, 0.01516812865497076
1 0.10754751461988304, 0.5475603070175439, 0.05290570175438596, 0.017361111111111112
1 0.0962171052631579, 0.5483826754385965, 0.036458333333333336, 0.014071637426900584
1 0.08945540935672515, 0.5727796052631579, 0.04536732456140351, 0.024671052631578948
1 0.7745796783625731, 0.5497532894736842, 0.046600877192982455, 0.014619883040935672
1 0.7745796783625731, 0.5845668859649122, 0.05180921052631579, 0.02266081871345029
1 0.24113669590643275, 0.5503015350877193, 0.032072368421052634, 0.009502923976608187
1 0.6121162280701754, 0.5503015350877193, 0.05701754385964912, 0.015899122807017545
1 0.763797514619883, 0.5508497807017544, 0.038651315789473686, 0.0133406432748538
1 0.07044956140350878, 0.5519462719298246, 0.044407894736842105, 0.02320906432748538
1 0.6541483918128655, 0.5519462719298246, 0.03508771929824561, 0.020285087719298246
1 0.1546966374269006, 0.5533168859649122, 0.02549342105263158, 0.017543859649122806
1 0.5801352339181286, 0.5541392543859649, 0.04824561403508772, 0.017178362573099414
1 0.6727887426900585, 0.5538651315789473, 0.026041666666666668, 0.019371345029239765
1 0.8175255847953217, 0.5560581140350878, 0.043859649122807015, 0.031432748538011694
1 0.8284904970760234, 0.5895010964912281, 0.030153508771929825, 0.014619883040935672
1 0.8352521929824561, 0.6073190789473685, 0.03399122807017544, 0.01206140350877193
1 0.7897478070175439, 0.5563322368421053, 0.057291666666666664, 0.02010233918128655
1 0.5965826023391813, 0.5568804824561403, 0.051535087719298246, 0.015350877192982455
1 0.8615679824561403, 0.5587993421052632, 0.046600877192982455, 0.02448830409356725
1 0.03225511695906433, 0.5590734649122807, 0.04358552631578947, 0.019919590643274854
1 0.4984466374269006, 0.5587993421052632, 0.04632675438596491, 0.01206140350877193
1 0.5733735380116959, 0.5587993421052632, 0.06140350877192982, 0.013157894736842105
1 0.5819627192982456, 0.5927905701754386, 0.041666666666666664, 0.012975146198830409
1 0.5209247076023392, 0.5596217105263158, 0.030975877192982455, 0.01864035087719298
1 0.8330592105263158, 0.5596217105263158, 0.035910087719298246, 0.02412280701754386
1 0.1680372807017544, 0.5609923245614035, 0.039473684210526314, 0.019919590643274854
1 0.16383406432748537, 0.5620888157894737, 0.0356359649122807, 0.014619883040935672
1 0.14245248538011696, 0.5629111842105263, 0.02823464912280702, 0.023757309941520467
1 0.5479714912280702, 0.5626370614035088, 0.04906798245614035, 0.015533625730994151
1 0.5633223684210527, 0.5782620614035088, 0.047149122807017545, 0.01206140350877193
1 0.5434027777777778, 0.5818256578947368, 0.04824561403508772, 0.019919590643274854
1 0.12344663742690058, 0.5631853070175439, 0.0546875, 0.012975146198830409
1 0.11485745614035088, 0.5752467105263158, 0.0381030701754386, 0.011513157894736841
1 0.899031432748538, 0.5631853070175439, 0.05098684210526316, 0.019005847953216373
1 0.37911184210526316, 0.5640076754385965, 0.03919956140350877, 0.011330409356725146
1 0.719389619883041, 0.5659265350877193, 0.021929824561403508, 0.030519005847953216
1 0.9606176900584795, 0.5662006578947368, 0.04961622807017544, 0.01864035087719298
1 0.9514802631578947, 0.5864857456140351, 0.0537280701754386, 0.016812865497076022
1 0.965734649122807, 0.6243146929824561, 0.05180921052631579, 0.013888888888888888
1 0.9724963450292398, 0.6396655701754386, 0.042214912280701754, 0.01516812865497076
1 0.0421235380116959, 0.5664747807017544, 0.05317982456140351, 0.015533625730994151
1 0.4840095029239766, 0.5678453947368421, 0.04468201754385965, 0.01918859649122807
1 0.0061220760233918125, 0.5681195175438597, 0.03700657894736842, 0.018457602339181287
1 0.46938961988304095, 0.5727796052631579, 0.03289473684210526, 0.014985380116959063
1 0.8537097953216374, 0.5727796052631579, 0.019736842105263157, 0.020650584795321638
1 0.8851425438596491, 0.5736019736842105, 0.05455043859649123, 0.019371345029239765
1 0.6512244152046783, 0.5755208333333334, 0.0512609649122807, 0.019919590643274854
1 0.13441154970760233, 0.5755208333333334, 0.02823464912280702, 0.017178362573099414
1 0.14153874269005848, 0.5788103070175439, 0.022478070175438597, 0.020650584795321638
1 0.32940423976608185, 0.5771655701754386, 0.03125, 0.020833333333333332
1 0.1716922514619883, 0.5785361842105263, 0.03179824561403509, 0.02284356725146199
1 0.6810124269005848, 0.5782620614035088, 0.019736842105263157, 0.029605263157894735
1 0.615953947368421, 0.5788103070175439, 0.04797149122807018, 0.02101608187134503
1 0.8440241228070176, 0.579358552631579, 0.05180921052631579, 0.017909356725146198
1 0.8529788011695907, 0.5895010964912281, 0.04139254385964912, 0.025219298245614034
1 0.6400767543859649, 0.5796326754385965, 0.026041666666666668, 0.01699561403508772
1 0.6042580409356725, 0.5810032894736842, 0.033168859649122806, 0.009137426900584795
1 0.4973501461988304, 0.5831962719298246, 0.04851973684210526, 0.02320906432748538
1 0.5033808479532164, 0.6029331140350878, 0.04851973684210526, 0.019005847953216373
1 0.7398574561403509, 0.5851151315789473, 0.04358552631578947, 0.02046783625730994
1 0.5331688596491229, 0.5873081140350878, 0.032072368421052634, 0.012975146198830409
1 0.5214729532163743, 0.588952850877193, 0.044956140350877194, 0.015716374269005847
1 0.6707785087719298, 0.5911458333333334, 0.046600877192982455, 0.014985380116959063
1 0.9222404970760234, 0.5916940789473685, 0.04413377192982456, 0.026498538011695907
1 0.9244334795321637, 0.6311677631578947, 0.0512609649122807, 0.015899122807017545
1 0.9372258771929824, 0.6336348684210527, 0.04797149122807018, 0.01516812865497076
1 0.7215826023391813, 0.5933388157894737, 0.05345394736842105, 0.01827485380116959
1 0.3975694444444444, 0.5947094298245614, 0.04523026315789474, 0.02138157894736842
1 0.6921600877192983, 0.5966282894736842, 0.03700657894736842, 0.0133406432748538
1 0.684484649122807, 0.5999177631578947, 0.041666666666666664, 0.010599415204678362
1 0.8169773391812866, 0.5974506578947368, 0.07456140350877193, 0.023574561403508772
1 0.9809027777777778, 0.5990953947368421, 0.041666666666666664, 0.01882309941520468
1 0.9703033625730995, 0.6122532894736842, 0.036458333333333336, 0.02942251461988304
1 0.07095211988304094, 0.6001918859649122, 0.04920504385964912, 0.019234283625730993
1 0.62015716374269, 0.6021107456140351, 0.04358552631578947, 0.018457602339181287
1 0.636421783625731, 0.604577850877193, 0.033717105263157895, 0.012426900584795321
1 0.8083881578947368, 0.6021107456140351, 0.05455043859649123, 0.014802631578947368
1 0.6469663742690058, 0.6060526315789474, 0.03234649122807018, 0.012792397660818713
1 0.5872624269005848, 0.6078673245614035, 0.03344298245614035, 0.017726608187134504
1 0.8564510233918129, 0.6114309210526315, 0.03892543859649123, 0.02101608187134503
1 0.7780519005847953, 0.6128015350877193, 0.0537280701754386, 0.024305555555555556
1 0.7985197368421053, 0.6152686403508771, 0.04824561403508772, 0.013523391812865496
1 0.9050621345029239, 0.6152686403508771, 0.0381030701754386, 0.020650584795321638
1 0.8752741228070176, 0.6212993421052632, 0.021929824561403508, 0.03307748538011696
1 0.7495431286549707, 0.6245888157894737, 0.03179824561403509, 0.024305555555555556
1 0.6928910818713451, 0.6287006578947368, 0.057839912280701754, 0.020650584795321638
1 0.7415021929824561, 0.6292489035087719, 0.026041666666666668, 0.019919590643274854
1 0.8359831871345029, 0.6317160087719298, 0.047697368421052634, 0.01699561403508772
1 0.951297514619883, 0.6325383771929824, 0.05317982456140351, 0.018092105263157895
1 0.8630299707602339, 0.635827850877193, 0.041666666666666664, 0.010599415204678362
1 0.8496893274853801, 0.6371984649122807, 0.048793859649122806, 0.013157894736842105
1 0.8727156432748538, 0.6385690789473685, 0.03892543859649123, 0.009868421052631578
1 0.8922697368421053, 0.6388432017543859, 0.02138157894736842, 0.020285087719298246
1 0.8904422514619883, 0.6500822368421053, 0.026589912280701754, 0.021564327485380116
1 0.8813048245614035, 0.6413103070175439, 0.03974780701754386, 0.01023391812865497
1 0.9840095029239766, 0.6487116228070176, 0.032072368421052634, 0.015716374269005847
1 0.9845577485380117, 0.6753015350877193, 0.02412280701754386, 0.01516812865497076
1 0.9357638888888888, 0.6928453947368421, 0.049890350877192985, 0.02010233918128655
1 0.08470394736842106, 0.7081962719298246, 0.01918859649122807, 0.011513157894736841
1 0.09228801169590643, 0.7123081140350878, 0.02563048245614035, 0.021107456140350877
1 0.8937317251461988, 0.7753563596491229, 0.03289473684210526, 0.019554093567251463
1 0.0379203216374269, 0.776452850877193, 0.024945175438596492, 0.023757309941520467
1 0.9715826023391813, 0.8238760964912281, 0.01699561403508772, 0.023757309941520467
1 0.04267178362573099, 0.22889254385964913, 0.0322094298245614, 0.025219298245614034
1 0.04504751461988304, 0.24725877192982457, 0.025082236842105265, 0.038468567251461985
1 0.3774671052631579, 0.5138432017543859, 0.03837719298245614, 0.014574195906432748
1 0.3606085526315789, 0.5352933114035088, 0.045435855263157895, 0.021153143274853802
1 0.45668859649122806, 0.5535910087719298, 0.02261513157894737, 0.02526498538011696
1 0.4528855994152047, 0.571203399122807, 0.03317160087719298, 0.026692251461988305
1 0.5714089912280702, 0.8276452850877193, 0.026932565789473683, 0.024077119883040937
1 0.5613121345029239, 0.8327850877192983, 0.021107456140350877, 0.01667580409356725
1 0.4403326023391813, 0.7922149122807017, 0.01411732456140351, 0.011513157894736841
1 0.4334795321637427, 0.7849506578947368, 0.0381030701754386, 0.008954678362573099
1 0.9252558479532164, 0.4575109649122807, 0.04454495614035088, 0.025950292397660817
1 0.9224232456140351, 0.4829358552631579, 0.03871984649122807, 0.01918859649122807
1 0.8689692982456141, 0.4824561403508772, 0.02850877192982456, 0.029513888888888888
1 0.8603527046783627, 0.48554002192982454, 0.03961074561403509, 0.0347953216374269
1 0.8040021929824561, 0.548108552631579, 0.04824561403508772, 0.01516812865497076
1 0.2621527777777778, 0.524109100877193, 0.036721491228070176, 0.02010233918128655
1 0.24744152046783627, 0.5238349780701754, 0.02945997807017544, 0.02147295321637427
1 0.6471125730994152, 0.41830866228070174, 0.04069353070175438, 0.015442251461988304
1 0.6403508771929824, 0.4547560307017544, 0.018437500000000002, 0.018092105263157895
1 0.8074744152046783, 0.5619407894736842, 0.04535361842105263, 0.017543859649122806
1 0.8697002923976608, 0.23060581140350878, 0.03220120614035088, 0.023940058479532164
1 0.865953947368421, 0.2414309210526316, 0.051658442982456136, 0.01745248538011696
1 0.8807565789473685, 0.24485745614035087, 0.04028508771929825, 0.015899122807017545
1 0.8858735380116959, 0.5250904605263158, 0.040559210526315795, 0.023300438596491228
1 0.8927266081871345, 0.5198848684210526, 0.04096765350877193, 0.027138157894736843
