1 1.1087582236842106, 0.12120614035087719, 0.042557565789473686, 0.018728070175438597
1 1.2269407894736843, 0.12134502923976608, 0.04335526315789474, 0.025778508771929824
1 1.2578125, 0.13020833333333334, 0.046600877192982455, 0.021564327485380116
1 1.136546052631579, 0.12216739766081872, 0.03162828947368421, 0.015899122807017545
1 1.1136239035087718, 0.13751827485380116, 0.05283717105263158, 0.02046783625730994
1 1.1617324561403508, 0.13916301169590642, 0.04975328947368421, 0.0133406432748538
1 1.219904057017544, 0.1408077485380117, 0.04749177631578947, 0.013574561403508772
1 1.2336896929824561, 0.15012792397660818, 0.05723410087719298, 0.016264619883040937
1 0.9625822368421053, 0.1457419590643275, 0.023300438596491228, 0.025950292397660817
1 1.1374725877192982, 0.14629020467836257, 0.05663925438596491, 0.01516812865497076
1 0.7972861842105263, 0.14810307017543858, 0.02768640350877193, 0.039555921052631574
1 0.938733552631579, 0.14884868421052633, 0.027549342105263157, 0.030321637426900583
1 0.5788103070175439, 0.15368786549707603, 0.03579495614035088, 0.034243421052631576
1 0.6126178728070175, 0.1578033625730994, 0.025677083333333333, 0.03471856725146199
1 0.6088952850877193, 0.17388523391812866, 0.04941063596491228, 0.027816154970760235
1 0.5798382675438597, 0.1734265350877193, 0.029947916666666668, 0.029965277777777778
1 0.5606853070175439, 0.17602521929824563, 0.03481359649122807, 0.022472587719298245
1 1.1722861842105263, 0.18821271929824562, 0.029695723684210525, 0.04145650584795321
1 1.2959155701754386, 0.19325657894736842, 0.023574561403508772, 0.03527046783625731
1 1.2621299342105263, 0.19274853801169592, 0.03652686403508772, 0.04016447368421053
1 1.4587445175438596, 0.1992872807017544, 0.02412280701754386, 0.029415204678362575
1 1.442297149122807, 0.2193859649122807, 0.0307922149122807, 0.042964181286549705
1 1.4216474780701756, 0.23887244152046783, 0.04011239035087719, 0.03314875730994152
1 0.8792489035087719, 0.20148026315789475, 0.0381030701754386, 0.02850877192982456
1 0.9527604166666667, 0.20148026315789475, 0.037782346491228073, 0.030519005847953216
1 1.3811677631578947, 0.2033077485380117, 0.03344298245614035, 0.04323830409356725
1 0.9321546052631579, 0.2067799707602339, 0.03280427631578947, 0.028954678362573098
1 0.6659813596491229, 0.20649305555555555, 0.026156798245614035, 0.03792214912280702
1 1.1906304824561404, 0.20697002923976607, 0.032094298245614036, 0.027222222222222224
1 1.0441447368421053, 0.20915570175438597, 0.03493969298245614, 0.03620248538011696
1 1.0557839912280702, 0.23836988304093565, 0.026099232456140348, 0.038346125730994156
1 0.6398245614035087, 0.20933845029239767, 0.025641447368421055, 0.029961622807017543
1 0.6879331140350877, 0.20902777777777776, 0.03212993421052632, 0.04126279239766082
1 0.9785279605263159, 0.21029605263157894, 0.03976973684210527, 0.03313048245614035
1 1.4845339912280702, 0.21134868421052633, 0.015054824561403508, 0.018092105263157895
1 1.3164747807017543, 0.2123154239766082, 0.02928453947368421, 0.033141447368421055
1 0.8475082236842105, 0.21254751461988303, 0.03351151315789474, 0.039691154970760235
1 0.8724067982456141, 0.22341008771929824, 0.029684758771929828, 0.02971125730994152
1 0.8941776315789474, 0.22792763157894738, 0.024333881578947367, 0.027768640350877193
1 0.8317927631578947, 0.22889254385964913, 0.03676535087719299, 0.03663377192982456
1 0.8712993421052632, 0.24552266081871346, 0.03179824561403509, 0.02850877192982456
1 0.854577850877193, 0.24862938596491227, 0.03481359649122807, 0.021747076023391813
1 0.8611567982456141, 0.2658077485380117, 0.01206140350877193, 0.01023391812865497
1 1.2611019736842106, 0.21427266081871346, 0.027412280701754384, 0.03435672514619883
1 1.1613212719298245, 0.2203033625730994, 0.033168859649122806, 0.027207602339181285
1 0.568656798245614, 0.2210343567251462, 0.02824561403508772, 0.029327485380116956
1 0.5686677631578947, 0.24631944444444442, 0.02730811403508772, 0.02534356725146199
1 0.7698739035087719, 0.2210343567251462, 0.033544407894736845, 0.028691520467836257
1 1.3625274122807018, 0.22176535087719298, 0.024671052631578948, 0.026266447368421052
1 1.3452576754385965, 0.22414108187134502, 0.041666666666666664, 0.030884502923976608
1 0.6117269736842105, 0.2213486842105263, 0.0361156798245614, 0.02868421052631579
1 0.7202576754385965, 0.22450657894736842, 0.02987938596491228, 0.026498538011695907
1 0.9137554824561404, 0.22468932748538012, 0.031008771929824562, 0.028578216374269005
1 1.0897752192982457, 0.22404788011695906, 0.03819353070175439, 0.03363669590643275
1 1.0028782894736843, 0.22633406432748537, 0.03289473684210526, 0.03344298245614035
1 1.019325657894737, 0.2378472222222222, 0.02768640350877193, 0.03289473684210526
1 0.5337856359649122, 0.22834429824561403, 0.03899396929824561, 0.04012975146198831
1 0.5212445175438597, 0.2391264619883041, 0.024876644736842105, 0.02948464912280702
1 0.7481277412280702, 0.2275950292397661, 0.03035910087719298, 0.03382127192982456
1 1.4867955043859649, 0.22816154970760233, 0.013067434210526316, 0.024671052631578948
1 1.0725054824561404, 0.2307200292397661, 0.04004385964912281, 0.036761695906432745
1 1.1103234649122806, 0.2573647660818713, 0.05007401315789473, 0.017536549707602336
1 1.1106770833333333, 0.2704934210526316, 0.050542763157894736, 0.017792397660818714
1 0.5856524122807018, 0.23199926900584794, 0.02605263157894737, 0.031067251461988302
1 1.4661458333333333, 0.23129020467836256, 0.02160910087719298, 0.02611111111111111
1 1.1503563596491229, 0.23240497076023392, 0.035235745614035086, 0.032671783625731
1 1.2844024122807018, 0.2329934210526316, 0.030074013157894736, 0.04262975146198831
1 1.254295504385965, 0.24471673976608185, 0.039427083333333335, 0.04281067251461988
1 0.38311951754385964, 0.2345577485380117, 0.02510142543859649, 0.02631578947368421
1 1.2136787280701755, 0.234375, 0.03179824561403509, 0.03344298245614035
1 0.6481633771929824, 0.23638523391812866, 0.03179824561403509, 0.029970760233918127
1 0.7057291666666666, 0.2371363304093567, 0.0454248903508772, 0.02927631578947368
1 0.4420230263157895, 0.2393092105263158, 0.04057017543859649, 0.024671052631578948
1 0.9098930921052631, 0.2386293859649123, 0.03649396929824561, 0.03957236842105263
1 0.9282593201754386, 0.25347039473684213, 0.05636787280701754, 0.01896198830409357
1 0.6104139254385965, 0.24140716374269006, 0.043264802631578954, 0.022774122807017544
1 0.6136239035087719, 0.2550255847953216, 0.04468201754385965, 0.024305555555555556
1 0.6067708333333334, 0.26818347953216376, 0.033717105263157895, 0.03307017543859649
1 0.7865844298245614, 0.24356359649122805, 0.03996436403508772, 0.03284356725146199
1 0.7390350877192983, 0.25015899122807017, 0.04492324561403509, 0.022792397660818715
1 0.776452850877193, 0.2593329678362573, 0.02404331140350877, 0.0282218567251462
1 0.7913240131578947, 0.26695358187134505, 0.03008497807017544, 0.04304459064327485
1 1.3077713815789473, 0.24460891812865498, 0.04132401315789474, 0.018271198830409358
1 1.1934402412280702, 0.24474780701754387, 0.037234100877192984, 0.030745614035087722
1 1.3819901315789473, 0.24625365497076024, 0.033168859649122806, 0.03344298245614035
1 0.4960252192982456, 0.24643640350877194, 0.027206688596491228, 0.03161915204678363
1 1.4095970394736843, 0.2466191520467836, 0.024750548245614037, 0.02961622807017544
1 1.4074616228070176, 0.26854897660818716, 0.04415570175438597, 0.03252923976608187
1 1.1726507675438596, 0.2468713450292398, 0.025677083333333333, 0.04060672514619883
1 0.9645010964912281, 0.2482638888888889, 0.05931469298245614, 0.01733187134502924
1 0.4180372807017544, 0.24899488304093567, 0.055509868421052634, 0.020285087719298246
1 0.47930372807017546, 0.25082236842105265, 0.021107456140350877, 0.025950292397660817
1 0.42283442982456143, 0.2561915204678363, 0.04789199561403509, 0.0203983918128655
1 0.5149725877192982, 0.25814144736842104, 0.0412390350877193, 0.02032894736842105
1 0.39487390350877194, 0.26745248538011696, 0.028851425438596492, 0.028691520467836257
1 0.45394736842105265, 0.26493421052631577, 0.025526315789473685, 0.03745248538011696
1 0.44120065789473684, 0.27215095029239766, 0.015350877192982455, 0.017962353801169593
1 0.4957236842105263, 0.27361842105263157, 0.03977521929824561, 0.033673245614035084
1 0.5215186403508771, 0.2754934210526316, 0.02412280701754386, 0.029788011695906433
1 0.4672423245614035, 0.2750804093567252, 0.033717105263157895, 0.03476973684210526
1 0.40940241228070173, 0.27713815789473684, 0.032072368421052634, 0.03490497076023392
1 0.43078399122807015, 0.2875548245614035, 0.0381030701754386, 0.02284356725146199
1 1.0692160087719298, 0.25027412280701755, 0.030268640350877195, 0.02441520467836257
1 1.3489583333333333, 0.2521016081871345, 0.044270833333333336, 0.03673245614035088
1 0.4009046052631579, 0.2521692251461988, 0.03234649122807018, 0.028989400584795322
1 0.69, 0.25196637426900587, 0.03519188596491228, 0.039011330409356726
1 0.6816063596491229, 0.25392909356725146, 0.026145833333333333, 0.03544956140350877
1 0.5494791666666666, 0.2517781432748538, 0.02452302631578947, 0.028797514619883044
1 0.5564583333333334, 0.2669407894736842, 0.030849780701754387, 0.03084795321637427
1 0.5344024122807017, 0.27722770467836255, 0.05194627192982456, 0.025681652046783625
1 0.5494791666666666, 0.29559576023391815, 0.04487664473684211, 0.017178362573099414
1 1.4749177631578947, 0.26726973684210525, 0.024671052631578948, 0.03618421052631579
1 1.4581962719298245, 0.2937682748538012, 0.04159813596491228, 0.027960526315789474
1 0.6635142543859649, 0.25392909356725146, 0.022478070175438597, 0.04129568713450293
1 1.0352247807017543, 0.25193165204678364, 0.03395833333333333, 0.03858187134502924
1 1.154627192982456, 0.2550255847953216, 0.023300438596491228, 0.035924707602339186
1 0.7238678728070176, 0.25644005847953216, 0.03096217105263158, 0.040085891812865496
1 0.7262883771929824, 0.26945723684210526, 0.032689144736842105, 0.031620979532163744
1 0.8937445175438596, 0.25584612573099413, 0.040808662280701756, 0.04004020467836257
1 0.8984375, 0.274968932748538, 0.02669407894736842, 0.02537828947368421
1 0.9772697368421053, 0.2586805555555556, 0.06014802631578947, 0.027052266081871345
1 0.3671875, 0.2600694444444444, 0.03193530701754386, 0.027850877192982456
1 1.1884594298245614, 0.261734283625731, 0.0321984649122807, 0.03733369883040936
1 0.9738212719298246, 0.2672624269005848, 0.030153508771929825, 0.03162280701754386
1 0.9529879385964912, 0.26536549707602336, 0.02987938596491228, 0.030230263157894736
1 0.7545230263157895, 0.2655062134502924, 0.02412280701754386, 0.03337902046783626
1 1.2424616228070176, 0.2665387426900585, 0.019736842105263157, 0.025767543859649123
1 1.0625, 0.26745248538011696, 0.04865679824561404, 0.02936769005847953
1 1.216968201754386, 0.2680847953216374, 0.02631578947368421, 0.036282894736842104
1 0.707922149122807, 0.2701937134502924, 0.02631578947368421, 0.03818530701754386
1 1.333470394736842, 0.27092470760233917, 0.04086622807017544, 0.0360014619883041
1 1.3704769736842106, 0.28536184210526316, 0.03508771929824561, 0.0266812865497076
1 0.9312856359649122, 0.27183845029239767, 0.03458607456140351, 0.0402046783625731
1 0.631921600877193, 0.2725694444444444, 0.031044407894736843, 0.034173976608187134
1 0.8325794956140351, 0.27252923976608184, 0.021861293859649123, 0.03400219298245614
1 0.9990405701754386, 0.2747624269005848, 0.034424342105263156, 0.02766630116959064
1 0.3795230263157895, 0.27475694444444443, 0.02631578947368421, 0.043333333333333335
1 0.3586896929824561, 0.2849488304093567, 0.030323464912280704, 0.030765716374269003
1 1.317639802631579, 0.2833516081871345, 0.03584155701754386, 0.0400219298245614
1 1.1996984649122806, 0.2849013157894737, 0.030838815789473683, 0.04421600877192982
1 0.4908168859649123, 0.28685855263157894, 0.0268640350877193, 0.03176352339181287
1 1.0457785087719298, 0.2854093567251462, 0.02100328947368421, 0.03123538011695906
1 0.8131853070175439, 0.2844389619883041, 0.02850877192982456, 0.04295504385964913
1 1.0209923245614034, 0.2886513157894737, 0.029583333333333333, 0.0356359649122807
1 1.0752467105263157, 0.2888340643274854, 0.04742324561403509, 0.03764619883040936
1 1.117735745614035, 0.2899305555555556, 0.03179824561403509, 0.03508771929824561
1 1.1462445175438596, 0.29066154970760233, 0.021107456140350877, 0.036915204678362575
1 1.1536458333333333, 0.2963267543859649, 0.041666666666666664, 0.03672514619883041
1 1.0623629385964912, 0.29074561403508775, 0.02425986842105263, 0.032156432748538015
1 1.413856907894737, 0.3013888888888889, 0.060512609649122806, 0.017233187134502923
1 0.6476151315789473, 0.3043676900584795, 0.06414473684210527, 0.019919590643274854
1 0.7838541666666666, 0.30546418128654973, 0.03113486842105263, 0.0266812865497076
1 0.8939254385964912, 0.3111293859649123, 0.029901315789473682, 0.027231359649122804
1 0.8696546052631579, 0.31240862573099415, 0.036902412280701756, 0.028463084795321638
1 1.331825657894737, 0.30746893274853804, 0.041551535087719305, 0.040425804093567254
1 1.3685581140350878, 0.311312134502924, 0.05921052631578947, 0.01699926900584795
1 1.1624177631578947, 0.3165643274853801, 0.03721217105263158, 0.03842470760233918
1 1.167077850877193, 0.3447551169590643, 0.03289473684210526, 0.039473684210526314
1 1.3733552631578947, 0.3213633040935672, 0.04849780701754386, 0.02144736842105263
1 0.7517817982456141, 0.32227704678362573, 0.03919956140350877, 0.030884502923976608
1 1.4197149122807018, 0.328125, 0.04999451754385965, 0.019736842105263157
1 1.2349013157894737, 0.3292141812865497, 0.032779605263157895, 0.01919590643274854
1 1.4842379385964912, 0.32995248538011696, 0.015350877192982455, 0.03070175438596491
1 1.4836896929824561, 0.3502375730994152, 0.015899122807017545, 0.01516812865497076
1 1.4817708333333333, 0.3626644736842105, 0.01781798245614035, 0.03709795321637427
1 1.4853344298245614, 0.39592470760233917, 0.01425438596491228, 0.01114766081871345
1 0.7986567982456141, 0.33031798245614036, 0.03473410087719298, 0.03837719298245614
1 0.7978344298245614, 0.3551699561403509, 0.031683114035087716, 0.03791483918128655
1 0.9749177631578947, 0.332328216374269, 0.03179824561403509, 0.029788011695906433
1 0.9524396929824561, 0.33698647660818715, 0.03700657894736842, 0.03006396198830409
1 1.453125, 0.332328216374269, 0.03495065789473684, 0.03654970760233918
1 1.456825657894737, 0.3679586988304094, 0.02850877192982456, 0.03710343567251462
1 0.9080317982456141, 0.3359831871345029, 0.031524122807017545, 0.04130482456140351
1 1.3671875, 0.3357218567251462, 0.04111842105263158, 0.041514985380116956
1 0.9025493421052632, 0.3379934210526316, 0.022552083333333334, 0.021929824561403508
1 0.8208497807017544, 0.3396454678362573, 0.03729166666666667, 0.03453216374269006
1 0.8764391447368421, 0.3382200292397661, 0.03724506578947369, 0.014274488304093566
1 1.2027138157894737, 0.33938048245614033, 0.049786184210526316, 0.03490679824561403
1 1.2304002192982457, 0.34676535087719296, 0.033168859649122806, 0.029239766081871343
1 1.195860745614035, 0.3541520467836257, 0.05503015350877193, 0.03610745614035088
1 0.6495339912280702, 0.3416483918128655, 0.03700657894736842, 0.04075292397660819
1 0.6433881578947368, 0.35595577485380114, 0.02643092105263158, 0.02936951754385965
1 0.3567708333333333, 0.3420138888888889, 0.03179824561403509, 0.036366959064327485
1 0.9398985745614035, 0.3421966374269006, 0.02871436403508772, 0.03524122807017544
1 0.8691063596491229, 0.3809393274853801, 0.02919407894736842, 0.02266081871345029
1 0.6226480263157895, 0.34402412280701755, 0.027160087719298245, 0.041591739766081874
1 1.1330866228070176, 0.34402412280701755, 0.026041666666666668, 0.044234283625730994
1 1.3408717105263157, 0.34420687134502925, 0.042716557017543864, 0.027046783625730993
1 0.7460252192982456, 0.34438961988304095, 0.03625274122807018, 0.03201388888888889
1 0.739172149122807, 0.35671783625730996, 0.024396929824561403, 0.036831140350877194
1 1.2627467105263157, 0.34163925438596493, 0.03367050438596491, 0.04807200292397661
1 0.7772752192982456, 0.3462171052631579, 0.02309484649122807, 0.0356359649122807
1 1.005345394736842, 0.34786184210526316, 0.03358004385964912, 0.033625730994152045
1 0.5990953947368421, 0.3495065789473684, 0.027138157894736843, 0.034722222222222224
1 1.0472861842105263, 0.34951937134502925, 0.03515625, 0.02959247076023392
1 0.6776315789473685, 0.3449360380116959, 0.04303728070175439, 0.025038377192982453
1 0.7164199561403509, 0.35060307017543857, 0.029432565789473685, 0.0356359649122807
1 0.5544133771929824, 0.35241045321637426, 0.03205043859649123, 0.03675255847953217
1 0.4727247807017544, 0.35389254385964913, 0.047697368421052634, 0.030396564327485383
1 1.0327576754385965, 0.3539802631578947, 0.02987938596491228, 0.04249269005847953
1 0.9971902412280702, 0.3778326023391813, 0.04358552631578947, 0.026498538011695907
1 1.0736019736842106, 0.3541429093567251, 0.05180921052631579, 0.03355811403508772
1 0.532483552631579, 0.3590095029239766, 0.022648026315789476, 0.039766081871345026
1 0.5275493421052632, 0.3946454678362573, 0.024841008771929827, 0.025950292397660817
1 0.9647752192982456, 0.36065423976608185, 0.020285087719298246, 0.03252923976608187
1 0.38502741228070175, 0.36083698830409355, 0.05859375, 0.015350877192982455
1 1.1128481359649123, 0.3624817251461988, 0.02640625, 0.042757675438596494
1 1.0911458333333333, 0.37556103801169594, 0.03258771929824561, 0.035707236842105264
1 0.9642598684210526, 0.3633954678362573, 0.03807017543859649, 0.035104166666666665
1 1.3081140350877194, 0.3594097222222222, 0.03248355263157895, 0.04674890350877193
1 0.9000822368421053, 0.3674159356725146, 0.038366228070175444, 0.0163578216374269
1 0.895422149122807, 0.37143640350877194, 0.037143640350877194, 0.04195723684210526
1 0.9107949561403509, 0.37946637426900587, 0.033146929824561404, 0.03148391812865497
1 1.0001370614035088, 0.36814692982456143, 0.021929824561403508, 0.02540204678362573
1 1.3373081140350878, 0.3686951754385965, 0.04276315789473684, 0.023757309941520467
1 0.8368969298245614, 0.3680519005847953, 0.033854166666666664, 0.04316885964912281
1 0.820265899122807, 0.376187865497076, 0.026806469298245615, 0.041666666666666664
1 1.393297697368421, 0.3692434210526316, 0.04159813596491228, 0.021564327485380116
1 0.7619243421052632, 0.3739948830409357, 0.04413377192982456, 0.020650584795321638
1 1.3386787280701755, 0.3763706140350877, 0.03399122807017544, 0.02412280701754386
1 0.734375, 0.3807565789473684, 0.039336622807017545, 0.03033625730994152
1 0.5725054824561403, 0.3814875730994152, 0.021186951754385966, 0.029239766081871343
1 0.5430948464912281, 0.3881798245614035, 0.03132949561403509, 0.03663559941520468
1 0.6655701754385965, 0.3973848684210526, 0.0420093201754386, 0.0466812865497076
1 0.8633497807017544, 0.39903143274853803, 0.05434484649122807, 0.022467105263157896
1 1.4220120614035088, 0.3981505847953216, 0.05071271929824561, 0.0220796783625731
1 1.0515350877192982, 0.45513523391812866, 0.02007949561403509, 0.02424890350877193
1 0.49780701754385964, 0.45842470760233917, 0.03248355263157895, 0.034173976608187134
1 0.33100328947368424, 0.47578581871345027, 0.03782894736842105, 0.04044956140350877
1 0.44997258771929827, 0.47578581871345027, 0.02823464912280702, 0.015785818713450292
1 1.2675438596491229, 0.47593201754385966, 0.025356359649122806, 0.034804459064327484
1 1.358826754385965, 0.48500913742690055, 0.03851425438596491, 0.02951937134502924
1 0.6158168859649122, 0.48693347953216376, 0.02850877192982456, 0.027412280701754384
1 1.133360745614035, 0.5100420321637427, 0.03961074561403509, 0.025672514619883038
1 1.4265350877192982, 0.19508223684210527, 0.03399122807017544, 0.0353125
1 1.3992598684210527, 0.19348318713450294, 0.0385827850877193, 0.026582602339181288
1 1.2174013157894736, 0.20299524853801168, 0.034402412280701754, 0.03475877192982456
1 1.230970394736842, 0.20427448830409356, 0.03837719298245614, 0.037545687134502924
1 1.282779605263158, 0.32537097953216376, 0.031044407894736843, 0.028410087719298247
1 1.2363843201754385, 0.3147733918128655, 0.06661184210526316, 0.0189546783625731
1 1.4018174342105263, 0.3438925438596491, 0.05283717105263158, 0.018223684210526316
1 1.3565652412280702, 0.3269627192982456, 0.06037554824561404, 0.021101973684210525
1 1.3182565789473684, 0.25164473684210525, 0.022820723684210526, 0.03453033625730994
1 1.2914610745614035, 0.2591812865497076, 0.03680098684210526, 0.04192799707602339
1 1.1275137061403508, 0.23099597953216375, 0.02665844298245614, 0.032154605263157894
1 1.1130509868421052, 0.22848866959064326, 0.02288925438596491, 0.03527229532163743
1 0.7955674342105263, 0.23338815789473683, 0.05331688596491228, 0.02416301169590643
1 0.8189254385964913, 0.2487298976608187, 0.04352796052631579, 0.03211440058479532
1 0.8603015350877193, 0.27111659356725143, 0.04433936403508772, 0.03443896198830409
1 0.850718201754386, 0.2752412280701754, 0.02734375, 0.029415204678362575
1 0.7752878289473685, 0.24858187134502924, 0.02816611842105263, 0.028008040935672513
1 0.5836074561403509, 0.26443530701754386, 0.028511513157894738, 0.040551900584795325
1 0.5878344298245615, 0.25087353801169593, 0.033459429824561404, 0.03968019005847953
1 0.8743832236842105, 0.358093932748538, 0.03632127192982456, 0.045720029239766084
1 0.8592379385964912, 0.3433826754385965, 0.031524122807017545, 0.03608369883040936
1 0.9321436403508772, 0.3503545321637427, 0.0331578947368421, 0.0331140350877193
1 0.9422231359649123, 0.3753709795321638, 0.02645285087719298, 0.026511330409356725
1 1.270581140350877, 0.3160946637426901, 0.018571820175438597, 0.0068512426900584796
1 1.4507593201754385, 0.2531999269005848, 0.05067434210526316, 0.03271198830409357
1 1.4521299342105263, 0.2684576023391813, 0.030290570175438597, 0.0322094298245614
