1 3974.5, 714.5, 24.5, 32.0
1 3725.5, 1090.5, 76.0, 63.0
1 3769.5, 1092.5, 68.0, 41.0
1 3692.5, 1127.5, 72.0, 43.0
1 3624.5, 1139.5, 64.0, 64.0
1 3507.5, 1204.5, 56.0, 71.0
1 343.5, 1210.5, 38.0, 65.0
1 323.5, 1273.5, 39.0, 73.0
1 3058.5, 1283.5, 79.0, 42.0
1 3028.5, 1294.5, 74.0, 53.0
1 3579.5, 1285.5, 33.0, 80.0
1 3736.5, 1303.5, 56.0, 70.0
1 3654.5, 1363.5, 42.0, 62.0
1 3514.5, 1318.5, 39.0, 61.0
1 3555.0, 1333.5, 48.5, 76.0
1 3544.5, 1336.5, 42.0, 87.0
1 3617.5, 1319.5, 42.0, 76.0
1 3721.5, 1337.5, 38.0, 73.0
1 3604.5, 1346.5, 34.0, 83.0
1 3518.5, 1381.5, 48.0, 50.0
1 1963.5, 1384.5, 52.0, 49.0
1 1985.5, 1391.5, 59.0, 70.0
1 1460.5, 1393.5, 46.0, 70.0
1 995.5, 1398.5, 48.0, 65.0
1 1678.5, 1406.5, 70.0, 49.0
1 882.5, 1417.5, 35.0, 67.0
1 1746.5, 1417.5, 46.0, 85.0
1 1418.5, 1418.5, 42.0, 70.0
1 957.5, 1422.5, 45.0, 72.0
1 2009.5, 1423.5, 40.0, 75.0
1 1143.5, 1429.5, 76.0, 32.0
1 1208.5, 1432.5, 32.0, 65.0
1 1180.5, 1456.5, 48.0, 73.0
1 419.5, 1431.5, 40.0, 61.0
1 400.5, 1465.5, 28.0, 77.0
1 1233.0, 1431.5, 46.5, 55.0
1 1799.5, 1431.5, 33.0, 75.0
1 1764.5, 1433.5, 36.0, 87.0
1 437.5, 1435.5, 54.5, 74.0
1 1365.5, 1434.5, 69.0, 56.0
1 1050.5, 1436.5, 32.0, 47.0
1 1036.5, 1453.5, 28.0, 78.0
1 1280.5, 1439.5, 35.0, 84.0
1 234.5, 1446.5, 32.0, 87.0
1 796.5, 1446.5, 50.0, 67.0
1 347.5, 1448.5, 45.0, 59.0
1 654.5, 1450.5, 33.0, 79.0
1 912.5, 1450.5, 38.0, 87.0
1 1353.5, 1451.5, 52.0, 61.0
1 1003.5, 1452.5, 33.0, 69.0
1 1694.5, 1453.5, 50.0, 39.0
1 322.5, 1454.5, 33.0, 75.0
1 1447.5, 1455.5, 35.0, 85.0
1 462.5, 1461.5, 41.0, 63.0
1 715.5, 1462.5, 77.0, 37.0
1 1329.5, 1462.5, 32.0, 91.0
1 1484.5, 1463.5, 40.0, 75.0
1 938.5, 1465.5, 34.0, 88.0
1 1112.5, 1464.5, 44.0, 69.0
1 1138.5, 1466.5, 35.0, 79.0
1 1976.5, 1465.5, 38.0, 67.0
1 1527.5, 1467.5, 52.0, 64.0
1 631.5, 1469.5, 28.0, 62.0
1 1350.5, 1468.5, 45.0, 77.0
1 262.5, 1471.5, 27.0, 54.0
1 291.5, 1470.5, 33.0, 75.0
1 508.5, 1470.5, 33.0, 64.0
1 1945.5, 1471.5, 41.0, 69.0
1 201.5, 1473.5, 32.0, 77.0
1 689.5, 1473.5, 32.0, 68.0
1 843.5, 1473.5, 38.0, 64.0
1 1919.5, 1473.5, 43.0, 76.0
1 541.5, 1474.5, 34.0, 71.0
1 175.5, 1476.5, 30.0, 65.0
1 1302.5, 1477.5, 27.0, 71.0
1 1690.5, 1477.5, 58.0, 65.0
1 146.5, 1484.5, 32.0, 58.0
1 568.5, 1484.5, 18.0, 37.0
1 884.5, 1486.5, 32.0, 72.0
1 1065.0, 1486.5, 35.5, 58.0
1 1165.5, 1491.5, 27.0, 64.0
1 470.5, 1493.5, 45.0, 67.0
1 1404.5, 1493.5, 43.0, 65.0
1 738.5, 1496.5, 81.0, 28.0
1 982.12, 1501.5, 34.38, 66.0
1 416.5, 1506.5, 34.0, 69.0
1 448.5, 1516.5, 20.0, 45.0
1 757.5, 1523.5, 55.0, 56.0
1 731.5, 1526.5, 51.0, 24.0
1 1196.5, 1527.5, 28.0, 68.0
1 1225.5, 1532.5, 35.0, 67.0
1 1379.5, 1569.5, 42.0, 94.0
1 1095.5, 1570.5, 54.0, 64.0
1 1011.5, 1579.5, 38.0, 58.0
1 995.5, 1589.5, 36.0, 75.0
1 998.5, 1661.5, 38.0, 62.0
1 1053.5, 1578.5, 36.0, 72.0
1 1412.5, 1580.5, 37.0, 72.0
1 1548.5, 1586.5, 39.0, 82.0
1 1074.5, 1589.5, 35.0, 58.0
1 1578.5, 1590.5, 38.0, 65.0
1 775.5, 1598.5, 62.0, 46.0
1 1242.5, 1599.5, 38.0, 76.0
1 1718.5, 1603.5, 50.0, 62.0
1 1167.5, 1604.5, 33.0, 89.0
1 882.5, 1609.5, 53.0, 61.0
1 907.5, 1622.5, 37.0, 80.0
1 455.5, 1612.5, 30.0, 86.0
1 426.5, 1620.5, 32.0, 73.0
1 394.5, 1654.5, 40.0, 72.0
1 477.5, 1697.5, 56.0, 45.0
1 1621.5, 1613.5, 53.0, 65.0
1 487.5, 1615.5, 50.0, 77.0
1 495.5, 1630.5, 51.0, 75.0
1 827.5, 1614.5, 38.0, 73.0
1 857.5, 1614.5, 32.0, 77.0
1 1223.5, 1618.5, 34.0, 75.0
1 1218.5, 1677.5, 28.0, 68.0
1 529.5, 1622.5, 43.0, 74.0
1 760.5, 1624.5, 35.0, 66.0
1 1072.5, 1631.5, 65.0, 64.0
1 1072.5, 1694.5, 29.0, 76.0
1 1729.5, 1630.5, 41.0, 61.0
1 1141.5, 1632.5, 32.0, 74.0
1 1570.5, 1633.5, 52.0, 58.0
1 1673.5, 1636.5, 55.0, 65.0
1 1336.5, 1636.5, 39.0, 78.0
1 1429.5, 1636.5, 29.0, 82.0
1 1409.5, 1659.5, 35.0, 81.0
1 1456.5, 1636.5, 36.0, 63.0
1 1460.5, 1653.5, 40.0, 88.0
1 1493.5, 1664.5, 25.0, 74.0
1 1747.5, 1637.5, 46.0, 71.0
1 353.5, 1640.5, 39.0, 41.0
1 377.5, 1640.5, 49.0, 68.0
1 355.5, 1679.5, 35.0, 65.0
1 953.0, 1640.5, 39.5, 70.0
1 952.0, 1705.5, 28.5, 59.0
1 1024.5, 1640.5, 29.0, 63.0
1 1274.5, 1642.5, 60.0, 72.0
1 1194.5, 1643.5, 26.0, 64.0
1 233.5, 1645.5, 37.0, 74.0
1 781.5, 1645.5, 29.0, 84.0
1 801.5, 1647.5, 23.0, 64.0
1 1552.5, 1682.5, 39.0, 70.0
1 714.5, 1651.5, 34.0, 72.0
1 92.5, 1653.5, 36.0, 71.0
1 121.5, 1652.5, 36.0, 74.0
1 154.5, 1653.5, 34.0, 100.0
1 1049.5, 1653.5, 25.0, 76.0
1 1382.5, 1652.5, 26.0, 71.0
1 923.5, 1654.5, 35.0, 49.0
1 1118.5, 1655.5, 33.0, 72.0
1 1350.5, 1655.5, 38.0, 92.0
1 1373.5, 1723.5, 27.0, 39.0
1 267.5, 1657.5, 33.0, 70.0
1 1661.5, 1657.5, 55.0, 63.0
1 1310.5, 1659.5, 28.0, 60.0
1 185.5, 1664.5, 34.0, 81.0
1 1585.5, 1666.5, 42.0, 80.0
1 1614.5, 1669.5, 31.0, 70.0
1 872.5, 1668.5, 35.0, 79.0
1 745.5, 1670.5, 36.0, 70.0
1 768.5, 1732.5, 44.0, 62.0
1 1642.5, 1670.5, 40.0, 59.0
1 1240.5, 1676.5, 32.0, 79.0
1 698.5, 1679.5, 44.0, 82.0
1 1522.5, 1681.5, 33.0, 71.0
1 414.5, 1684.5, 50.0, 57.0
1 422.5, 1734.5, 42.0, 67.0
1 211.5, 1686.5, 28.0, 68.0
1 819.5, 1687.5, 52.0, 36.0
1 826.5, 1720.0, 46.0, 33.5
1 1101.5, 1686.5, 27.0, 71.0
1 669.5, 1692.5, 30.0, 75.0
1 980.5, 1692.5, 30.0, 66.0
1 518.5, 1697.5, 58.0, 36.0
1 1187.5, 1701.5, 33.0, 69.0
1 454.5, 1702.5, 48.0, 71.0
1 493.5, 1744.5, 31.0, 53.0
1 897.5, 1702.5, 31.0, 71.0
1 1155.5, 1702.5, 30.0, 53.0
1 925.0, 1704.5, 31.5, 65.0
1 599.5, 1709.5, 27.0, 62.0
1 579.5, 1718.5, 36.0, 77.0
1 1270.5, 1713.5, 76.0, 31.0
1 1265.5, 1741.5, 76.0, 27.0
1 1036.5, 1716.5, 37.0, 50.0
1 798.5, 1718.5, 57.0, 55.0
1 125.5, 1722.5, 57.0, 61.0
1 175.5, 1751.5, 67.0, 40.0
1 998.5, 1724.5, 32.0, 54.0
1 987.5, 1773.5, 38.0, 66.0
1 388.5, 1729.5, 36.0, 52.0
1 1131.5, 1730.5, 44.0, 50.0
1 528.5, 1730.5, 30.0, 73.0
1 559.5, 1734.5, 31.0, 75.0
1 310.5, 1749.5, 66.0, 45.0
1 1028.5, 1750.5, 36.0, 74.0
1 1109.5, 1757.5, 36.0, 55.0
1 920.5, 1790.5, 42.0, 82.0
1 1236.5, 1794.5, 30.0, 83.0
1 1262.5, 1801.5, 41.0, 71.0
1 1218.5, 1873.5, 56.0, 48.0
1 869.5, 1807.5, 52.0, 66.0
1 1150.5, 1810.5, 58.0, 42.0
1 1072.5, 1810.5, 40.0, 76.0
1 1107.5, 1811.5, 55.0, 61.0
1 1428.5, 1810.5, 41.0, 64.0
1 1402.5, 1814.5, 48.0, 83.0
1 950.5, 1824.5, 47.0, 67.0
1 1206.5, 1825.5, 29.0, 81.0
1 1346.5, 1824.5, 30.0, 79.0
1 1314.5, 1906.5, 53.0, 65.0
1 1375.5, 1826.5, 46.0, 55.0
1 857.5, 1831.5, 40.0, 72.0
1 1019.5, 1837.5, 27.0, 82.0
1 1110.5, 1841.5, 28.0, 50.0
1 1050.5, 1843.5, 24.0, 90.0
1 835.5, 1844.5, 28.0, 86.0
1 842.5, 1881.5, 64.0, 59.0
1 852.5, 1921.5, 61.0, 37.0
1 1138.5, 1853.5, 34.0, 59.0
1 1173.5, 1855.5, 29.0, 64.0
1 1263.5, 1858.5, 49.0, 63.0
1 1453.5, 1859.5, 42.0, 58.0
1 1376.5, 1860.5, 52.0, 59.0
1 929.5, 1863.5, 36.0, 71.0
1 752.5, 1865.5, 36.0, 79.0
1 1073.5, 1868.5, 26.0, 72.0
1 1057.5, 1937.5, 67.0, 49.0
1 1085.5, 1980.5, 47.0, 70.0
1 804.5, 1872.5, 31.0, 82.0
1 1468.5, 1872.5, 51.0, 61.0
1 1432.5, 1923.5, 49.0, 58.0
1 997.5, 1880.5, 43.0, 60.0
1 987.5, 1897.5, 37.0, 50.0
1 1096.5, 1893.5, 31.0, 68.0
1 1120.5, 1893.5, 40.0, 75.0
1 961.5, 1895.5, 30.0, 77.0
1 1151.5, 1901.5, 33.0, 51.0
1 1409.5, 1900.5, 43.0, 63.0
1 1244.5, 1905.5, 62.0, 32.0
1 1218.5, 1925.5, 30.0, 55.0
1 1308.5, 1936.5, 54.0, 73.0
1 1287.5, 1939.5, 41.0, 78.0
1 816.5, 1946.5, 68.0, 45.0
1 989.5, 1949.5, 32.0, 60.0
1 1012.5, 1948.5, 70.0, 37.0
1 1025.0, 1972.5, 39.5, 29.0
1 1045.5, 1988.5, 43.0, 65.0
1 1144.5, 1954.5, 41.0, 54.0
1 1362.5, 1960.5, 45.0, 78.0
1 793.5, 1971.5, 54.0, 30.0
1 867.5, 1974.5, 52.0, 36.0
1 900.5, 1973.5, 52.0, 74.0
1 941.5, 1975.5, 29.0, 75.0
1 922.5, 2004.5, 24.0, 62.0
1 973.5, 1976.5, 33.0, 77.0
1 982.5, 2032.5, 41.0, 69.0
1 1125.5, 1980.5, 37.0, 77.0
1 1163.5, 1982.5, 32.0, 71.0
1 1207.5, 1995.5, 38.0, 65.0
1 808.5, 1997.5, 66.0, 33.0
1 1012.5, 2001.5, 48.0, 70.0
1 1190.5, 2007.5, 24.0, 53.0
1 846.5, 2015.5, 49.0, 67.0
1 810.5, 2024.5, 62.0, 38.0
1 1086.5, 2035.5, 48.0, 75.0
1 942.5, 2041.5, 40.0, 60.0
1 1507.52, 1594.75, 36.26, 56.13
1 1494.4, 1601.62, 43.88, 79.38
1 1536.7, 1622.62, 31.59, 71.16
1 563.74, 1626.5, 42.25, 63.0
1 661.0, 1629.0, 67.51, 73.25
1 648.0, 1661.62, 31.63, 95.63
1 624.4, 1690.12, 35.13, 83.26
1 613.39, 1645.12, 65.26, 75.26
1 574.02, 1645.62, 67.01, 77.76
1 299.02, 1637.25, 56.0, 76.0
1 342.39, 1719.88, 61.0, 64.37
1 330.51, 1657.75, 33.25, 93.5
1 298.5, 1671.75, 35.51, 96.25
1 263.5, 1715.25, 44.5, 79.75
1 236.5, 1720.75, 42.13, 77.0
1 1241.54, 1497.0, 37.0, 41.75
1 1229.54, 1452.25, 59.01, 66.0
1 328.59, 1499.5, 42.38, 76.12
1 349.42, 1474.62, 56.55, 94.76
1 386.84, 1411.0, 65.01, 53.62
1 367.97, 1413.38, 44.5, 76.62
1 604.31, 1491.5, 41.75, 82.5
1 582.65, 1485.12, 39.63, 70.63
1 1084.31, 1426.0, 37.0, 105.25
1 1095.82, 1419.88, 46.59, 70.37
1 3083.75, 1232.12, 82.5, 49.63
1 3073.25, 1266.0, 94.0, 29.25
1 3641.0, 1280.25, 73.5, 36.87
1 3696.5, 1278.62, 40.25, 89.26
1 3679.12, 1309.5, 43.63, 89.5
1 3645.0, 1305.94, 44.94, 68.68
1 3435.25, 1364.62, 88.25, 55.38
1 3447.88, 1347.25, 75.5, 51.13
1 1373.5, 1885.0, 42.25, 87.62
1 1319.62, 1890.88, 67.38, 71.24
1 1322.25, 1815.75, 31.0, 78.5
1 1303.38, 1790.38, 40.62, 105.62
1 1262.25, 1933.75, 25.0, 63.63
1 1234.0, 1923.75, 39.5, 82.0
1 1203.25, 1959.5, 65.63, 61.88
1 1187.25, 1908.5, 32.5, 80.0
1 904.0, 1875.5, 54.0, 77.5
1 878.0, 1951.0, 81.5, 24.5
1 773.0, 1879.88, 32.38, 73.74
1 749.0, 1949.0, 67.25, 59.75
1 968.38, 1511.12, 16.37, 45.0
