1 0.981999269005848, 0.29372258771929827, 0.016721491228070175, 0.015350877192982455
1 0.9779788011695907, 0.31345942982456143, 0.026589912280701754, 0.014802631578947368
1 0.6433662280701754, 0.32058662280701755, 0.02987938596491228, 0.020833333333333332
1 0.8898940058479532, 0.3765076754385965, 0.06387061403508772, 0.020650584795321638
1 0.9118238304093568, 0.3729440789473684, 0.03453947368421053, 0.027960526315789474
1 0.9046966374269005, 0.4028234649122807, 0.028782894736842105, 0.03271198830409357
1 0.9156140350877192, 0.4063870614035088, 0.06407620614035088, 0.03221125730994152
1 0.9286366959064327, 0.4379111842105263, 0.021929824561403508, 0.02631578947368421
1 0.9357638888888888, 0.44449013157894735, 0.044407894736842105, 0.0360014619883041
1 0.97359283625731, 0.4516173245614035, 0.06770833333333333, 0.021929824561403508
1 0.9642726608187134, 0.4721765350877193, 0.05016447368421053, 0.02503654970760234
1 0.4112755847953216, 0.41625548245614036, 0.03179824561403509, 0.015899122807017545
1 0.6885051169590644, 0.4263980263157895, 0.060032894736842105, 0.023757309941520467
1 0.6972770467836257, 0.47875548245614036, 0.014802631578947368, 0.008406432748538011
1 0.8301352339181286, 0.5182291666666666, 0.05235745614035088, 0.02010233918128655
1 0.8507858187134503, 0.4302357456140351, 0.04577850877192982, 0.020650584795321638
1 0.5861659356725146, 0.43242872807017546, 0.04550438596491228, 0.02448830409356725
1 0.5830592105263158, 0.45819627192982454, 0.03344298245614035, 0.029239766081871343
1 0.4494700292397661, 0.4516173245614035, 0.046875, 0.014802631578947368
1 0.6196089181286549, 0.4524396929824561, 0.059484649122807015, 0.021198830409356724
1 0.6353252923976608, 0.48752741228070173, 0.04550438596491228, 0.024853801169590642
1 0.488578216374269, 0.4529879385964912, 0.06578947368421052, 0.017909356725146198
1 0.5013706140350878, 0.48725328947368424, 0.039473684210526314, 0.03764619883040936
1 0.41639254385964913, 0.4535361842105263, 0.059484649122807015, 0.017178362573099414
1 0.6648391812865497, 0.45545504385964913, 0.05756578947368421, 0.027320906432748537
1 0.6523209064327485, 0.46066337719298245, 0.05975877192982456, 0.021747076023391813
1 0.7425986842105263, 0.46121162280701755, 0.027138157894736843, 0.03453947368421053
1 0.5550986842105263, 0.46203399122807015, 0.038651315789473686, 0.030153508771929825
1 0.4629934210526316, 0.4628563596491228, 0.03782894736842105, 0.0268640350877193
1 0.9924159356725146, 0.4634046052631579, 0.048793859649122806, 0.007401315789473684
1 0.5821454678362573, 0.46970942982456143, 0.05537280701754386, 0.0268640350877193
1 0.4319261695906433, 0.4732730263157895, 0.05400219298245614, 0.014437134502923976
1 0.5287828947368421, 0.47574013157894735, 0.05235745614035088, 0.04367690058479532
1 0.555281432748538, 0.4856085526315789, 0.043859649122807015, 0.03435672514619883
1 0.45495248538011696, 0.48067434210526316, 0.020285087719298246, 0.029605263157894735
1 0.7807931286549707, 0.4809484649122807, 0.05537280701754386, 0.02887426900584795
1 0.0042945906432748536, 0.4878015350877193, 0.05756578947368421, 0.021564327485380116
1 0.44051535087719296, 0.4908168859649123, 0.0649671052631579, 0.019005847953216373
1 0.7447916666666666, 0.49136513157894735, 0.031524122807017545, 0.029605263157894735
1 0.8898940058479532, 0.4916392543859649, 0.05646929824561404, 0.023757309941520467
1 0.882218567251462, 0.49766995614035087, 0.07428728070175439, 0.022112573099415205
1 0.9343019005847953, 0.4965734649122807, 0.05263157894736842, 0.015533625730994151
1 0.9216008771929824, 0.5020559210526315, 0.03399122807017544, 0.019828216374269007
1 0.8710709064327485, 0.4984923245614035, 0.0581140350877193, 0.01516812865497076
1 0.8608369883040936, 0.5256304824561403, 0.05701754385964912, 0.025219298245614034
1 0.21317616959064328, 0.4993146929824561, 0.04276315789473684, 0.025219298245614034
1 0.7369334795321637, 0.4998629385964912, 0.05975877192982456, 0.019371345029239765
1 0.07574926900584796, 0.5015076754385965, 0.05400219298245614, 0.023026315789473683
1 0.17004751461988304, 0.5034265350877193, 0.061677631578947366, 0.020285087719298246
1 0.1855811403508772, 0.5571546052631579, 0.044407894736842105, 0.01608187134502924
1 0.3418311403508772, 0.5039747807017544, 0.0556469298245614, 0.023026315789473683
1 0.7199378654970761, 0.5050712719298246, 0.06880482456140351, 0.02448830409356725
1 0.39245248538011696, 0.5072642543859649, 0.029605263157894735, 0.037463450292397664
1 0.37033991228070173, 0.5097313596491229, 0.05674342105263158, 0.020833333333333332
1 0.539656432748538, 0.5124725877192983, 0.02549342105263158, 0.027869152046783627
1 0.5059393274853801, 0.5135690789473685, 0.05701754385964912, 0.03234649122807018
1 9.137426900584795e-05, 0.514391447368421, 0.04632675438596491, 0.013888888888888888
1 -9.137426900584795e-05, 0.5555098684210527, 0.023574561403508772, 0.011330409356725146
1 0.8098501461988304, 0.5160361842105263, 0.06277412280701754, 0.01918859649122807
1 0.2383954678362573, 0.5160361842105263, 0.062225877192982455, 0.019554093567251463
1 0.2513706140350877, 0.5505756578947368, 0.0762061403508772, 0.023757309941520467
1 0.014345760233918129, 0.5171326754385965, 0.05646929824561404, 0.020833333333333332
1 0.2901133040935672, 0.5217927631578947, 0.06661184210526316, 0.020285087719298246
1 0.5335343567251462, 0.5223410087719298, 0.04961622807017544, 0.0268640350877193
1 0.9708516081871345, 0.5513980263157895, 0.07072368421052631, 0.02266081871345029
1 0.2616045321637427, 0.5275493421052632, 0.06716008771929824, 0.02266081871345029
1 0.6106542397660819, 0.5250822368421053, 0.06304824561403509, 0.0222953216374269
1 0.22377558479532164, 0.5319353070175439, 0.05043859649122807, 0.01644736842105263
1 0.10444078947368421, 0.5344024122807017, 0.02768640350877193, 0.01699561403508772
1 0.03572733918128655, 0.5379660087719298, 0.041666666666666664, 0.011513157894736841
1 0.27658991228070173, 0.5363212719298246, 0.051535087719298246, 0.016812865497076022
1 0.06295687134502924, 0.5393366228070176, 0.04111842105263158, 0.023574561403508772
1 0.08068347953216375, 0.5524945175438597, 0.05263157894736842, 0.023940058479532164
1 0.0642361111111111, 0.5662006578947368, 0.0581140350877193, 0.02046783625730994
1 0.04541301169590643, 0.5404331140350878, 0.044956140350877194, 0.018092105263157895
1 0.7669042397660819, 0.5404331140350878, 0.04742324561403509, 0.014071637426900584
1 0.7811586257309941, 0.5404331140350878, 0.05537280701754386, 0.015899122807017545
1 0.39683845029239767, 0.5546875, 0.06112938596491228, 0.02101608187134503
1 0.7954130116959064, 0.5511239035087719, 0.05043859649122807, 0.021564327485380116
1 0.19508406432748537, 0.5522203947368421, 0.06277412280701754, 0.027777777777777776
1 0.9522112573099415, 0.561266447368421, 0.05674342105263158, 0.0222953216374269
1 0.1314875730994152, 0.5615405701754386, 0.04276315789473684, 0.02540204678362573
1 0.6859466374269005, 0.5645559210526315, 0.048793859649122806, 0.0222953216374269
1 0.30857090643274854, 0.5678453947368421, 0.0644188596491228, 0.02138157894736842
1 0.34329312865497075, 0.5678453947368421, 0.055098684210526314, 0.01882309941520468
1 0.9273574561403509, 0.5730537280701754, 0.05263157894736842, 0.027777777777777776
1 0.9017726608187134, 0.5705866228070176, 0.057291666666666664, 0.020833333333333332
1 0.17278874269005848, 0.5719572368421053, 0.04797149122807018, 0.021198830409356724
1 0.23163377192982457, 0.5760690789473685, 0.01864035087719298, 0.010782163742690058
1 0.23126827485380116, 0.5789473684210527, 0.0546875, 0.021929824561403508
1 0.15360014619883042, 0.5749725877192983, 0.046875, 0.022478070175438597
1 0.12764985380116958, 0.5897752192982456, 0.03837719298245614, 0.030519005847953216
1 0.3591922514619883, 0.5752467105263158, 0.049890350877192985, 0.027412280701754384
1 0.10572002923976608, 0.5766173245614035, 0.04194078947368421, 0.021564327485380116
1 0.010325292397660819, 0.5859375, 0.04824561403508772, 0.0402046783625731
1 0.7707419590643275, 0.5900493421052632, 0.054276315789473686, 0.0266812865497076
1 0.78609283625731, 0.5966282894736842, 0.038651315789473686, 0.03618421052631579
1 0.7431469298245614, 0.6054002192982456, 0.038651315789473686, 0.031615497076023395
1 0.056834795321637425, 0.6097861842105263, 0.05975877192982456, 0.029696637426900586
1 0.1632858187134503, 0.6084155701754386, 0.049890350877192985, 0.02046783625730994
1 0.3361659356725146, 0.6089638157894737, 0.06633771929824561, 0.01864035087719298
1 0.08141447368421052, 0.610608552631579, 0.03782894736842105, 0.02010233918128655
1 0.3739948830409357, 0.6111567982456141, 0.04906798245614035, 0.031980994152046784
1 0.17498172514619884, 0.6218475877192983, 0.05619517543859649, 0.015716374269005847
1 0.04632675438596491, 0.6245888157894737, 0.07044956140350878, 0.022112573099415205
1 0.2082419590643275, 0.6248629385964912, 0.05043859649122807, 0.027595029239766082
1 0.18466739766081872, 0.6289747807017544, 0.06798245614035088, 0.02101608187134503
1 0.027320906432748537, 0.6369243421052632, 0.05345394736842105, 0.022203947368421052
1 0.20458698830409358, 0.6473410087719298, 0.06414473684210527, 0.0222953216374269
1 0.15716374269005848, 0.3393667763157895, 0.031524122807017545, 0.03508771929824561
1 -0.0001827485380116959, 0.583404605263158, 0.055098684210526314, 0.019279970760233918
1 0.0956688596491228, 0.6192461622807018, 0.04454495614035088, 0.03307748538011696
1 0.18610745614035087, 0.5172368421052632, 0.03262061403508772, 0.025628654970760237
1 0.20232456140350874, 0.5018174342105264, 0.06640625, 0.018229166666666668
1 0.45860745614035087, 0.49451754385964913, 0.029947916666666668, 0.03444809941520468
1 0.6565679824561403, 0.29721765350877194, 0.04797149122807018, 0.023300438596491228
1 0.7020047514619883, 0.5336485745614035, 0.05475603070175439, 0.023541666666666666
1 0.710126096491228, 0.5497532894736842, 0.05504934210526315, 0.017178362573099414
1 0.7710380116959065, 0.49300986842105265, 0.05304276315789474, 0.018457602339181287
1 0.9584703947368421, 0.524328399122807, 0.03412828947368421, 0.04212171052631579
1 0.9072313596491228, 0.49585526315789474, 0.06414473684210527, 0.025082236842105265
1 0.786047149122807, 0.4457236842105263, 0.03536458333333333, 0.04577850877192982
1 0.8288797514619883, 0.4259183114035088, 0.05283717105263158, 0.029329312865497077
1 0.8416940789473685, 0.47430098684210525, 0.06620065789473684, 0.021107456140350877
1 0.47699744152046786, 0.5194983552631579, 0.04276315789473684, 0.034674707602339185
1 0.9923684210526316, 0.31140350877192985, 0.017269736842105265, 0.00849780701754386
1 0.9234265350877192, 0.21888706140350878, 0.059484649122807015, 0.020376461988304093
