1 0.4516173245614035, 0.21737938596491227, 0.034265350877192985, 0.01864035087719298
1 1.0746984649122806, 0.21737938596491227, 0.03728070175438596, 0.011513157894736841
1 1.107593201754386, 0.21756213450292397, 0.01864035087719298, 0.0222953216374269
1 0.9496984649122807, 0.22834429824561403, 0.021929824561403508, 0.013157894736842105
1 0.9636787280701754, 0.24205043859649122, 0.0200109649122807, 0.014619883040935672
1 0.8351151315789473, 0.24259868421052633, 0.022478070175438597, 0.01827485380116959
1 0.9425712719298246, 0.2433296783625731, 0.019736842105263157, 0.018457602339181287
1 0.09772478070175439, 0.25721856725146197, 0.025219298245614034, 0.01425438596491228
1 0.8340186403508771, 0.27887426900584794, 0.044956140350877194, 0.0201937134502924
1 0.10293311403508772, 0.28426535087719296, 0.026589912280701754, 0.03819444444444445
1 0.3559484649122807, 0.28463084795321636, 0.033168859649122806, 0.03271198830409357
1 0.34799890350877194, 0.30199195906432746, 0.042214912280701754, 0.02448830409356725
1 0.14871162280701755, 0.28828581871345027, 0.023848684210526317, 0.027595029239766082
1 0.15309758771929824, 0.3058296783625731, 0.04481907894736842, 0.01425438596491228
1 0.13061951754385964, 0.3111293859649123, 0.03042763157894737, 0.04276315789473684
1 0.15172697368421054, 0.31642909356725146, 0.05756578947368421, 0.019554093567251463
1 0.20737390350877194, 0.29047880116959063, 0.02823464912280702, 0.04312865497076023
1 0.22820723684210525, 0.3142361111111111, 0.048793859649122806, 0.02850877192982456
1 1.3236019736842106, 0.3180738304093567, 0.0356359649122807, 0.034722222222222224
1 0.4998629385964912, 0.29175804093567254, 0.041666666666666664, 0.04422514619883041
1 0.17036732456140352, 0.29431652046783624, 0.0381030701754386, 0.0266812865497076
1 0.8211348684210527, 0.2976059941520468, 0.05043859649122807, 0.01699561403508772
1 0.1191063596491228, 0.29906798245614036, 0.027960526315789474, 0.03435672514619883
1 1.3825383771929824, 0.3005299707602339, 0.038651315789473686, 0.04550438596491228
1 1.4066611842105263, 0.3060124269005848, 0.03974780701754386, 0.03508771929824561
1 1.4104989035087718, 0.32922149122807015, 0.05235745614035088, 0.029239766081871343
1 1.4294133771929824, 0.34822733918128657, 0.046052631578947366, 0.012244152046783625
1 0.8378563596491229, 0.3012609649122807, 0.04851973684210526, 0.033625730994152045
1 0.3066063596491228, 0.30235745614035087, 0.04029605263157895, 0.027046783625730993
1 0.39871162280701755, 0.30235745614035087, 0.03262061403508772, 0.0400219298245614
1 0.4198190789473684, 0.32666301169590645, 0.03453947368421053, 0.031432748538011694
1 1.2080537280701753, 0.3036366959064328, 0.04153508771929825, 0.02910453216374269
1 0.7197094298245614, 0.3372624269005848, 0.028782894736842105, 0.04331140350877193
1 1.4488760964912282, 0.3045504385964912, 0.05098684210526316, 0.035818713450292396
1 0.46696820175438597, 0.30765716374269003, 0.03618421052631579, 0.04057017543859649
1 1.123766447368421, 0.30857090643274854, 0.03481359649122807, 0.03508771929824561
1 0.7413651315789473, 0.30857090643274854, 0.02905701754385965, 0.03344298245614035
1 0.2772752192982456, 0.3177083333333333, 0.07264254385964912, 0.034722222222222224
1 0.44832785087719296, 0.3105811403508772, 0.02823464912280702, 0.03929093567251462
1 0.3463541666666667, 0.3098501461988304, 0.03344298245614035, 0.038559941520467836
1 -0.00013706140350877192, 0.3114948830409357, 0.02412280701754386, 0.03326023391812866
1 0.03056469298245614, 0.3147843567251462, 0.027138157894736843, 0.039473684210526314
1 0.65625, 0.3149671052631579, 0.05523574561403509, 0.019371345029239765
1 1.3567708333333333, 0.3182565789473684, 0.033717105263157895, 0.04111842105263158
1 0.06236293859649123, 0.3189875730994152, 0.05482456140350877, 0.017909356725146198
1 0.5801809210526315, 0.31971856725146197, 0.05043859649122807, 0.01699561403508772
1 0.6191063596491229, 0.34767909356725146, 0.021107456140350877, 0.03033625730994152
1 1.1711896929824561, 0.3199013157894737, 0.044407894736842105, 0.017909356725146198
1 0.8507401315789473, 0.3215460526315789, 0.03974780701754386, 0.01516812865497076
1 1.2813870614035088, 0.32209429824561403, 0.026589912280701754, 0.04258040935672515
1 1.0892269736842106, 0.3244700292397661, 0.046052631578947366, 0.04093567251461988
1 1.3066063596491229, 0.323921783625731, 0.024396929824561403, 0.047149122807017545
1 0.951891447368421, 0.3246527777777778, 0.027138157894736843, 0.027595029239766082
1 0.860608552631579, 0.3279422514619883, 0.05345394736842105, 0.027595029239766082
1 1.173656798245614, 0.33050073099415206, 0.05290570175438596, 0.026133040935672515
1 0.23012609649122806, 0.3315972222222222, 0.04057017543859649, 0.04111842105263158
1 1.2158717105263157, 0.33360745614035087, 0.030153508771929825, 0.039656432748538015
1 1.2304002192982457, 0.3374451754385965, 0.0424890350877193, 0.04093567251461988
1 0.9143366228070176, 0.33433845029239767, 0.029331140350877194, 0.04586988304093567
1 0.6322642543859649, 0.3354349415204678, 0.03892543859649123, 0.038559941520467836
1 1.2605537280701755, 0.3378106725146199, 0.026589912280701754, 0.033625730994152045
1 1.1632401315789473, 0.33890716374269003, 0.033168859649122806, 0.021198830409356724
1 0.5801809210526315, 0.33927266081871343, 0.04111842105263158, 0.023574561403508772
1 1.0445449561403508, 0.33982090643274854, 0.05701754385964912, 0.018457602339181287
1 1.076343201754386, 0.3513340643274854, 0.04084429824561404, 0.028282163742690058
1 0.9398300438596491, 0.3409173976608187, 0.01918859649122807, 0.04824561403508772
1 0.2657620614035088, 0.3411001461988304, 0.03782894736842105, 0.033808479532163746
1 0.8967927631578947, 0.34292763157894735, 0.03125, 0.04148391812865497
1 0.0615405701754386, 0.34859283625730997, 0.028782894736842105, 0.04075292397660819
1 0.5651041666666666, 0.34402412280701755, 0.02850877192982456, 0.0402046783625731
1 0.5398848684210527, 0.3454861111111111, 0.03234649122807018, 0.04623538011695907
1 1.3789747807017543, 0.3454861111111111, 0.02905701754385965, 0.03874269005847953
1 0.9964364035087719, 0.3465844298245614, 0.027549342105263157, 0.052081505847953215
1 0.9784813596491229, 0.36138523391812866, 0.028782894736842105, 0.04751461988304093
1 0.9679605263157894, 0.4081688596491228, 0.0297094298245614, 0.036116593567251463
1 0.3748629385964912, 0.3496893274853801, 0.03508771929824561, 0.04111842105263158
1 0.9554550438596491, 0.3515168128654971, 0.03179824561403509, 0.02412280701754386
1 0.7907072368421053, 0.3526133040935672, 0.02905701754385965, 0.03874269005847953
1 -0.00013706140350877192, 0.35297880116959063, 0.015350877192982455, 0.03033625730994152
1 0.7767269736842105, 0.3546235380116959, 0.028782894736842105, 0.05171783625730994
1 0.7580866228070176, 0.3557200292397661, 0.02138157894736842, 0.03892543859649123
1 0.7424616228070176, 0.3668676900584795, 0.035910087719298246, 0.04422514619883041
1 1.1391173245614035, 0.3549890350877193, 0.03262061403508772, 0.03618421052631579
1 1.1914747807017543, 0.35699926900584794, 0.03618421052631579, 0.03545321637426901
1 0.817297149122807, 0.35754751461988304, 0.02631578947368421, 0.04203216374269006
1 0.8333333333333334, 0.3628472222222222, 0.028097587719298246, 0.025584795321637425
1 1.0231633771929824, 0.35791301169590645, 0.042214912280701754, 0.03033625730994152
1 1.0202850877192982, 0.3637609649122807, 0.041529605263157895, 0.03709795321637427
1 1.1687225877192982, 0.3584612573099415, 0.024945175438596492, 0.03618421052631579
1 0.854577850877193, 0.3591922514619883, 0.0200109649122807, 0.03673245614035088
1 0.001781798245614035, 0.3567269736842105, 0.04927357456140351, 0.03481176900584795
1 1.0555098684210527, 0.36101973684210525, 0.0356359649122807, 0.038011695906432746
1 0.6684484649122807, 0.36175073099415206, 0.02768640350877193, 0.041849415204678365
1 0.5080866228070176, 0.3639437134502924, 0.033854166666666664, 0.035818713450292396
1 1.2841282894736843, 0.36430921052631576, 0.047697368421052634, 0.01864035087719298
1 0.6961348684210527, 0.36522295321637427, 0.029331140350877194, 0.03618421052631579
1 0.9562774122807017, 0.36558845029239767, 0.02275219298245614, 0.038011695906432746
1 1.4464089912280702, 0.36577119883040937, 0.02549342105263158, 0.038559941520467836
1 1.4623081140350878, 0.38770102339181284, 0.03755482456140351, 0.03252923976608187
1 0.6023848684210527, 0.3736293859649123, 0.021655701754385966, 0.03125
1 0.6229440789473685, 0.37454312865497075, 0.025219298245614034, 0.03728070175438596
1 1.2715186403508771, 0.3772843567251462, 0.029605263157894735, 0.03307748538011696
1 1.2468475877192982, 0.3774671052631579, 0.026589912280701754, 0.04057017543859649
1 1.3855537280701755, 0.37929459064327486, 0.0400219298245614, 0.03709795321637427
1 1.0892269736842106, 0.3833150584795322, 0.023574561403508772, 0.042214912280701754
1 0.8888432017543859, 0.38203581871345027, 0.06304824561403509, 0.023483187134502925
1 0.4817708333333333, 0.3824013157894737, 0.033717105263157895, 0.03179824561403509
1 0.01850328947368421, 0.3831323099415205, 0.04824561403508772, 0.035818713450292396
1 1.3000274122807018, 0.3833150584795322, 0.0581140350877193, 0.02284356725146199
1 0.6421326754385965, 0.3834978070175439, 0.033168859649122806, 0.03326023391812866
1 1.189281798245614, 0.38788377192982454, 0.03070175438596491, 0.041666666666666664
1 1.0631853070175439, 0.3940972222222222, 0.02987938596491228, 0.037463450292397664
1 1.0354989035087718, 0.3981176900584795, 0.035910087719298246, 0.03271198830409357
1 1.0152138157894737, 0.39939692982456143, 0.038651315789473686, 0.03673245614035088
1 0.9401041666666666, 0.4184027777777778, 0.01644736842105263, 0.024305555555555556
1 0.7975603070175439, 0.40542763157894735, 0.025767543859649123, 0.039108187134502925
1 0.8710252192982456, 0.4045138888888889, 0.02823464912280702, 0.03819444444444445
1 0.604577850877193, 0.40597587719298245, 0.03618421052631579, 0.038011695906432746
1 0.8310032894736842, 0.40423976608187134, 0.0356359649122807, 0.04029605263157895
1 0.6267817982456141, 0.4121893274853801, 0.05071271929824561, 0.027595029239766082
1 0.561266447368421, 0.4151133040935672, 0.046052631578947366, 0.025584795321637425
1 0.5173026315789473, 0.3713230994152047, 0.02871436403508772, 0.04015899122807018
1 0.2652796052631579, 0.30971491228070175, 0.05180921052631579, 0.030610380116959063
1 1.3794517543859648, 0.14756944444444445, 0.019599780701754384, 0.019462719298245616
1 1.3254495614035087, 0.13486842105263158, 0.06990131578947369, 0.02887426900584795
1 1.4283141447368422, 0.18836805555555555, 0.025356359649122806, 0.017543859649122806
1 1.45421875, 0.17722039473684212, 0.038240131578947366, 0.015899122807017545
1 0.7151864035087719, 0.18571820175438597, 0.05071271929824561, 0.012792397660818713
1 1.1985307017543858, 0.20609466374269006, 0.027412280701754384, 0.01772843567251462
1 0.7905016447368421, 0.2749908625730994, 0.04523026315789474, 0.04705957602339181
1 0.7101151315789473, 0.3033644005847953, 0.038788377192982455, 0.03536184210526316
1 0.18092379385964913, 0.33434027777777775, 0.0537280701754386, 0.026589912280701754
1 0.8982319078947368, 0.4001736111111111, 0.037538377192982454, 0.04710343567251462
1 0.947469846491228, 0.40040204678362573, 0.03159265350877193, 0.038011695906432746
1 1.28453399122807, 0.289155701754386, 0.04331140350877193, 0.03344298245614035
1 1.4091228070175437, 0.35987938596491226, 0.04029331140350877, 0.03782894736842105
1 1.404736842105263, 0.3760526315789474, 0.04344572368421053, 0.03728070175438596
1 1.1250630482456139, 0.39103801169590646, 0.04029605263157895, 0.041666666666666664
1 1.0943996710526316, 0.3800493421052632, 0.03837719298245614, 0.03586440058479532
