1 -0.00013706140350877192, 0.13240131578947367, 0.01617324561403509, 0.009868421052631578
1 1.4570997807017543, 0.19197733918128654, 0.038651315789473686, 0.01663011695906433
1 0.9527138157894737, 0.20513523391812866, 0.01644736842105263, 0.025219298245614034
1 0.8817160087719298, 0.2076937134502924, 0.03728070175438596, 0.01516812865497076
1 0.7460252192982456, 0.2345577485380117, 0.02138157894736842, 0.02503654970760234
1 0.6245888157894737, 0.24753289473684212, 0.03837719298245614, 0.021198830409356724
1 0.5097313596491229, 0.2519188596491228, 0.02055921052631579, 0.02540204678362573
1 0.5001370614035088, 0.3005299707602339, 0.031524122807017545, 0.04312865497076023
1 1.090049342105263, 0.25484283625730997, 0.030975877192982455, 0.026133040935672515
1 1.3515625, 0.2524671052631579, 0.02823464912280702, 0.03728070175438596
1 1.4636787280701755, 0.2555738304093567, 0.03618421052631579, 0.03252923976608187
1 1.2660361842105263, 0.25941154970760233, 0.02905701754385965, 0.0356359649122807
1 1.2276589912280702, 0.26050804093567254, 0.025767543859649123, 0.03819444444444445
1 0.7462993421052632, 0.2619700292397661, 0.023574561403508772, 0.01608187134502924
1 1.1585800438596492, 0.26379751461988304, 0.024396929824561403, 0.0402046783625731
1 0.7238212719298246, 0.26398026315789475, 0.018914473684210526, 0.020650584795321638
1 0.44421600877192985, 0.2647112573099415, 0.02549342105263158, 0.023574561403508772
1 0.4409265350877193, 0.2864583333333333, 0.04029605263157895, 0.01114766081871345
1 0.47162828947368424, 0.2650767543859649, 0.021107456140350877, 0.025950292397660817
1 0.5807291666666666, 0.2652595029239766, 0.027960526315789474, 0.014437134502923976
1 1.284950657894737, 0.2692799707602339, 0.026589912280701754, 0.03764619883040936
1 1.2939967105263157, 0.2822551169590643, 0.02768640350877193, 0.039656432748538015
1 1.3734923245614035, 0.2700109649122807, 0.029605263157894735, 0.03874269005847953
1 1.2479440789473684, 0.2731176900584795, 0.0200109649122807, 0.03709795321637427
1 0.5308388157894737, 0.2756761695906433, 0.024945175438596492, 0.026498538011695907
1 0.3970668859649123, 0.2784173976608187, 0.04194078947368421, 0.02722953216374269
1 0.6276041666666666, 0.27658991228070173, 0.023470394736842107, 0.018548976608187134
1 1.1818804824561404, 0.27750365497076024, 0.023848684210526317, 0.038011695906432746
1 1.3090734649122806, 0.28042763157894735, 0.03289473684210526, 0.04422514619883041
1 1.4540844298245614, 0.28079312865497075, 0.032072368421052634, 0.027960526315789474
1 1.4828673245614035, 0.2895650584795322, 0.01699561403508772, 0.014802631578947368
1 1.4063870614035088, 0.2833516081871345, 0.02412280701754386, 0.026133040935672515
1 1.1374725877192982, 0.2826206140350877, 0.01425438596491228, 0.022478070175438597
1 1.1503563596491229, 0.2829861111111111, 0.02412280701754386, 0.03837719298245614
1 0.5940926535087719, 0.2835343567251462, 0.03022203947368421, 0.02138157894736842
1 1.4198190789473684, 0.2833516081871345, 0.03042763157894737, 0.029605263157894735
1 0.36609100877192985, 0.28481359649122806, 0.018914473684210526, 0.013157894736842105
1 0.3378563596491228, 0.2873720760233918, 0.02055921052631579, 0.020285087719298246
1 0.9507949561403509, 0.28846856725146197, 0.026589912280701754, 0.031615497076023395
1 0.9584703947368421, 0.30911915204678364, 0.03700657894736842, 0.0268640350877193
1 0.9351699561403509, 0.3114948830409357, 0.02549342105263158, 0.044042397660818716
1 1.097450657894737, 0.29157529239766083, 0.021929824561403508, 0.028691520467836257
1 1.1171875, 0.29943347953216376, 0.02987938596491228, 0.03983918128654971
1 1.267406798245614, 0.29157529239766083, 0.023300438596491228, 0.028691520467836257
1 0.9099506578947368, 0.2930372807017544, 0.03125, 0.037463450292397664
1 1.1270559210526316, 0.2937682748538012, 0.026589912280701754, 0.030519005847953216
1 0.37870065789473684, 0.29413377192982454, 0.027960526315789474, 0.03070175438596491
1 0.4050164473684211, 0.29449926900584794, 0.0268640350877193, 0.025219298245614034
1 0.37212171052631576, 0.3175255847953216, 0.0537280701754386, 0.02266081871345029
1 1.1944901315789473, 0.296875, 0.02905701754385965, 0.03764619883040936
1 0.43434758771929827, 0.29797149122807015, 0.02412280701754386, 0.03929093567251462
1 0.41488486842105265, 0.31935307017543857, 0.02905701754385965, 0.041849415204678365
1 0.42941337719298245, 0.34822733918128657, 0.033168859649122806, 0.027595029239766082
1 0.34690241228070173, 0.29851973684210525, 0.03234649122807018, 0.03326023391812866
1 0.4565515350877193, 0.29851973684210525, 0.027412280701754384, 0.03508771929824561
1 0.7871436403508771, 0.301078216374269, 0.024945175438596492, 0.035818713450292396
1 0.8074287280701754, 0.32300804093567254, 0.0268640350877193, 0.02631578947368421
1 0.923108552631579, 0.30180921052631576, 0.0268640350877193, 0.041666666666666664
1 1.073327850877193, 0.30254020467836257, 0.049342105263157895, 0.031432748538011694
1 1.0483826754385965, 0.3063779239766082, 0.027960526315789474, 0.0356359649122807
1 1.114172149122807, 0.3319627192982456, 0.0400219298245614, 0.027960526315789474
1 1.0124725877192982, 0.3041849415204678, 0.041666666666666664, 0.04678362573099415
1 1.0409813596491229, 0.3451206140350877, 0.03453947368421053, 0.04258040935672515
1 0.8754111842105263, 0.3049159356725146, 0.02412280701754386, 0.034722222222222224
1 0.854577850877193, 0.3188048245614035, 0.026041666666666668, 0.0356359649122807
1 0.8800712719298246, 0.3273940058479532, 0.02768640350877193, 0.026133040935672515
1 0.8943256578947368, 0.338358918128655, 0.019736842105263157, 0.02503654970760234
1 1.2070997807017543, 0.30765716374269003, 0.032072368421052634, 0.034173976608187134
1 1.1445997807017543, 0.3102156432748538, 0.047697368421052634, 0.03326023391812866
1 0.8995339912280702, 0.311312134502924, 0.02412280701754386, 0.029239766081871343
1 0.917077850877193, 0.34018640350877194, 0.021107456140350877, 0.025950292397660817
1 0.8353892543859649, 0.31167763157894735, 0.029605263157894735, 0.030153508771929825
1 1.383360745614035, 0.3153326023391813, 0.054276315789473686, 0.029239766081871343
1 0.5555098684210527, 0.31240862573099415, 0.03395559210526316, 0.03892543859649123
1 0.6487116228070176, 0.31259137426900585, 0.027138157894736843, 0.03837719298245614
1 0.6742050438596491, 0.31259137426900585, 0.023848684210526317, 0.04568713450292398
1 1.3340186403508771, 0.31661184210526316, 0.02768640350877193, 0.03874269005847953
1 1.0686677631578947, 0.3186220760233918, 0.03919956140350877, 0.019919590643274854
1 1.3628015350877194, 0.3188048245614035, 0.020833333333333332, 0.033625730994152045
1 0.6914747807017544, 0.3206323099415205, 0.03782894736842105, 0.03399122807017544
1 0.7619243421052632, 0.3233735380116959, 0.025767543859649123, 0.04075292397660819
1 0.7068256578947368, 0.323921783625731, 0.03453947368421053, 0.03527046783625731
1 0.7410910087719298, 0.32629751461988304, 0.01836622807017544, 0.03289473684210526
1 0.6067708333333334, 0.32702850877192985, 0.038651315789473686, 0.03782894736842105
1 0.780016447368421, 0.3279422514619883, 0.031524122807017545, 0.03508771929824561
1 1.4551809210526316, 0.3314144736842105, 0.04454495614035088, 0.03326023391812866
1 0.46450109649122806, 0.33342470760233917, 0.04824561403508772, 0.03326023391812866
1 0.5947094298245614, 0.33379020467836257, 0.021929824561403508, 0.03326023391812866
1 0.9507949561403509, 0.3348866959064328, 0.028782894736842105, 0.03271198830409357
1 1.2432839912280702, 0.33653143274853803, 0.030153508771929825, 0.036915204678362575
1 1.076343201754386, 0.33689692982456143, 0.044956140350877194, 0.019371345029239765
1 0.6443256578947368, 0.34018640350877194, 0.03399122807017544, 0.031980994152046784
1 1.4390076754385965, 0.3414656432748538, 0.033168859649122806, 0.043859649122807015
1 1.013843201754386, 0.34384137426900585, 0.029605263157894735, 0.03892543859649123
1 0.9962993421052632, 0.3447551169590643, 0.02275219298245614, 0.03070175438596491
1 0.8098958333333334, 0.3463998538011696, 0.03042763157894737, 0.036915204678362575
1 1.0623629385964912, 0.3463998538011696, 0.043859649122807015, 0.03618421052631579
1 1.4148848684210527, 0.3495065789473684, 0.02905701754385965, 0.039108187134502925
1 0.49438048245614036, 0.3546235380116959, 0.027960526315789474, 0.03125
1 1.1511787280701755, 0.35736476608187134, 0.033168859649122806, 0.015350877192982455
1 0.8647203947368421, 0.36778143274853803, 0.049342105263157895, 0.0268640350877193
1 0.5519462719298246, 0.37033991228070173, 0.032072368421052634, 0.0403874269005848
1 1.114720394736842, 0.37161915204678364, 0.03618421052631579, 0.04075292397660819
1 0.9165296052631579, 0.38185307017543857, 0.029605263157894735, 0.027412280701754384
1 0.4203673245614035, 0.45202850877192985, 0.06085526315789474, 0.01918859649122807
1 1.4596683114035087, 0.3053508771929825, 0.030496162280701754, 0.031980994152046784
1 1.4555866228070173, 0.1429093567251462, 0.0268640350877193, 0.013157894736842105
1 1.0043859649122806, 0.14948830409356725, 0.0391968201754386, 0.03709795321637427
1 0.46484375, 0.3252942251461988, 0.03577302631578947, 0.029788011695906433
1 0.5191200657894737, 0.3367160087719298, 0.033717105263157895, 0.03673245614035088
1 0.7942680921052631, 0.2648940058479532, 0.02700109649122807, 0.01900767543859649
1 1.2028508771929824, 0.33927266081871343, 0.04303728070175439, 0.037830774853801166
1 1.3283991228070176, 0.29689875730994153, 0.04913651315789474, 0.026133040935672515
1 1.3347724780701755, 0.2703088450292398, 0.03899396929824561, 0.02837171052631579
1 0.8774698464912282, 0.4149323830409357, 0.044131030701754385, 0.03453947368421053
