1 0.6789108187134503, 0.15748355263157895, 0.027138157894736843, 0.014528508771929825
1 -9.137426900584795e-05, 0.27946820175438597, 0.01781798245614035, 0.009868421052631578
1 0.7963267543859649, 0.3109923245614035, 0.03700657894736842, 0.012426900584795321
1 0.38824926900584794, 0.33511513157894735, 0.03070175438596491, 0.012426900584795321
1 0.47341008771929827, 0.3411458333333333, 0.02549342105263158, 0.01206140350877193
1 0.3043676900584795, 0.3416940789473684, 0.021929824561403508, 0.015350877192982455
1 0.6179641812865497, 0.3449835526315789, 0.02768640350877193, 0.013157894736842105
1 0.6049890350877193, 0.3452576754385965, 0.03481359649122807, 0.014071637426900584
1 0.4184027777777778, 0.3482730263157895, 0.02768640350877193, 0.010416666666666666
1 0.3105811403508772, 0.36444627192982454, 0.03125, 0.01206140350877193
1 0.29486476608187134, 0.36362390350877194, 0.02823464912280702, 0.01663011695906433
1 0.22834429824561403, 0.3998081140350877, 0.029605263157894735, 0.029788011695906433
1 0.20093201754385964, 0.41049890350877194, 0.05180921052631579, 0.030519005847953216
1 -9.137426900584795e-05, 0.41515899122807015, 0.04358552631578947, 0.005299707602339181
1 0.1404422514619883, 0.4253015350877193, 0.05674342105263158, 0.023574561403508772
1 0.1353252923976608, 0.4765625, 0.05317982456140351, 0.0266812865497076
1 0.21628289473684212, 0.4291392543859649, 0.028782894736842105, 0.029605263157894735
1 0.05656067251461988, 0.43516995614035087, 0.027138157894736843, 0.031432748538011694
1 0.15999634502923976, 0.43516995614035087, 0.05098684210526316, 0.01699561403508772
1 0.10462353801169591, 0.4359923245614035, 0.030975877192982455, 0.03508771929824561
1 0.21993786549707603, 0.43983004385964913, 0.04961622807017544, 0.036915204678362575
1 0.08653143274853801, 0.4595668859649123, 0.06112938596491228, 0.02284356725146199
1 0.053088450292397664, 0.46121162280701755, 0.038651315789473686, 0.023940058479532164
1 0.02403143274853801, 0.4653234649122807, 0.0693530701754386, 0.01827485380116959
1 0.040113304093567254, 0.46779057017543857, 0.05866228070175439, 0.017909356725146198
1 0.22761330409356725, 0.4686129385964912, 0.020833333333333332, 0.027412280701754384
1 0.23108552631578946, 0.48204495614035087, 0.035910087719298246, 0.03764619883040936
1 0.5307931286549707, 0.5176809210526315, 0.05235745614035088, 0.019554093567251463
1 0.0735562865497076, 0.47930372807017546, 0.04331140350877193, 0.014619883040935672
1 0.07099780701754387, 0.5182291666666666, 0.05455043859649123, 0.020285087719298246
1 0.4052448830409357, 0.4798519736842105, 0.052083333333333336, 0.02010233918128655
1 0.2935855263157895, 0.4839638157894737, 0.04111842105263158, 0.01425438596491228
1 0.45842470760233917, 0.48533442982456143, 0.0381030701754386, 0.028691520467836257
1 0.2654422514619883, 0.49438048245614036, 0.06798245614035088, 0.02046783625730994
1 0.3809393274853801, 0.4995888157894737, 0.061677631578947366, 0.02631578947368421
1 0.6992872807017544, 0.4984923245614035, 0.05646929824561404, 0.020833333333333332
1 0.5677083333333334, 0.5015076754385965, 0.06414473684210527, 0.027960526315789474
1 0.5514437134502924, 0.5223410087719298, 0.06112938596491228, 0.020650584795321638
1 0.4348501461988304, 0.5020559210526315, 0.03042763157894737, 0.026498538011695907
1 0.17333698830409358, 0.5023300438596491, 0.08141447368421052, 0.017178362573099414
1 0.27805190058479534, 0.5037006578947368, 0.07264254385964912, 0.01425438596491228
1 0.1855811403508772, 0.5050712719298246, 0.05838815789473684, 0.015350877192982455
1 0.2519188596491228, 0.5050712719298246, 0.062225877192982455, 0.01918859649122807
1 0.10224780701754387, 0.5056195175438597, 0.06030701754385965, 0.02046783625730994
1 0.16218932748538012, 0.5078125, 0.051535087719298246, 0.014437134502923976
1 0.5854349415204678, 0.5121984649122807, 0.04742324561403509, 0.02540204678362573
1 0.6130299707602339, 0.5127467105263158, 0.049342105263157895, 0.028691520467836257
1 0.6367872807017544, 0.5604440789473685, 0.03536184210526316, 0.030153508771929825
1 0.12088815789473684, 0.5135690789473685, 0.05482456140350877, 0.01918859649122807
1 0.05857090643274854, 0.5146655701754386, 0.046052631578947366, 0.015716374269005847
1 0.7895650584795322, 0.5165844298245614, 0.032072368421052634, 0.0403874269005848
1 0.1991045321637427, 0.5163103070175439, 0.05537280701754386, 0.01699561403508772
1 0.21061769005847952, 0.5213486842105264, 0.034709429824561405, 0.01601425438596491
1 0.43457602339181284, 0.5176809210526315, 0.044407894736842105, 0.028965643274853802
1 0.3489583333333333, 0.5195997807017544, 0.024945175438596492, 0.03673245614035088
1 0.5013706140350878, 0.5198739035087719, 0.061677631578947366, 0.01882309941520468
1 0.29833698830409355, 0.5439967105263158, 0.06524122807017543, 0.02148391812865497
1 0.3215460526315789, 0.6012883771929824, 0.0556469298245614, 0.022112573099415205
1 0.2875548245614035, 0.6086896929824561, 0.05180921052631579, 0.023483187134502925
1 0.7111659356725146, 0.5217927631578947, 0.038651315789473686, 0.023574561403508772
1 0.29120979532163743, 0.5220668859649122, 0.03892543859649123, 0.019371345029239765
1 0.2170138888888889, 0.5226151315789473, 0.04742324561403509, 0.01699561403508772
1 0.15085891812865498, 0.5283717105263158, 0.05866228070175439, 0.021564327485380116
1 0.6557931286549707, 0.5239857456140351, 0.031524122807017545, 0.03837719298245614
1 0.5165387426900585, 0.5242598684210527, 0.06633771929824561, 0.017178362573099414
1 0.4602521929824561, 0.5248081140350878, 0.062225877192982455, 0.01516812865497076
1 0.4703033625730994, 0.5346765350877193, 0.0625, 0.021747076023391813
1 0.4255299707602339, 0.5297423245614035, 0.03289473684210526, 0.019736842105263157
1 0.08305921052631579, 0.5341282894736842, 0.04797149122807018, 0.0222953216374269
1 0.48729897660818716, 0.5396107456140351, 0.05043859649122807, 0.014619883040935672
1 0.3674159356725146, 0.5401589912280702, 0.041666666666666664, 0.023026315789473683
1 0.33415570175438597, 0.5409813596491229, 0.04742324561403509, 0.023026315789473683
1 0.33031798245614036, 0.5439967105263158, 0.062225877192982455, 0.023574561403508772
1 0.7078764619883041, 0.5429002192982456, 0.043859649122807015, 0.029788011695906433
1 0.2871893274853801, 0.5437225877192983, 0.05537280701754386, 0.015533625730994151
1 0.35334429824561403, 0.548108552631579, 0.05866228070175439, 0.02046783625730994
1 0.7555738304093568, 0.5505756578947368, 0.04797149122807018, 0.031067251461988302
1 0.40579312865497075, 0.5513980263157895, 0.051535087719298246, 0.023391812865497075
1 0.42443347953216376, 0.5585252192982456, 0.054276315789473686, 0.015899122807017545
1 0.4399671052631579, 0.5598958333333334, 0.054276315789473686, 0.022112573099415205
1 0.057291666666666664, 0.5615405701754386, 0.05866228070175439, 0.021564327485380116
1 0.5607638888888888, 0.5664747807017544, 0.05482456140350877, 0.01918859649122807
1 0.5788559941520468, 0.5884046052631579, 0.04358552631578947, 0.015899122807017545
1 0.575749269005848, 0.6125274122807017, 0.0581140350877193, 0.021564327485380116
1 0.027138157894736843, 0.5727796052631579, 0.03453947368421053, 0.030153508771929825
1 0.07191154970760234, 0.5725054824561403, 0.04523026315789474, 0.031615497076023395
1 0.5925621345029239, 0.5752467105263158, 0.020833333333333332, 0.03344298245614035
1 0.1804641812865497, 0.5837445175438597, 0.05893640350877193, 0.015716374269005847
1 0.49936038011695905, 0.5815515350877193, 0.03070175438596491, 0.029970760233918127
1 0.38203581871345027, 0.582922149122807, 0.05400219298245614, 0.017726608187134504
1 0.3699744152046784, 0.5853892543859649, 0.062225877192982455, 0.013706140350877192
1 0.22870979532163743, 0.5905975877192983, 0.057839912280701754, 0.017178362573099414
1 0.20038377192982457, 0.5956688596491229, 0.04865679824561404, 0.02320906432748538
1 0.24497441520467836, 0.5933388157894737, 0.0649671052631579, 0.024305555555555556
1 0.47213084795321636, 0.5958059210526315, 0.06277412280701754, 0.017361111111111112
1 0.48693347953216376, 0.6004660087719298, 0.05317982456140351, 0.022478070175438597
1 0.5982273391812866, 0.5966282894736842, 0.06633771929824561, 0.020285087719298246
1 0.6055372807017544, 0.6191063596491229, 0.051535087719298246, 0.03508771929824561
1 0.35334429824561403, 0.5979989035087719, 0.05619517543859649, 0.016812865497076022
1 0.3352521929824561, 0.6004660087719298, 0.05071271929824561, 0.02046783625730994
1 0.4322916666666667, 0.6043037280701754, 0.05975877192982456, 0.022112573099415205
1 0.45184576023391815, 0.6382949561403509, 0.018092105263157895, 0.007675438596491228
1 0.590734649122807, 0.6051260964912281, 0.0424890350877193, 0.01206140350877193
1 0.7888340643274854, 0.6075932017543859, 0.023848684210526317, 0.03490497076023392
1 0.5068530701754386, 0.6108826754385965, 0.036458333333333336, 0.03618421052631579
1 0.5624086257309941, 0.6144462719298246, 0.05701754385964912, 0.020833333333333332
1 0.6495796783625731, 0.6163651315789473, 0.05043859649122807, 0.023391812865497075
1 0.6367872807017544, 0.6977796052631579, 0.05921052631578947, 0.015350877192982455
1 0.8294042397660819, 0.7284813596491229, 0.0556469298245614, 0.020650584795321638
1 0.8022624269005847, 0.26343475877192984, 0.023848684210526317, 0.03709795321637427
1 0.8793823099415203, 0.23465186403508773, 0.0200109649122807, 0.03252923976608187
1 0.9886641081871346, 0.2892023026315789, 0.028782894736842105, 0.011330409356725146
1 0.6159082602339181, 0.7173821271929826, 0.056606359649122806, 0.020924707602339183
1 0.7194809941520468, 0.5635964912280702, 0.05784265350877193, 0.027138157894736843
1 0.5089089912280702, 0.4706688596491228, 0.0555126096491228, 0.02850877192982456
1 0.3143731725146199, 0.5210389254385965, 0.0779906798245614, 0.0175
1 0.26836805555555554, 0.5950191885964913, 0.06037554824561404, 0.030699926900584797
1 0.2435142543859649, 0.5602384868421053, 0.037143640350877194, 0.04125365497076024
1 0.004342105263157895, 0.3834978070175439, 0.0656359649122807, 0.03230994152046784
1 0.6832949561403509, 0.4205043859649123, 0.07278234649122807, 0.026679459064327487
1 0.5783771929824562, 0.5487938596491229, 0.03782894736842105, 0.042715643274853804
1 0.3900785818713451, 0.6032072368421053, 0.0598985745614035, 0.03097404970760234
1 0.0015095029239766081, 0.5033607456140351, 0.05852521929824561, 0.023574561403508772
1 -0.00015899122807017544, 0.4908168859649123, 0.04975328947368421, 0.023163377192982455
1 0.22944261695906432, 0.34615131578947367, 0.0356359649122807, 0.013338815789473683
1 0.3098501461988304, 0.27933388157894734, 0.018092105263157895, 0.027960526315789474
1 0.6355519005847953, 0.22882401315789475, 0.043588267543859645, 0.014894005847953216
