1 0.6686580882352942, 0.15287990196078433, 0.03125, 0.023284313725490197
1 0.9287683823529411, 0.16084558823529413, 0.02849264705882353, 0.042279411764705885
1 0.7651654411764706, 0.16636029411764705, 0.03400735294117647, 0.0428921568627451
1 0.8405330882352942, 0.16574754901960784, 0.030330882352941176, 0.04350490196078431
1 0.8727022058823529, 0.17064950980392157, 0.02389705882352941, 0.03982843137254902
1 0.8965992647058824, 0.18167892156862744, 0.034926470588235295, 0.037377450980392156
1 0.8193933823529411, 0.18351715686274508, 0.019301470588235295, 0.01838235294117647
1 0.9581801470588235, 0.18658088235294118, 0.02849264705882353, 0.03676470588235294
1 0.6677389705882353, 0.19822303921568626, 0.029411764705882353, 0.03002450980392157
1 0.6962316176470589, 0.203125, 0.03308823529411765, 0.03799019607843137
1 0.9784007352941176, 0.203125, 0.034926470588235295, 0.042279411764705885
1 0.7412683823529411, 0.20618872549019607, 0.02849264705882353, 0.042279411764705885
1 0.5896139705882353, 0.2104779411764706, 0.04871323529411765, 0.022058823529411766
1 0.7238051470588235, 0.20986519607843138, 0.02022058823529412, 0.032475490196078434
1 0.8295036764705882, 0.21170343137254902, 0.02665441176470588, 0.03982843137254902
1 0.8166360294117647, 0.2270220588235294, 0.02297794117647059, 0.031862745098039214
1 0.8717830882352942, 0.21231617647058823, 0.035845588235294115, 0.03553921568627451
1 0.9397977941176471, 0.21292892156862744, 0.030330882352941176, 0.03799019607843137
1 0.9977022058823529, 0.21537990196078433, 0.03400735294117647, 0.03615196078431373
1 0.9186580882352942, 0.21721813725490197, 0.021139705882352942, 0.03542279411764706
1 0.7863051470588235, 0.22028186274509803, 0.02665441176470588, 0.027573529411764705
1 0.8598345588235294, 0.22212009803921567, 0.02022058823529412, 0.02696078431372549
1 0.6493566176470589, 0.22395833333333334, 0.03676470588235294, 0.02696078431372549
1 0.6199448529411765, 0.22824754901960784, 0.03308823529411765, 0.015318627450980392
1 0.9636948529411765, 0.2337622549019608, 0.027573529411764705, 0.024509803921568627
1 0.5510110294117647, 0.23743872549019607, 0.03216911764705882, 0.02696078431372549
1 0.7081801470588235, 0.24111519607843138, 0.029411764705882353, 0.034926470588235295
1 0.5675551470588235, 0.24295343137254902, 0.04411764705882353, 0.031862745098039214
1 0.6879595588235294, 0.24295343137254902, 0.022058823529411766, 0.03308823529411765
1 0.7771139705882353, 0.24295343137254902, 0.03952205882352941, 0.03002450980392157
1 0.6337316176470589, 0.24601715686274508, 0.024816176470588234, 0.030637254901960783
1 0.6043198529411765, 0.24724264705882354, 0.027573529411764705, 0.04044117647058824
1 0.5822610294117647, 0.2668504901960784, 0.02297794117647059, 0.02696078431372549
1 0.9011948529411765, 0.24724264705882354, 0.04871323529411765, 0.0196078431372549
1 0.8690257352941176, 0.24908088235294118, 0.03216911764705882, 0.04411764705882353
1 0.9499080882352942, 0.25888480392156865, 0.02022058823529412, 0.02696078431372549
1 0.7394301470588235, 0.2607230392156863, 0.03125, 0.028799019607843136
1 0.7201286764705882, 0.28890931372549017, 0.04779411764705882, 0.016544117647058824
1 0.7918198529411765, 0.2613357843137255, 0.04503676470588235, 0.028186274509803922
1 0.5041360294117647, 0.26256127450980393, 0.029411764705882353, 0.03615196078431373
1 0.5174632352941176, 0.296875, 0.0234375, 0.03125
1 0.5464154411764706, 0.2662377450980392, 0.03216911764705882, 0.028799019607843136
1 0.8377757352941176, 0.2668504901960784, 0.030330882352941176, 0.032475490196078434
1 0.9204963235294118, 0.2668504901960784, 0.03400735294117647, 0.03370098039215686
1 1.0170036764705883, 0.2668504901960784, 0.024816176470588234, 0.03431372549019608
1 0.6190257352941176, 0.26868872549019607, 0.022058823529411766, 0.03125
1 0.6401654411764706, 0.2693014705882353, 0.03400735294117647, 0.03125
1 0.8809742647058824, 0.2699142156862745, 0.03125, 0.03125
1 0.4140625, 0.2711397058823529, 0.058823529411764705, 0.02022058823529412
1 0.5344669117647058, 0.27420343137254904, 0.01838235294117647, 0.025122549019607844
1 0.5390625, 0.29013480392156865, 0.02849264705882353, 0.028186274509803922
1 0.7670036764705882, 0.27420343137254904, 0.030330882352941176, 0.03615196078431373
1 0.9692095588235294, 0.27420343137254904, 0.03676470588235294, 0.028186274509803922
1 0.6603860294117647, 0.27481617647058826, 0.03400735294117647, 0.025122549019607844
1 0.6943933823529411, 0.2760416666666667, 0.043198529411764705, 0.01838235294117647
1 0.9113051470588235, 0.2760416666666667, 0.03216911764705882, 0.03370098039215686
1 1.0307904411764706, 0.27910539215686275, 0.035845588235294115, 0.02696078431372549
1 0.43795955882352944, 0.2803308823529412, 0.05606617647058824, 0.023284313725490197
1 0.8010110294117647, 0.2846200980392157, 0.025735294117647058, 0.0392156862745098
1 0.9802389705882353, 0.28707107843137253, 0.034926470588235295, 0.024509803921568627
1 0.49402573529411764, 0.28952205882352944, 0.022058823529411766, 0.034926470588235295
1 0.5988051470588235, 0.29074754901960786, 0.021139705882352942, 0.037377450980392156
1 0.5638786764705882, 0.2925857843137255, 0.029411764705882353, 0.034926470588235295
1 0.6548713235294118, 0.2925857843137255, 0.05698529411764706, 0.02022058823529412
1 0.6208639705882353, 0.3085171568627451, 0.034926470588235295, 0.03615196078431373
1 1.064797794117647, 0.2931985294117647, 0.030330882352941176, 0.025122549019607844
1 0.45818014705882354, 0.2956495098039216, 0.035845588235294115, 0.02144607843137255
1 0.39016544117647056, 0.2981004901960784, 0.03125, 0.025122549019607844
1 0.8478860294117647, 0.29871323529411764, 0.02849264705882353, 0.013480392156862746
1 0.8221507352941176, 0.3005514705882353, 0.04136029411764706, 0.0196078431372549
1 0.9545036764705882, 0.29871323529411764, 0.021139705882352942, 0.03125
1 0.6162683823529411, 0.29932598039215685, 0.02665441176470588, 0.027573529411764705
1 1.0482536764705883, 0.29932598039215685, 0.03216911764705882, 0.03431372549019608
1 1.0399816176470589, 0.3158700980392157, 0.027573529411764705, 0.03125
1 0.8910845588235294, 0.3017769607843137, 0.02389705882352941, 0.037377450980392156
1 0.9774816176470589, 0.3023897058823529, 0.04136029411764706, 0.030637254901960783
1 1.1493566176470589, 0.30361519607843135, 0.030330882352941176, 0.03676470588235294
1 0.6971507352941176, 0.30422794117647056, 0.025735294117647058, 0.03370098039215686
1 0.7136948529411765, 0.30606617647058826, 0.03676470588235294, 0.03553921568627451
1 0.5813419117647058, 0.30667892156862747, 0.016544117647058824, 0.025122549019607844
1 0.7302389705882353, 0.30667892156862747, 0.04136029411764706, 0.03615196078431373
1 0.8681066176470589, 0.3072916666666667, 0.02297794117647059, 0.03553921568627451
1 0.4287683823529412, 0.30974264705882354, 0.029411764705882353, 0.029411764705882353
1 0.6741727941176471, 0.31096813725490197, 0.02389705882352941, 0.03308823529411765
1 0.7679227941176471, 0.31035539215686275, 0.02297794117647059, 0.028799019607843136
1 0.6438419117647058, 0.3134191176470588, 0.030330882352941176, 0.031862745098039214
1 1.1098345588235294, 0.3134191176470588, 0.02297794117647059, 0.024509803921568627
1 1.1318933823529411, 0.3268995098039216, 0.02022058823529412, 0.01715686274509804
1 1.0795036764705883, 0.3158700980392157, 0.030330882352941176, 0.020833333333333332
1 0.9931066176470589, 0.3164828431372549, 0.03308823529411765, 0.023284313725490197
1 1.0124080882352942, 0.328125, 0.02665441176470588, 0.030637254901960783
1 0.8313419117647058, 0.32077205882352944, 0.042279411764705885, 0.027573529411764705
1 0.48483455882352944, 0.32138480392156865, 0.02022058823529412, 0.024509803921568627
1 0.7936580882352942, 0.3287377450980392, 0.030330882352941176, 0.034926470588235295
1 0.7624080882352942, 0.32996323529411764, 0.03768382352941176, 0.04105392156862745
1 0.8221507352941176, 0.32996323529411764, 0.02665441176470588, 0.03676470588235294
1 0.5795036764705882, 0.33731617647058826, 0.04044117647058824, 0.030637254901960783
1 0.9627757352941176, 0.33609068627450983, 0.024816176470588234, 0.03308823529411765
1 0.3469669117647059, 0.33792892156862747, 0.04595588235294118, 0.016544117647058824
1 0.7477022058823529, 0.33792892156862747, 0.02389705882352941, 0.017769607843137254
1 0.6493566176470589, 0.3385416666666667, 0.02389705882352941, 0.03125
1 0.6695772058823529, 0.3397671568627451, 0.04136029411764706, 0.027573529411764705
1 0.4085477941176471, 0.3434436274509804, 0.034926470588235295, 0.03002450980392157
1 0.6217830882352942, 0.34528186274509803, 0.02665441176470588, 0.013480392156862746
1 0.7045036764705882, 0.34528186274509803, 0.02849264705882353, 0.03676470588235294
1 0.6879595588235294, 0.35263480392156865, 0.02297794117647059, 0.026348039215686275
1 0.9839154411764706, 0.3446691176470588, 0.03125, 0.03002450980392157
1 0.9875919117647058, 0.36795343137254904, 0.027573529411764705, 0.016544117647058824
1 0.5188419117647058, 0.34589460784313725, 0.04871323529411765, 0.017769607843137254
1 0.8543198529411765, 0.3477328431372549, 0.03860294117647059, 0.016544117647058824
1 1.1778492647058822, 0.35140931372549017, 0.03308823529411765, 0.03615196078431373
1 0.7311580882352942, 0.3550857843137255, 0.029411764705882353, 0.027573529411764705
1 1.0721507352941178, 0.36243872549019607, 0.05606617647058824, 0.02267156862745098
1 0.3727022058823529, 0.3648897058823529, 0.02849264705882353, 0.0392156862745098
1 0.7559742647058824, 0.36672794117647056, 0.04963235294117647, 0.028799019607843136
1 0.8965992647058824, 0.36795343137254904, 0.02849264705882353, 0.01715686274509804
1 0.7881433823529411, 0.36917892156862747, 0.03860294117647059, 0.03553921568627451
1 0.9609375, 0.36917892156862747, 0.03125, 0.02267156862745098
1 0.6502757352941176, 0.38388480392156865, 0.024816176470588234, 0.029411764705882353
1 1.0059742647058822, 0.41452205882352944, 0.02849264705882353, 0.029411764705882353
1 0.43612132352941174, 0.4224877450980392, 0.02389705882352941, 0.025735294117647058
1 1.1420036764705883, 0.42922794117647056, 0.025735294117647058, 0.03370098039215686
1 0.6420036764705882, 0.43596813725490197, 0.025735294117647058, 0.022058823529411766
1 0.5583639705882353, 0.43964460784313725, 0.021139705882352942, 0.02144607843137255
1 0.6006433823529411, 0.44393382352941174, 0.022058823529411766, 0.015318627450980392
1 0.5068933823529411, 0.4494485294117647, 0.021139705882352942, 0.017769607843137254
1 0.7265625, 0.538296568627451, 0.027573529411764705, 0.02144607843137255
1 0.7688419117647058, 0.2078002450980392, 0.05893382352941177, 0.019301470588235295
1 0.7528676470588236, 0.22556985294117646, 0.03481617647058824, 0.031862745098039214
1 0.9535845588235294, 0.27030024509803924, 0.03250919117647059, 0.03125
1 0.8193382352941176, 0.36783700980392153, 0.038713235294117646, 0.03255514705882353
1 0.8438051470588235, 0.35520220588235296, 0.022178308823529412, 0.026807598039215685
1 0.9945404411764706, 0.4052573529411765, 0.02171875, 0.019987745098039213
1 0.9692647058823529, 0.4023468137254902, 0.029301470588235293, 0.029105392156862746
1 0.9573161764705882, 0.39169730392156865, 0.04894301470588235, 0.018615196078431373
1 1.0944944852941176, 0.49356617647058826, 0.046305147058823534, 0.013713235294117646
1 1.0800183823529412, 0.4685232843137255, 0.022518382352941176, 0.028645833333333332
1 0.3510477941176471, 0.4357781862745098, 0.017922794117647058, 0.03768382352941176
1 0.3120955882352941, 0.44228553921568625, 0.04170955882352941, 0.017849264705882353
1 0.9130238970588236, 0.33406250000000004, 0.02102941176470588, 0.027879901960784315
1 0.8975183823529411, 0.3267095588235294, 0.03653492647058824, 0.03316176470588235
1 1.0188419117647058, 0.3056433823529412, 0.02676470588235294, 0.02696078431372549
1 0.8828676470588235, 0.29871323529411764, 0.04782169117647059, 0.016274509803921568
1 0.8263419117647058, 0.24865808823529412, 0.03642463235294118, 0.04580269607843137
1 0.996498161764706, 0.2509987745098039, 0.02561580882352941, 0.0350796568627451
1 0.9217279411764706, 0.3370649509803922, 0.0284375, 0.030447303921568625
1 0.9344852941176471, 0.3155821078431372, 0.027481617647058823, 0.04825367647058824
